% f evaluations | g evaluations | best noise-free fitness - Fopt (-5.494000000000e+01) + sum g_i+ | measured fitness | best measured fitness or single-digit g-values | x1 | x2...
1 0 +1.460747422e+07 +1.460741928e+07 +1.460741928e+07 +5.9671e-01 -3.8264e-02 +7.4769e-01 +1.6230e+00 -1.3415e-01 -1.3414e-01 +1.6792e+00 +8.6743e-01 -3.6947e-01 +6.4256e-01
3 0 +1.121714553e+07 +1.121709059e+07 +1.121709059e+07 +1.5656e+00 -1.2578e-01 +1.6753e-01 -1.3247e+00 -4.4438e-01 +2.1092e-01 -1.0510e+00 +4.7570e-01 -5.0064e-01 -1.9169e-01
6 0 +8.192074538e+06 +8.192019598e+06 +8.192019598e+06 +4.2408e-01 -2.8508e-01 -5.7692e-01 +7.1168e-01 +1.1310e+00 +1.0313e+00 -7.3922e-01 -2.0921e-01 +4.3126e-01 +1.0755e+00
13 0 +4.258209999e+06 +4.258155059e+06 +4.258155059e+06 +8.9103e-01 -8.0939e-01 +1.5028e+00 -1.3019e+00 +6.8686e-01 +2.2905e+00 -8.9054e-01 -4.6630e-01 +1.9965e-01 -4.0348e-01
24 0 +2.783131062e+06 +2.783076122e+06 +2.783076122e+06 -6.3037e-01 +3.1646e-01 +1.4557e-01 -5.5160e-01 +2.2439e+00 +7.3392e-01 -1.9251e+00 +2.8645e-01 -5.6179e-01 +9.5243e-01
52 0 +8.062207781e+05 +8.061658381e+05 +8.061658381e+05 -1.8396e+00 -7.2262e-01 +1.0478e-01 +2.2982e+00 +3.0144e+00 +2.0456e+00 -8.0865e-01 +8.8269e-01 +7.8435e-02 -6.5546e-01
69 0 +5.891811582e+05 +5.891262182e+05 +5.891262182e+05 -2.9123e+00 -5.4967e-01 +1.3694e+00 +5.6252e-01 +2.7244e+00 +1.2598e+00 -1.5345e+00 +8.3052e-01 -1.5167e+00 +1.2561e+00
101 0 +5.589580363e+05 +5.589030963e+05 +5.589030963e+05 -4.2031e+00 -5.9568e-01 -1.3890e-01 -2.0603e+00 +4.6906e+00 +2.8324e+00 -3.4341e+00 +1.2194e-01 -6.0123e-01 +2.1213e+00
117 0 +5.354695075e+05 +5.354145675e+05 +5.354145675e+05 -2.6360e+00 +1.3097e+00 +1.0706e+00 +2.4993e+00 +3.4338e+00 +1.8663e+00 -3.0679e+00 +1.6937e-01 -2.9440e+00 +2.1839e+00
125 0 +1.649939874e+05 +1.649390474e+05 +1.649390474e+05 -1.1529e+00 +7.5711e-01 -7.1835e-01 +3.5426e+00 +2.3515e+00 +2.6481e+00 -3.1264e+00 +1.7305e+00 -1.0984e+00 +2.9374e+00
296 0 +1.454220505e+05 +1.453671105e+05 +1.453671105e+05 +2.6135e+00 +8.4959e-03 +3.0919e+00 +2.2763e+00 +3.4291e+00 +2.8964e+00 +1.4429e+00 +4.5864e+00 +3.5098e+00 +1.6008e+00
340 0 +1.216352687e+05 +1.215803287e+05 +1.215803287e+05 +2.8780e-01 -8.1558e-01 +4.9413e-01 +1.1464e+00 +2.7777e+00 +2.7149e+00 -2.1374e+00 +6.3932e-01 +6.7268e-01 +1.4744e+00
454 0 +4.968145280e+04 +4.962651280e+04 +4.962651280e+04 -9.3816e-01 -1.7560e+00 -1.5986e+00 +2.1207e+00 +2.7882e+00 +3.0165e+00 -3.8257e+00 -1.1041e+00 +8.0212e-01 +2.1356e+00
496 0 +3.198355748e+04 +3.192861748e+04 +3.192861748e+04 -3.0635e+00 +9.8239e-01 +8.0835e-01 +3.0638e+00 +3.4039e+00 +1.5474e+00 -2.4181e+00 +1.7992e+00 +1.5775e+00 -1.5213e+00
621 0 +2.276812795e+04 +2.271318795e+04 +2.271318795e+04 -1.8859e+00 +9.4191e-01 -9.7136e-01 +1.5765e+00 +3.0913e+00 +1.8478e+00 -4.1521e+00 +1.2775e+00 +2.1883e+00 +9.0324e-01
1204 0 +1.954344922e+04 +1.948850922e+04 +1.948850922e+04 -2.5341e+00 -2.3872e-01 +1.6460e-01 +4.7196e+00 +3.6287e+00 +2.7658e+00 -7.2440e-01 +2.1740e+00 -1.1382e-01 -1.8608e+00
1213 0 +1.866851332e+04 +1.861357332e+04 +1.861357332e+04 -2.1362e+00 -1.6658e+00 +7.4093e-01 +4.2152e+00 +2.2731e+00 +2.8786e+00 -1.8951e+00 +7.1184e-02 +2.0448e-01 -9.3549e-01
1272 0 +1.854827505e+04 +1.849333505e+04 +1.849333505e+04 -3.4750e+00 -1.6884e+00 -2.8802e+00 +3.9273e+00 +1.0240e+00 +4.1039e+00 -4.3913e+00 +1.6226e+00 -1.7538e+00 +1.7311e+00
1432 0 +1.139331117e+04 +1.133837117e+04 +1.133837117e+04 -2.9635e-01 -2.5849e+00 +1.0881e+00 +1.7189e+00 +2.0447e+00 +3.6964e+00 -2.5362e+00 -2.2059e+00 -2.7406e-01 +1.1864e+00
1626 0 +9.645704228e+03 +9.590764228e+03 +9.590764228e+03 -1.4891e+00 -1.4385e+00 +8.8113e-02 +6.3993e-01 +2.8607e+00 +3.6310e+00 -2.6993e+00 -8.0802e-01 -1.4558e+00 +2.0003e+00
1631 0 +5.459021024e+03 +5.404081024e+03 +5.404081024e+03 -2.2714e+00 -1.8468e+00 +3.0876e-01 +1.2837e+00 +2.2687e+00 +4.2319e+00 -2.8158e+00 -1.4969e+00 -2.3987e+00 +6.4265e-01
1837 0 +5.382361196e+03 +5.327421196e+03 +5.327421196e+03 -4.3737e+00 -6.7186e-01 -1.4249e-01 +2.9267e-01 +1.8556e+00 +3.8890e+00 -4.4838e+00 -7.1980e-01 -1.3511e+00 -7.8485e-02
1924 0 +4.061184863e+03 +4.006244863e+03 +4.006244863e+03 -3.8902e+00 +1.8894e+00 -2.0988e+00 +1.4251e+00 +3.4827e+00 +1.7608e+00 -4.6813e+00 +2.3851e+00 +2.9576e-01 +1.7126e+00
2036 0 +3.566863396e+03 +3.511923396e+03 +3.511923396e+03 -5.6149e-01 -5.4191e-01 -2.1360e-01 +4.1633e+00 +4.0778e+00 +1.1100e+00 -1.4879e+00 +4.6400e-02 +5.6403e-02 +1.3756e+00
2104 0 +3.513739476e+03 +3.458799476e+03 +3.458799476e+03 -2.7551e-01 +3.0593e-01 +4.0417e-01 +1.1726e+00 +4.1807e+00 +9.9966e-01 -2.7618e+00 -7.1597e-01 +3.7161e-01 +3.1419e+00
2112 0 +2.904581275e+03 +2.849641275e+03 +2.849641275e+03 -1.8306e+00 -7.4532e-01 -7.9460e-01 +1.6033e+00 +3.0080e+00 +3.4523e+00 -3.0381e+00 +3.7614e-01 -8.4656e-01 +1.8093e+00
2147 0 +1.567933409e+03 +1.512993409e+03 +1.512993409e+03 -3.0656e+00 +3.4049e-01 -2.8626e+00 +3.5738e+00 +3.5474e+00 +2.6155e+00 -2.9737e+00 +2.2778e+00 -2.6493e+00 +2.7388e+00
2220 0 +1.442164483e+03 +1.387224483e+03 +1.387224483e+03 -3.1052e+00 -1.4537e-01 -1.4084e+00 +3.1293e+00 +3.2691e+00 +2.6872e+00 -2.9085e+00 +1.0894e+00 -1.2333e+00 +6.5290e-01
2298 0 +1.394197079e+03 +1.339257079e+03 +1.339257079e+03 -2.7583e+00 -6.9905e-01 -1.6484e+00 +2.0727e+00 +2.9468e+00 +3.1979e+00 -3.2112e+00 +3.0774e-01 -3.2374e+00 +2.9119e+00
2314 0 +1.378453853e+03 +1.323513853e+03 +1.323513853e+03 -2.4469e+00 -2.0404e+00 -7.5873e-01 +3.8176e+00 +2.3076e+00 +4.3068e+00 -1.6296e+00 +5.7924e-01 -3.1731e+00 +5.0564e-01
2324 0 +1.275065656e+03 +1.220125656e+03 +1.220125656e+03 -2.1327e+00 -1.2017e+00 -5.0522e-01 +2.1020e+00 +2.7577e+00 +3.4772e+00 -2.5891e+00 -2.6660e-01 -2.4476e+00 +1.8313e+00
2368 0 +5.407537132e+02 +4.858137132e+02 +4.858137132e+02 -2.0599e+00 -1.2935e+00 -8.2724e-01 +2.7944e+00 +2.7370e+00 +3.5760e+00 -2.3423e+00 +3.1675e-01 -2.1741e+00 +1.4167e+00
% f evaluations | g evaluations | best noise-free fitness - Fopt (5.913000000000e+01) + sum g_i+ | measured fitness | best measured fitness or single-digit g-values | x1 | x2...
1 0 +3.495160974e+06 +3.495220104e+06 +3.495220104e+06 +5.9671e-01 -3.8264e-02 +7.4769e-01 +1.6230e+00 -1.3415e-01 -1.3414e-01 +1.6792e+00 +8.6743e-01 -3.6947e-01 +6.4256e-01
16 0 +2.958823033e+06 +2.958882163e+06 +2.958882163e+06 +3.5049e-01 +4.4645e-01 -5.8002e-01 +3.3225e-01 +3.9307e-01 -6.1435e-01 +1.9658e+00 +5.7383e-01 -1.0913e+00 +7.5655e-01
21 0 +4.778148433e+05 +4.778739733e+05 +4.778739733e+05 +4.5779e-01 +6.6078e-01 +1.1831e+00 +1.1538e+00 -1.2777e+00 -8.3783e-01 +6.1504e-01 +6.1379e-01 +6.1505e-01 +3.9527e+00
107 0 +2.320354839e+05 +2.320946139e+05 +2.320946139e+05 -2.4716e-02 +1.7336e+00 -1.6637e+00 -4.6617e-01 -2.6499e+00 -1.6826e+00 -4.3114e-01 +6.3908e-02 -1.2688e+00 +3.0464e+00
118 0 +3.275227992e+04 +3.281140992e+04 +3.281140992e+04 -1.0433e-01 +3.9060e-01 -1.8088e+00 +1.2974e+00 -2.6406e+00 +1.2189e+00 -3.8377e+00 +3.1160e+00 -4.3376e-01 +4.0407e+00
840 0 +2.452870613e+04 +2.458783613e+04 +2.458783613e+04 -6.1245e-01 +6.0423e-01 -9.8180e-02 +1.3904e+00 -2.0236e+00 -6.0201e-01 -2.2768e-01 +3.4626e-02 -1.0306e+00 +4.9977e+00
967 0 +2.324194056e+04 +2.330107056e+04 +2.330107056e+04 +8.9195e-01 +1.2947e+00 +1.6547e+00 -1.0488e+00 -1.8316e+00 -1.3293e+00 +1.0140e+00 -1.6473e-01 -4.9569e+00 +3.6324e+00
1054 0 +1.433731885e+04 +1.439644885e+04 +1.439644885e+04 +1.0993e+00 +9.0185e-01 +7.2267e-01 -5.9514e-01 -2.5403e+00 +4.3493e-01 -1.1723e+00 +1.8857e+00 -3.4360e+00 +3.8321e+00
1348 0 +1.305936637e+04 +1.311849637e+04 +1.311849637e+04 -3.1916e+00 +4.2698e-01 -2.1737e+00 +1.0296e+00 -4.9611e-01 -1.7245e+00 -1.7127e+00 +3.4929e+00 -1.7398e+00 +3.5373e+00
1378 0 +1.267617093e+04 +1.273530093e+04 +1.273530093e+04 -3.1112e+00 +3.3826e-01 -2.7841e+00 +1.4937e+00 -1.5942e+00 -2.4016e+00 -1.0673e+00 +2.2859e+00 -9.5719e-01 +3.3922e+00
1437 0 +9.445101946e+03 +9.504231946e+03 +9.504231946e+03 -4.0000e+00 +9.9818e-01 -2.9648e+00 +1.5405e+00 -2.8783e+00 -1.7762e+00 -2.3579e+00 +3.1474e+00 -3.4660e-01 +3.0087e+00
1463 0 +7.099400628e+03 +7.158530628e+03 +7.158530628e+03 -4.4043e+00 +1.4703e-01 -3.4684e+00 +1.6733e+00 -1.3367e+00 -3.3010e+00 -1.9902e+00 +4.3382e+00 -2.8401e+00 +1.8040e+00
1731 0 +2.892930769e+03 +2.952060769e+03 +2.952060769e+03 -5.4852e-01 +1.7809e+00 -9.1164e-01 -4.3596e-01 -3.2927e+00 +2.7496e+00 -4.5725e+00 +4.8450e+00 -2.3699e+00 +3.3384e+00
1833 0 +1.641709113e+03 +1.700839113e+03 +1.700839113e+03 -2.9124e+00 +1.7432e+00 -1.9962e+00 +8.1845e-01 -3.5649e+00 +1.9924e+00 -4.6490e+00 +4.9554e+00 -6.4380e-02 +3.6901e+00
2151 0 +1.620683040e+03 +1.679813040e+03 +1.679813040e+03 +1.4594e+00 +2.2124e+00 +1.2241e+00 -1.8303e+00 -3.4108e+00 +3.3959e+00 -3.2727e+00 +3.5588e+00 -3.6182e+00 +3.8015e+00
2314 0 +8.143829045e+02 +8.735129045e+02 +8.735129045e+02 -2.1136e-01 +1.1997e+00 -5.7917e-01 -4.4389e-01 -2.1685e+00 +1.1636e+00 -3.0996e+00 +4.0853e+00 -3.7126e+00 +2.9983e+00
2372 0 +7.323406816e+02 +7.914706816e+02 +7.914706816e+02 -2.2225e+00 +3.3437e+00 -1.0405e+00 -5.6229e-01 -4.1414e+00 +2.8267e+00 -1.5047e+00 +2.1645e+00 -2.1646e+00 +3.2897e+00
2435 0 +6.094713787e+02 +6.686013787e+02 +6.686013787e+02 -2.7710e-01 +2.4165e+00 +4.6342e-02 -9.0239e-01 -4.2249e+00 +3.1163e+00 -3.6604e+00 +3.8426e+00 -1.8443e+00 +3.6761e+00
% f evaluations | g evaluations | best noise-free fitness - Fopt (-4.915300000000e+02) + sum g_i+ | measured fitness | best measured fitness or single-digit g-values | x1 | x2...
1 0 +9.446087697e+06 +9.445596167e+06 +9.445596167e+06 +5.9671e-01 -3.8264e-02 +7.4769e-01 +1.6230e+00 -1.3415e-01 -1.3414e-01 +1.6792e+00 +8.6743e-01 -3.6947e-01 +6.4256e-01
2 0 +5.127909550e+05 +5.122994250e+05 +5.122994250e+05 -3.6342e-01 -3.6573e-01 +3.4196e-01 -1.8133e+00 -1.6249e+00 -4.6229e-01 -9.1283e-01 +4.1425e-01 -8.0802e-01 -1.3123e+00
60 0 +2.664712104e+05 +2.659796804e+05 +2.659796804e+05 +8.2080e-01 +1.8532e-01 -1.8082e+00 -1.0944e+00 -1.4481e+00 -9.9547e-01 -1.6191e+00 +7.0035e-01 +2.5745e-01 -2.7180e+00
108 0 +2.550744605e+05 +2.545829305e+05 +2.545829305e+05 +6.2579e-01 -1.8197e+00 -2.8424e-01 +1.5497e+00 -1.2992e+00 -2.4240e+00 -2.0042e+00 -8.1451e-01 -9.1935e-02 -1.7864e+00
163 0 +1.866816981e+04 +1.817663981e+04 +1.817663981e+04 -2.9854e-01 -3.9899e+00 -2.3566e+00 +1.0798e+00 -1.0034e+00 -2.0547e+00 -3.0816e+00 +1.8820e-01 +8.1666e-01 -2.1254e+00
937 0 +1.582284275e+04 +1.533131275e+04 +1.533131275e+04 +1.7431e+00 -2.5023e+00 -1.4937e+00 +5.8009e-01 -1.9921e+00 -2.5124e+00 -1.5881e+00 +1.3072e+00 +1.7967e+00 -3.7140e+00
1092 0 +1.452659734e+04 +1.403506734e+04 +1.403506734e+04 +9.4103e-01 +1.8490e-01 -1.7252e+00 -1.9429e-01 +9.9116e-01 -4.2883e+00 -2.0994e+00 +2.8738e+00 -3.7336e-01 +3.4640e+00
1165 0 +1.225475940e+04 +1.176322940e+04 +1.176322940e+04 -4.2629e-01 -2.1793e+00 -1.1526e+00 +2.8712e-01 -2.7938e+00 -3.3974e+00 -2.5211e+00 +2.2718e+00 +1.3297e+00 -2.9503e-01
1248 0 +1.158706435e+04 +1.109553435e+04 +1.109553435e+04 -7.2121e-01 -1.3568e+00 -9.9902e-01 -4.0388e-01 -3.7718e+00 -4.4346e+00 -1.3319e-01 +2.6433e+00 +4.0712e-01 -2.8884e+00
1252 0 +1.046145811e+04 +9.969928109e+03 +9.969928109e+03 -9.8485e-01 -4.1026e+00 -1.7612e+00 -5.8078e-01 -2.0610e+00 -2.3461e+00 -3.2264e+00 +1.4107e+00 +2.1651e+00 -7.5389e-01
1264 0 +9.805755292e+03 +9.314225292e+03 +9.314225292e+03 -1.4270e+00 -2.9966e+00 -8.5636e-01 -9.0228e-01 -1.3162e+00 -3.1979e+00 -1.5297e+00 +1.0885e+00 -1.3561e-01 +8.7008e-02
1278 0 +7.547654927e+03 +7.056124927e+03 +7.056124927e+03 -4.7086e-01 -6.4987e-01 -3.1530e+00 -1.2378e+00 -2.8382e+00 -2.7445e+00 -2.8119e+00 +3.5102e+00 +1.4024e+00 -7.6263e-01
1303 0 +3.383869478e+03 +2.892339478e+03 +2.892339478e+03 +5.0718e-01 -6.4098e-01 -1.9051e+00 -8.5335e-02 -3.3584e+00 -3.3115e+00 -2.1211e+00 +3.2487e+00 +6.7569e-01 -1.1816e+00
1491 0 +2.787511157e+03 +2.295981157e+03 +2.295981157e+03 +4.4916e-01 -6.7961e-01 -3.6662e+00 -1.8585e-01 -1.3199e-01 -2.3951e+00 -3.0418e+00 +2.3829e+00 -1.1516e+00 +5.5382e-01
1623 0 +2.316851184e+03 +1.825321184e+03 +1.825321184e+03 +1.0104e+00 -2.0563e+00 -2.1027e+00 -2.8659e-01 -1.4707e-01 -2.1229e+00 -3.3391e+00 +1.6130e+00 +6.1740e-01 +1.0003e+00
1656 0 +1.828519080e+03 +1.336989080e+03 +1.336989080e+03 +6.0409e-01 -2.3512e+00 -2.1775e+00 +3.9406e-02 -8.1905e-01 -2.6033e+00 -1.8398e+00 +1.2395e+00 -6.4452e-01 -1.3648e+00
1837 0 +1.305607140e+03 +8.140771401e+02 +8.140771401e+02 +6.7387e-01 -1.2677e+00 -2.7022e+00 -2.9997e-01 -1.3096e+00 -2.5468e+00 -2.9478e+00 +2.4075e+00 +2.5918e-01 +2.1338e-03
1969 0 +7.767739830e+02 +2.852439830e+02 +2.852439830e+02 +1.5232e+00 -2.2502e+00 -2.8978e+00 +1.1649e+00 -1.7813e+00 -1.6945e+00 -3.2689e+00 +1.4628e+00 -1.3372e+00 -1.4981e+00
2198 0 +6.818250605e+02 +1.902950605e+02 +1.902950605e+02 +8.7065e-01 -2.5436e+00 -3.4282e+00 +1.1270e+00 -1.6488e+00 -1.7501e+00 -2.8724e+00 +1.1626e+00 -1.9088e+00 -2.4355e+00
2330 0 +6.795134263e+02 +1.879834263e+02 +1.879834263e+02 +1.4324e+00 -1.0600e+00 -4.0348e+00 +8.1799e-01 +6.0734e-01 -1.7980e+00 -3.2165e+00 +1.4301e+00 -3.3378e+00 +3.2508e-01
% f evaluations | g evaluations | best noise-free fitness - Fopt (-1.702000000000e+02) + sum g_i+ | measured fitness | best measured fitness or single-digit g-values | x1 | x2...
1 0 +7.984198779e+06 +7.984028579e+06 +7.984028579e+06 +5.9671e-01 -3.8264e-02 +7.4769e-01 +1.6230e+00 -1.3415e-01 -1.3414e-01 +1.6792e+00 +8.6743e-01 -3.6947e-01 +6.4256e-01
18 0 +5.809193070e+06 +5.809022870e+06 +5.809022870e+06 -7.8951e-01 -7.1581e-01 +2.2898e-02 +4.4115e-01 +3.7669e-01 +9.2718e-01 +1.1300e-01 +1.5535e+00 -1.6466e-01 +2.8202e+00
74 0 +5.589182532e+06 +5.589012332e+06 +5.589012332e+06 -3.8720e-01 -1.5826e+00 +4.5705e-01 +1.5472e+00 +2.2130e+00 +2.8467e-01 +2.4278e+00 +1.7187e-01 -7.1043e-01 -6.7220e-02
91 0 +2.544405068e+06 +2.544234868e+06 +2.544234868e+06 -5.7574e-01 -8.2942e-01 +1.4658e+00 +3.2107e+00 +1.1055e+00 +1.3275e+00 -5.8011e-01 +1.8445e+00 +5.9784e-01 +8.2639e-01
116 0 +4.479515745e+05 +4.477813745e+05 +4.477813745e+05 -2.0313e+00 +1.4361e+00 +2.1035e+00 +1.0407e+00 +4.2717e+00 +2.1104e+00 +3.0609e-01 +2.0048e+00 -9.2598e-02 +2.0611e+00
133 0 +4.260241946e+05 +4.258539946e+05 +4.258539946e+05 +9.4377e-01 -2.1088e+00 +2.3400e+00 +1.3054e+00 +2.9663e+00 +7.7095e-02 +1.7607e+00 +3.6090e-01 +2.4474e-01 +2.6522e+00
248 0 +3.037154986e+05 +3.035452986e+05 +3.035452986e+05 +4.1881e-01 -6.7042e-01 +3.2409e+00 +2.4101e+00 +2.1059e+00 +5.4060e-01 -3.1444e+00 +2.1835e+00 -3.6777e-01 +2.7028e+00
259 0 +1.607112207e+05 +1.605410207e+05 +1.605410207e+05 -3.4942e+00 +2.4005e+00 +3.0603e+00 +2.8342e+00 +3.1871e+00 -4.4316e-01 +1.1542e+00 +2.5863e+00 -8.1620e-01 +1.4816e+00
458 0 +9.262601732e+04 +9.245581732e+04 +9.245581732e+04 -1.1148e+00 -4.5536e+00 +4.0076e-01 +2.8847e+00 +3.4856e+00 +2.5359e-01 -1.2750e+00 +5.0263e-01 -1.5934e+00 +4.9432e+00
554 0 +7.819362104e+04 +7.802342104e+04 +7.802342104e+04 +1.9441e+00 -1.2204e+00 -3.7634e-01 +1.3123e+00 +3.5833e+00 +2.3099e+00 +2.3378e+00 +1.4707e+00 -2.5067e+00 +2.7964e-01
568 0 +4.162663153e+04 +4.145643153e+04 +4.145643153e+04 +2.3333e+00 +6.4293e-01 -4.0461e-01 +4.6560e+00 +2.5490e+00 +2.4980e+00 +1.1031e+00 +6.5326e-01 -2.9315e-01 -1.3123e-01
1012 0 +7.314402474e+03 +7.144202474e+03 +7.144202474e+03 +1.9104e+00 -2.0986e+00 +9.8804e-02 +4.8440e+00 +1.7101e+00 +2.1809e+00 -5.1627e-01 +1.3727e+00 -2.4564e+00 +1.3588e+00
1497 0 +6.459513053e+03 +6.289313053e+03 +6.289313053e+03 +1.3843e+00 -1.9662e+00 -1.3105e+00 +3.3532e+00 +3.7758e+00 +1.5005e+00 +1.0966e+00 +1.5465e+00 -4.7371e+00 +3.3266e-01
1888 0 +6.454729708e+03 +6.284529708e+03 +6.284529708e+03 +1.0998e+00 -5.6975e-01 -4.0343e+00 +3.7875e+00 +3.9950e+00 +1.2148e+00 +8.5235e-01 +2.4133e+00 -4.3563e+00 +2.2881e-01
1893 0 +4.031356360e+03 +3.861156360e+03 +3.861156360e+03 +8.5914e-01 -4.4361e-01 -4.3223e+00 +4.5512e+00 +2.8509e+00 +1.4528e+00 -4.4179e-01 +2.6319e+00 -2.7289e+00 +1.5437e+00
2133 0 +1.056854961e+03 +8.866549609e+02 +8.866549609e+02 -1.1244e+00 +5.1902e-01 -3.3161e+00 +4.3300e+00 +3.5125e+00 +1.9991e-02 +1.0518e+00 +3.1406e+00 -3.3154e+00 +1.1384e+00
2334 0 +1.042912475e+03 +8.727124750e+02 +8.727124750e+02 -2.2635e+00 +3.4143e-01 -5.7574e-01 +4.6302e+00 +4.0015e+00 -9.3909e-01 +1.3355e+00 +2.8405e+00 -4.5961e+00 +3.5931e-01
% f evaluations | g evaluations | best noise-free fitness - Fopt (-4.697500000000e+02) + sum g_i+ | measured fitness | best measured fitness or single-digit g-values | x1 | x2...
1 0 +1.777962218e+06 +1.777492468e+06 +1.777492468e+06 +5.9671e-01 -3.8264e-02 +7.4769e-01 +1.6230e+00 -1.3415e-01 -1.3414e-01 +1.6792e+00 +8.6743e-01 -3.6947e-01 +6.4256e-01
3 0 +1.335109417e+06 +1.334639667e+06 +1.334639667e+06 +1.5656e+00 -1.2578e-01 +1.6753e-01 -1.3247e+00 -4.4438e-01 +2.1092e-01 -1.0510e+00 +4.7570e-01 -5.0064e-01 -1.9169e-01
6 0 +1.000638686e+06 +1.000168936e+06 +1.000168936e+06 +4.2408e-01 -2.8508e-01 -5.7692e-01 +7.1168e-01 +1.1310e+00 +1.0313e+00 -7.3922e-01 -2.0921e-01 +4.3126e-01 +1.0755e+00
28 0 +6.563094980e+05 +6.558397480e+05 +6.558397480e+05 +1.5413e+00 -1.3359e+00 +1.2632e+00 +1.1023e-01 -8.8151e-01 +5.6210e-01 +2.9906e-01 -5.0022e-01 +1.6980e-01 -2.8531e-01
57 0 +3.988801707e+05 +3.984104207e+05 +3.984104207e+05 +1.3003e+00 -1.3122e+00 +5.2942e-01 +2.0274e+00 +4.7836e-01 +8.6109e-01 +2.7417e-01 +6.2959e-01 +7.3411e-01 +2.7019e-01
58 0 +3.509696479e+05 +3.504998979e+05 +3.504998979e+05 +1.0149e+00 -1.6847e+00 +4.3129e-01 +1.0263e+00 +1.4898e-01 +1.6431e+00 +4.2836e-01 +1.1878e+00 +1.0318e+00 +1.5053e+00
62 0 +2.969864322e+05 +2.965166822e+05 +2.965166822e+05 +9.9522e-01 -2.4160e+00 +9.6545e-01 +5.8012e-01 -1.7352e-02 +5.7032e-01 -4.5004e-01 -3.2357e-01 +7.5400e-01 +4.6943e-01
161 0 +1.498498950e+05 +1.493801450e+05 +1.493801450e+05 +1.4331e+00 -2.7965e+00 +9.2899e-02 +1.3363e+00 -8.5655e-01 +2.4238e+00 -1.0700e+00 +2.0850e-01 -1.8874e-01 +8.1099e-01
233 0 +7.239811794e+04 +7.192836794e+04 +7.192836794e+04 -4.5025e-01 -3.3847e+00 +2.7665e+00 +1.3801e+00 +1.0931e+00 +2.8691e+00 +1.4105e+00 -1.0799e+00 +2.2198e+00 +2.1694e+00
408 0 +6.364352104e+04 +6.317377104e+04 +6.317377104e+04 +8.3830e-01 -2.6971e+00 -2.7482e-01 +1.4148e+00 +1.5522e+00 +1.7013e-01 -1.4706e+00 +2.4046e+00 +2.7776e+00 +3.1654e+00
477 0 +1.244207592e+04 +1.197232592e+04 +1.197232592e+04 -7.8492e-01 -3.1293e+00 +2.6321e+00 +2.5891e+00 +2.3757e-02 +8.2062e-01 +1.3406e-01 -1.8179e+00 +2.2048e+00 +4.6223e+00
1309 0 +1.112581284e+04 +1.065606284e+04 +1.065606284e+04 +5.7804e-01 -3.9064e+00 +4.3924e+00 +7.0871e-01 -1.4315e+00 +1.0933e+00 +2.4498e+00 +8.8680e-01 +3.3202e+00 +3.4630e+00
1461 0 +8.941698542e+03 +8.471948542e+03 +8.471948542e+03 +1.2685e+00 -1.5756e+00 +3.5078e+00 +1.2050e+00 +4.7897e-01 +3.2232e+00 +1.6565e+00 +2.4485e+00 +1.4916e+00 +3.4983e+00
1574 0 +6.723575569e+03 +6.253825569e+03 +6.253825569e+03 -2.7367e+00 -3.2755e+00 +4.5178e+00 +4.9094e+00 -5.6433e-01 +1.3326e+00 +1.9019e+00 +5.0219e-01 -1.1471e+00 +3.5358e+00
1627 0 +5.709836165e+03 +5.240086165e+03 +5.240086165e+03 -2.4392e+00 -3.3328e+00 +2.3009e+00 +4.7451e+00 -1.3372e-02 +1.9742e+00 -1.3768e-01 -1.5431e-02 -2.2915e+00 +2.8276e+00
1771 0 +4.937499218e+03 +4.467749218e+03 +4.467749218e+03 -1.0654e+00 -4.5464e+00 +2.6615e+00 +3.2843e-01 -1.1318e+00 +1.4820e+00 -2.9744e+00 +4.5630e-01 -2.4861e+00 +2.7009e+00
1789 0 +4.602958412e+03 +4.133208412e+03 +4.133208412e+03 -5.1987e-01 -3.0961e+00 +2.6320e+00 +1.7101e+00 +2.7264e-01 +1.2884e-01 -7.5561e-01 +6.3602e-01 +2.2491e+00 +4.7132e+00
1806 0 +4.516050452e+03 +4.046300452e+03 +4.046300452e+03 +9.1430e-01 -2.5253e+00 +2.5518e-01 +2.8346e+00 +9.2995e-01 +5.4929e-01 +8.5354e-01 +4.0710e+00 +3.2192e+00 +2.4088e+00
1815 0 +2.275851508e+03 +1.806101508e+03 +1.806101508e+03 +3.5121e+00 -1.1972e+00 +1.6964e+00 -1.9727e-01 +5.3269e-01 +4.1436e+00 +2.2061e+00 +4.9376e+00 +2.5675e+00 +1.4645e+00
1988 0 +1.865132924e+03 +1.395382924e+03 +1.395382924e+03 +6.1969e-01 -2.9264e+00 +4.6424e+00 +4.2724e-01 -9.2855e-01 +3.3441e+00 +1.7584e+00 -1.2410e+00 +1.3390e+00 +3.4706e+00
2032 0 +1.838731144e+03 +1.368981144e+03 +1.368981144e+03 -1.4275e-01 -2.1872e+00 +2.1067e+00 +3.6497e+00 +1.1255e+00 +1.6460e+00 +2.0099e+00 +2.4387e+00 +2.5974e+00 +3.3722e+00
2034 0 +1.516692288e+03 +1.046942288e+03 +1.046942288e+03 +3.2952e-01 -2.9786e+00 +2.1551e+00 +1.1470e+00 +5.7890e-01 +1.0298e+00 -9.2232e-02 +2.1489e+00 +2.3048e+00 +3.4304e+00
2082 0 +1.372466279e+03 +9.027162793e+02 +9.027162793e+02 +1.5029e+00 -1.9383e+00 +2.8923e+00 +5.8110e-02 +8.5212e-01 +2.2308e+00 +6.8738e-01 +5.3628e-01 +4.0460e+00 +4.6030e+00
2156 0 +1.165088161e+03 +6.953381606e+02 +6.953381606e+02 -1.8518e+00 -3.3775e+00 +3.0472e+00 +4.0797e+00 -1.1265e-01 +1.7167e+00 +8.9222e-01 +1.1952e-01 -5.7585e-01 +3.0730e+00
2252 0 +9.578560992e+02 +4.881060992e+02 +4.881060992e+02 -3.1964e+00 -3.9125e+00 +3.8125e+00 +4.9606e+00 -4.1318e-01 +9.3062e-01 +6.3852e-01 -4.2183e-01 -1.3353e+00 +3.7122e+00
2445 0 +2.425622582e+02 -2.271877418e+02 -2.271877418e+02 -6.5555e-01 -3.4994e+00 +3.5421e+00 +1.5819e+00 -2.9129e-01 +1.4363e+00 +4.2633e-01 +1.4440e-01 +1.2155e+00 +3.6633e+00
% f evaluations | g evaluations | best noise-free fitness - Fopt (-5.191000000000e+01) + sum g_i+ | measured fitness | best measured fitness or single-digit g-values | x1 | x2...
1 0 +8.415068501e+06 +8.415016591e+06 +8.415016591e+06 +5.9671e-01 -3.8264e-02 +7.4769e-01 +1.6230e+00 -1.3415e-01 -1.3414e-01 +1.6792e+00 +8.6743e-01 -3.6947e-01 +6.4256e-01
2 0 +3.471323576e+06 +3.471271666e+06 +3.471271666e+06 -3.6342e-01 -3.6573e-01 +3.4196e-01 -1.8133e+00 -1.6249e+00 -4.6229e-01 -9.1283e-01 +4.1425e-01 -8.0802e-01 -1.3123e+00
3 0 +3.365975069e+06 +3.365923159e+06 +3.365923159e+06 +1.5656e+00 -1.2578e-01 +1.6753e-01 -1.3247e+00 -4.4438e-01 +2.1092e-01 -1.0510e+00 +4.7570e-01 -5.0064e-01 -1.9169e-01
4 0 +3.734226445e+05 +3.733707345e+05 +3.733707345e+05 -5.0171e-01 +1.9523e+00 +8.6503e-02 -9.5771e-01 +9.2254e-01 -1.1208e+00 +3.0886e-01 -1.8597e+00 -1.2282e+00 +2.9686e-01
123 0 +3.137056614e+05 +3.136537514e+05 +3.136537514e+05 +3.6542e-01 +2.5671e+00 -5.8262e-01 +6.9298e-01 +2.1421e+00 -1.7962e-01 +9.5446e-01 -1.2578e+00 -1.8143e+00 +5.4065e-01
141 0 +2.362249287e+05 +2.361730187e+05 +2.361730187e+05 -1.3828e+00 -3.4230e-01 -1.1169e+00 +1.6408e+00 +2.2697e+00 -8.8347e-01 -1.0103e+00 -1.5248e+00 +2.6411e-01 -2.1972e+00
161 0 +1.971861972e+05 +1.971342872e+05 +1.971342872e+05 -2.0698e+00 +5.8593e-01 -4.5723e+00 +2.8589e+00 +1.5319e+00 +2.0912e+00 -2.0278e+00 -2.2576e+00 +7.8404e-01 -9.4456e-01
185 0 +1.603008594e+05 +1.602489494e+05 +1.602489494e+05 +1.6041e+00 +8.1158e-02 -2.0303e+00 +2.1179e+00 +2.9595e+00 -2.0201e+00 -1.1020e+00 -1.3023e+00 +1.1698e+00 -1.3087e+00
233 0 +1.484162240e+05 +1.483643140e+05 +1.483643140e+05 -1.4854e-01 +9.0371e-01 -3.9790e+00 +1.8283e+00 +2.7528e+00 +3.2751e-02 -1.3640e+00 -3.9984e+00 +1.0267e+00 -2.8541e-01
417 0 +7.952525993e+04 +7.947334993e+04 +7.947334993e+04 +3.2134e+00 +1.9664e+00 -3.6763e+00 +3.7662e+00 +4.2465e+00 -7.8248e-01 +4.0742e-01 -4.2510e+00 -3.0857e+00 +1.5491e+00
680 0 +5.446219042e+04 +5.441028042e+04 +5.441028042e+04 -6.3445e-01 +3.1421e+00 -2.8122e+00 +1.9581e+00 -6.2713e-01 +8.6619e-01 -1.6079e+00 -4.2296e+00 -1.1860e+00 +5.2724e-01
720 0 +5.065239672e+04 +5.060048672e+04 +5.060048672e+04 -1.0129e+00 +2.3305e+00 -1.4366e+00 +6.2975e-01 -8.4538e-02 -1.2520e-01 -1.7885e+00 -4.4093e+00 -1.0284e+00 +6.9369e-01
771 0 +4.069583071e+04 +4.064392071e+04 +4.064392071e+04 -5.5088e-01 +2.6694e+00 -1.2114e+00 +8.8211e-01 +2.6268e+00 -3.0294e+00 +1.7670e+00 -2.8954e+00 -1.2867e+00 +2.4062e+00
850 0 +3.861645683e+04 +3.856454683e+04 +3.856454683e+04 -3.3578e+00 +4.1425e+00 -2.4291e+00 -9.2718e-01 -1.6739e+00 +8.6819e-01 -1.0296e+00 -2.3203e+00 +2.3111e+00 +2.1658e+00
863 0 +3.284798456e+04 +3.279607456e+04 +3.279607456e+04 -1.3911e+00 +2.0375e+00 -1.9801e+00 +1.1953e+00 -6.6345e-01 -1.0321e+00 -1.8732e+00 -3.8340e+00 -1.6676e-01 -2.5704e-01
903 0 +2.443514577e+04 +2.438323577e+04 +2.438323577e+04 -2.0581e+00 +3.3831e+00 -7.0934e-01 +8.2945e-01 -3.6552e-02 -3.9754e+00 +1.3643e+00 -2.3988e+00 +1.4810e-01 +3.0512e+00
952 0 +2.441864787e+04 +2.436673787e+04 +2.436673787e+04 -1.3360e+00 +3.1453e+00 -2.7544e+00 +1.6517e+00 -9.1419e-01 -3.2084e+00 -2.1797e-01 -3.4041e+00 +6.0458e-01 +7.2184e-01
1087 0 +1.488772805e+04 +1.483581805e+04 +1.483581805e+04 +6.8229e-01 -1.3992e-01 -3.0214e+00 +3.0918e+00 +4.2649e+00 -3.3180e+00 +7.4980e-02 -3.0628e+00 +8.9674e-01 +5.4307e-01
1259 0 +1.401997796e+04 +1.396806796e+04 +1.396806796e+04 +1.4588e+00 +1.3130e+00 -1.4546e+00 +3.1588e+00 +4.4807e+00 -2.1762e+00 -1.8638e-01 -1.6895e+00 +1.1586e+00 +3.6994e+00
1270 0 +1.394331938e+04 +1.389140938e+04 +1.389140938e+04 -2.3714e-01 +9.8088e-01 -6.5753e-01 +1.4210e+00 +3.5086e+00 -1.6591e+00 -2.7854e-01 -2.5707e+00 +3.9287e-01 +3.3017e+00
1287 0 +1.343902224e+04 +1.338711224e+04 +1.338711224e+04 +1.5714e-01 +1.2520e+00 -4.1168e+00 +1.9123e+00 +3.5132e+00 +2.3612e+00 -1.7342e+00 -2.9896e-01 +3.2425e+00 +1.2432e+00
1295 0 +1.013136980e+04 +1.007945980e+04 +1.007945980e+04 +9.8272e-01 -1.3152e+00 -2.7122e+00 +3.9924e+00 +4.5748e+00 -2.6281e+00 -1.6951e+00 -3.7605e+00 +1.0105e+00 +5.8753e-01
1321 0 +1.004035740e+04 +9.988447396e+03 +9.988447396e+03 +8.6508e-01 +2.6577e+00 -2.7389e+00 +2.6735e+00 +2.1512e+00 +8.9115e-01 -1.4336e+00 -2.7311e+00 +6.7880e-01 +3.4767e+00
1336 0 +8.905815618e+03 +8.853905618e+03 +8.853905618e+03 +9.1240e-01 +7.9138e-01 -3.2165e+00 +2.9489e+00 +4.0958e+00 -6.2025e-01 -4.8234e-01 -3.1174e+00 +1.2823e-01 +1.8937e+00
1389 0 +6.132528955e+03 +6.080618955e+03 +6.080618955e+03 +4.6744e-01 +4.5496e-01 -3.3669e+00 +2.3133e+00 +3.0759e+00 +2.9535e+00 -3.7114e+00 -1.8453e+00 +3.2512e+00 +1.4586e+00
1404 0 +3.238377207e+03 +3.186467207e+03 +3.186467207e+03 -1.6924e+00 +1.7094e+00 -3.5643e+00 +4.5176e-01 +1.5181e+00 +7.9419e-02 -1.0146e+00 -1.4431e+00 +3.3255e+00 +1.2330e+00
1727 0 +2.595273543e+03 +2.543363543e+03 +2.543363543e+03 +4.5723e-01 -9.9586e-01 -3.0245e+00 +3.2681e+00 +4.2894e+00 -1.2767e+00 -1.5976e+00 -2.9474e+00 +9.8585e-01 -3.3474e-01
1866 0 +1.821663015e+03 +1.769753015e+03 +1.769753015e+03 -9.8019e-01 +1.1322e+00 -2.4819e+00 +1.4695e+00 +2.6964e+00 -2.5799e+00 +1.9341e-01 -2.2551e+00 +1.6461e+00 +1.3684e+00
1921 0 +1.663195883e+03 +1.611285883e+03 +1.611285883e+03 +4.9530e-01 +8.7855e-01 -2.4224e+00 +2.4026e+00 +3.1431e+00 +2.2108e-01 -1.8177e+00 -1.9212e+00 +1.7770e+00 +1.7650e+00
2018 0 +1.630568385e+03 +1.578658385e+03 +1.578658385e+03 -3.7327e-02 +2.3346e+00 -2.3233e+00 +1.4235e+00 +1.4822e+00 +1.4346e+00 -2.4979e+00 -6.8658e-01 +3.8863e+00 +2.7714e+00
2139 0 +1.547780875e+03 +1.495870875e+03 +1.495870875e+03 +3.3929e-01 +3.7061e+00 -1.5493e+00 +1.5675e+00 +8.3747e-01 +1.1851e+00 -1.5674e+00 -1.7057e+00 +1.2908e+00 +4.1606e+00
2177 0 +1.330926277e+03 +1.279016277e+03 +1.279016277e+03 -4.5357e-01 -5.3636e-01 -2.2818e+00 +2.4346e+00 +3.5758e+00 -2.7567e+00 -9.9312e-01 -2.7651e+00 +1.8125e+00 +2.1847e-01
2181 0 +1.213834894e+03 +1.161924894e+03 +1.161924894e+03 +4.0001e-01 -3.9946e-02 -2.3631e+00 +3.0796e+00 +3.7781e+00 -2.0611e+00 -9.2183e-01 -3.1751e+00 +5.5134e-01 +1.1527e+00
2237 0 +1.113617385e+03 +1.061707385e+03 +1.061707385e+03 -4.3902e-01 +8.9942e-01 -2.4383e+00 +2.1321e+00 +2.0735e+00 -2.2607e+00 -8.5856e-01 -2.9042e+00 +1.2067e+00 +7.0055e-01
2286 0 +1.108225525e+03 +1.056315525e+03 +1.056315525e+03 +1.5550e+00 +8.9001e-01 -3.4471e+00 +4.3070e+00 +3.1338e+00 -2.0988e+00 -2.1728e-01 -4.9363e+00 -2.5215e+00 +6.7980e-01
2294 0 +1.071787533e+03 +1.019877533e+03 +1.019877533e+03 +2.0107e+00 +1.6372e-01 -2.8176e+00 +4.6378e+00 +4.3192e+00 -1.6626e+00 -7.4578e-01 -4.6766e+00 -2.2751e+00 +1.2753e+00
2300 0 +5.031871983e+02 +4.512771983e+02 +4.512771983e+02 +1.0892e+00 +5.4784e-01 -1.8905e+00 +3.4187e+00 +3.4577e+00 -1.9508e+00 -9.6793e-01 -3.5847e+00 -4.3045e-01 +1.6545e+00
2442 0 +4.329531899e+02 +3.810431899e+02 +3.810431899e+02 +1.3732e-01 +1.4862e+00 -2.4902e+00 +2.1529e+00 +1.7520e+00 +2.5965e-01 -2.2314e+00 -2.3522e+00 +1.9455e+00 +1.6174e+00
% f evaluations | g evaluations | best noise-free fitness - Fopt (4.808000000000e+01) + sum g_i+ | measured fitness | best measured fitness or single-digit g-values | x1 | x2...
1 0 +7.072208091e+06 +7.072256171e+06 +7.072256171e+06 +5.9671e-01 -3.8264e-02 +7.4769e-01 +1.6230e+00 -1.3415e-01 -1.3414e-01 +1.6792e+00 +8.6743e-01 -3.6947e-01 +6.4256e-01
2 0 +3.344361654e+06 +3.344409734e+06 +3.344409734e+06 -3.6342e-01 -3.6573e-01 +3.4196e-01 -1.8133e+00 -1.6249e+00 -4.6229e-01 -9.1283e-01 +4.1425e-01 -8.0802e-01 -1.3123e+00
3 0 +1.771217716e+06 +1.771265796e+06 +1.771265796e+06 +1.5656e+00 -1.2578e-01 +1.6753e-01 -1.3247e+00 -4.4438e-01 +2.1092e-01 -1.0510e+00 +4.7570e-01 -5.0064e-01 -1.9169e-01
5 0 +1.519111821e+06 +1.519159901e+06 +1.519159901e+06 +8.3847e-01 +2.7137e-01 -1.5648e-02 -2.0110e-01 -1.3785e+00 -6.1984e-01 -3.6064e-01 +1.1571e+00 +4.4362e-01 -1.6630e+00
23 0 +8.859623300e+05 +8.860104100e+05 +8.860104100e+05 +2.4147e+00 -1.7673e+00 +7.8626e-01 -1.5127e+00 -3.7193e-01 +1.1890e+00 +1.6428e-01 -9.7774e-01 -6.1530e-01 +7.7960e-01
53 0 +7.837748194e+05 +7.838228994e+05 +7.838228994e+05 +2.0787e+00 -3.6329e-01 -7.7932e-01 +3.1438e-01 -8.6155e-03 +1.6493e+00 -1.7658e+00 -2.0360e+00 +1.1895e-01 -1.4382e-02
78 0 +7.703027817e+05 +7.703508617e+05 +7.703508617e+05 +2.5170e+00 -2.6164e+00 +1.2390e+00 -2.5187e+00 -1.1399e+00 +1.1088e+00 +8.9952e-01 -2.5517e+00 -4.1404e-02 -1.2341e+00
118 0 +6.452423200e+05 +6.452904000e+05 +6.452904000e+05 +1.6808e+00 -2.4223e+00 -1.3995e+00 -1.4600e+00 +4.4394e-01 -1.0849e+00 -1.8099e+00 -2.0531e+00 +1.8467e-01 -1.3899e+00
160 0 +1.971128960e+05 +1.971609760e+05 +1.971609760e+05 +3.3852e+00 -1.9857e+00 -9.1613e-01 -3.4838e+00 +3.4338e+00 +1.2076e+00 -1.3103e+00 -2.2881e+00 -2.6831e+00 +2.0629e+00
245 0 +1.714776973e+05 +1.715257773e+05 +1.715257773e+05 +3.9064e+00 -2.1960e+00 -3.2008e-02 -3.1080e+00 +3.5773e+00 +1.8516e+00 -1.1835e+00 -3.8588e+00 -2.6464e+00 +2.2099e-01
383 0 +5.457384976e+04 +5.462192976e+04 +5.462192976e+04 +2.9357e+00 -3.0495e-01 -3.9610e+00 -1.8020e+00 +2.9945e+00 -1.4194e+00 -2.5564e+00 -9.9025e-01 -2.2623e+00 -1.0170e-01
645 0 +4.148095920e+04 +4.152903920e+04 +4.152903920e+04 +1.2947e+00 -4.0596e+00 +7.1555e-01 -2.2625e+00 -1.1310e+00 -2.6554e+00 -2.1924e+00 -4.2389e+00 -4.7653e+00 -1.9486e+00
731 0 +1.466971154e+04 +1.471779154e+04 +1.471779154e+04 +1.5409e+00 -3.6375e+00 -2.0600e+00 -4.8661e+00 +1.7537e+00 +2.8514e-01 -6.6708e-01 +3.7619e-01 -2.2516e+00 -2.8893e+00
1237 0 +1.451696630e+04 +1.456504630e+04 +1.456504630e+04 -2.9417e-01 -2.8339e+00 -3.0884e+00 -1.6803e+00 +5.5148e-01 -3.0019e+00 -3.9077e+00 -3.0570e+00 -3.2462e+00 -3.5482e+00
1351 0 +1.191374983e+04 +1.196182983e+04 +1.196182983e+04 -6.5244e-01 -3.0580e+00 -3.8234e+00 -1.7438e+00 -6.1689e-02 -2.3894e+00 -2.9538e+00 +2.6052e+00 -2.6154e+00 -3.1976e+00
1380 0 +6.758891539e+03 +6.806971539e+03 +6.806971539e+03 +5.9634e-01 -1.8653e+00 -4.7447e+00 -1.7885e+00 +1.5120e+00 -3.3532e+00 -2.7012e+00 +4.2886e+00 -2.5925e+00 -1.3519e+00
1495 0 +6.568609723e+03 +6.616689723e+03 +6.616689723e+03 +2.1884e+00 -2.4803e+00 -1.8455e+00 -4.3538e+00 +5.3503e-01 -4.1573e+00 -1.9787e-01 +1.0059e+00 -3.6473e+00 +1.7280e-01
1578 0 +3.732768016e+03 +3.780848016e+03 +3.780848016e+03 -3.1027e-01 -3.8135e+00 -2.8905e+00 -2.0340e+00 +1.3693e+00 -9.7129e-01 -3.8734e+00 -6.3724e-01 -2.4331e+00 -4.1340e+00
1668 0 +3.272676986e+03 +3.320756986e+03 +3.320756986e+03 +1.3811e+00 -4.8573e+00 -2.8192e-01 -4.3812e+00 +6.3043e-01 -2.5775e+00 -1.3568e+00 +9.8768e-01 -3.4469e+00 -1.7132e+00
1841 0 +2.064970686e+03 +2.113050686e+03 +2.113050686e+03 +6.0188e-01 -3.5033e+00 -1.8192e+00 -2.9706e+00 +9.8219e-01 -1.9686e+00 -2.7320e+00 -2.5982e+00 -3.7405e+00 -2.9537e+00
1894 0 +1.751895168e+03 +1.799975168e+03 +1.799975168e+03 +1.1430e+00 -4.2527e-01 -4.7124e+00 -3.9321e+00 -1.3327e+00 -4.9928e+00 +6.5856e-01 +4.4080e-01 -2.2678e+00 -2.8572e+00
1945 0 +1.299860789e+03 +1.347940789e+03 +1.347940789e+03 +1.6358e+00 -3.4207e+00 -1.2238e+00 -4.4318e+00 +2.2378e-01 -2.6739e+00 -4.6021e-01 -1.6102e-01 -3.2467e+00 -1.8718e+00
2010 0 +1.232091788e+03 +1.280171788e+03 +1.280171788e+03 +1.5492e+00 -2.3731e+00 -2.3651e+00 -4.3377e+00 -8.4555e-01 -4.6755e+00 +2.4430e-01 +1.2232e+00 -3.1066e+00 -1.3042e+00
2226 0 +9.919116133e+02 +1.039991613e+03 +1.039991613e+03 +1.4217e+00 -3.6828e+00 -1.8444e+00 -4.3006e+00 +1.0880e+00 -2.1166e+00 -1.1019e+00 +1.5303e+00 -2.5954e+00 -1.8675e+00
2251 0 +7.180602568e+02 +7.661402568e+02 +7.661402568e+02 +1.9468e+00 -2.3220e+00 -3.3402e+00 -4.6949e+00 +1.2919e+00 -2.6596e+00 -1.3150e-01 +3.2696e+00 -1.2527e+00 -1.3151e+00
2335 0 +6.228771295e+02 +6.709571295e+02 +6.709571295e+02 +1.3435e+00 -3.2404e+00 -2.5423e+00 -3.9670e+00 +1.5947e+00 -1.7695e+00 -1.5028e+00 +1.7742e+00 -1.5822e+00 -2.0401e+00
2406 0 +4.544219109e+02 +5.025019109e+02 +5.025019109e+02 +1.0584e+00 -2.8370e+00 -2.7162e+00 -3.3975e+00 +1.3199e+00 -2.1081e+00 -2.1251e+00 -1.1902e+00 -2.3032e+00 -2.8156e+00
% f evaluations | g evaluations | best noise-free fitness - Fopt (3.058000000000e+01) + sum g_i+ | measured fitness | best measured fitness or single-digit g-values | x1 | x2...
1 0 +1.935209604e+07 +1.935212662e+07 +1.935212662e+07 +5.9671e-01 -3.8264e-02 +7.4769e-01 +1.6230e+00 -1.3415e-01 -1.3414e-01 +1.6792e+00 +8.6743e-01 -3.6947e-01 +6.4256e-01
2 0 +4.066364824e+06 +4.066395404e+06 +4.066395404e+06 -3.6342e-01 -3.6573e-01 +3.4196e-01 -1.8133e+00 -1.6249e+00 -4.6229e-01 -9.1283e-01 +4.1425e-01 -8.0802e-01 -1.3123e+00
4 0 +2.906257570e+06 +2.906288150e+06 +2.906288150e+06 -5.0171e-01 +1.9523e+00 +8.6503e-02 -9.5771e-01 +9.2254e-01 -1.1208e+00 +3.0886e-01 -1.8597e+00 -1.2282e+00 +2.9686e-01
54 0 +2.279333992e+06 +2.279364572e+06 +2.279364572e+06 -8.5556e-01 +1.6475e+00 -6.1901e-01 -2.1527e-01 -2.9472e+00 -2.3038e-01 +1.0329e+00 -7.4210e-01 -2.0504e+00 +3.7135e-02
82 0 +2.166728201e+06 +2.166758781e+06 +2.166758781e+06 -4.5164e+00 +2.7890e+00 +6.5811e-02 +6.5953e-01 -2.0372e-01 -1.0985e+00 -5.8750e-01 +1.5587e-01 -2.1443e-01 +1.3202e+00
83 0 +1.677580734e+06 +1.677611314e+06 +1.677611314e+06 -2.3977e+00 +9.3092e-01 -2.3773e+00 -5.0434e-01 +2.9177e-01 +4.8300e-01 +1.3701e+00 -6.3680e-01 -1.8570e+00 +1.6053e-01
85 0 +8.285488616e+05 +8.285794416e+05 +8.285794416e+05 -3.6847e+00 +5.3168e-01 -3.3354e+00 +4.3327e-02 -2.1792e-01 -2.3210e+00 -2.2244e+00 -6.2510e-03 +2.5521e-01 -6.3108e-01
86 0 +1.363391175e+05 +1.363696975e+05 +1.363696975e+05 -2.1098e+00 +1.6709e-01 -2.8726e+00 -1.0108e+00 +1.2354e+00 -3.5342e-01 -1.7114e+00 -7.4858e-01 -2.7549e-01 +5.4239e-01
392 0 +6.663652208e+04 +6.666710208e+04 +6.666710208e+04 -6.9954e-01 +4.0168e+00 +4.0703e-01 -4.0582e+00 +2.1186e+00 -2.1438e+00 -1.4685e+00 -1.5369e+00 -1.5776e+00 -6.4769e-01
551 0 +6.587021738e+04 +6.590079738e+04 +6.590079738e+04 -2.4107e+00 +8.0113e-01 +4.0930e-01 -1.9640e-01 +4.1709e+00 -2.5420e-01 -4.5437e+00 +5.8628e-01 +3.5565e-01 +1.3360e+00
560 0 +3.821200780e+04 +3.824258780e+04 +3.824258780e+04 -1.8279e+00 +1.7807e-01 -9.7523e-01 -3.5140e+00 +2.2527e+00 -2.3564e-01 -3.1404e+00 +4.0712e-01 -1.2316e+00 -3.5568e-01
781 0 +2.356857309e+04 +2.359915309e+04 +2.359915309e+04 -2.4815e+00 +1.7593e+00 -7.3473e-01 -5.1600e-02 +2.7453e+00 -1.2269e+00 -2.2842e+00 -3.1786e-01 +1.2484e-01 +1.0198e+00
812 0 +2.309643145e+04 +2.312701145e+04 +2.312701145e+04 -1.7639e+00 +1.7191e+00 -1.6782e+00 -1.5909e+00 +2.4328e+00 +7.8474e-01 -2.4486e+00 -7.2697e-01 -2.5264e+00 +6.1677e-03
878 0 +1.912732978e+04 +1.915790978e+04 +1.915790978e+04 -1.7164e+00 +2.6094e+00 -1.2336e+00 -2.7135e+00 +1.4448e+00 +2.7814e-02 -1.8261e+00 -1.0092e+00 -1.3936e+00 -8.1516e-01
960 0 +1.664739776e+04 +1.667797776e+04 +1.667797776e+04 -3.3930e+00 +1.5195e+00 -1.9087e+00 -1.9265e+00 +2.6119e+00 +9.2930e-01 -1.6892e+00 -1.0892e+00 +3.8233e-01 -4.8314e-01
964 0 +1.125886776e+04 +1.128944776e+04 +1.128944776e+04 -2.1015e+00 +1.0279e+00 -1.7985e+00 -3.6689e+00 +2.5090e+00 +4.4780e-01 -2.7490e+00 -8.4485e-01 +9.8972e-01 -1.1480e-01
1147 0 +8.178798098e+03 +8.209378098e+03 +8.209378098e+03 -1.0099e+00 -5.3024e-01 -4.0481e+00 +1.2439e+00 +2.5373e+00 +1.2022e-01 -3.5382e+00 -1.1212e+00 -1.9186e+00 +2.8033e+00
1168 0 +4.086539709e+03 +4.117119709e+03 +4.117119709e+03 -1.1460e+00 +4.9382e-01 -2.5675e+00 -1.9764e+00 +1.4802e+00 -7.5595e-01 -3.4026e+00 -6.0909e-01 +6.9127e-01 +1.1302e+00
1455 0 +3.528526826e+03 +3.559106826e+03 +3.559106826e+03 -2.2556e+00 -1.9753e+00 -2.8292e+00 -4.9731e-01 +1.7816e+00 -2.0719e+00 -3.9524e+00 +5.6753e-01 +3.6739e+00 +2.9285e+00
1721 0 +2.892259761e+03 +2.922839761e+03 +2.922839761e+03 -2.3965e+00 -1.9442e+00 -2.5550e+00 +1.0906e+00 +2.8258e+00 -2.1755e+00 -3.8112e+00 +4.6496e-01 +2.4369e+00 +3.7475e+00
1747 0 +2.663192839e+03 +2.693772839e+03 +2.693772839e+03 -2.3350e+00 +1.2191e+00 -4.4995e-01 -4.7337e+00 +3.4923e+00 +3.7560e-01 -2.9837e+00 -2.9373e-01 +4.0139e-01 -6.4659e-01
1831 0 +2.138644549e+03 +2.169224549e+03 +2.169224549e+03 -2.3933e+00 -2.1382e+00 -3.2701e+00 +1.1822e+00 +3.9577e+00 +6.3589e-01 -3.5229e+00 -2.7859e-01 -2.1636e+00 +2.8533e+00
2014 0 +1.510509180e+03 +1.541089180e+03 +1.541089180e+03 -2.5909e+00 -2.0701e-01 -2.5912e+00 -2.6190e+00 +4.1158e+00 -1.6693e-01 -2.3351e+00 -8.6292e-01 +6.3359e-01 +1.4811e+00
2031 0 +1.034753508e+03 +1.065333508e+03 +1.065333508e+03 -2.3033e+00 -2.2565e+00 -2.1322e+00 +6.8600e-01 +2.2696e+00 -1.2583e+00 -4.1998e+00 +8.2505e-01 +9.2835e-01 +2.7358e+00
2102 0 +8.467217725e+02 +8.773017725e+02 +8.773017725e+02 -2.2070e+00 -2.0213e+00 -3.1811e+00 -4.5211e-01 +2.5813e+00 +2.0219e-01 -4.1695e+00 +8.3266e-02 +6.0776e-01 +2.1576e+00
2206 0 +2.713425525e+02 +3.019225525e+02 +3.019225525e+02 -2.7012e+00 -1.0050e+00 -2.9003e+00 +1.2337e-01 +3.9380e+00 -3.5511e-01 -2.7618e+00 -5.0445e-01 -1.7661e-02 +2.5846e+00
2358 0 +1.955072007e+02 +2.260872007e+02 +2.260872007e+02 -2.1501e+00 -1.0760e+00 -3.3317e+00 -3.0184e-01 +3.0812e+00 -7.9464e-01 -3.0648e+00 -5.8353e-01 +7.8265e-01 +2.6729e+00
2481 0 +1.777704733e+02 +2.083504733e+02 +2.083504733e+02 -2.0719e+00 -1.4274e+00 -3.6545e+00 -3.5738e-01 +3.2484e+00 -9.5623e-02 -3.3112e+00 -5.9530e-01 -1.0427e-03 +2.5852e+00
% f evaluations | g evaluations | best noise-free fitness - Fopt (1.000000000000e+03) + sum g_i+ | measured fitness | best measured fitness or single-digit g-values | x1 | x2...
1 0 +3.539809844e+06 +3.540809844e+06 +3.540809844e+06 +5.9671e-01 -3.8264e-02 +7.4769e-01 +1.6230e+00 -1.3415e-01 -1.3414e-01 +1.6792e+00 +8.6743e-01 -3.6947e-01 +6.4256e-01
9 0 +2.056721451e+06 +2.057721451e+06 +2.057721451e+06 -1.1967e-01 +4.5711e-01 +1.5779e+00 -4.1827e-01 -7.0849e-01 -4.0176e-01 +1.0154e+00 +4.2875e-01 -4.2976e-01 +6.1327e-01
21 0 +9.707796952e+05 +9.717796952e+05 +9.717796952e+05 +4.5779e-01 +6.6078e-01 +1.1831e+00 +1.1538e+00 -1.2777e+00 -8.3783e-01 +6.1504e-01 +6.1379e-01 +6.1505e-01 +3.9527e+00
55 0 +1.619790875e+05 +1.629790875e+05 +1.629790875e+05 -2.4743e+00 -1.3148e+00 -1.6408e+00 -1.2568e+00 -2.0240e+00 -1.9578e+00 -1.9366e-01 -3.7254e-01 +2.6601e+00 +8.4851e-01
183 0 +1.567639647e+05 +1.577639647e+05 +1.577639647e+05 -2.7818e+00 +4.1241e+00 +3.9065e-01 -1.1886e+00 -9.9095e-01 -3.8328e+00 +5.7452e-01 +1.3339e+00 +6.3748e-01 +3.3934e+00
194 0 +1.216782594e+05 +1.226782594e+05 +1.226782594e+05 -1.2654e+00 -3.0185e-01 -2.3393e+00 +9.8400e-01 -3.8374e-01 -2.3387e+00 -5.4307e-01 -1.8182e+00 +1.4741e+00 +3.3719e+00
250 0 +1.005518386e+05 +1.015518386e+05 +1.015518386e+05 -1.1913e-01 -3.2085e+00 -1.3902e-01 +1.3158e+00 -1.4052e+00 -4.5411e+00 -1.6966e-01 -1.4362e+00 +1.7553e+00 +1.5946e+00
322 0 +7.607013675e+04 +7.707013675e+04 +7.707013675e+04 +6.2127e-01 +1.6393e+00 -1.9338e+00 +6.7619e-01 -3.4011e+00 -2.1432e+00 +7.6020e-01 +1.1534e+00 +3.8772e+00 +3.4505e+00
546 0 +5.646803558e+04 +5.746803558e+04 +5.746803558e+04 +1.3520e+00 -1.1112e+00 -2.1713e+00 -7.8741e-01 -4.9458e+00 -4.1482e+00 +2.2717e+00 +2.1152e+00 +3.3916e+00 +2.0703e+00
548 0 +1.429948312e+04 +1.529948312e+04 +1.529948312e+04 -7.5721e-01 +4.8284e-01 -3.4778e+00 -1.8642e-01 -4.8516e+00 -1.6252e+00 +1.9343e+00 +4.2731e-01 +3.9720e+00 +2.0491e+00
1355 0 +4.421171642e+03 +5.421171642e+03 +5.421171642e+03 +7.2814e-01 +1.0371e+00 -2.7016e+00 +2.4405e+00 -2.4407e+00 -1.2777e+00 +1.5744e+00 -2.2773e+00 +4.5054e-01 +4.2899e+00
1695 0 +3.325691516e+03 +4.325691516e+03 +4.325691516e+03 -2.3492e-01 +5.8385e-01 -6.5387e-01 +1.6087e+00 -3.3109e+00 -1.3515e+00 +1.4882e-01 -1.8657e+00 +4.6678e+00 +2.4583e+00
1712 0 +3.324398917e+03 +4.324398917e+03 +4.324398917e+03 -1.6454e+00 +3.0654e+00 -6.5193e-01 +7.0167e-01 -1.3619e+00 -2.1319e-01 -1.6065e-01 -2.9687e+00 +2.8491e+00 +3.9224e+00
1742 0 +2.528391292e+03 +3.528391292e+03 +3.528391292e+03 -2.5126e+00 +2.7733e+00 -7.9390e-01 -2.1835e+00 -2.9583e+00 -1.0641e+00 +1.0491e+00 -1.6155e+00 +3.6251e+00 +2.0267e+00
1839 0 +2.010237765e+03 +3.010237765e+03 +3.010237765e+03 -1.1589e-01 +9.0219e-01 -9.9892e-01 +2.5587e+00 -3.1236e+00 -1.5287e+00 +6.1745e-02 -1.4349e+00 +4.0063e+00 +2.9872e+00
1860 0 +6.911671960e+02 +1.691167196e+03 +1.691167196e+03 -2.5435e+00 +3.3856e+00 -2.6140e+00 -8.5145e-01 -3.1914e+00 +3.5627e-01 +1.0846e+00 -1.4860e+00 +3.3723e+00 +3.2908e+00
2198 0 +5.207006299e+02 +1.520700630e+03 +1.520700630e+03 -2.3251e+00 +2.0640e+00 -1.5565e+00 -9.3021e-01 -2.1342e+00 -1.4365e-01 +1.9034e-01 -2.2964e+00 +3.6652e+00 +2.9649e+00
% f evaluations | g evaluations | best noise-free fitness - Fopt (-4.236000000000e+01) + sum g_i+ | measured fitness | best measured fitness or single-digit g-values | x1 | x2...
1 0 +8.729378122e+05 +8.728954522e+05 +8.728954522e+05 +5.9671e-01 -3.8264e-02 +7.4769e-01 +1.6230e+00 -1.3415e-01 -1.3414e-01 +1.6792e+00 +8.6743e-01 -3.6947e-01 +6.4256e-01
7 0 +8.432992605e+05 +8.432569005e+05 +8.432569005e+05 -3.7917e-01 -8.5659e-02 -1.0063e+00 -1.0962e+00 +9.1253e-01 +1.4562e+00 +2.7990e-02 +1.1035e+00 +4.6164e-01 -5.4512e-01
9 0 +4.957517830e+05 +4.957094230e+05 +4.957094230e+05 -1.1967e-01 +4.5711e-01 +1.5779e+00 -4.1827e-01 -7.0849e-01 -4.0176e-01 +1.0154e+00 +4.2875e-01 -4.2976e-01 +6.1327e-01
17 0 +4.675856234e+05 +4.675432634e+05 +4.675432634e+05 -8.7468e-01 +8.8708e-01 +1.2586e+00 -7.2068e-01 +1.0634e+00 +5.1278e-01 +9.2206e-01 +1.9968e+00 -1.4539e-01 -6.5374e-01
77 0 +4.003261253e+05 +4.002837653e+05 +4.002837653e+05 -1.4476e+00 -7.4809e-01 +1.0246e+00 +4.8026e-02 -2.5364e-01 +1.9289e-01 +1.0202e+00 +8.2982e-02 +7.2416e-01 +5.2649e-01
83 0 +2.974815870e+05 +2.974392270e+05 +2.974392270e+05 -1.8827e-01 -9.8029e-01 +1.4057e+00 -7.3152e-01 +6.5917e-01 -1.4021e+00 +1.6491e+00 +9.1698e-02 +1.5001e+00 +1.4455e-01
89 0 +2.082082420e+05 +2.081658820e+05 +2.081658820e+05 -2.3634e+00 -4.4864e-01 +3.2371e+00 -1.4346e+00 -1.1745e+00 -6.2290e-01 +1.3718e+00 +5.8056e-01 +1.7419e-01 +2.9506e-01
113 0 +9.562821466e+04 +9.558585466e+04 +9.558585466e+04 -2.4341e+00 -1.8166e+00 +2.0999e+00 -1.0748e+00 +1.9008e+00 +8.6352e-02 +9.7286e-01 -1.2578e+00 +9.3204e-01 +5.9522e-01
224 0 +5.870265099e+04 +5.866029099e+04 +5.866029099e+04 -3.2249e-01 -2.6855e+00 +3.1494e+00 -1.7911e+00 -1.4914e+00 +2.1277e+00 +1.3962e-01 -9.2575e-02 +2.8847e-01 +9.3455e-01
307 0 +5.243430459e+04 +5.239194459e+04 +5.239194459e+04 -2.2320e+00 +2.1523e+00 -1.4211e+00 -2.0119e+00 +2.2344e+00 +1.0973e+00 +2.5651e+00 -3.4696e+00 -4.6297e-01 +2.0165e-01
783 0 +5.168584622e+04 +5.164348622e+04 +5.164348622e+04 +1.5474e+00 -1.9440e+00 +2.0113e+00 -2.3667e+00 -1.7182e+00 +1.6932e+00 +1.7035e+00 -2.8178e+00 -1.0877e+00 +3.4059e+00
830 0 +3.912770258e+04 +3.908534258e+04 +3.908534258e+04 +3.6988e+00 -4.0143e+00 +4.0684e+00 -6.3049e-02 +1.2049e+00 -2.8412e-01 +1.8010e+00 -2.1800e+00 +7.4731e-02 +3.9089e+00
860 0 +3.429036181e+04 +3.424800181e+04 +3.424800181e+04 +9.4417e-01 -6.9851e-01 +2.7242e+00 -9.6174e-01 -1.0965e+00 +6.8832e-01 +2.9169e+00 -3.3975e+00 +4.2156e-01 +1.4450e+00
872 0 +2.496617191e+04 +2.492381191e+04 +2.492381191e+04 +3.1750e+00 +1.0129e+00 +2.7968e+00 -1.5408e+00 -3.1238e-01 +1.9026e+00 +1.4298e+00 -7.8459e-01 -1.7287e+00 +2.1896e+00
906 0 +2.046459074e+04 +2.042223074e+04 +2.042223074e+04 +8.4683e-01 +6.3160e-01 +3.3672e+00 -1.5302e+00 -2.5693e+00 +3.6573e+00 +1.0653e+00 -4.5102e-01 -2.2930e+00 +1.5697e+00
977 0 +1.449868157e+04 +1.445632157e+04 +1.445632157e+04 -9.4004e-01 +2.0715e-01 +1.8853e+00 -2.6302e+00 -8.6026e-01 +1.1057e+00 +1.6893e+00 -1.3110e+00 -6.0823e-02 +4.5578e-01
1109 0 +9.974908613e+03 +9.932548613e+03 +9.932548613e+03 -3.3287e+00 +1.9726e+00 +2.5259e+00 -3.0824e+00 +2.9414e-02 -1.6509e-01 +2.5887e+00 -1.1493e+00 +1.6299e+00 -2.6829e+00
1303 0 +9.240788691e+03 +9.198428691e+03 +9.198428691e+03 -2.0200e+00 +2.1411e+00 -1.3414e-01 -4.6802e+00 -1.9739e+00 +3.6964e-01 +2.2677e+00 -1.9366e+00 -2.6161e-01 -2.9273e-01
1307 0 +4.200976413e+03 +4.158616413e+03 +4.158616413e+03 -8.2984e-01 +8.6782e-01 -1.6089e-02 -4.0224e+00 -2.7527e+00 +1.2894e+00 +1.9651e+00 -2.5676e+00 -1.2147e+00 +1.5327e+00
1478 0 +3.897157603e+03 +3.854797603e+03 +3.854797603e+03 -9.7379e-01 +2.4898e-03 +2.0179e+00 -1.2665e+00 -1.7766e+00 +2.1946e+00 +3.0619e+00 -3.3870e+00 +5.5630e-01 -1.7923e-02
1552 0 +3.761341738e+03 +3.718981738e+03 +3.718981738e+03 -7.7617e-01 +1.5102e+00 +1.8928e+00 -4.2925e+00 -4.6712e+00 +1.9324e+00 +1.6640e+00 -8.6478e-01 -1.2908e+00 +3.7914e-01
1601 0 +3.531572186e+03 +3.489212186e+03 +3.489212186e+03 -1.6792e+00 +1.7145e+00 +1.5914e+00 -3.7395e+00 -8.2534e-01 -3.3932e-02 +2.1236e+00 -1.0307e+00 +2.0955e-02 -7.2167e-01
1682 0 +3.457215406e+03 +3.414855406e+03 +3.414855406e+03 -6.2204e-01 +6.9976e-01 +1.5204e+00 -2.8548e+00 -2.4925e-01 -1.3786e-02 +2.1804e+00 -1.6981e+00 +1.1627e-02 +4.0472e-01
1691 0 +1.951909451e+03 +1.909549451e+03 +1.909549451e+03 -9.7857e-02 -5.3491e-01 +2.2550e+00 -2.8072e+00 -1.5359e+00 +4.4065e-01 +2.1270e+00 -1.8659e+00 +3.7675e-01 +6.9732e-01
1903 0 +1.709821846e+03 +1.667461846e+03 +1.667461846e+03 +4.9370e-01 -1.5978e+00 +1.1320e+00 -2.2364e+00 +5.2774e-01 -2.6560e-01 +2.4289e+00 -3.3877e+00 +7.8292e-01 +1.8070e+00
1925 0 +1.526982698e+03 +1.484622698e+03 +1.484622698e+03 -3.2539e-01 +6.7024e-01 +1.0440e+00 -1.4349e+00 +2.5125e-01 +9.9731e-01 +3.0907e+00 -3.4998e+00 -4.7431e-01 +1.1095e+00
1931 0 +1.322423874e+03 +1.280063874e+03 +1.280063874e+03 -1.6527e-01 -1.1221e+00 +3.9423e+00 -1.5658e+00 -4.8980e-01 +6.9326e-01 +2.3435e+00 -1.7464e+00 +1.8696e+00 -5.7855e-01
2041 0 +1.098070734e+03 +1.055710734e+03 +1.055710734e+03 -1.0455e-01 -5.6321e-01 +2.5192e+00 -2.1375e+00 -1.0091e+00 +3.0701e-01 +2.5436e+00 -2.3436e+00 +7.1989e-01 +5.1996e-01
2063 0 +8.795457737e+02 +8.371857737e+02 +8.371857737e+02 +7.6608e-01 -7.6107e-01 +2.4067e+00 -5.2377e-01 +1.5974e+00 -2.2372e-01 +3.1478e+00 -3.2239e+00 +7.0338e-01 +1.1237e+00
2197 0 +5.869530624e+02 +5.445930624e+02 +5.445930624e+02 +6.7855e-01 -1.2680e+00 +2.9953e+00 -8.9405e-01 +1.5828e+00 -1.0506e+00 +3.2041e+00 -3.0067e+00 +1.8617e+00 +4.9205e-01
2457 0 +3.110681439e+02 +2.687081439e+02 +2.687081439e+02 +4.6792e-01 -3.4185e-01 +1.5188e+00 -8.8148e-01 +2.0717e+00 -7.8383e-01 +3.4459e+00 -3.8055e+00 +4.0429e-01 +1.4580e+00
