% f evaluations | g evaluations | best noise-free fitness - Fopt (-9.210000000000e+00) + sum g_i+ | measured fitness | best measured fitness or single-digit g-values | x1 | x2...
1 0 +9.445828197e+01 +8.524828197e+01 +8.524828197e+01 +5.9671e-01 -3.8264e-02 +7.4769e-01 +1.6230e+00 -1.3415e-01
9 0 +9.389396990e+01 +8.468396990e+01 +8.468396990e+01 +8.3847e-01 +2.7137e-01 -1.5648e-02 -2.0110e-01 -1.3785e+00
10 0 +8.629682003e+01 +7.708682003e+01 +7.708682003e+01 -6.1984e-01 -3.6064e-01 +1.1571e+00 +4.4362e-01 -1.6630e+00
15 0 +6.968420319e+01 +6.047420319e+01 +6.047420319e+01 +4.6140e-01 +1.6380e+00 +6.4174e-02 +1.6646e+00 -2.5197e+00
26 0 +6.653033242e+01 +5.732033242e+01 +5.732033242e+01 +7.5459e-01 +3.2386e+00 -5.2239e-01 +2.7729e+00 -2.0834e+00
27 0 +6.000758259e+01 +5.079758259e+01 +5.079758259e+01 +2.1671e+00 +3.1478e-01 +2.4480e+00 +2.1678e+00 -2.5153e+00
51 0 +2.940280795e+01 +2.019280795e+01 +2.019280795e+01 +2.8968e+00 +4.3165e+00 -2.9573e-01 +4.5637e+00 -4.3116e+00
76 0 +2.539214000e+01 +1.618214000e+01 +1.618214000e+01 -5.7971e-02 +4.9570e+00 +1.2513e+00 +4.5236e+00 -4.4276e+00
101 0 +2.446583030e+01 +1.525583030e+01 +1.525583030e+01 +2.7690e+00 +3.9923e+00 +3.6829e+00 +4.1973e+00 -3.8236e+00
102 0 +2.043966698e+01 +1.122966698e+01 +1.122966698e+01 -1.7141e+00 +2.2309e+00 +3.2812e+00 +4.9944e+00 -4.6666e+00
151 0 +1.310558840e+01 +3.895588403e+00 +3.895588403e+00 +2.8345e+00 +4.6868e+00 +2.7592e+00 +4.6962e+00 -4.8411e+00
152 0 +1.231506508e+01 +3.105065084e+00 +3.105065084e+00 +2.4364e+00 +2.8626e+00 +3.7269e+00 +4.7946e+00 -4.9231e+00
201 0 +9.322102356e+00 +1.121023564e-01 +1.121023564e-01 +4.7459e+00 +3.3283e+00 +3.9764e+00 +4.6047e+00 -4.9365e+00
326 0 +8.970940862e+00 -2.390591384e-01 -2.390591384e-01 +1.1764e+00 +4.7176e+00 +4.6888e+00 +4.6680e+00 -4.8206e+00
351 0 +4.901225223e+00 -4.308774777e+00 -4.308774777e+00 +2.9706e+00 +4.6896e+00 +4.3855e+00 +4.9579e+00 -4.9860e+00
401 0 +4.634966466e+00 -4.575033534e+00 -4.575033534e+00 +3.2157e+00 +4.4339e+00 +4.7635e+00 +4.8706e+00 -4.9632e+00
426 0 +3.971551054e+00 -5.238448946e+00 -5.238448946e+00 +4.1644e+00 +4.7995e+00 +4.6155e+00 +4.9338e+00 -4.8809e+00
451 0 +3.095861123e+00 -6.114138877e+00 -6.114138877e+00 +2.8513e+00 +4.8768e+00 +4.9094e+00 +4.9357e+00 -4.9920e+00
476 0 +2.870801577e+00 -6.339198423e+00 -6.339198423e+00 +3.9285e+00 +4.9528e+00 +4.8934e+00 +4.9778e+00 -4.8746e+00
576 0 +2.217101687e+00 -6.992898313e+00 -6.992898313e+00 +4.2967e+00 +4.9326e+00 +4.6930e+00 +4.9622e+00 -4.9790e+00
602 0 +2.012844082e+00 -7.197155918e+00 -7.197155918e+00 +4.5095e+00 +4.6163e+00 +4.9200e+00 +4.9017e+00 -4.9966e+00
627 0 +1.861112645e+00 -7.348887355e+00 -7.348887355e+00 +4.4708e+00 +4.8348e+00 +4.9454e+00 +4.9419e+00 -4.9461e+00
629 0 +1.802186998e+00 -7.407813002e+00 -7.407813002e+00 +4.4917e+00 +4.7682e+00 +4.9196e+00 +4.9622e+00 -4.9585e+00
652 0 +1.674350507e+00 -7.535649493e+00 -7.535649493e+00 +4.7929e+00 +4.9889e+00 +4.8254e+00 +4.8701e+00 -4.9835e+00
655 0 +1.469482264e+00 -7.740517736e+00 -7.740517736e+00 +4.6128e+00 +4.6434e+00 +4.9939e+00 +4.9389e+00 -4.9915e+00
733 0 +1.376972184e+00 -7.833027816e+00 -7.833027816e+00 +4.6339e+00 +4.9042e+00 +4.9518e+00 +4.9486e+00 -4.9601e+00
734 0 +6.100611974e-01 -8.599938803e+00 -8.599938803e+00 +4.7255e+00 +4.9541e+00 +4.9701e+00 +4.9732e+00 -4.9991e+00
784 0 +5.811563968e-01 -8.628843603e+00 -8.628843603e+00 +4.8835e+00 +4.9368e+00 +4.9788e+00 +4.9524e+00 -4.9982e+00
826 0 +5.669952018e-01 -8.643004798e+00 -8.643004798e+00 +4.8672e+00 +4.8740e+00 +4.9883e+00 +4.9845e+00 -4.9914e+00
834 0 +3.819229841e-01 -8.828077016e+00 -8.828077016e+00 +4.9377e+00 +4.9585e+00 +4.9995e+00 +4.9580e+00 -4.9992e+00
985 0 +3.176623588e-01 -8.892337641e+00 -8.892337641e+00 +4.8645e+00 +4.9656e+00 +4.9757e+00 +4.9929e+00 -4.9996e+00
1020 0 +3.142002906e-01 -8.895799709e+00 -8.895799709e+00 +4.8770e+00 +4.9797e+00 +4.9814e+00 +4.9923e+00 -4.9947e+00
1039 0 +1.690663636e-01 -9.040933636e+00 -9.040933636e+00 +4.9673e+00 +4.9922e+00 +4.9837e+00 +4.9876e+00 -4.9999e+00
1183 0 +1.513071723e-01 -9.058692828e+00 -9.058692828e+00 +4.9386e+00 +4.9856e+00 +4.9836e+00 +4.9982e+00 -4.9998e+00
% f evaluations | g evaluations | best noise-free fitness - Fopt (6.559900000000e+02) + sum g_i+ | measured fitness | best measured fitness or single-digit g-values | x1 | x2...
1 0 +9.905099025e+01 +7.550409902e+02 +7.550409902e+02 +5.9671e-01 -3.8264e-02 +7.4769e-01 +1.6230e+00 -1.3415e-01
9 0 +9.476013873e+01 +7.507501387e+02 +7.507501387e+02 +8.3847e-01 +2.7137e-01 -1.5648e-02 -2.0110e-01 -1.3785e+00
10 0 +9.233247056e+01 +7.483224706e+02 +7.483224706e+02 -6.1984e-01 -3.6064e-01 +1.1571e+00 +4.4362e-01 -1.6630e+00
15 0 +7.591584835e+01 +7.319058484e+02 +7.319058484e+02 +4.6140e-01 +1.6380e+00 +6.4174e-02 +1.6646e+00 -2.5197e+00
26 0 +4.127993772e+01 +6.972699377e+02 +6.972699377e+02 +3.0844e-01 +1.3880e+00 +8.3204e-02 +3.7585e+00 -4.7827e+00
77 0 +3.645148295e+01 +6.924414830e+02 +6.924414830e+02 +2.4593e+00 -9.5486e-02 -1.5843e+00 +3.1172e+00 -4.6200e+00
101 0 +2.944869156e+01 +6.854386916e+02 +6.854386916e+02 +4.8648e+00 +4.4823e+00 -4.0414e+00 +4.8442e+00 -4.1456e+00
103 0 +2.863019141e+01 +6.846201914e+02 +6.846201914e+02 +3.0955e+00 +1.1075e+00 -3.9096e+00 +4.9918e+00 -3.7630e+00
130 0 +2.323138765e+01 +6.792213876e+02 +6.792213876e+02 +3.0119e+00 -4.7926e+00 -4.5833e+00 +2.8913e+00 -4.2301e+00
152 0 +2.051025005e+01 +6.765002500e+02 +6.765002500e+02 +3.0687e+00 -3.5004e+00 -3.2521e+00 +3.2743e+00 -4.9319e+00
269 0 +1.434459216e+01 +6.703345922e+02 +6.703345922e+02 +2.9305e+00 -4.6245e+00 -3.0707e+00 +4.7111e+00 -4.6119e+00
279 0 +1.342053296e+01 +6.694105330e+02 +6.694105330e+02 +3.5112e+00 -1.0428e+00 -4.8634e+00 +4.4033e+00 -4.8892e+00
298 0 +1.167573727e+01 +6.676657373e+02 +6.676657373e+02 +3.6908e+00 -3.9553e+00 -3.8020e+00 +4.1659e+00 -4.9970e+00
303 0 +1.056248120e+01 +6.665524812e+02 +6.665524812e+02 +2.6301e+00 -3.2910e+00 -4.2310e+00 +4.7462e+00 -4.8705e+00
337 0 +1.034194693e+01 +6.663319469e+02 +6.663319469e+02 +2.6049e+00 -2.7470e+00 -4.7534e+00 +4.6026e+00 -4.9074e+00
351 0 +8.897247823e+00 +6.648872478e+02 +6.648872478e+02 +1.0320e+00 -4.9130e+00 -4.3812e+00 +4.8884e+00 -4.7810e+00
376 0 +6.837465585e+00 +6.628274656e+02 +6.628274656e+02 +4.6413e+00 -4.1909e+00 -3.9597e+00 +4.9473e+00 -4.8546e+00
403 0 +5.401045531e+00 +6.613910455e+02 +6.613910455e+02 +3.2266e+00 -3.7655e+00 -4.6998e+00 +4.9643e+00 -4.9718e+00
478 0 +4.275743084e+00 +6.602657431e+02 +6.602657431e+02 +4.4907e+00 -4.4228e+00 -4.9029e+00 +4.7259e+00 -4.9109e+00
503 0 +3.951872402e+00 +6.599418724e+02 +6.599418724e+02 +4.8741e+00 -4.9404e+00 -4.6273e+00 +4.8284e+00 -4.8424e+00
518 0 +3.943910792e+00 +6.599339108e+02 +6.599339108e+02 +4.4850e+00 -4.8857e+00 -4.9546e+00 +4.6282e+00 -4.9009e+00
527 0 +3.897008054e+00 +6.598870081e+02 +6.598870081e+02 +4.7864e+00 -4.4021e+00 -4.8883e+00 +4.8657e+00 -4.8488e+00
551 0 +3.700552844e+00 +6.596905528e+02 +6.596905528e+02 +4.9685e+00 -4.8686e+00 -4.9394e+00 +4.6876e+00 -4.8513e+00
552 0 +3.118571893e+00 +6.591085719e+02 +6.591085719e+02 +4.4200e+00 -4.7683e+00 -4.9061e+00 +4.8602e+00 -4.8957e+00
553 0 +2.241611649e+00 +6.582316116e+02 +6.582316116e+02 +4.3200e+00 -4.9219e+00 -4.8819e+00 +4.9385e+00 -4.9296e+00
584 0 +1.595616938e+00 +6.575856169e+02 +6.575856169e+02 +4.3725e+00 -5.0000e+00 -4.7750e+00 +5.0000e+00 -4.9743e+00
706 0 +1.585604061e+00 +6.575756041e+02 +6.575756041e+02 +4.9607e+00 -4.5477e+00 -4.8109e+00 +4.9923e+00 -4.9899e+00
763 0 +1.467812341e+00 +6.574578123e+02 +6.574578123e+02 +4.9804e+00 -4.6830e+00 -4.9756e+00 +4.8804e+00 -4.9865e+00
1079 0 +1.357323814e+00 +6.573473238e+02 +6.573473238e+02 +4.9671e+00 -4.8697e+00 -4.9478e+00 +4.8512e+00 -4.9909e+00
1103 0 +1.346525499e+00 +6.573365255e+02 +6.573365255e+02 +4.9006e+00 -4.9455e+00 -4.9045e+00 +4.8804e+00 -4.9824e+00
1106 0 +1.325293163e+00 +6.573152932e+02 +6.573152932e+02 +4.9151e+00 -4.9058e+00 -4.9493e+00 +4.8646e+00 -4.9849e+00
1121 0 +1.249445942e+00 +6.572394459e+02 +6.572394459e+02 +4.8850e+00 -4.8067e+00 -4.9525e+00 +4.9429e+00 -4.9681e+00
1158 0 +1.228573528e+00 +6.572185735e+02 +6.572185735e+02 +4.4627e+00 -4.9864e+00 -4.8509e+00 +4.9666e+00 -4.9992e+00
% f evaluations | g evaluations | best noise-free fitness - Fopt (6.671000000000e+01) + sum g_i+ | measured fitness | best measured fitness or single-digit g-values | x1 | x2...
1 0 +1.002444186e+02 +1.669544186e+02 +1.669544186e+02 +5.9671e-01 -3.8264e-02 +7.4769e-01 +1.6230e+00 -1.3415e-01
4 0 +9.846507666e+01 +1.651750767e+02 +1.651750767e+02 -4.6229e-01 -9.1283e-01 +4.1425e-01 -8.0802e-01 -1.3123e+00
9 0 +9.643707189e+01 +1.631470719e+02 +1.631470719e+02 +8.3847e-01 +2.7137e-01 -1.5648e-02 -2.0110e-01 -1.3785e+00
10 0 +9.109278215e+01 +1.578027821e+02 +1.578027821e+02 -6.1984e-01 -3.6064e-01 +1.1571e+00 +4.4362e-01 -1.6630e+00
15 0 +7.683863956e+01 +1.435486396e+02 +1.435486396e+02 +4.6140e-01 +1.6380e+00 +6.4174e-02 +1.6646e+00 -2.5197e+00
26 0 +6.342073061e+01 +1.301307306e+02 +1.301307306e+02 -1.3924e+00 -3.1946e-03 +1.1129e+00 -2.2327e-02 -4.6646e+00
29 0 +5.391429305e+01 +1.206242930e+02 +1.206242930e+02 +2.7280e-03 +2.6040e+00 +2.0608e+00 +3.8253e+00 -4.3544e+00
56 0 +4.556434848e+01 +1.122743485e+02 +1.122743485e+02 -2.2127e+00 -1.7512e+00 -5.4630e-01 +3.9668e+00 -3.2894e+00
78 0 +3.829115687e+01 +1.050011569e+02 +1.050011569e+02 +3.0319e+00 +1.6933e+00 -2.0109e+00 +4.4127e+00 -4.4398e+00
108 0 +3.477324649e+01 +1.014832465e+02 +1.014832465e+02 -3.9165e+00 -3.8536e+00 +1.3628e-02 +2.4468e+00 -4.8561e+00
127 0 +2.999450300e+01 +9.670450300e+01 +9.670450300e+01 -3.2552e+00 -4.2045e-01 -4.1233e+00 +4.2759e+00 -3.6738e+00
130 0 +2.566659047e+01 +9.237659047e+01 +9.237659047e+01 -8.1323e-01 -1.8204e+00 -4.3652e+00 +2.7528e+00 -4.8819e+00
151 0 +2.446108698e+01 +9.117108698e+01 +9.117108698e+01 +2.7743e+00 +8.6318e-01 -4.0494e+00 +4.8632e+00 -4.7515e+00
176 0 +1.788349019e+01 +8.459349019e+01 +8.459349019e+01 -4.3056e-01 -4.6924e+00 -2.3047e+00 +4.4192e+00 -4.9022e+00
226 0 +1.658248397e+01 +8.329248397e+01 +8.329248397e+01 +3.0185e+00 -4.0645e+00 -4.0518e+00 +4.6028e+00 -4.8332e+00
251 0 +1.499344256e+01 +8.170344256e+01 +8.170344256e+01 -2.0505e+00 -4.1131e+00 -4.2463e+00 +4.0720e+00 -4.7135e+00
276 0 +1.237532659e+01 +7.908532659e+01 +7.908532659e+01 -6.8534e-01 -3.6713e+00 -3.9969e+00 +4.9838e+00 -4.7565e+00
301 0 +1.178222756e+01 +7.849222756e+01 +7.849222756e+01 -3.7762e+00 -3.5788e+00 -3.7862e+00 +4.9467e+00 -4.6107e+00
327 0 +1.152080029e+01 +7.823080029e+01 +7.823080029e+01 -2.1071e+00 -4.2582e+00 -4.5862e+00 +4.9580e+00 -4.4236e+00
351 0 +9.589908837e+00 +7.629990884e+01 +7.629990884e+01 -3.6054e+00 -3.1218e+00 -4.9695e+00 +4.3254e+00 -4.9035e+00
376 0 +7.640956899e+00 +7.435095690e+01 +7.435095690e+01 -3.7212e+00 -4.6360e+00 -4.9746e+00 +4.9132e+00 -4.4853e+00
377 0 +6.743117055e+00 +7.345311706e+01 +7.345311706e+01 -3.4656e+00 -3.5450e+00 -4.6250e+00 +4.8791e+00 -4.9244e+00
401 0 +4.547850247e+00 +7.125785025e+01 +7.125785025e+01 -4.8401e+00 -4.8814e+00 -4.5318e+00 +4.5987e+00 -4.9560e+00
426 0 +3.938075645e+00 +7.064807564e+01 +7.064807564e+01 -3.5467e+00 -4.5105e+00 -4.7967e+00 +4.8705e+00 -4.9757e+00
451 0 +3.142979450e+00 +6.985297945e+01 +6.985297945e+01 -4.4630e+00 -4.8122e+00 -4.9158e+00 +4.9014e+00 -4.8549e+00
551 0 +1.931309578e+00 +6.864130958e+01 +6.864130958e+01 -4.5864e+00 -4.9815e+00 -4.8780e+00 +4.8333e+00 -4.9838e+00
601 0 +1.536699193e+00 +6.824669919e+01 +6.824669919e+01 -4.9107e+00 -4.7134e+00 -4.9709e+00 +4.9200e+00 -4.9604e+00
645 0 +1.301745715e+00 +6.801174571e+01 +6.801174571e+01 -4.8559e+00 -4.9201e+00 -4.9476e+00 +4.9950e+00 -4.9178e+00
651 0 +1.044093707e+00 +6.775409371e+01 +6.775409371e+01 -4.8722e+00 -4.9252e+00 -4.8800e+00 +4.9357e+00 -4.9958e+00
779 0 +7.582674545e-01 +6.746826745e+01 +6.746826745e+01 -4.8692e+00 -4.9952e+00 -4.9948e+00 +4.9738e+00 -4.9545e+00
860 0 +5.784233642e-01 +6.728842336e+01 +6.728842336e+01 -4.8837e+00 -4.9035e+00 -4.9922e+00 +4.9735e+00 -4.9883e+00
937 0 +5.391678128e-01 +6.724916781e+01 +6.724916781e+01 -4.7946e+00 -4.9385e+00 -4.9824e+00 +4.9998e+00 -4.9832e+00
941 0 +5.176599759e-01 +6.722765998e+01 +6.722765998e+01 -4.7925e+00 -4.9342e+00 -4.9574e+00 +4.9923e+00 -4.9985e+00
982 0 +4.982008995e-01 +6.720820090e+01 +6.720820090e+01 -4.8095e+00 -4.9850e+00 -4.9902e+00 +4.9903e+00 -4.9804e+00
995 0 +4.503419987e-01 +6.716034200e+01 +6.716034200e+01 -4.6832e+00 -4.9728e+00 -4.9853e+00 +4.9980e+00 -4.9973e+00
1012 0 +4.273012196e-01 +6.713730122e+01 +6.713730122e+01 -4.8614e+00 -4.9642e+00 -4.9827e+00 +4.9938e+00 -4.9864e+00
% f evaluations | g evaluations | best noise-free fitness - Fopt (9.416700000000e+02) + sum g_i+ | measured fitness | best measured fitness or single-digit g-values | x1 | x2...
1 0 +9.551562103e+01 +1.037185621e+03 +1.037185621e+03 +5.9671e-01 -3.8264e-02 +7.4769e-01 +1.6230e+00 -1.3415e-01
10 0 +8.377449861e+01 +1.025444499e+03 +1.025444499e+03 -6.1984e-01 -3.6064e-01 +1.1571e+00 +4.4362e-01 -1.6630e+00
15 0 +7.643276780e+01 +1.018102768e+03 +1.018102768e+03 +4.6140e-01 +1.6380e+00 +6.4174e-02 +1.6646e+00 -2.5197e+00
26 0 +6.295744565e+01 +1.004627446e+03 +1.004627446e+03 -2.2865e+00 -4.4252e-01 -3.6051e-03 +3.5854e+00 -2.1638e+00
37 0 +5.992039334e+01 +1.001590393e+03 +1.001590393e+03 +1.4058e+00 -6.6193e-01 +2.1968e+00 +2.7704e+00 -2.5602e+00
51 0 +5.532338183e+01 +9.969933818e+02 +9.969933818e+02 +3.7834e-01 -4.1061e-01 +4.9531e-01 +1.6957e-01 -4.9625e+00
52 0 +4.851188902e+01 +9.901818890e+02 +9.901818890e+02 +3.0575e+00 +2.8647e+00 +1.9122e+00 +2.5080e+00 -4.7309e+00
54 0 +3.112999162e+01 +9.727999916e+02 +9.727999916e+02 +3.2222e+00 -1.1527e+00 +3.9888e+00 +4.3573e+00 -4.0745e+00
76 0 +1.558776742e+01 +9.572577674e+02 +9.572577674e+02 -4.6430e-01 -2.0150e+00 +4.4960e+00 +4.7697e+00 -4.7145e+00
232 0 +1.327655864e+01 +9.549465586e+02 +9.549465586e+02 -2.1817e+00 -2.9380e+00 +4.2640e+00 +4.2994e+00 -4.9475e+00
234 0 +1.325588072e+01 +9.549258807e+02 +9.549258807e+02 -3.4421e-01 -2.8599e+00 +4.8052e+00 +4.8064e+00 -4.6910e+00
277 0 +8.404741478e+00 +9.500747415e+02 +9.500747415e+02 -2.5063e+00 -4.2624e+00 +4.5352e+00 +4.8137e+00 -4.7918e+00
301 0 +6.978804579e+00 +9.486488046e+02 +9.486488046e+02 -4.4810e+00 -4.7710e+00 +3.8455e+00 +4.6005e+00 -4.9845e+00
376 0 +6.074084268e+00 +9.477440843e+02 +9.477440843e+02 -3.6942e+00 -4.7738e+00 +3.9952e+00 +4.8170e+00 -4.9840e+00
401 0 +5.111504212e+00 +9.467815042e+02 +9.467815042e+02 -3.4170e+00 -4.9399e+00 +4.7506e+00 +4.6524e+00 -4.9322e+00
426 0 +5.022876959e+00 +9.466928770e+02 +9.466928770e+02 -3.4121e+00 -4.8462e+00 +4.9276e+00 +4.9690e+00 -4.7242e+00
451 0 +3.745300317e+00 +9.454153003e+02 +9.454153003e+02 -4.2057e+00 -4.7987e+00 +4.9623e+00 +4.9049e+00 -4.8061e+00
476 0 +3.301941463e+00 +9.449719415e+02 +9.449719415e+02 -4.4274e+00 -4.8673e+00 +4.8157e+00 +4.6962e+00 -4.9798e+00
501 0 +2.054980717e+00 +9.437249807e+02 +9.437249807e+02 -4.6238e+00 -4.9142e+00 +4.9782e+00 +4.8683e+00 -4.9283e+00
551 0 +2.009064660e+00 +9.436790647e+02 +9.436790647e+02 -4.5658e+00 -4.9054e+00 +4.8829e+00 +4.9938e+00 -4.8999e+00
576 0 +1.221551389e+00 +9.428915514e+02 +9.428915514e+02 -4.5327e+00 -4.8976e+00 +4.9790e+00 +4.9163e+00 -4.9965e+00
680 0 +1.200907502e+00 +9.428709075e+02 +9.428709075e+02 -4.8061e+00 -4.9161e+00 +4.9657e+00 +4.9194e+00 -4.9704e+00
703 0 +1.139587955e+00 +9.428095880e+02 +9.428095880e+02 -4.9757e+00 -4.7743e+00 +4.9460e+00 +4.9059e+00 -4.9986e+00
720 0 +1.120117363e+00 +9.427901174e+02 +9.427901174e+02 -4.5983e+00 -4.9997e+00 +4.9739e+00 +4.9972e+00 -4.9380e+00
726 0 +6.443766125e-01 +9.423143766e+02 +9.423143766e+02 -4.9514e+00 -4.9569e+00 +4.9183e+00 +4.9826e+00 -4.9837e+00
765 0 +4.532053440e-01 +9.421232053e+02 +9.421232053e+02 -4.8101e+00 -4.9988e+00 +4.9561e+00 +4.9942e+00 -4.9910e+00
777 0 +3.185633667e-01 +9.419885634e+02 +9.419885634e+02 -4.9983e+00 -4.9583e+00 +4.9829e+00 +4.9953e+00 -4.9838e+00
869 0 +2.694395428e-01 +9.419394395e+02 +9.419394395e+02 -4.9198e+00 -4.9838e+00 +4.9919e+00 +4.9930e+00 -4.9904e+00
945 0 +2.423908587e-01 +9.419123909e+02 +9.419123909e+02 -4.9272e+00 -4.9851e+00 +4.9918e+00 +4.9897e+00 -4.9941e+00
1020 0 +2.372611108e-01 +9.419072611e+02 +9.419072611e+02 -4.9989e+00 -4.9512e+00 +4.9893e+00 +4.9798e+00 -4.9998e+00
1030 0 +2.251904429e-01 +9.418951904e+02 +9.418951904e+02 -4.9798e+00 -4.9579e+00 +4.9991e+00 +4.9907e+00 -4.9925e+00
1054 0 +2.196003701e-01 +9.418896004e+02 +9.418896004e+02 -4.9488e+00 -4.9663e+00 +4.9980e+00 +4.9964e+00 -4.9918e+00
1065 0 +2.120635281e-01 +9.418820635e+02 +9.418820635e+02 -4.9685e+00 -4.9438e+00 +4.9957e+00 +4.9927e+00 -4.9974e+00
1083 0 +1.917927743e-01 +9.418617928e+02 +9.418617928e+02 -4.9884e+00 -4.9971e+00 +4.9903e+00 +4.9981e+00 -4.9866e+00
1084 0 +1.857419592e-01 +9.418557420e+02 +9.418557420e+02 -4.9894e+00 -4.9910e+00 +4.9942e+00 +4.9945e+00 -4.9890e+00
1101 0 +1.777188943e-01 +9.418477189e+02 +9.418477189e+02 -4.9881e+00 -4.9757e+00 +4.9953e+00 +4.9969e+00 -4.9910e+00
% f evaluations | g evaluations | best noise-free fitness - Fopt (-3.745000000000e+01) + sum g_i+ | measured fitness | best measured fitness or single-digit g-values | x1 | x2...
1 0 +1.127122172e+02 +7.526221717e+01 +7.526221717e+01 +5.9671e-01 -3.8264e-02 +7.4769e-01 +1.6230e+00 -1.3415e-01
2 0 +1.065727028e+02 +6.912270280e+01 +6.912270280e+01 -1.3414e-01 +1.6792e+00 +8.6743e-01 -3.6947e-01 +6.4256e-01
3 0 +8.130625686e+01 +4.385625686e+01 +4.385625686e+01 -3.6342e-01 -3.6573e-01 +3.4196e-01 -1.8133e+00 -1.6249e+00
26 0 +5.953849467e+01 +2.208849467e+01 +2.208849467e+01 -5.9058e-01 -1.2576e+00 -4.8685e-02 -3.3047e+00 -3.2679e+00
32 0 +5.416512383e+01 +1.671512383e+01 +1.671512383e+01 +1.9834e+00 -1.3600e+00 +1.4099e+00 -6.6434e-01 -4.5896e+00
51 0 +3.741715545e+01 -3.284455488e-02 -3.284455488e-02 +9.8131e-01 -1.3947e+00 +1.6744e+00 -3.0428e+00 -4.9495e+00
52 0 +3.576077636e+01 -1.689223641e+00 -1.689223641e+00 +9.8574e-01 -3.4677e-01 +8.0372e-01 -3.8183e+00 -4.7677e+00
76 0 +3.500706365e+01 -2.442936354e+00 -2.442936354e+00 +4.7703e+00 +1.2752e+00 -1.7644e+00 -4.3215e+00 -4.7053e+00
101 0 +2.953403612e+01 -7.915963885e+00 -7.915963885e+00 +1.3181e+00 +1.4740e+00 +2.6347e+00 -3.3286e+00 -4.7297e+00
103 0 +2.485664640e+01 -1.259335360e+01 -1.259335360e+01 +3.5283e+00 +1.9810e-01 +3.2271e+00 -4.2503e+00 -4.4977e+00
129 0 +1.725656976e+01 -2.019343024e+01 -2.019343024e+01 +4.7557e+00 +1.7202e+00 +4.8274e+00 -4.5270e+00 -4.2025e+00
220 0 +8.883141541e+00 -2.856685846e+01 -2.856685846e+01 +2.6558e+00 +4.5444e+00 +3.3758e+00 -4.9481e+00 -4.9699e+00
306 0 +8.520359790e+00 -2.892964021e+01 -2.892964021e+01 +2.6434e+00 +3.7670e+00 +4.0857e+00 -4.9389e+00 -4.9264e+00
351 0 +8.337659041e+00 -2.911234096e+01 -2.911234096e+01 +4.4108e+00 +4.9552e+00 +4.8394e+00 -4.8623e+00 -4.3614e+00
402 0 +7.941659427e+00 -2.950834057e+01 -2.950834057e+01 +2.5079e+00 +4.3650e+00 +4.4504e+00 -4.7877e+00 -4.8612e+00
428 0 +7.796053453e+00 -2.965394655e+01 -2.965394655e+01 +4.5312e+00 +3.9919e+00 +3.8639e+00 -4.8749e+00 -4.8761e+00
437 0 +7.735332338e+00 -2.971466766e+01 -2.971466766e+01 +4.8920e+00 +4.4014e+00 +4.2329e+00 -4.3799e+00 -4.9350e+00
451 0 +6.712662446e+00 -3.073733755e+01 -3.073733755e+01 +4.0024e+00 +4.4804e+00 +3.6445e+00 -4.9170e+00 -4.9962e+00
452 0 +5.121951382e+00 -3.232804862e+01 -3.232804862e+01 +4.5810e+00 +4.7285e+00 +4.4021e+00 -4.8394e+00 -4.8573e+00
483 0 +4.696053002e+00 -3.275394700e+01 -3.275394700e+01 +4.8397e+00 +4.8512e+00 +4.6606e+00 -4.9734e+00 -4.6951e+00
501 0 +3.749674856e+00 -3.370032514e+01 -3.370032514e+01 +4.7559e+00 +4.4534e+00 +4.7611e+00 -4.9533e+00 -4.8484e+00
527 0 +3.729553341e+00 -3.372044666e+01 -3.372044666e+01 +4.6923e+00 +4.7589e+00 +4.6378e+00 -4.9541e+00 -4.8410e+00
533 0 +3.674661308e+00 -3.377533869e+01 -3.377533869e+01 +3.8494e+00 +4.1357e+00 +4.7603e+00 -4.9631e+00 -4.9978e+00
551 0 +3.001415408e+00 -3.444858459e+01 -3.444858459e+01 +4.5708e+00 +4.4276e+00 +4.7845e+00 -4.9447e+00 -4.9438e+00
601 0 +2.293304924e+00 -3.515669508e+01 -3.515669508e+01 +4.7252e+00 +4.8641e+00 +4.7644e+00 -4.9467e+00 -4.9268e+00
628 0 +1.741676571e+00 -3.570832343e+01 -3.570832343e+01 +4.6739e+00 +4.9117e+00 +4.8529e+00 -4.8942e+00 -4.9802e+00
678 0 +1.042661955e+00 -3.640733804e+01 -3.640733804e+01 +4.4263e+00 +4.9154e+00 +4.9266e+00 -4.9867e+00 -4.9989e+00
706 0 +9.305899424e-01 -3.651941006e+01 -3.651941006e+01 +4.9696e+00 +4.7806e+00 +4.9140e+00 -4.9921e+00 -4.9806e+00
789 0 +8.730933667e-01 -3.657690663e+01 -3.657690663e+01 +4.8367e+00 +4.8549e+00 +4.9870e+00 -4.9726e+00 -4.9743e+00
827 0 +7.047676671e-01 -3.674523233e+01 -3.674523233e+01 +4.9202e+00 +4.9315e+00 +4.9150e+00 -4.9663e+00 -4.9955e+00
828 0 +6.926739335e-01 -3.675732607e+01 -3.675732607e+01 +4.9661e+00 +4.9231e+00 +4.9835e+00 -4.9480e+00 -4.9823e+00
833 0 +6.923121496e-01 -3.675768785e+01 -3.675768785e+01 +4.8863e+00 +4.8950e+00 +4.9352e+00 -4.9841e+00 -4.9903e+00
874 0 +3.534209982e-01 -3.709657900e+01 -3.709657900e+01 +4.9354e+00 +4.9817e+00 +4.9975e+00 -4.9982e+00 -4.9762e+00
% f evaluations | g evaluations | best noise-free fitness - Fopt (-6.639000000000e+01) + sum g_i+ | measured fitness | best measured fitness or single-digit g-values | x1 | x2...
1 0 +1.003805078e+02 +3.399050779e+01 +3.399050779e+01 +5.9671e-01 -3.8264e-02 +7.4769e-01 +1.6230e+00 -1.3415e-01
9 0 +9.547193463e+01 +2.908193463e+01 +2.908193463e+01 +8.3847e-01 +2.7137e-01 -1.5648e-02 -2.0110e-01 -1.3785e+00
10 0 +9.237541515e+01 +2.598541515e+01 +2.598541515e+01 -6.1984e-01 -3.6064e-01 +1.1571e+00 +4.4362e-01 -1.6630e+00
15 0 +7.101286617e+01 +4.622866165e+00 +4.622866165e+00 +4.6140e-01 +1.6380e+00 +6.4174e-02 +1.6646e+00 -2.5197e+00
51 0 +6.680536684e+01 +4.153668444e-01 +4.153668444e-01 +3.4013e+00 +1.3731e+00 +1.0852e+00 +1.1505e+00 -3.8936e+00
54 0 +5.298037902e+01 -1.340962098e+01 -1.340962098e+01 -1.9556e+00 -1.0101e-01 -1.7206e+00 +4.8322e-01 -4.4905e+00
76 0 +3.302098227e+01 -3.336901773e+01 -3.336901773e+01 +3.9300e-02 +1.3007e+00 -3.4299e+00 +3.6561e+00 -4.1119e+00
77 0 +3.020801133e+01 -3.618198867e+01 -3.618198867e+01 +5.1973e-01 +3.1101e+00 -1.3629e+00 +3.5884e+00 -4.8112e+00
101 0 +2.447922999e+01 -4.191077001e+01 -4.191077001e+01 -6.8828e-01 +2.6557e+00 -3.2364e+00 +3.2332e+00 -4.9514e+00
103 0 +2.334778290e+01 -4.304221710e+01 -4.304221710e+01 +1.0213e+00 +4.7315e+00 -1.8022e+00 +4.3678e+00 -4.6818e+00
126 0 +1.162775567e+01 -5.476224433e+01 -5.476224433e+01 +1.9467e-01 +4.2809e+00 -4.8474e+00 +4.9649e+00 -4.5525e+00
251 0 +1.007929519e+01 -5.631070481e+01 -5.631070481e+01 -2.9727e+00 +4.1640e+00 -4.6724e+00 +4.3323e+00 -4.8226e+00
301 0 +6.721761557e+00 -5.966823844e+01 -5.966823844e+01 -2.4118e+00 +4.7600e+00 -4.9231e+00 +4.9729e+00 -4.6689e+00
307 0 +6.701378506e+00 -5.968862149e+01 -5.968862149e+01 -3.9240e+00 +4.9847e+00 -3.9162e+00 +4.6247e+00 -4.9940e+00
351 0 +3.726823356e+00 -6.266317664e+01 -6.266317664e+01 -4.3860e+00 +4.4559e+00 -4.7336e+00 +4.8239e+00 -4.9687e+00
426 0 +3.006253706e+00 -6.338374629e+01 -6.338374629e+01 -4.8225e+00 +4.6337e+00 -4.6534e+00 +4.9454e+00 -4.9226e+00
477 0 +2.951937074e+00 -6.343806293e+01 -6.343806293e+01 -4.8212e+00 +4.7187e+00 -4.8880e+00 +4.8717e+00 -4.8803e+00
502 0 +2.396978765e+00 -6.399302123e+01 -6.399302123e+01 -4.7643e+00 +4.8361e+00 -4.8441e+00 +4.8725e+00 -4.9340e+00
526 0 +2.345262598e+00 -6.404473740e+01 -6.404473740e+01 -4.6876e+00 +4.8044e+00 -4.9785e+00 +4.8104e+00 -4.9449e+00
528 0 +1.838208556e+00 -6.455179144e+01 -6.455179144e+01 -4.8205e+00 +4.6479e+00 -4.8662e+00 +4.9658e+00 -4.9583e+00
576 0 +1.141450302e+00 -6.524854970e+01 -6.524854970e+01 -4.8580e+00 +4.8955e+00 -4.9200e+00 +4.9263e+00 -4.9854e+00
626 0 +9.686183023e-01 -6.542138170e+01 -6.542138170e+01 -4.9285e+00 +4.8840e+00 -4.9083e+00 +4.9633e+00 -4.9806e+00
627 0 +7.147603003e-01 -6.567523970e+01 -6.567523970e+01 -4.9995e+00 +4.8585e+00 -4.9825e+00 +4.9343e+00 -4.9962e+00
792 0 +5.129881767e-01 -6.587701182e+01 -6.587701182e+01 -4.8077e+00 +4.9128e+00 -4.9992e+00 +4.9996e+00 -4.9839e+00
844 0 +4.290792087e-01 -6.596092079e+01 -6.596092079e+01 -4.8830e+00 +4.9394e+00 -4.9928e+00 +4.9923e+00 -4.9862e+00
930 0 +4.232667878e-01 -6.596673321e+01 -6.596673321e+01 -4.9884e+00 +4.9879e+00 -4.9427e+00 +4.9910e+00 -4.9842e+00
950 0 +3.537909912e-01 -6.603620901e+01 -6.603620901e+01 -4.9704e+00 +4.9594e+00 -4.9504e+00 +4.9928e+00 -4.9946e+00
988 0 +2.517345264e-01 -6.613826547e+01 -6.613826547e+01 -4.9300e+00 +4.9734e+00 -4.9771e+00 +4.9956e+00 -4.9963e+00
1016 0 +2.447942751e-01 -6.614520572e+01 -6.614520572e+01 -4.9495e+00 +4.9601e+00 -4.9949e+00 +4.9860e+00 -4.9972e+00
1033 0 +1.750308200e-01 -6.621496918e+01 -6.621496918e+01 -4.9969e+00 +4.9814e+00 -4.9971e+00 +4.9981e+00 -4.9881e+00
1160 0 +1.714833275e-01 -6.621851667e+01 -6.621851667e+01 -4.9622e+00 +4.9806e+00 -4.9810e+00 +4.9953e+00 -4.9988e+00
1191 0 +1.582478313e-01 -6.623175217e+01 -6.623175217e+01 -4.9977e+00 +4.9491e+00 -4.9953e+00 +4.9917e+00 -4.9996e+00
1196 0 +1.441549842e-01 -6.624584502e+01 -6.624584502e+01 -4.9952e+00 +4.9919e+00 -4.9865e+00 +4.9981e+00 -4.9928e+00
1206 0 +1.035915740e-01 -6.628640843e+01 -6.628640843e+01 -4.9910e+00 +4.9618e+00 -4.9966e+00 +4.9993e+00 -4.9988e+00
% f evaluations | g evaluations | best noise-free fitness - Fopt (-2.260100000000e+02) + sum g_i+ | measured fitness | best measured fitness or single-digit g-values | x1 | x2...
1 0 +9.565171027e+01 -1.303582897e+02 -1.303582897e+02 +5.9671e-01 -3.8264e-02 +7.4769e-01 +1.6230e+00 -1.3415e-01
9 0 +9.557090306e+01 -1.304390969e+02 -1.304390969e+02 +8.3847e-01 +2.7137e-01 -1.5648e-02 -2.0110e-01 -1.3785e+00
10 0 +8.505713161e+01 -1.409528684e+02 -1.409528684e+02 -6.1984e-01 -3.6064e-01 +1.1571e+00 +4.4362e-01 -1.6630e+00
15 0 +7.060699440e+01 -1.554030056e+02 -1.554030056e+02 +4.6140e-01 +1.6380e+00 +6.4174e-02 +1.6646e+00 -2.5197e+00
26 0 +6.433651014e+01 -1.616734899e+02 -1.616734899e+02 +2.1317e+00 +1.3131e-01 +2.5073e+00 +2.0036e+00 -2.6186e+00
30 0 +6.234748589e+01 -1.636625141e+02 -1.636625141e+02 +6.3528e-01 +1.3142e+00 +5.3931e-01 +3.2327e+00 -2.3887e+00
45 0 +5.410514735e+01 -1.719048526e+02 -1.719048526e+02 -7.1988e-01 +1.8706e+00 +1.8338e+00 +2.1605e+00 -3.1720e+00
53 0 +3.617074381e+01 -1.898392562e+02 -1.898392562e+02 -4.0796e+00 +4.2119e+00 -6.6364e-01 +3.7515e+00 -4.1082e+00
77 0 +2.007025278e+01 -2.059397472e+02 -2.059397472e+02 -4.1483e+00 +4.1308e+00 +1.0798e+00 +4.8431e+00 -4.5606e+00
176 0 +1.777639192e+01 -2.082336081e+02 -2.082336081e+02 -4.1955e+00 +4.4428e+00 +9.5862e-01 +4.5645e+00 -4.9248e+00
177 0 +1.317427503e+01 -2.128357250e+02 -2.128357250e+02 -3.5655e+00 +2.1696e+00 +3.6685e+00 +4.8403e+00 -4.8402e+00
203 0 +1.288767250e+01 -2.131223275e+02 -2.131223275e+02 -3.9453e+00 +3.3672e+00 +4.2635e+00 +4.0029e+00 -4.9007e+00
276 0 +9.603516520e+00 -2.164064835e+02 -2.164064835e+02 -2.6121e+00 +4.2724e+00 +4.8573e+00 +4.1960e+00 -4.9051e+00
302 0 +9.544907491e+00 -2.164650925e+02 -2.164650925e+02 -3.0615e+00 +3.6646e+00 +4.1276e+00 +4.9328e+00 -4.7905e+00
327 0 +7.581502253e+00 -2.184284977e+02 -2.184284977e+02 -3.2547e+00 +3.1638e+00 +4.4058e+00 +4.8896e+00 -4.9929e+00
376 0 +6.044458653e+00 -2.199655413e+02 -2.199655413e+02 -3.3222e+00 +4.2923e+00 +4.4116e+00 +4.8964e+00 -4.9335e+00
426 0 +4.703749237e+00 -2.213062508e+02 -2.213062508e+02 -4.9640e+00 +4.7584e+00 +4.3454e+00 +4.7540e+00 -4.9215e+00
451 0 +3.309290206e+00 -2.227007098e+02 -2.227007098e+02 -4.6356e+00 +4.5643e+00 +4.6667e+00 +4.9085e+00 -4.9398e+00
476 0 +3.085119432e+00 -2.229248806e+02 -2.229248806e+02 -4.6670e+00 +4.6384e+00 +4.9269e+00 +4.8917e+00 -4.8731e+00
526 0 +2.292447318e+00 -2.237175527e+02 -2.237175527e+02 -4.2803e+00 +4.6612e+00 +4.7565e+00 +4.9918e+00 -4.9846e+00
551 0 +1.076708669e+00 -2.249332913e+02 -2.249332913e+02 -4.6226e+00 +4.9868e+00 +4.9924e+00 +4.9664e+00 -4.9537e+00
626 0 +9.622336195e-01 -2.250477664e+02 -2.250477664e+02 -4.9328e+00 +4.9519e+00 +4.9093e+00 +4.9756e+00 -4.9615e+00
713 0 +6.209980237e-01 -2.253890020e+02 -2.253890020e+02 -4.9901e+00 +4.7951e+00 +4.9940e+00 +4.9698e+00 -4.9942e+00
729 0 +4.083887224e-01 -2.256016113e+02 -2.256016113e+02 -4.9761e+00 +4.9667e+00 +4.9831e+00 +4.9679e+00 -4.9909e+00
917 0 +3.818726336e-01 -2.256281274e+02 -2.256281274e+02 -4.9601e+00 +4.9749e+00 +4.9503e+00 +4.9915e+00 -4.9908e+00
919 0 +3.477086979e-01 -2.256622913e+02 -2.256622913e+02 -4.9263e+00 +4.9685e+00 +4.9730e+00 +4.9911e+00 -4.9918e+00
926 0 +3.056982501e-01 -2.257043017e+02 -2.257043017e+02 -4.9490e+00 +4.9729e+00 +4.9872e+00 +4.9922e+00 -4.9878e+00
961 0 +3.036396206e-01 -2.257063604e+02 -2.257063604e+02 -4.9387e+00 +4.9394e+00 +4.9960e+00 +4.9796e+00 -4.9993e+00
975 0 +2.076677813e-01 -2.258023322e+02 -2.258023322e+02 -4.9778e+00 +4.9934e+00 +4.9729e+00 +4.9976e+00 -4.9925e+00
1058 0 +1.869999567e-01 -2.258230000e+02 -2.258230000e+02 -4.9626e+00 +4.9582e+00 +4.9978e+00 +4.9909e+00 -4.9983e+00
1064 0 +1.715243247e-01 -2.258384757e+02 -2.258384757e+02 -4.9780e+00 +4.9927e+00 +4.9845e+00 +4.9902e+00 -4.9967e+00
1081 0 +1.674652010e-01 -2.258425348e+02 -2.258425348e+02 -4.9509e+00 +4.9935e+00 +4.9794e+00 +4.9944e+00 -4.9990e+00
1083 0 +1.665640186e-01 -2.258434360e+02 -2.258434360e+02 -4.9519e+00 +4.9659e+00 +4.9968e+00 +4.9990e+00 -4.9958e+00
1100 0 +1.591968820e-01 -2.258508031e+02 -2.258508031e+02 -4.9681e+00 +4.9810e+00 +4.9919e+00 +4.9979e+00 -4.9944e+00
1105 0 +1.550637657e-01 -2.258549362e+02 -2.258549362e+02 -4.9932e+00 +4.9707e+00 +4.9919e+00 +4.9972e+00 -4.9945e+00
1116 0 +1.293260522e-01 -2.258806739e+02 -2.258806739e+02 -4.9683e+00 +4.9842e+00 +4.9975e+00 +4.9965e+00 -4.9958e+00
1201 0 +1.282566062e-01 -2.258817434e+02 -2.258817434e+02 -4.9588e+00 +4.9778e+00 +4.9996e+00 +4.9965e+00 -4.9973e+00
1204 0 +1.189305002e-01 -2.258910695e+02 -2.258910695e+02 -4.9938e+00 +4.9940e+00 +4.9952e+00 +4.9947e+00 -4.9943e+00
1248 0 +9.116203090e-02 -2.259188380e+02 -2.259188380e+02 -4.9933e+00 +4.9765e+00 +4.9975e+00 +4.9974e+00 -4.9980e+00
% f evaluations | g evaluations | best noise-free fitness - Fopt (1.000000000000e+03) + sum g_i+ | measured fitness | best measured fitness or single-digit g-values | x1 | x2...
1 0 +9.565171027e+01 +1.095651710e+03 +1.095651710e+03 +5.9671e-01 -3.8264e-02 +7.4769e-01 +1.6230e+00 -1.3415e-01
9 0 +9.557090306e+01 +1.095570903e+03 +1.095570903e+03 +8.3847e-01 +2.7137e-01 -1.5648e-02 -2.0110e-01 -1.3785e+00
10 0 +8.505713161e+01 +1.085057132e+03 +1.085057132e+03 -6.1984e-01 -3.6064e-01 +1.1571e+00 +4.4362e-01 -1.6630e+00
15 0 +7.060699440e+01 +1.070606994e+03 +1.070606994e+03 +4.6140e-01 +1.6380e+00 +6.4174e-02 +1.6646e+00 -2.5197e+00
26 0 +6.433651014e+01 +1.064336510e+03 +1.064336510e+03 +2.1317e+00 +1.3131e-01 +2.5073e+00 +2.0036e+00 -2.6186e+00
30 0 +6.234748589e+01 +1.062347486e+03 +1.062347486e+03 +6.3528e-01 +1.3142e+00 +5.3931e-01 +3.2327e+00 -2.3887e+00
45 0 +5.410514735e+01 +1.054105147e+03 +1.054105147e+03 -7.1988e-01 +1.8706e+00 +1.8338e+00 +2.1605e+00 -3.1720e+00
51 0 +3.672169135e+01 +1.036721691e+03 +1.036721691e+03 +3.3845e+00 +2.3830e+00 -1.3802e+00 +4.8352e+00 -4.7419e+00
52 0 +3.617074381e+01 +1.036170744e+03 +1.036170744e+03 -4.0796e+00 +4.2119e+00 -6.6364e-01 +3.7515e+00 -4.1082e+00
81 0 +3.261325264e+01 +1.032613253e+03 +1.032613253e+03 -2.6152e+00 +1.1732e+00 +1.9648e+00 +4.7410e+00 -3.7631e+00
108 0 +3.217593129e+01 +1.032175931e+03 +1.032175931e+03 -6.7333e-01 +5.9520e-01 +2.2661e+00 +4.4987e+00 -4.1448e+00
127 0 +2.960019081e+01 +1.029600191e+03 +1.029600191e+03 +3.0429e+00 +3.1076e-01 +4.4249e+00 +4.8325e+00 -3.9542e+00
130 0 +2.073592855e+01 +1.020735929e+03 +1.020735929e+03 -2.9436e-01 +1.3401e+00 +4.3638e+00 +4.5684e+00 -4.4917e+00
176 0 +2.019586611e+01 +1.020195866e+03 +1.020195866e+03 -9.8165e-01 +1.1227e+00 +4.8640e+00 +4.1910e+00 -4.5697e+00
201 0 +1.368401641e+01 +1.013684016e+03 +1.013684016e+03 -9.3519e-02 +2.5688e+00 +4.8737e+00 +4.9222e+00 -4.6383e+00
251 0 +9.032859934e+00 +1.009032860e+03 +1.009032860e+03 -2.4757e+00 +1.8812e+00 +4.9547e+00 +4.8783e+00 -4.9865e+00
301 0 +7.076168665e+00 +1.007076169e+03 +1.007076169e+03 -1.3208e+00 +3.7682e+00 +4.7884e+00 +4.9773e+00 -4.9590e+00
426 0 +5.326294105e+00 +1.005326294e+03 +1.005326294e+03 -4.6243e+00 +4.5433e+00 +4.7384e+00 +4.5013e+00 -4.9493e+00
451 0 +3.703286655e+00 +1.003703287e+03 +1.003703287e+03 -4.4648e+00 +4.7952e+00 +4.7588e+00 +4.6448e+00 -4.9956e+00
526 0 +3.256151358e+00 +1.003256151e+03 +1.003256151e+03 -3.9737e+00 +4.8427e+00 +4.9290e+00 +4.9311e+00 -4.8662e+00
562 0 +3.005077530e+00 +1.003005078e+03 +1.003005078e+03 -4.0868e+00 +4.5474e+00 +4.7311e+00 +4.9331e+00 -4.9939e+00
576 0 +1.686138856e+00 +1.001686139e+03 +1.001686139e+03 -4.5826e+00 +4.7338e+00 +4.9035e+00 +4.9853e+00 -4.9592e+00
626 0 +1.242293094e+00 +1.001242293e+03 +1.001242293e+03 -4.8552e+00 +4.8785e+00 +4.8838e+00 +4.9994e+00 -4.9489e+00
676 0 +8.270148844e-01 +1.000827015e+03 +1.000827015e+03 -4.7984e+00 +4.9310e+00 +4.9881e+00 +4.9694e+00 -4.9707e+00
726 0 +6.901860077e-01 +1.000690186e+03 +1.000690186e+03 -4.9369e+00 +4.8994e+00 +4.9382e+00 +4.9996e+00 -4.9749e+00
801 0 +5.254549300e-01 +1.000525455e+03 +1.000525455e+03 -4.9190e+00 +4.9936e+00 +4.9964e+00 +4.9773e+00 -4.9706e+00
826 0 +4.999855953e-01 +1.000499986e+03 +1.000499986e+03 -4.9111e+00 +4.9528e+00 +4.9742e+00 +4.9721e+00 -4.9911e+00
904 0 +3.077572568e-01 +1.000307757e+03 +1.000307757e+03 -4.8432e+00 +4.9630e+00 +4.9874e+00 +4.9971e+00 -4.9971e+00
1024 0 +2.947527649e-01 +1.000294753e+03 +1.000294753e+03 -4.9459e+00 +4.9842e+00 +4.9918e+00 +4.9958e+00 -4.9837e+00
1033 0 +2.204418171e-01 +1.000220442e+03 +1.000220442e+03 -4.9911e+00 +4.9968e+00 +4.9999e+00 +4.9971e+00 -4.9811e+00
1092 0 +1.982927664e-01 +1.000198293e+03 +1.000198293e+03 -4.9862e+00 +4.9790e+00 +4.9827e+00 +4.9949e+00 -4.9936e+00
1167 0 +1.982135783e-01 +1.000198214e+03 +1.000198214e+03 -4.9825e+00 +4.9645e+00 +4.9970e+00 +4.9926e+00 -4.9933e+00
1170 0 +1.902647049e-01 +1.000190265e+03 +1.000190265e+03 -4.9899e+00 +4.9871e+00 +4.9912e+00 +4.9942e+00 -4.9903e+00
1182 0 +1.846618728e-01 +1.000184662e+03 +1.000184662e+03 -4.9956e+00 +4.9434e+00 +4.9794e+00 +4.9991e+00 -4.9990e+00
1190 0 +1.819323843e-01 +1.000181932e+03 +1.000181932e+03 -4.9690e+00 +4.9341e+00 +4.9992e+00 +4.9989e+00 -4.9975e+00
1199 0 +1.711108257e-01 +1.000171111e+03 +1.000171111e+03 -4.9952e+00 +4.9703e+00 +4.9998e+00 +4.9940e+00 -4.9921e+00
1201 0 +1.498002004e-01 +1.000149800e+03 +1.000149800e+03 -4.9435e+00 +4.9944e+00 +4.9912e+00 +4.9934e+00 -4.9982e+00
% f evaluations | g evaluations | best noise-free fitness - Fopt (-1.830200000000e+02) + sum g_i+ | measured fitness | best measured fitness or single-digit g-values | x1 | x2...
1 0 +1.173049255e+02 -6.571507455e+01 -6.571507455e+01 +5.9671e-01 -3.8264e-02 +7.4769e-01 +1.6230e+00 -1.3415e-01
3 0 +8.216827678e+01 -1.008517232e+02 -1.008517232e+02 -3.6342e-01 -3.6573e-01 +3.4196e-01 -1.8133e+00 -1.6249e+00
26 0 +4.104948627e+01 -1.419705137e+02 -1.419705137e+02 -1.4026e+00 -1.9883e+00 -9.4859e-01 -2.0881e+00 -4.9895e+00
51 0 +4.091740124e+01 -1.421025988e+02 -1.421025988e+02 -5.3831e-01 -1.0013e+00 +1.5852e+00 -3.8569e+00 -4.8984e+00
52 0 +3.351282658e+01 -1.495071734e+02 -1.495071734e+02 -1.0539e+00 -4.1437e-01 -2.2151e+00 -4.8754e+00 -4.0203e+00
76 0 +1.929608899e+01 -1.637239110e+02 -1.637239110e+02 +1.5345e+00 -2.5324e+00 -2.9686e+00 -4.8258e+00 -4.5961e+00
107 0 +1.924540163e+01 -1.637745984e+02 -1.637745984e+02 +1.3906e+00 -4.3172e+00 -3.7505e+00 -3.5863e+00 -4.7479e+00
201 0 +1.444790588e+01 -1.685720941e+02 -1.685720941e+02 +2.0345e+00 -2.1364e+00 -4.2592e+00 -4.4171e+00 -4.9230e+00
301 0 +1.398565761e+01 -1.690343424e+02 -1.690343424e+02 +1.1461e+00 -1.4053e+00 -4.5687e+00 -4.8589e+00 -4.8418e+00
303 0 +1.241824785e+01 -1.706017521e+02 -1.706017521e+02 +1.1767e+00 -3.4510e+00 -4.4285e+00 -4.9534e+00 -4.6229e+00
326 0 +1.131676319e+01 -1.717032368e+02 -1.717032368e+02 +1.6390e+00 -2.6944e+00 -4.7744e+00 -4.6101e+00 -4.9050e+00
351 0 +7.951782618e+00 -1.750682174e+02 -1.750682174e+02 +1.1324e+00 -3.6087e+00 -4.7822e+00 -4.8807e+00 -4.9749e+00
353 0 +7.089353411e+00 -1.759306466e+02 -1.759306466e+02 +2.3678e+00 -4.0836e+00 -4.7985e+00 -4.7324e+00 -4.9315e+00
426 0 +5.728383062e+00 -1.772916169e+02 -1.772916169e+02 +2.2023e+00 -4.8872e+00 -4.7188e+00 -4.9367e+00 -4.8515e+00
502 0 +5.588945359e+00 -1.774310546e+02 -1.774310546e+02 +2.7445e+00 -4.5241e+00 -4.6692e+00 -4.9951e+00 -4.8586e+00
526 0 +5.489584933e+00 -1.775304151e+02 -1.775304151e+02 +2.6213e+00 -4.8001e+00 -4.7016e+00 -4.7667e+00 -4.9500e+00
553 0 +4.607263433e+00 -1.784127366e+02 -1.784127366e+02 +2.8455e+00 -4.9051e+00 -4.4932e+00 -4.9705e+00 -4.9485e+00
601 0 +4.242337897e+00 -1.787776621e+02 -1.787776621e+02 +2.9115e+00 -4.7938e+00 -4.8814e+00 -4.7600e+00 -4.9937e+00
626 0 +3.507621184e+00 -1.795123788e+02 -1.795123788e+02 +2.7883e+00 -4.8797e+00 -4.8221e+00 -4.9177e+00 -4.9943e+00
629 0 +3.308616044e+00 -1.797113840e+02 -1.797113840e+02 +2.8934e+00 -4.7109e+00 -4.9800e+00 -4.9425e+00 -4.9699e+00
651 0 +2.768192312e+00 -1.802518077e+02 -1.802518077e+02 +3.3192e+00 -4.9814e+00 -4.8204e+00 -4.9744e+00 -4.9658e+00
726 0 +2.413331108e+00 -1.806066689e+02 -1.806066689e+02 +3.7114e+00 -4.9987e+00 -4.9271e+00 -4.9036e+00 -4.9650e+00
787 0 +2.129585515e+00 -1.808904145e+02 -1.808904145e+02 +3.4016e+00 -4.9899e+00 -4.9937e+00 -4.9709e+00 -4.9670e+00
877 0 +1.822809998e+00 -1.811971900e+02 -1.811971900e+02 +3.5396e+00 -4.9735e+00 -4.9716e+00 -4.9864e+00 -4.9851e+00
904 0 +1.526650742e+00 -1.814933493e+02 -1.814933493e+02 +3.7213e+00 -4.9390e+00 -4.9868e+00 -4.9939e+00 -4.9937e+00
962 0 +1.520275290e+00 -1.814997247e+02 -1.814997247e+02 +4.0290e+00 -4.9889e+00 -4.9147e+00 -4.9726e+00 -4.9894e+00
963 0 +1.282455200e+00 -1.817375448e+02 -1.817375448e+02 +4.1722e+00 -4.9887e+00 -4.9843e+00 -4.9526e+00 -4.9882e+00
965 0 +1.165137589e+00 -1.818548624e+02 -1.818548624e+02 +4.3317e+00 -4.9566e+00 -4.9337e+00 -4.9652e+00 -4.9986e+00
996 0 +1.069470162e+00 -1.819505298e+02 -1.819505298e+02 +4.6729e+00 -4.9909e+00 -4.9212e+00 -4.9822e+00 -4.9623e+00
1028 0 +8.726936528e-01 -1.821473063e+02 -1.821473063e+02 +4.5663e+00 -4.9114e+00 -4.9966e+00 -4.9745e+00 -4.9873e+00
1061 0 +8.257784069e-01 -1.821942216e+02 -1.821942216e+02 +4.9217e+00 -4.9737e+00 -4.8847e+00 -4.9803e+00 -4.9774e+00
1087 0 +6.995769023e-01 -1.823204231e+02 -1.823204231e+02 +4.9626e+00 -4.9782e+00 -4.9800e+00 -4.9471e+00 -4.9737e+00
1165 0 +6.970534792e-01 -1.823229465e+02 -1.823229465e+02 +4.9988e+00 -4.9210e+00 -4.9193e+00 -4.9894e+00 -4.9760e+00
1209 0 +6.242705407e-01 -1.823957295e+02 -1.823957295e+02 +4.9033e+00 -4.9095e+00 -4.9972e+00 -4.9924e+00 -4.9685e+00
1222 0 +5.984536272e-01 -1.824215464e+02 -1.824215464e+02 +4.8955e+00 -4.9876e+00 -4.9903e+00 -4.9926e+00 -4.9600e+00
1239 0 +4.845746442e-01 -1.825354254e+02 -1.825354254e+02 +4.9324e+00 -4.9743e+00 -4.9867e+00 -4.9648e+00 -4.9868e+00
% f evaluations | g evaluations | best noise-free fitness - Fopt (-1.026200000000e+02) + sum g_i+ | measured fitness | best measured fitness or single-digit g-values | x1 | x2...
1 0 +1.211814213e+02 +1.856142126e+01 +1.856142126e+01 +5.9671e-01 -3.8264e-02 +7.4769e-01 +1.6230e+00 -1.3415e-01
2 0 +1.049115861e+02 +2.291586100e+00 +2.291586100e+00 -1.3414e-01 +1.6792e+00 +8.6743e-01 -3.6947e-01 +6.4256e-01
7 0 +9.645233344e+01 -6.167666560e+00 -6.167666560e+00 -5.0171e-01 +1.9523e+00 +8.6503e-02 -9.5771e-01 +9.2254e-01
8 0 +9.149225038e+01 -1.112774962e+01 -1.112774962e+01 -1.1208e+00 +3.0886e-01 -1.8597e+00 -1.2282e+00 +2.9686e-01
13 0 +8.881636009e+01 -1.380363991e+01 -1.380363991e+01 -3.7917e-01 -8.5659e-02 -1.0063e+00 -1.0962e+00 +9.1253e-01
26 0 +7.497751843e+01 -2.764248157e+01 -2.764248157e+01 +4.8004e-01 -1.4540e+00 -1.0784e+00 -2.0792e+00 +1.5634e+00
44 0 +6.445451101e+01 -3.816548899e+01 -3.816548899e+01 -2.4106e+00 -1.0463e+00 -2.8252e+00 -2.5134e+00 +1.6026e+00
60 0 +5.613214920e+01 -4.648785080e+01 -4.648785080e+01 -1.0937e+00 -1.5820e+00 -2.5774e+00 -1.5852e+00 +3.0716e+00
78 0 +2.620648950e+01 -7.641351050e+01 -7.641351050e+01 -9.2993e-01 -3.7421e+00 -2.8520e+00 -3.4940e+00 +4.5362e+00
109 0 +2.525665215e+01 -7.736334785e+01 -7.736334785e+01 -2.4695e+00 -4.9054e+00 -2.0536e+00 -4.0612e+00 +4.2039e+00
176 0 +1.909731638e+01 -8.352268362e+01 -8.352268362e+01 -2.9825e+00 -2.0734e+00 -4.5148e+00 -3.3185e+00 +4.9115e+00
182 0 +1.782333510e+01 -8.479666490e+01 -8.479666490e+01 -3.8897e-01 -3.0442e+00 -3.4906e+00 -4.9863e+00 +4.5116e+00
223 0 +1.654043235e+01 -8.607956765e+01 -8.607956765e+01 -3.3488e+00 -4.9554e+00 -4.0116e+00 -3.2827e+00 +4.7972e+00
227 0 +1.220915833e+01 -9.041084167e+01 -9.041084167e+01 -1.1874e+00 -3.4790e+00 -4.9080e+00 -4.1436e+00 +4.9415e+00
257 0 +8.484233624e+00 -9.413576638e+01 -9.413576638e+01 -2.6591e+00 -3.5133e+00 -4.6109e+00 -4.8799e+00 +4.8406e+00
276 0 +6.435007443e+00 -9.618499256e+01 -9.618499256e+01 -2.8974e+00 -3.7519e+00 -4.4632e+00 -4.9870e+00 +4.9657e+00
353 0 +6.433831286e+00 -9.618616871e+01 -9.618616871e+01 -3.6151e+00 -3.7647e+00 -4.5558e+00 -4.7781e+00 +4.9800e+00
376 0 +4.243415223e+00 -9.837658478e+01 -9.837658478e+01 -3.7228e+00 -4.0333e+00 -4.9222e+00 -4.8972e+00 +4.9577e+00
401 0 +3.919924806e+00 -9.870007519e+01 -9.870007519e+01 -4.8237e+00 -3.8639e+00 -4.7357e+00 -4.8449e+00 +4.9985e+00
426 0 +3.901154468e+00 -9.871884553e+01 -9.871884553e+01 -4.8184e+00 -4.4199e+00 -4.7911e+00 -4.7850e+00 +4.9182e+00
451 0 +3.554672340e+00 -9.906532766e+01 -9.906532766e+01 -4.8714e+00 -4.4494e+00 -4.7396e+00 -4.8128e+00 +4.9430e+00
476 0 +2.698662957e+00 -9.992133704e+01 -9.992133704e+01 -4.9833e+00 -4.3481e+00 -4.7900e+00 -4.8635e+00 +4.9909e+00
551 0 +2.428746995e+00 -1.001912530e+02 -1.001912530e+02 -4.4733e+00 -4.9128e+00 -4.9670e+00 -4.9573e+00 +4.8598e+00
576 0 +1.887934178e+00 -1.007320658e+02 -1.007320658e+02 -4.8269e+00 -4.6349e+00 -4.9061e+00 -4.9605e+00 +4.9453e+00
601 0 +1.414895957e+00 -1.012051040e+02 -1.012051040e+02 -4.5416e+00 -4.9426e+00 -4.9451e+00 -4.9989e+00 +4.9326e+00
628 0 +7.724648236e-01 -1.018475352e+02 -1.018475352e+02 -4.8977e+00 -4.7931e+00 -4.9687e+00 -4.9945e+00 +4.9828e+00
702 0 +7.490827300e-01 -1.018709173e+02 -1.018709173e+02 -4.8975e+00 -4.9401e+00 -4.9804e+00 -4.9853e+00 +4.9605e+00
731 0 +6.311803370e-01 -1.019888197e+02 -1.019888197e+02 -4.9553e+00 -4.9069e+00 -4.9772e+00 -4.9837e+00 +4.9743e+00
759 0 +3.969625199e-01 -1.022230375e+02 -1.022230375e+02 -4.9106e+00 -4.9888e+00 -4.9904e+00 -4.9868e+00 +4.9817e+00
913 0 +3.762419473e-01 -1.022437581e+02 -1.022437581e+02 -4.8858e+00 -4.9490e+00 -4.9739e+00 -4.9918e+00 +4.9958e+00
922 0 +3.689696904e-01 -1.022510303e+02 -1.022510303e+02 -4.8855e+00 -4.9898e+00 -4.9745e+00 -4.9986e+00 +4.9852e+00
947 0 +2.310909163e-01 -1.023889091e+02 -1.023889091e+02 -4.9527e+00 -4.9610e+00 -4.9666e+00 -4.9992e+00 +4.9996e+00
1083 0 +2.146042639e-01 -1.024053957e+02 -1.024053957e+02 -4.9958e+00 -4.9930e+00 -4.9568e+00 -4.9960e+00 +4.9961e+00
1128 0 +1.983009176e-01 -1.024216991e+02 -1.024216991e+02 -4.9714e+00 -4.9827e+00 -4.9645e+00 -4.9998e+00 +4.9974e+00
1137 0 +1.903636836e-01 -1.024296363e+02 -1.024296363e+02 -4.9905e+00 -4.9714e+00 -4.9763e+00 -4.9981e+00 +4.9956e+00
1156 0 +1.822181493e-01 -1.024377819e+02 -1.024377819e+02 -4.9686e+00 -4.9546e+00 -4.9992e+00 -4.9939e+00 +4.9967e+00
1166 0 +1.741344696e-01 -1.024458655e+02 -1.024458655e+02 -4.9816e+00 -4.9872e+00 -4.9753e+00 -4.9937e+00 +4.9981e+00
1173 0 +1.631857230e-01 -1.024568143e+02 -1.024568143e+02 -4.9904e+00 -4.9800e+00 -4.9679e+00 -4.9979e+00 +4.9996e+00
1179 0 +1.148954510e-01 -1.025051045e+02 -1.025051045e+02 -4.9772e+00 -4.9961e+00 -4.9894e+00 -4.9917e+00 +4.9995e+00
1183 0 +1.109695467e-01 -1.025090305e+02 -1.025090305e+02 -4.9942e+00 -4.9777e+00 -4.9962e+00 -4.9912e+00 +4.9996e+00
