% f evaluations | g evaluations | best noise-free fitness - Fopt (-4.620900000000e+02) + sum g_i+ | measured fitness | best measured fitness or single-digit g-values | x1 | x2...
1 0 +1.889976894e+02 -2.730923106e+02 -2.730923106e+02 +5.9671e-01 -3.8264e-02 +7.4769e-01 +1.6230e+00 -1.3415e-01 -1.3414e-01 +1.6792e+00 +8.6743e-01 -3.6947e-01 +6.4256e-01
7 0 +1.825631784e+02 -2.795268216e+02 -2.795268216e+02 -3.7917e-01 -8.5659e-02 -1.0063e+00 -1.0962e+00 +9.1253e-01 +1.4562e+00 +2.7990e-02 +1.1035e+00 +4.6164e-01 -5.4512e-01
51 0 +1.723505479e+02 -2.897394521e+02 -2.897394521e+02 -4.2698e-01 +6.8113e-01 +1.8797e+00 +5.3464e-01 +2.2896e+00 +3.7029e-01 +5.5775e-01 +1.6943e+00 +1.3189e+00 +1.3116e+00
59 0 +1.696149359e+02 -2.924750641e+02 -2.924750641e+02 -1.0889e+00 +6.3175e-01 +1.0288e-01 +1.7746e+00 +4.1459e-02 +6.5732e-01 +1.9470e+00 +1.2759e+00 +7.2988e-01 -7.1568e-01
74 0 +1.279640380e+02 -3.341259620e+02 -3.341259620e+02 -6.9396e-01 +1.5555e+00 +5.4950e-01 +1.3857e+00 +1.3405e+00 +6.4270e-01 +1.5424e+00 +1.9383e+00 +2.2734e+00 -6.1756e-01
147 0 +1.242377137e+02 -3.378522863e+02 -3.378522863e+02 -4.0667e+00 +2.3678e+00 +3.0980e-01 -1.3315e+00 +6.9878e-01 -8.6747e-02 +2.0338e+00 +1.0266e+00 +2.8307e+00 +8.3101e-01
306 0 +9.652348797e+01 -3.655665120e+02 -3.655665120e+02 -4.1469e-01 +1.7795e+00 +3.6022e+00 +1.4824e+00 +2.6940e+00 +7.3660e-01 +3.4761e+00 +2.6190e+00 +1.2132e+00 -2.9284e-01
402 0 +8.547833598e+01 -3.766116640e+02 -3.766116640e+02 -3.2844e+00 +1.3791e+00 +1.6387e+00 -5.7996e-02 +4.8301e-01 +2.1792e+00 +3.4063e+00 +1.7036e+00 +1.2418e+00 +7.2451e-01
472 0 +7.815090934e+01 -3.839390907e+02 -3.839390907e+02 -2.3409e+00 +7.3156e-01 -5.4265e-03 +1.6391e+00 +2.9532e+00 +1.3677e+00 +2.0692e+00 +2.3226e+00 +2.4945e+00 +4.1946e-01
578 0 +7.641502677e+01 -3.856749732e+02 -3.856749732e+02 -3.3308e+00 +5.8369e-01 +1.4323e+00 -1.1769e+00 +1.2537e+00 +1.7469e+00 +2.7216e+00 +2.3512e+00 +1.4178e+00 +4.6490e-01
637 0 +7.213548617e+01 -3.899545138e+02 -3.899545138e+02 -2.4763e+00 +2.1840e-01 +2.0838e+00 +5.0659e-02 +1.7245e+00 +2.3278e+00 +2.6424e+00 +2.1848e+00 +2.7056e+00 +9.3083e-02
654 0 +6.978301926e+01 -3.923069807e+02 -3.923069807e+02 -4.8891e-01 +2.9985e+00 +1.4481e+00 -5.6818e-01 +2.3886e+00 +2.1151e+00 +2.2490e+00 +2.2307e+00 +9.4092e-01 -2.5024e-01
726 0 +6.795673846e+01 -3.941332615e+02 -3.941332615e+02 -2.1317e+00 +1.4738e+00 +1.8016e+00 +2.4165e-01 +2.3734e+00 +2.2560e+00 +2.1078e+00 +1.7862e+00 +1.8089e+00 -5.5769e-01
770 0 +6.696487525e+01 -3.951251247e+02 -3.951251247e+02 -2.6498e+00 +1.4166e+00 +2.1544e+00 -6.2782e-01 +1.1957e+00 +1.6877e+00 +2.1274e+00 +2.1450e+00 +1.5930e+00 -1.9063e-01
830 0 +5.174163785e+01 -4.103483621e+02 -4.103483621e+02 -4.0529e-01 +2.4208e+00 +2.2405e+00 +8.2328e-01 +1.7507e+00 +1.7619e+00 +2.5009e+00 +2.8785e+00 +9.9022e-01 +3.8359e-01
856 0 +2.724161347e+01 -4.348483865e+02 -4.348483865e+02 -1.3616e+00 +1.3551e+00 +2.9950e+00 +7.5053e-01 +1.6180e+00 +2.1965e+00 +2.5317e+00 +1.7715e+00 +1.7283e+00 +3.3751e-01
% f evaluations | g evaluations | best noise-free fitness - Fopt (7.766000000000e+01) + sum g_i+ | measured fitness | best measured fitness or single-digit g-values | x1 | x2...
1 0 +8.953385444e+02 +9.729985444e+02 +9.729985444e+02 +5.9671e-01 -3.8264e-02 +7.4769e-01 +1.6230e+00 -1.3415e-01 -1.3414e-01 +1.6792e+00 +8.6743e-01 -3.6947e-01 +6.4256e-01
2 0 +3.489235570e+02 +4.265835570e+02 +4.265835570e+02 -3.6342e-01 -3.6573e-01 +3.4196e-01 -1.8133e+00 -1.6249e+00 -4.6229e-01 -9.1283e-01 +4.1425e-01 -8.0802e-01 -1.3123e+00
5 0 +2.303866135e+02 +3.080466135e+02 +3.080466135e+02 +8.3847e-01 +2.7137e-01 -1.5648e-02 -2.0110e-01 -1.3785e+00 -6.1984e-01 -3.6064e-01 +1.1571e+00 +4.4362e-01 -1.6630e+00
8 0 +1.472438619e+02 +2.249038619e+02 +2.249038619e+02 +4.6140e-01 +1.6380e+00 +6.4174e-02 +1.6646e+00 -2.5197e+00 +9.2190e-01 +1.8705e-01 -1.9901e-01 +1.9176e-01 -1.8876e+00
96 0 +1.313615171e+02 +2.090215171e+02 +2.090215171e+02 +5.3369e-01 +8.0118e-01 -1.7331e+00 +1.8047e+00 -1.8652e+00 +1.2019e+00 +1.0273e+00 -1.2161e-02 +5.5713e-01 -2.3406e+00
184 0 +1.286032702e+02 +2.062632702e+02 +2.062632702e+02 -5.1248e-01 +1.2449e-01 -6.0379e-01 +4.3564e+00 -4.6901e+00 -1.0563e+00 +2.7122e-01 +5.4901e-01 -9.3168e-01 -2.9522e+00
188 0 +1.232787014e+02 +2.009387014e+02 +2.009387014e+02 +2.6269e+00 +6.1903e-01 -4.4726e+00 +1.9239e+00 -7.5554e-01 -6.3867e-01 +1.1987e+00 -7.1861e-01 +9.9407e-01 -4.7853e+00
193 0 +9.682625299e+01 +1.744862530e+02 +1.744862530e+02 -5.6536e-01 -1.8977e-01 -6.0259e-02 +3.3967e+00 -2.8391e+00 -3.2363e+00 +1.0752e+00 +5.1122e-01 +1.1779e+00 -4.1551e+00
431 0 +7.551466778e+01 +1.531746678e+02 +1.531746678e+02 +2.4210e+00 -1.4516e+00 -3.2813e-01 +3.3135e+00 -2.3483e+00 -3.2523e+00 +1.5080e+00 +8.3140e-02 +6.0766e-01 -4.1041e+00
638 0 +7.231820940e+01 +1.499782094e+02 +1.499782094e+02 +1.3608e+00 -1.5445e+00 -1.2431e+00 +3.2293e+00 -2.8939e+00 -8.8965e-01 +7.3769e-01 -2.1307e-01 +2.2077e-01 -3.1280e+00
908 0 +6.298470895e+01 +1.406447089e+02 +1.406447089e+02 +3.6166e-01 -5.6133e-01 -1.1594e+00 +3.2343e+00 -1.8971e+00 -1.1764e+00 +6.4404e-01 +2.0911e-01 +6.3236e-01 -4.2698e+00
932 0 +5.204591733e+01 +1.297059173e+02 +1.297059173e+02 +4.2214e-01 -8.8154e-01 -1.1832e+00 +2.6814e+00 -1.9606e+00 -1.3342e+00 +1.4925e-01 +1.2433e-01 +8.2001e-02 -3.1935e+00
1442 0 +3.757233617e+01 +1.152323362e+02 +1.152323362e+02 +3.5599e-01 -7.0530e-01 -1.2124e+00 +3.4457e+00 -1.9901e+00 -1.1267e+00 +6.0707e-01 -2.3510e-01 +1.5726e-01 -3.9114e+00
1616 0 +3.625669785e+01 +1.139166978e+02 +1.139166978e+02 +2.7453e-01 -8.9837e-01 -6.9594e-01 +3.3400e+00 -2.3771e+00 -5.4452e-01 +6.6864e-01 +1.1664e-01 +6.5275e-02 -4.1614e+00
% f evaluations | g evaluations | best noise-free fitness - Fopt (1.156800000000e+02) + sum g_i+ | measured fitness | best measured fitness or single-digit g-values | x1 | x2...
1 0 +9.009360922e+02 +1.016616092e+03 +1.016616092e+03 +5.9671e-01 -3.8264e-02 +7.4769e-01 +1.6230e+00 -1.3415e-01 -1.3414e-01 +1.6792e+00 +8.6743e-01 -3.6947e-01 +6.4256e-01
2 0 +4.206011842e+02 +5.362811842e+02 +5.362811842e+02 -3.6342e-01 -3.6573e-01 +3.4196e-01 -1.8133e+00 -1.6249e+00 -4.6229e-01 -9.1283e-01 +4.1425e-01 -8.0802e-01 -1.3123e+00
51 0 +2.532250195e+02 +3.689050195e+02 +3.689050195e+02 +9.2191e-01 +4.4927e-01 +2.2100e+00 +1.5585e-01 -1.5323e+00 -1.2503e+00 -1.7056e+00 -1.9439e-01 -1.8283e+00 -2.9039e+00
121 0 +1.851587932e+02 +3.008387932e+02 +3.008387932e+02 -2.7013e-01 +1.4751e+00 +1.0413e+00 +8.5409e-01 -1.7088e+00 -1.8168e+00 -1.1984e+00 +2.0684e-01 -3.4856e+00 -2.0486e+00
126 0 +1.713842143e+02 +2.870642143e+02 +2.870642143e+02 -1.9683e+00 -4.2675e-01 +1.0547e+00 +1.4110e+00 -6.6145e-01 -2.3572e+00 -2.6455e+00 +6.3938e-01 -4.2292e+00 -1.9852e+00
157 0 +1.630963451e+02 +2.787763451e+02 +2.787763451e+02 +9.9712e-01 -9.2891e-01 +3.4146e-01 -3.3438e-01 -2.3451e+00 -4.3400e+00 -2.6203e+00 +1.0326e+00 -4.6265e+00 -3.8510e+00
163 0 +1.489177440e+02 +2.645977440e+02 +2.645977440e+02 -3.3485e+00 -5.1512e-02 -1.3093e+00 +8.6165e-01 -1.7961e+00 -9.4342e-01 -4.9565e+00 +1.5124e+00 -4.4976e+00 -1.9084e+00
184 0 +1.126390072e+02 +2.283190072e+02 +2.283190072e+02 -1.7410e-01 -4.2749e-02 +1.8732e-01 +2.2547e+00 -2.6664e+00 -3.2833e+00 -3.7558e+00 -2.5324e-01 -4.9511e+00 -2.6508e+00
407 0 +1.111675503e+02 +2.268475503e+02 +2.268475503e+02 +1.8063e-02 -1.3847e+00 -4.5356e-01 +2.5226e+00 -4.7019e+00 -2.5759e+00 -3.8901e+00 +2.7142e+00 -3.0981e+00 -2.7273e+00
473 0 +1.045223435e+02 +2.202023435e+02 +2.202023435e+02 -3.3219e+00 -8.4399e-01 +2.3632e-01 +1.6973e+00 -2.7807e+00 -3.7808e+00 -3.2796e+00 +2.3688e+00 -2.3565e+00 -2.0308e+00
503 0 +9.690235240e+01 +2.125823524e+02 +2.125823524e+02 -2.2798e+00 -2.6817e+00 -3.9883e-01 +3.7195e-01 -3.5103e+00 -1.9257e+00 -2.6506e+00 +2.9871e+00 -3.8387e+00 -1.9183e+00
504 0 +9.250228869e+01 +2.081822887e+02 +2.081822887e+02 -4.0478e+00 -4.4156e+00 -1.1489e+00 +1.9120e+00 -3.7687e+00 -3.9087e+00 -3.6765e+00 +3.0408e+00 -3.2456e+00 -2.2787e+00
535 0 +8.882236147e+01 +2.045023615e+02 +2.045023615e+02 +5.6097e-01 -3.4253e+00 +5.2221e-01 +3.0838e+00 -4.2198e+00 -2.8418e+00 -3.5829e+00 +3.4407e+00 -3.6185e+00 -1.6016e+00
787 0 +8.810119551e+01 +2.037811955e+02 +2.037811955e+02 -3.0061e+00 -3.3192e+00 +8.9552e-01 +3.1133e+00 -4.2360e+00 -3.2308e+00 -3.8606e+00 +1.2897e+00 -3.6268e+00 -1.5714e+00
877 0 +8.327772189e+01 +1.989577219e+02 +1.989577219e+02 -1.5388e-01 -6.1820e-01 -1.3516e+00 +3.0851e+00 -3.4975e+00 -2.5018e+00 -3.5486e+00 +1.5320e+00 -4.3940e+00 -1.3012e+00
959 0 +7.168482330e+01 +1.873648233e+02 +1.873648233e+02 -1.3171e+00 -2.0191e+00 -3.3832e-01 +3.7111e+00 -4.1845e+00 -2.1687e+00 -3.5429e+00 +2.8666e+00 -2.7265e+00 -1.6303e+00
1000 0 +7.015237609e+01 +1.858323761e+02 +1.858323761e+02 +7.7751e-01 -9.8731e-01 -3.6743e-01 +2.3365e+00 -4.0452e+00 -3.7137e+00 -3.9373e+00 +2.9538e+00 -3.9338e+00 -1.2243e+00
1113 0 +6.310912588e+01 +1.787891259e+02 +1.787891259e+02 -1.5882e+00 -2.6851e+00 +3.7436e-01 +4.2620e+00 -2.8157e+00 -3.2660e+00 -4.1184e+00 +2.2394e+00 -3.5033e+00 -2.2149e+00
1192 0 +6.105951028e+01 +1.767395103e+02 +1.767395103e+02 -2.4999e+00 -9.1240e-01 +1.0028e+00 +3.5999e+00 -3.8096e+00 -2.6969e+00 -3.9895e+00 +2.8019e+00 -3.0469e+00 -2.2373e+00
1299 0 +6.008906408e+01 +1.757690641e+02 +1.757690641e+02 -2.5077e+00 -6.6218e-02 +1.0919e-01 +3.8735e+00 -3.1000e+00 -3.1406e+00 -3.5811e+00 +2.7518e+00 -3.9223e+00 -1.8072e+00
1370 0 +5.414934444e+01 +1.698293444e+02 +1.698293444e+02 -2.1100e+00 -2.5700e+00 +3.0563e-01 +3.1929e+00 -2.9229e+00 -3.8488e+00 -3.4388e+00 +1.8291e+00 -4.3593e+00 -1.3479e+00
1402 0 +4.889929219e+01 +1.645792922e+02 +1.645792922e+02 -1.2505e+00 -1.0511e+00 +2.8200e-01 +3.0708e+00 -3.0672e+00 -3.2687e+00 -3.5080e+00 +2.2554e+00 -2.7326e+00 -2.0398e+00
1864 0 +4.877483877e+01 +1.644548388e+02 +1.644548388e+02 -1.9592e+00 -1.1416e-02 +3.4589e-01 +4.2649e+00 -2.9922e+00 -3.2577e+00 -3.2048e+00 +1.4823e+00 -3.5019e+00 -2.0330e+00
2043 0 +3.143981825e+01 +1.471198183e+02 +1.471198183e+02 -3.0066e+00 -1.0062e+00 +2.4411e-01 +3.7173e+00 -3.6799e+00 -3.2089e+00 -3.5561e+00 +2.2404e+00 -3.1288e+00 -2.2681e+00
% f evaluations | g evaluations | best noise-free fitness - Fopt (-3.710000000000e+00) + sum g_i+ | measured fitness | best measured fitness or single-digit g-values | x1 | x2...
1 0 +3.658772987e+02 +3.621672987e+02 +3.621672987e+02 +5.9671e-01 -3.8264e-02 +7.4769e-01 +1.6230e+00 -1.3415e-01 -1.3414e-01 +1.6792e+00 +8.6743e-01 -3.6947e-01 +6.4256e-01
4 0 +3.068038534e+02 +3.030938534e+02 +3.030938534e+02 -5.0171e-01 +1.9523e+00 +8.6503e-02 -9.5771e-01 +9.2254e-01 -1.1208e+00 +3.0886e-01 -1.8597e+00 -1.2282e+00 +2.9686e-01
22 0 +2.834130270e+02 +2.797030270e+02 +2.797030270e+02 +6.7089e-01 +1.2356e+00 +1.0540e+00 +7.5139e-01 -2.1527e-01 +8.5897e-01 -6.7283e-01 -1.3682e-01 -3.8536e-01 +1.8187e-01
23 0 +2.661856590e+02 +2.624756590e+02 +2.624756590e+02 +2.4147e+00 -1.7673e+00 +7.8626e-01 -1.5127e+00 -3.7193e-01 +1.1890e+00 +1.6428e-01 -9.7774e-01 -6.1530e-01 +7.7960e-01
44 0 +2.453400482e+02 +2.416300482e+02 +2.416300482e+02 -1.0833e+00 -1.9392e+00 -1.6941e-01 +8.1754e-01 +1.6024e+00 +1.7409e-01 +1.7286e+00 -1.2801e+00 -1.6034e+00 +4.4452e-02
53 0 +2.292234107e+02 +2.255134107e+02 +2.255134107e+02 +1.3096e+00 +9.2223e-01 -1.2541e+00 -8.1624e-01 +6.0124e-01 +4.3598e-01 -2.5590e-01 -1.6547e+00 -3.2291e+00 -6.8621e-01
59 0 +1.914364786e+02 +1.877264786e+02 +1.877264786e+02 +1.0642e+00 +8.0123e-02 +9.9777e-01 +8.7431e-01 -4.2094e-02 +1.7036e-03 +2.6646e-01 -1.4174e+00 -1.8043e+00 -3.3623e-03
67 0 +1.884138177e+02 +1.847038177e+02 +1.847038177e+02 +9.6276e-01 -6.4646e-01 -5.1890e-01 -1.7220e+00 +6.7134e-01 +1.4547e+00 -6.8243e-01 -1.1463e+00 -2.9717e+00 -3.1482e-01
76 0 +1.764563268e+02 +1.727463268e+02 +1.727463268e+02 +6.5107e-01 -4.9997e-01 +4.1904e-01 -7.7767e-02 -1.0158e+00 +9.9790e-01 +1.4564e-01 -1.4954e+00 -3.0269e+00 +9.5806e-02
82 0 +1.566628581e+02 +1.529528581e+02 +1.529528581e+02 -6.3423e-01 +3.6074e-01 +3.3760e-01 +2.5479e+00 +1.3526e+00 +6.7482e-01 +6.3806e-01 -1.9798e+00 -1.0000e+00 -2.9312e-01
204 0 +1.507124409e+02 +1.470024409e+02 +1.470024409e+02 +1.0676e-01 -3.2223e+00 +1.1857e+00 +9.7813e-01 +1.4727e+00 +2.7813e+00 +1.2731e+00 -2.3512e+00 -1.9480e+00 -9.9245e-01
283 0 +1.096393554e+02 +1.059293554e+02 +1.059293554e+02 +2.0817e+00 -3.7758e+00 -9.4368e-01 +1.8974e+00 +1.0855e+00 +3.5420e+00 +6.0041e-01 -2.0567e+00 -2.6469e+00 +1.9486e-02
454 0 +1.041524754e+02 +1.004424754e+02 +1.004424754e+02 +2.0172e+00 -3.0944e+00 +1.8778e+00 +1.7479e+00 +1.7790e+00 +4.2853e+00 +1.1279e-01 -2.5719e+00 -1.9530e+00 +5.0908e-01
551 0 +9.958266631e+01 +9.587266631e+01 +9.587266631e+01 +2.3900e+00 -2.6567e+00 +2.4632e+00 +3.9608e+00 +2.5526e+00 +2.9927e+00 -7.9921e-01 -2.7294e+00 -1.2685e+00 +7.6875e-01
561 0 +9.411864670e+01 +9.040864670e+01 +9.040864670e+01 +1.3797e+00 -2.2950e+00 +2.5415e+00 +3.2662e+00 +2.7030e-01 +2.8987e+00 -3.6538e-01 -2.4189e+00 -1.9538e+00 +5.5020e-01
562 0 +7.863302706e+01 +7.492302706e+01 +7.492302706e+01 +3.2458e+00 -1.6311e+00 +2.2677e-01 +3.4405e+00 +3.1977e+00 +2.1768e+00 -1.9642e-01 -2.6315e+00 -2.3336e+00 +1.0148e+00
577 0 +7.470276311e+01 +7.099276311e+01 +7.099276311e+01 +1.3215e+00 +4.0099e-01 +2.5159e+00 +4.0441e+00 +3.2219e+00 +3.1547e+00 -1.4353e-01 -2.2583e+00 -2.6607e+00 +1.0593e+00
810 0 +6.828155568e+01 +6.457155568e+01 +6.457155568e+01 +2.1621e+00 -2.0988e+00 +2.5243e+00 +2.0317e+00 +3.8667e+00 +3.6441e+00 +1.6507e-01 -3.3176e+00 -3.1026e+00 +6.4924e-01
1018 0 +6.821581953e+01 +6.450581953e+01 +6.450581953e+01 +2.7489e+00 -3.9661e+00 +2.6921e+00 +3.2599e+00 +4.6455e+00 +3.2154e+00 -2.3158e-01 -2.8806e+00 -2.3387e+00 +3.7231e-01
1118 0 +6.544592844e+01 +6.173592844e+01 +6.173592844e+01 +4.1618e+00 -2.3392e+00 +2.3760e+00 +3.1939e+00 +2.3599e+00 +4.2092e+00 +7.3897e-02 -2.5509e+00 -2.9050e+00 +3.7301e-01
1168 0 +6.131748182e+01 +5.760748182e+01 +5.760748182e+01 +2.0681e+00 -1.3203e+00 +1.5305e+00 +3.2769e+00 +1.4374e+00 +2.6730e+00 +1.6247e-01 -2.5207e+00 -2.4242e+00 +3.7730e-01
1354 0 +5.743060118e+01 +5.372060118e+01 +5.372060118e+01 +3.1886e+00 -2.9906e+00 +3.3744e+00 +3.9976e+00 +3.0958e+00 +3.6063e+00 +5.4306e-01 -2.6086e+00 -2.3362e+00 +3.5287e-01
1708 0 +5.273803753e+01 +4.902803753e+01 +4.902803753e+01 +3.2310e+00 -3.0532e+00 +1.8863e+00 +4.5783e+00 +2.4961e+00 +3.1771e+00 -3.1908e-01 -1.9915e+00 -2.7890e+00 +8.7062e-01
2488 0 +4.402945075e+01 +4.031945075e+01 +4.031945075e+01 +2.1596e+00 -1.4223e+00 +3.4246e+00 +3.1539e+00 +2.4407e+00 +3.7427e+00 +6.9908e-01 -2.3769e+00 -2.4507e+00 +5.9642e-01
% f evaluations | g evaluations | best noise-free fitness - Fopt (1.321800000000e+02) + sum g_i+ | measured fitness | best measured fitness or single-digit g-values | x1 | x2...
1 0 +3.667024800e+02 +4.988824800e+02 +4.988824800e+02 +5.9671e-01 -3.8264e-02 +7.4769e-01 +1.6230e+00 -1.3415e-01 -1.3414e-01 +1.6792e+00 +8.6743e-01 -3.6947e-01 +6.4256e-01
2 0 +1.797160505e+02 +3.118960505e+02 +3.118960505e+02 -3.6342e-01 -3.6573e-01 +3.4196e-01 -1.8133e+00 -1.6249e+00 -4.6229e-01 -9.1283e-01 +4.1425e-01 -8.0802e-01 -1.3123e+00
3 0 +1.721869026e+02 +3.043669026e+02 +3.043669026e+02 +1.5656e+00 -1.2578e-01 +1.6753e-01 -1.3247e+00 -4.4438e-01 +2.1092e-01 -1.0510e+00 +4.7570e-01 -5.0064e-01 -1.9169e-01
82 0 +1.177723442e+02 +2.499523442e+02 +2.499523442e+02 -7.8878e-01 +6.3362e-01 +4.2954e-01 -1.0997e+00 -1.0338e-02 -3.2328e-01 -4.4646e-01 +1.1975e+00 +1.2674e-01 -5.5665e-01
182 0 +1.058132356e+02 +2.379932356e+02 +2.379932356e+02 -6.6870e-01 -3.1431e+00 +1.3152e+00 -1.3318e+00 -2.5017e+00 -2.7147e-01 -1.7707e+00 -1.2057e-01 +1.2827e+00 +7.8489e-01
265 0 +9.804851023e+01 +2.302285102e+02 +2.302285102e+02 -2.9021e+00 -1.1651e+00 +2.9852e+00 -2.3541e+00 -2.5725e+00 -1.9730e+00 -2.7360e+00 +2.0045e-01 +1.6656e+00 +8.4485e-01
375 0 +9.776352242e+01 +2.299435224e+02 +2.299435224e+02 -1.6087e+00 +6.6507e-01 +2.7700e+00 -1.2881e+00 -2.4478e+00 -1.3915e+00 -1.7150e+00 +5.4553e-01 -1.2267e+00 +4.6400e-02
552 0 +8.467795905e+01 +2.168579591e+02 +2.168579591e+02 -3.9639e+00 +1.2559e+00 +2.1138e+00 -2.7477e+00 -2.5163e+00 -3.8093e+00 -2.2990e+00 -1.2609e-01 +1.3720e+00 -5.7421e-01
610 0 +8.036108762e+01 +2.125410876e+02 +2.125410876e+02 -3.1893e+00 +6.2098e-01 +3.3758e+00 -2.0143e+00 -4.1092e+00 -1.8325e+00 -2.1046e+00 -7.4987e-01 +5.6687e-01 -5.5347e-01
746 0 +7.179117012e+01 +2.039711701e+02 +2.039711701e+02 -2.8094e+00 +1.6483e+00 +2.6679e+00 -1.6733e+00 -2.5606e+00 -1.5959e+00 -2.3258e+00 +8.4105e-01 +1.8245e-01 -3.6144e-01
844 0 +6.635920227e+01 +1.985392023e+02 +1.985392023e+02 -3.6239e+00 +1.4686e+00 +3.2796e+00 -2.6428e+00 -4.1295e+00 -1.1972e+00 -3.6589e+00 +1.5711e-02 +9.0741e-01 +1.0509e-01
1051 0 +6.463684550e+01 +1.968168455e+02 +1.968168455e+02 -2.2244e+00 +1.4500e+00 +1.9863e+00 -1.8810e+00 -1.7874e+00 -1.7890e+00 -2.6738e+00 +1.0142e-01 +1.0333e+00 +1.1554e-01
1145 0 +6.271324386e+01 +1.948932439e+02 +1.948932439e+02 -2.3073e+00 +1.5711e+00 +3.0558e+00 -1.1002e+00 -2.4600e+00 -9.5198e-03 -2.7441e+00 +5.3570e-02 +9.3705e-01 +4.6627e-01
1220 0 +5.102676029e+01 +1.832067603e+02 +1.832067603e+02 -3.7305e+00 +1.6111e+00 +3.6034e+00 -2.4669e+00 -3.1595e+00 -1.6391e+00 -3.5601e+00 -3.2780e-01 +6.6811e-01 +1.0268e+00
1315 0 +4.100087647e+01 +1.731808765e+02 +1.731808765e+02 -3.9467e+00 +4.8260e-01 +3.0132e+00 -2.6378e+00 -2.5167e+00 -1.0232e+00 -2.2982e+00 +1.1183e-01 +5.3665e-01 +1.2509e-01
1713 0 +3.992684507e+01 +1.721068451e+02 +1.721068451e+02 -3.7660e+00 +1.3543e+00 +2.5488e+00 -1.3068e+00 -2.2951e+00 -1.0741e+00 -2.2163e+00 +2.0920e-01 +8.9553e-01 +7.8433e-01
% f evaluations | g evaluations | best noise-free fitness - Fopt (-3.930000000000e+01) + sum g_i+ | measured fitness | best measured fitness or single-digit g-values | x1 | x2...
1 0 +7.063390436e+02 +6.670390436e+02 +6.670390436e+02 +5.9671e-01 -3.8264e-02 +7.4769e-01 +1.6230e+00 -1.3415e-01 -1.3414e-01 +1.6792e+00 +8.6743e-01 -3.6947e-01 +6.4256e-01
2 0 +4.549510103e+02 +4.156510103e+02 +4.156510103e+02 -3.6342e-01 -3.6573e-01 +3.4196e-01 -1.8133e+00 -1.6249e+00 -4.6229e-01 -9.1283e-01 +4.1425e-01 -8.0802e-01 -1.3123e+00
5 0 +3.046934005e+02 +2.653934005e+02 +2.653934005e+02 +8.3847e-01 +2.7137e-01 -1.5648e-02 -2.0110e-01 -1.3785e+00 -6.1984e-01 -3.6064e-01 +1.1571e+00 +4.4362e-01 -1.6630e+00
56 0 +2.728237400e+02 +2.335237400e+02 +2.335237400e+02 +1.9902e+00 +1.8934e+00 +1.2394e+00 -7.7465e-01 +1.4008e+00 -9.4855e-01 +8.8822e-01 -6.0700e-02 +1.5010e+00 -1.8918e+00
60 0 +2.494364850e+02 +2.101364850e+02 +2.101364850e+02 -7.4757e-01 +2.3314e-01 -3.4032e-03 -9.0658e-01 -1.5052e+00 -5.7697e-01 -5.2809e-01 +1.1452e+00 +1.4873e+00 -2.8472e+00
67 0 +2.328111468e+02 +1.935111468e+02 +1.935111468e+02 +1.0041e-01 +8.0786e-01 +1.7719e-01 +6.9094e-01 +1.1915e+00 -6.3154e-01 +6.8882e-01 +7.1429e-01 +1.0329e+00 -1.7555e+00
68 0 +2.264842837e+02 +1.871842837e+02 +1.871842837e+02 +5.3754e-01 +8.9153e-01 -7.0877e-01 +1.2586e+00 -1.6085e+00 -7.7568e-01 -1.8689e-01 +1.6151e+00 +4.3413e-01 -2.5353e+00
73 0 +2.256155395e+02 +1.863155395e+02 +1.863155395e+02 +7.7951e-01 +1.7837e+00 +2.3115e+00 +1.4721e+00 +2.4690e-01 -1.6388e+00 -6.7350e-01 +1.3433e+00 +1.5459e+00 -2.2895e+00
92 0 +2.194012862e+02 +1.801012862e+02 +1.801012862e+02 -6.5969e-01 -5.6876e-01 +1.1434e+00 -5.3870e-02 +1.6253e+00 -8.8224e-01 +1.4829e+00 +3.0928e-01 -7.5745e-01 -3.6064e+00
99 0 +2.149847382e+02 +1.756847382e+02 +1.756847382e+02 -7.2618e-01 +7.1905e-01 -3.4464e-01 -4.4613e-01 +1.1287e+00 -9.0635e-01 +9.7744e-01 +2.2760e+00 +9.2390e-02 -3.0292e+00
103 0 +1.887931725e+02 +1.494931725e+02 +1.494931725e+02 -4.8241e-01 +1.0847e+00 -1.0890e+00 +8.6122e-01 -1.0993e+00 -3.2125e+00 +1.2977e+00 +3.1819e+00 +1.9623e+00 -2.7379e+00
125 0 +1.637605602e+02 +1.244605602e+02 +1.244605602e+02 -2.6164e+00 +8.4483e-01 +8.4373e-01 -3.5360e-01 -7.6562e-01 -5.3878e-01 +1.1907e+00 +6.3204e-01 +1.4413e+00 -4.1358e+00
191 0 +1.394631041e+02 +1.001631041e+02 +1.001631041e+02 -3.9308e+00 +8.6208e-01 +9.0534e-01 +1.3832e+00 +3.8418e-01 -2.6876e+00 +4.0768e+00 -4.2200e-01 +1.3742e+00 -3.6275e+00
267 0 +1.350656440e+02 +9.576564397e+01 +9.576564397e+01 +2.3210e-01 -2.8840e-01 +3.7143e+00 +2.8889e+00 -5.3810e-01 -3.6592e+00 +2.2863e+00 +2.1567e+00 +6.5198e-01 -3.9339e+00
303 0 +1.263150661e+02 +8.701506610e+01 +8.701506610e+01 +9.4726e-01 -2.1946e+00 -7.5129e-01 +2.5413e+00 +3.5235e+00 -1.8976e+00 +1.1469e+00 +1.1992e+00 +1.0097e+00 -2.9949e+00
429 0 +1.112393484e+02 +7.193934843e+01 +7.193934843e+01 -1.5476e-01 -2.2856e+00 +2.4216e+00 +5.2016e-01 +8.6929e-01 -3.0075e+00 +3.2503e+00 +2.7379e+00 +2.6156e+00 -3.4658e+00
544 0 +7.348480891e+01 +3.418480891e+01 +3.418480891e+01 -1.4469e+00 -7.1703e-01 +2.2761e+00 +1.4404e+00 +3.3550e-01 -2.9743e+00 +2.3230e+00 +2.5274e+00 +1.3048e+00 -3.6703e+00
618 0 +6.920067629e+01 +2.990067629e+01 +2.990067629e+01 -2.5164e+00 -2.0045e+00 +2.7575e+00 +3.3503e+00 -7.5873e-01 -2.0047e+00 +2.6775e+00 +1.9840e+00 +1.0660e+00 -2.9647e+00
1103 0 +5.893145715e+01 +1.963145715e+01 +1.963145715e+01 -2.6728e+00 -5.3042e-01 +3.0430e+00 +2.8055e+00 -1.1059e-01 -2.5712e+00 +4.1148e+00 +1.6507e+00 +2.3316e+00 -3.3740e+00
1384 0 +5.263120669e+01 +1.333120669e+01 +1.333120669e+01 -9.9361e-01 -3.0490e+00 +2.3716e+00 +4.0027e+00 +1.0566e+00 -2.9304e+00 +2.6943e+00 +2.0537e+00 +2.1899e+00 -3.6842e+00
1581 0 +2.738826424e+01 -1.191173576e+01 -1.191173576e+01 -2.6505e+00 -2.0385e+00 +3.6835e+00 +4.0798e+00 +1.5278e+00 -2.4055e+00 +3.5460e+00 +2.0701e+00 +1.7832e+00 -3.0638e+00
% f evaluations | g evaluations | best noise-free fitness - Fopt (4.296000000000e+01) + sum g_i+ | measured fitness | best measured fitness or single-digit g-values | x1 | x2...
1 0 +2.404897802e+02 +2.834497802e+02 +2.834497802e+02 +5.9671e-01 -3.8264e-02 +7.4769e-01 +1.6230e+00 -1.3415e-01 -1.3414e-01 +1.6792e+00 +8.6743e-01 -3.6947e-01 +6.4256e-01
4 0 +1.748878659e+02 +2.178478659e+02 +2.178478659e+02 -5.0171e-01 +1.9523e+00 +8.6503e-02 -9.5771e-01 +9.2254e-01 -1.1208e+00 +3.0886e-01 -1.8597e+00 -1.2282e+00 +2.9686e-01
10 0 +1.701154667e+02 +2.130754667e+02 +2.130754667e+02 +1.9708e-01 +1.0686e+00 -6.0205e-01 -2.2766e-01 -2.9211e-01 -1.3635e+00 +3.9612e-01 +3.6106e-01 +1.0511e-01 -1.3459e-01
25 0 +1.498577471e+02 +1.928177471e+02 +1.928177471e+02 -6.9252e-01 -1.4736e-02 +6.0499e-01 +9.6576e-01 -1.1003e+00 -2.3450e-01 -3.7495e-01 -5.5333e-01 +1.8655e+00 +5.0498e-01
49 0 +1.182255531e+02 +1.611855531e+02 +1.611855531e+02 -2.7918e-02 -8.5554e-01 -1.5064e+00 +3.0346e-01 -6.5635e-01 -1.3223e+00 -5.4657e-01 -9.8155e-01 +1.7871e+00 +9.8164e-01
52 0 +1.081689319e+02 +1.511289319e+02 +1.511289319e+02 +5.1123e-01 -7.8321e-01 -3.4027e+00 +4.5673e-01 +8.2634e-01 -2.2845e+00 +1.3840e+00 -3.1212e+00 +1.6009e+00 +8.9630e-01
81 0 +1.074521516e+02 +1.504121516e+02 +1.504121516e+02 -1.4009e+00 +1.6445e+00 -1.2520e+00 -1.0588e-01 +3.5759e-01 -1.9278e+00 -4.8377e-02 -9.1979e-01 +1.4510e+00 +1.2522e+00
156 0 +9.960876189e+01 +1.425687619e+02 +1.425687619e+02 -2.5019e+00 -1.3490e+00 -1.2702e+00 -9.3679e-01 +9.7278e-01 -3.3166e+00 -9.5243e-01 -1.9202e+00 +1.4454e+00 -3.8915e-01
367 0 +8.947337681e+01 +1.324333768e+02 +1.324333768e+02 +1.4567e+00 +5.8123e-01 -3.7159e+00 +1.0473e+00 +1.3864e+00 -4.2167e+00 +1.4500e-01 -2.6743e+00 +1.8579e+00 +7.3044e-01
378 0 +7.428914449e+01 +1.172491445e+02 +1.172491445e+02 +2.3239e+00 +2.7353e+00 -4.2241e+00 +8.8698e-01 +8.1103e-01 -2.5619e+00 +6.1301e-01 -1.3121e+00 +2.2470e+00 +5.8157e-01
726 0 +7.226389629e+01 +1.152238963e+02 +1.152238963e+02 +1.3464e+00 +2.1487e+00 -2.6773e+00 +3.1881e-01 +4.7645e-01 -3.1869e+00 +3.1088e-01 -1.6293e+00 +1.4710e+00 +9.4511e-01
756 0 +7.052979149e+01 +1.134897915e+02 +1.134897915e+02 -3.6014e-01 +1.5899e+00 -1.8805e+00 -2.4877e-01 +3.0899e-01 -2.7621e+00 -5.3327e-01 -1.6901e+00 +1.1982e+00 +5.1034e-01
772 0 +6.776417648e+01 +1.107241765e+02 +1.107241765e+02 +1.7498e+00 +3.4789e+00 -2.6884e+00 +5.0012e-01 +1.9333e+00 -3.3800e+00 +4.2152e-01 -1.5523e+00 +1.8395e+00 +9.6907e-01
962 0 +6.756017186e+01 +1.105201719e+02 +1.105201719e+02 +1.4428e+00 +2.7310e+00 -1.9343e+00 -3.3314e-01 +2.5696e+00 -2.6262e+00 +1.5487e-01 -1.5629e+00 +1.4036e+00 +1.3283e+00
1016 0 +6.626576282e+01 +1.092257628e+02 +1.092257628e+02 +2.0270e+00 +3.5580e+00 -2.0267e+00 +1.0589e+00 +1.3324e+00 -3.3167e+00 +1.7330e-01 -1.9544e+00 +1.8482e+00 +7.1154e-01
1157 0 +6.242340864e+01 +1.053834086e+02 +1.053834086e+02 +2.5079e+00 +2.4572e+00 -4.2262e+00 -9.9620e-02 +1.0649e+00 -4.8339e+00 -2.3910e-01 -1.6214e+00 +2.2672e+00 +2.4525e-01
1244 0 +5.726404292e+01 +1.002240429e+02 +1.002240429e+02 +1.6107e+00 +1.7180e+00 -1.8917e+00 +3.8085e-01 +8.8162e-01 -2.7149e+00 -4.5390e-01 -1.7105e+00 +1.6150e+00 +8.7765e-01
1611 0 +5.712337444e+01 +1.000833744e+02 +1.000833744e+02 +1.2720e+00 +2.5756e+00 -1.0397e+00 +9.2840e-01 +1.5088e+00 -2.8443e+00 -8.2988e-01 -1.5545e+00 +1.1154e+00 +6.7075e-01
1647 0 +2.281319656e+01 +6.577319656e+01 +6.577319656e+01 +1.4393e+00 +2.6322e+00 -1.8577e+00 +3.0130e-01 +1.0608e+00 -3.2595e+00 -7.9780e-01 -1.5619e+00 +2.2532e+00 +5.5156e-01
% f evaluations | g evaluations | best noise-free fitness - Fopt (2.842200000000e+02) + sum g_i+ | measured fitness | best measured fitness or single-digit g-values | x1 | x2...
1 0 +4.836151911e+02 +7.678351911e+02 +7.678351911e+02 +5.9671e-01 -3.8264e-02 +7.4769e-01 +1.6230e+00 -1.3415e-01 -1.3414e-01 +1.6792e+00 +8.6743e-01 -3.6947e-01 +6.4256e-01
2 0 +3.271274530e+02 +6.113474530e+02 +6.113474530e+02 -3.6342e-01 -3.6573e-01 +3.4196e-01 -1.8133e+00 -1.6249e+00 -4.6229e-01 -9.1283e-01 +4.1425e-01 -8.0802e-01 -1.3123e+00
36 0 +2.907507407e+02 +5.749707407e+02 +5.749707407e+02 +4.1091e-01 +1.5754e+00 +9.5766e-01 -5.9939e-02 +8.0984e-02 -9.0253e-01 +8.1487e-02 -1.8866e-01 +4.2272e-01 -7.2723e-01
54 0 +2.561196368e+02 +5.403396368e+02 +5.403396368e+02 +4.6083e-01 +5.3367e-02 -6.1869e-01 -8.0714e-01 +1.4128e+00 -2.3012e+00 +1.8717e+00 -2.8511e-01 +2.3780e+00 -1.0845e+00
55 0 +2.124000415e+02 +4.966200415e+02 +4.966200415e+02 -3.6742e-01 -8.3890e-02 +3.8313e-01 +1.8302e+00 +6.0238e-01 -1.5668e+00 +4.3985e-02 +4.4384e-02 +2.2262e+00 -2.1844e+00
65 0 +1.643519085e+02 +4.485719085e+02 +4.485719085e+02 -5.7311e-01 +1.2507e+00 +2.9882e-01 +3.7331e-01 -6.5361e-01 -1.4099e+00 +1.6960e+00 +3.8092e-01 +2.0257e-01 -2.5773e+00
133 0 +1.538177905e+02 +4.380377905e+02 +4.380377905e+02 -1.0970e+00 +1.3853e+00 -3.1063e-01 -4.4434e-01 -1.0372e-01 -8.2937e-01 +3.7368e+00 +2.1092e+00 +1.4564e+00 -2.8390e+00
282 0 +1.256627768e+02 +4.098827768e+02 +4.098827768e+02 -2.1941e-01 +1.9773e+00 +4.0731e-01 +1.6738e+00 +2.7804e+00 -4.9592e+00 +2.8543e+00 -1.4023e-01 +1.9203e+00 -2.2233e+00
283 0 +9.303311992e+01 +3.772531199e+02 +3.772531199e+02 -4.0037e+00 -9.7637e-01 +2.1737e+00 +2.9190e+00 +1.1531e+00 -2.9698e+00 +2.9558e+00 +2.1138e-01 +1.1625e+00 -2.2308e+00
381 0 +9.057515870e+01 +3.747951587e+02 +3.747951587e+02 -4.3240e+00 +1.5804e+00 -2.8533e-01 +3.6669e+00 +2.9451e-01 -2.8950e+00 +3.4495e+00 +3.4482e-01 +1.2520e+00 -2.1951e+00
611 0 +8.503407421e+01 +3.692540742e+02 +3.692540742e+02 -3.9604e+00 -1.0315e+00 +8.7766e-01 +2.5196e+00 +1.9315e+00 -3.5106e+00 +3.4954e+00 +1.2794e+00 +1.4110e+00 -3.4839e+00
643 0 +8.001871297e+01 +3.642387130e+02 +3.642387130e+02 +1.2940e+00 +3.8469e-01 -1.9593e+00 +2.4430e-01 +1.2109e+00 -4.5859e+00 +3.4879e+00 +2.1799e+00 -1.7107e-01 -2.8636e+00
675 0 +7.762454419e+01 +3.618445442e+02 +3.618445442e+02 -3.0724e+00 +6.7768e-01 -1.5202e+00 +2.8495e+00 +2.6483e+00 -4.8403e+00 +2.8925e+00 +2.1547e+00 +2.9283e-01 -3.0982e+00
741 0 +6.652439157e+01 +3.507443916e+02 +3.507443916e+02 -3.9549e+00 -2.2777e+00 -2.6098e-01 +2.9547e-01 +1.9640e+00 -3.9778e+00 +3.8544e+00 +2.2143e+00 -2.1181e-01 -2.2805e+00
893 0 +6.454854045e+01 +3.487685405e+02 +3.487685405e+02 -3.0553e+00 -2.2723e+00 -1.1704e+00 +3.3449e+00 +1.0739e+00 -3.4899e+00 +2.5201e+00 +1.3716e+00 +1.0643e+00 -2.5750e+00
932 0 +5.907345978e+01 +3.432934598e+02 +3.432934598e+02 -2.1742e+00 -1.1269e+00 -8.9073e-01 +2.7052e+00 +1.7652e+00 -3.3681e+00 +2.5193e+00 +1.8370e+00 +1.4346e+00 -3.1527e+00
1401 0 +5.373117277e+01 +3.379511728e+02 +3.379511728e+02 -1.0295e+00 -1.2354e+00 -1.8752e+00 +2.9055e+00 +1.8692e+00 -4.9976e+00 +2.8234e+00 +1.3497e+00 +1.3412e+00 -2.4029e+00
1606 0 +5.108393684e+01 +3.353039368e+02 +3.353039368e+02 +6.6167e-01 -9.4602e-02 -2.3145e+00 +3.5048e+00 +1.2772e+00 -4.0301e+00 +2.8396e+00 +9.1115e-01 +9.9821e-01 -2.9157e+00
1728 0 +4.889896728e+01 +3.331189673e+02 +3.331189673e+02 -1.0539e+00 +4.9933e-03 -2.4826e+00 +2.9246e+00 +1.1932e+00 -3.5439e+00 +3.3170e+00 +6.3455e-01 +1.0347e+00 -2.8461e+00
1868 0 +4.816586345e+01 +3.323858635e+02 +3.323858635e+02 -1.0744e+00 -2.6186e-01 -1.8201e+00 +2.9647e+00 +2.3215e+00 -4.1116e+00 +3.4136e+00 +7.1329e-01 +9.2237e-01 -2.8472e+00
2141 0 +4.610336019e+01 +3.303233602e+02 +3.303233602e+02 -1.0308e+00 -1.8263e-01 -2.4867e+00 +2.2237e+00 +1.3901e+00 -3.9781e+00 +2.9299e+00 +1.3169e+00 +1.2610e+00 -2.7526e+00
% f evaluations | g evaluations | best noise-free fitness - Fopt (-3.217000000000e+01) + sum g_i+ | measured fitness | best measured fitness or single-digit g-values | x1 | x2...
1 0 +4.903995418e+02 +4.582295418e+02 +4.582295418e+02 +5.9671e-01 -3.8264e-02 +7.4769e-01 +1.6230e+00 -1.3415e-01 -1.3414e-01 +1.6792e+00 +8.6743e-01 -3.6947e-01 +6.4256e-01
2 0 +2.074713183e+02 +1.753013183e+02 +1.753013183e+02 -3.6342e-01 -3.6573e-01 +3.4196e-01 -1.8133e+00 -1.6249e+00 -4.6229e-01 -9.1283e-01 +4.1425e-01 -8.0802e-01 -1.3123e+00
5 0 +2.037961041e+02 +1.716261041e+02 +1.716261041e+02 +8.3847e-01 +2.7137e-01 -1.5648e-02 -2.0110e-01 -1.3785e+00 -6.1984e-01 -3.6064e-01 +1.1571e+00 +4.4362e-01 -1.6630e+00
14 0 +1.999374935e+02 +1.677674935e+02 +1.677674935e+02 -1.4507e+00 +1.6856e-01 -9.6230e-01 +5.7359e-01 -8.1942e-01 +1.6499e+00 -6.8325e-01 -2.2206e-01 +9.1352e-01 -1.1309e+00
51 0 +1.788098998e+02 +1.466398998e+02 +1.466398998e+02 -3.2651e-01 +1.0111e+00 +1.6757e-01 +3.2611e-01 -1.3376e+00 +2.1598e+00 -8.1421e-01 -1.4491e-01 +1.9925e+00 -3.4100e+00
59 0 +1.487152211e+02 +1.165452211e+02 +1.165452211e+02 +3.2688e-01 +3.7484e-01 +1.3704e+00 +3.7843e-01 -3.0798e+00 +9.9869e-01 -7.8596e-01 +2.1614e+00 -1.4331e-02 -7.3566e-01
115 0 +1.453942594e+02 +1.132242594e+02 +1.132242594e+02 +3.3104e-01 +5.9622e-01 +2.9874e+00 -7.6524e-01 -3.9574e+00 +1.8163e-01 -6.8180e-01 +2.9406e+00 +2.8224e+00 -2.1124e+00
118 0 +1.377197038e+02 +1.055497038e+02 +1.055497038e+02 +7.7207e-02 -1.0880e+00 -9.2880e-01 -1.4688e+00 -1.2248e+00 +1.4294e-01 -8.8539e-01 +3.0135e+00 +3.0837e+00 -3.1153e+00
120 0 +1.363573495e+02 +1.041873495e+02 +1.041873495e+02 +2.3428e+00 +2.7284e-02 +1.1391e+00 +2.3582e+00 -4.3118e+00 +7.0611e-03 -2.7933e+00 +2.3016e+00 +4.3786e-01 -2.3867e+00
130 0 +1.332443592e+02 +1.010743592e+02 +1.010743592e+02 -6.8857e-01 -1.9231e+00 -1.6769e+00 -1.2174e+00 -3.4347e+00 +1.0811e+00 -1.3673e+00 +3.4259e+00 +1.2229e-01 -2.3451e+00
225 0 +1.219164048e+02 +8.974640480e+01 +8.974640480e+01 +1.9299e-01 +8.2767e-01 +1.2114e+00 -6.4387e-01 -4.4921e+00 +2.0115e+00 -2.8412e-01 +3.3628e+00 +2.4236e+00 -4.2211e+00
256 0 +1.064941354e+02 +7.432413540e+01 +7.432413540e+01 -2.7987e+00 -2.6062e+00 +1.7157e+00 +1.1273e+00 -3.7228e+00 +2.7095e+00 +8.5286e-01 +2.9753e+00 +1.3881e+00 -3.6326e+00
320 0 +6.070706265e+01 +2.853706265e+01 +2.853706265e+01 +3.6215e-01 +8.4647e-02 -1.1085e+00 -7.1624e-02 -4.2261e+00 +6.4738e-01 -4.2792e-01 +2.9299e+00 +2.4204e+00 -3.1015e+00
929 0 +5.402357848e+01 +2.185357848e+01 +2.185357848e+01 +3.5180e-01 +1.0940e+00 -6.7689e-02 -1.1136e-01 -4.1171e+00 +1.2192e-01 -3.4476e-01 +3.0486e+00 +1.7660e+00 -3.0161e+00
1262 0 +5.351858538e+01 +2.134858538e+01 +2.134858538e+01 +3.6089e-01 +2.7100e+00 +2.0298e+00 -6.7716e-01 -3.1619e+00 +1.1716e+00 -8.7221e-01 +3.8998e+00 +1.3616e+00 -2.5095e+00
1985 0 +5.146367643e+01 +1.929367643e+01 +1.929367643e+01 +6.5396e-01 +9.3003e-01 +1.8599e+00 -1.5992e-01 -3.8080e+00 +5.5984e-01 -2.9326e-01 +2.5980e+00 +2.0441e+00 -3.1097e+00
2209 0 +4.575810106e+01 +1.358810106e+01 +1.358810106e+01 +1.4608e+00 +3.1477e-01 +1.9098e+00 -1.9836e-01 -3.1248e+00 +1.6445e+00 -7.0387e-01 +2.0964e+00 +1.6993e+00 -2.6667e+00
% f evaluations | g evaluations | best noise-free fitness - Fopt (-5.858000000000e+01) + sum g_i+ | measured fitness | best measured fitness or single-digit g-values | x1 | x2...
1 0 +6.314286158e+02 +5.728486158e+02 +5.728486158e+02 +5.9671e-01 -3.8264e-02 +7.4769e-01 +1.6230e+00 -1.3415e-01 -1.3414e-01 +1.6792e+00 +8.6743e-01 -3.6947e-01 +6.4256e-01
2 0 +4.752561908e+02 +4.166761908e+02 +4.166761908e+02 -3.6342e-01 -3.6573e-01 +3.4196e-01 -1.8133e+00 -1.6249e+00 -4.6229e-01 -9.1283e-01 +4.1425e-01 -8.0802e-01 -1.3123e+00
3 0 +4.402688276e+02 +3.816888276e+02 +3.816888276e+02 +1.5656e+00 -1.2578e-01 +1.6753e-01 -1.3247e+00 -4.4438e-01 +2.1092e-01 -1.0510e+00 +4.7570e-01 -5.0064e-01 -1.9169e-01
5 0 +3.897761269e+02 +3.311961269e+02 +3.311961269e+02 +8.3847e-01 +2.7137e-01 -1.5648e-02 -2.0110e-01 -1.3785e+00 -6.1984e-01 -3.6064e-01 +1.1571e+00 +4.4362e-01 -1.6630e+00
25 0 +3.692683720e+02 +3.106883720e+02 +3.106883720e+02 -6.9252e-01 -1.4736e-02 +6.0499e-01 +9.6576e-01 -1.1003e+00 -2.3450e-01 -3.7495e-01 -5.5333e-01 +1.8655e+00 +5.0498e-01
56 0 +3.145206540e+02 +2.559406540e+02 +2.559406540e+02 +6.5535e-01 +9.0161e-01 +2.7340e-01 +1.1381e+00 -2.0139e+00 -1.7602e+00 -1.0732e+00 -2.6147e-01 -3.3876e-01 +1.0565e+00
58 0 +1.759015231e+02 +1.173215231e+02 +1.173215231e+02 +1.4347e+00 +1.5740e-01 -1.1624e+00 +1.2236e+00 -1.7975e+00 -1.9758e+00 -2.6230e+00 +1.6775e+00 +4.3358e-01 +5.1348e-01
172 0 +1.743929136e+02 +1.158129136e+02 +1.158129136e+02 +1.4517e+00 -2.6396e+00 -1.6357e-01 +1.8847e+00 -2.2762e+00 -2.8480e+00 -3.1185e+00 +3.1823e-01 +2.0984e+00 +2.3521e+00
214 0 +1.247902735e+02 +6.621027352e+01 +6.621027352e+01 -6.3317e-01 -2.9569e+00 +2.0075e+00 -1.6567e-01 -2.7623e+00 -3.8174e+00 -3.1173e+00 +3.1444e+00 +1.4005e+00 +1.4284e+00
287 0 +9.577613852e+01 +3.719613852e+01 +3.719613852e+01 +7.5606e-01 -1.5842e+00 -6.5202e-01 -2.3058e+00 -3.6214e+00 -4.4938e+00 -3.1518e+00 +2.7053e+00 +3.3867e+00 +1.3780e+00
452 0 +9.217173837e+01 +3.359173837e+01 +3.359173837e+01 +1.4366e+00 -8.3358e-01 +2.4180e+00 +3.1308e+00 -2.8988e+00 -3.1147e+00 -2.6381e+00 +2.3867e+00 +2.9671e+00 +5.7645e-01
613 0 +8.944586048e+01 +3.086586048e+01 +3.086586048e+01 +2.9223e+00 -2.7893e+00 +1.7480e+00 +1.8954e+00 -3.6279e+00 -4.9958e+00 -1.3533e+00 +3.7970e+00 +3.5226e+00 +1.3324e+00
616 0 +8.914050951e+01 +3.056050951e+01 +3.056050951e+01 +1.8591e+00 -1.6173e+00 +1.5829e+00 +3.9170e+00 -4.1383e+00 -4.8816e+00 -4.0222e+00 +3.2332e+00 +1.9513e+00 +2.0699e+00
619 0 +7.547345948e+01 +1.689345948e+01 +1.689345948e+01 +1.7229e+00 -2.3769e+00 -4.1318e-01 +1.4514e+00 -2.8336e+00 -3.7396e+00 -2.8844e+00 +2.8539e+00 +1.8994e+00 +1.6031e+00
753 0 +4.179182976e+01 -1.678817024e+01 -1.678817024e+01 +2.4522e+00 -1.8069e+00 +1.0012e+00 +2.6099e+00 -2.5403e+00 -4.3448e+00 -2.2868e+00 +2.8662e+00 +2.2986e+00 +1.3028e+00
2127 0 +4.161576210e+01 -1.696423790e+01 -1.696423790e+01 +8.1203e-01 -2.4741e+00 +1.0564e+00 +1.0393e+00 -4.0656e+00 -4.2454e+00 -3.2585e+00 +3.2391e+00 +3.1369e+00 +9.8361e-01
2143 0 +3.035794444e+01 -2.822205556e+01 -2.822205556e+01 +6.4772e-01 -3.3951e+00 +1.0616e+00 +1.8564e+00 -3.5989e+00 -3.8539e+00 -3.5671e+00 +3.1691e+00 +2.7396e+00 +1.3743e+00
