% f evaluations | g evaluations | best noise-free fitness - Fopt (-6.211100000000e+02) + sum g_i+ | measured fitness | best measured fitness or single-digit g-values | x1 | x2...
1 0 +6.295856703e+07 +6.295794592e+07 +6.295794592e+07 +5.9671e-01 -3.8264e-02 +7.4769e-01 +1.6230e+00 -1.3415e-01
2 0 +2.089017495e+07 +2.088955384e+07 +2.088955384e+07 -1.3414e-01 +1.6792e+00 +8.6743e-01 -3.6947e-01 +6.4256e-01
7 0 +1.510354235e+07 +1.510292124e+07 +1.510292124e+07 -5.0171e-01 +1.9523e+00 +8.6503e-02 -9.5771e-01 +9.2254e-01
37 0 +9.879258948e+06 +9.878637838e+06 +9.878637838e+06 -1.2282e+00 +3.2508e+00 +5.5894e-02 -9.7693e-01 -8.3295e-01
48 0 +8.383994855e+06 +8.383373745e+06 +8.383373745e+06 +5.1362e-01 +3.7093e+00 +1.0235e+00 -1.4513e+00 +8.5282e-02
49 0 +1.181551984e+06 +1.180930874e+06 +1.180930874e+06 -2.0573e+00 +3.9456e+00 -2.3713e-01 -3.9214e+00 -7.2076e-01
67 0 +2.353327748e+05 +2.347116648e+05 +2.347116648e+05 -1.4600e+00 +4.0900e+00 +3.0142e-01 -3.6784e+00 -5.0855e-01
193 0 +1.170250845e+05 +1.164039745e+05 +1.164039745e+05 -1.1549e+00 +3.8992e+00 -5.3333e-01 -3.3742e+00 -1.0660e+00
332 0 +9.203508809e+04 +9.141397809e+04 +9.141397809e+04 -9.3231e-01 +4.0552e+00 -1.1214e+00 -3.6619e+00 -1.2327e+00
339 0 +7.999273192e+04 +7.937162192e+04 +7.937162192e+04 -1.0219e+00 +4.1430e+00 -1.3000e+00 -3.5441e+00 -1.4561e+00
342 0 +2.539365219e+04 +2.477254219e+04 +2.477254219e+04 -9.6482e-01 +4.2000e+00 -3.7207e-01 -3.7154e+00 -8.6839e-01
393 0 +2.373134060e+04 +2.311023060e+04 +2.311023060e+04 -9.6195e-01 +4.3215e+00 -1.2746e+00 -3.3369e+00 -1.3691e+00
397 0 +1.483478895e+04 +1.421367895e+04 +1.421367895e+04 -1.0826e+00 +4.1518e+00 -4.0247e-01 -3.6442e+00 -8.6833e-01
439 0 +9.258090000e+03 +8.636980000e+03 +8.636980000e+03 -1.1405e+00 +4.3321e+00 -1.7280e+00 -3.1431e+00 -1.4969e+00
503 0 +8.570188396e+02 +2.359088396e+02 +2.359088396e+02 -9.1997e-01 +4.0076e+00 +1.1763e-01 -3.7580e+00 -5.2857e-01
826 0 +7.631965645e+02 +1.420865645e+02 +1.420865645e+02 -1.0481e+00 +4.2039e+00 -8.1610e-01 -3.4925e+00 -1.0188e+00
837 0 +2.731214247e+02 -3.479885753e+02 -3.479885753e+02 -1.0396e+00 +4.2339e+00 -1.0368e+00 -3.4581e+00 -1.1007e+00
966 0 +9.913401837e+01 -5.219759816e+02 -5.219759816e+02 -9.6546e-01 +4.0895e+00 -3.2792e-01 -3.6545e+00 -7.4229e-01
1057 0 +1.379884116e+01 -6.073111588e+02 -6.073111588e+02 -9.7683e-01 +4.1146e+00 -4.4323e-01 -3.6203e+00 -7.8694e-01
1092 0 +2.144213454e+00 -6.189657865e+02 -6.189657865e+02 -9.4845e-01 +4.0689e+00 -2.1226e-01 -3.6859e+00 -6.6999e-01
1237 0 +1.741576088e+00 -6.193684239e+02 -6.193684239e+02 -1.0085e+00 +4.1602e+00 -6.7497e-01 -3.5504e+00 -9.1503e-01
% f evaluations | g evaluations | best noise-free fitness - Fopt (-2.548200000000e+02) + sum g_i+ | measured fitness | best measured fitness or single-digit g-values | x1 | x2...
1 0 +2.060599199e+08 +2.060596651e+08 +2.060596651e+08 +5.9671e-01 -3.8264e-02 +7.4769e-01 +1.6230e+00 -1.3415e-01
2 0 +1.513481424e+08 +1.513478876e+08 +1.513478876e+08 -1.3414e-01 +1.6792e+00 +8.6743e-01 -3.6947e-01 +6.4256e-01
3 0 +5.728677059e+07 +5.728651577e+07 +5.728651577e+07 -3.6342e-01 -3.6573e-01 +3.4196e-01 -1.8133e+00 -1.6249e+00
5 0 +5.675491743e+07 +5.675466261e+07 +5.675466261e+07 +1.5656e+00 -1.2578e-01 +1.6753e-01 -1.3247e+00 -4.4438e-01
9 0 +4.439723027e+07 +4.439697545e+07 +4.439697545e+07 +8.3847e-01 +2.7137e-01 -1.5648e-02 -2.0110e-01 -1.3785e+00
15 0 +2.433816084e+07 +2.433790602e+07 +2.433790602e+07 +4.6140e-01 +1.6380e+00 +6.4174e-02 +1.6646e+00 -2.5197e+00
26 0 +1.670903491e+07 +1.670878009e+07 +1.670878009e+07 +1.5921e+00 +1.0245e+00 -2.8946e+00 -5.7169e-01 -3.3571e+00
31 0 +1.430261893e+07 +1.430236411e+07 +1.430236411e+07 +1.3873e+00 +2.9430e-01 -6.7436e-01 -1.8364e+00 -3.7540e+00
35 0 +9.161572134e+06 +9.161317314e+06 +9.161317314e+06 +1.4240e+00 +1.7416e+00 -1.6144e+00 -4.5843e-01 -2.7546e+00
37 0 +6.061528469e+06 +6.061273649e+06 +6.061273649e+06 +2.6384e+00 +2.6617e+00 -2.0654e+00 -1.0117e+00 -2.3619e+00
43 0 +4.076095606e+06 +4.075840786e+06 +4.075840786e+06 +2.5847e+00 +3.0144e+00 -1.6608e+00 +3.7953e-01 -3.1976e+00
97 0 +2.404083511e+06 +2.403828691e+06 +2.403828691e+06 +2.8285e+00 +4.5560e+00 +1.1404e+00 -5.9812e-01 -3.2611e+00
134 0 +1.181247985e+06 +1.180993165e+06 +1.180993165e+06 +3.7500e+00 +2.7465e+00 -5.1938e-01 -1.7152e-01 -3.2583e+00
172 0 +6.115813164e+05 +6.113264964e+05 +6.113264964e+05 +3.5617e+00 +3.9197e+00 -4.8232e-01 -1.0316e+00 -3.3270e+00
245 0 +5.451563096e+05 +5.449014896e+05 +5.449014896e+05 +3.3470e+00 +3.9657e+00 -5.7903e-01 -4.3759e-01 -3.0087e+00
255 0 +4.064778653e+05 +4.062230453e+05 +4.062230453e+05 +3.8403e+00 +4.4067e+00 -3.9862e-01 -9.8120e-01 -2.4246e+00
267 0 +2.467022477e+05 +2.464474277e+05 +2.464474277e+05 +2.7745e+00 +3.3149e+00 +2.3600e-01 +3.8355e-01 -3.8406e+00
270 0 +1.079298286e+05 +1.076750086e+05 +1.076750086e+05 +3.5912e+00 +3.7103e+00 -1.0664e-01 -4.4412e-01 -2.8112e+00
307 0 +9.971407362e+04 +9.945925362e+04 +9.945925362e+04 +3.9749e+00 +3.7900e+00 -2.9260e-01 -1.1977e+00 -1.6364e+00
334 0 +7.081769196e+04 +7.056287196e+04 +7.056287196e+04 +4.4753e+00 +4.1273e+00 -4.6159e-01 -1.3234e+00 -1.2629e+00
362 0 +6.557190131e+04 +6.531708131e+04 +6.531708131e+04 +4.5530e+00 +3.9164e+00 -4.8014e-01 -1.5598e+00 -1.5656e+00
389 0 +6.147625203e+04 +6.122143203e+04 +6.122143203e+04 +3.8023e+00 +3.8522e+00 -4.0831e-01 -1.1721e+00 -2.1595e+00
397 0 +4.827794491e+04 +4.802312491e+04 +4.802312491e+04 +3.6815e+00 +3.7395e+00 -8.2505e-02 -9.0993e-01 -2.2007e+00
420 0 +2.423991718e+04 +2.398509718e+04 +2.398509718e+04 +3.4616e+00 +3.7506e+00 -1.2719e-03 -8.0695e-01 -2.6789e+00
423 0 +2.664746785e+03 +2.409926785e+03 +2.409926785e+03 +4.6286e+00 +4.1355e+00 -3.2688e-01 -1.5790e+00 -1.3001e+00
567 0 +2.446743627e+03 +2.191923627e+03 +2.191923627e+03 +4.4831e+00 +4.0200e+00 -3.0588e-01 -1.4643e+00 -1.4950e+00
604 0 +1.595410771e+03 +1.340590771e+03 +1.340590771e+03 +4.1240e+00 +3.9136e+00 -2.1927e-01 -1.1779e+00 -2.0320e+00
628 0 +1.342811321e+03 +1.087991321e+03 +1.087991321e+03 +3.9656e+00 +3.8116e+00 -1.6421e-01 -1.0577e+00 -2.2274e+00
669 0 +6.169560654e+02 +3.621360654e+02 +3.621360654e+02 +4.2516e+00 +3.9826e+00 -3.1253e-01 -1.3131e+00 -1.8063e+00
675 0 +3.141659572e+02 +5.934595721e+01 +5.934595721e+01 +3.7936e+00 +3.7819e+00 -1.4757e-01 -9.7435e-01 -2.4438e+00
686 0 +9.962443367e+01 -1.551955663e+02 -1.551955663e+02 +3.9987e+00 +3.8527e+00 -2.2064e-01 -1.1318e+00 -2.1480e+00
790 0 +3.831013012e+01 -2.165098699e+02 -2.165098699e+02 +4.1847e+00 +3.9309e+00 -2.6722e-01 -1.2537e+00 -1.9038e+00
894 0 +2.410763103e+01 -2.307123690e+02 -2.307123690e+02 +3.9370e+00 +3.8290e+00 -1.8853e-01 -1.0789e+00 -2.2355e+00
1118 0 +1.519410270e+01 -2.396258973e+02 -2.396258973e+02 +3.6581e+00 +3.7176e+00 -8.4545e-02 -8.7535e-01 -2.6102e+00
1130 0 +5.808777736e+00 -2.490112223e+02 -2.490112223e+02 +3.8070e+00 +3.7858e+00 -1.4286e-01 -9.8643e-01 -2.4080e+00
1193 0 +1.180594164e+00 -2.536394058e+02 -2.536394058e+02 +3.7610e+00 +3.7685e+00 -1.2588e-01 -9.5649e-01 -2.4640e+00
% f evaluations | g evaluations | best noise-free fitness - Fopt (5.661000000000e+01) + sum g_i+ | measured fitness | best measured fitness or single-digit g-values | x1 | x2...
1 0 +1.147509330e+08 +1.147509896e+08 +1.147509896e+08 +5.9671e-01 -3.8264e-02 +7.4769e-01 +1.6230e+00 -1.3415e-01
3 0 +1.092767143e+08 +1.092767709e+08 +1.092767709e+08 -3.6342e-01 -3.6573e-01 +3.4196e-01 -1.8133e+00 -1.6249e+00
4 0 +6.243383747e+07 +6.243389408e+07 +6.243389408e+07 -4.6229e-01 -9.1283e-01 +4.1425e-01 -8.0802e-01 -1.3123e+00
10 0 +5.821027387e+07 +5.821033048e+07 +5.821033048e+07 -6.1984e-01 -3.6064e-01 +1.1571e+00 +4.4362e-01 -1.6630e+00
23 0 +5.347471038e+07 +5.347476699e+07 +5.347476699e+07 -1.8188e+00 +7.3486e-02 +1.6023e-01 +2.5632e+00 -9.2361e-02
30 0 +2.545426773e+07 +2.545432434e+07 +2.545432434e+07 -2.7508e+00 -1.2757e+00 +3.3709e-01 +1.6467e-01 -1.1290e+00
32 0 +1.605830366e+07 +1.605836027e+07 +1.605836027e+07 -3.0490e+00 -2.0554e+00 -2.6071e-01 -5.2707e-01 -1.8414e+00
65 0 +1.488365973e+07 +1.488371634e+07 +1.488371634e+07 -2.2309e+00 -4.4232e+00 -4.2199e+00 -2.3762e+00 -2.2401e+00
84 0 +1.383285238e+07 +1.383290899e+07 +1.383290899e+07 -1.0790e+00 -3.4680e+00 -3.8086e+00 +1.5777e+00 +1.8185e+00
94 0 +1.177968406e+07 +1.177974067e+07 +1.177974067e+07 -4.8666e+00 -4.2970e+00 -1.6705e+00 +1.3455e+00 -2.3803e-03
95 0 +5.770630595e+06 +5.770687205e+06 +5.770687205e+06 -2.2524e+00 -2.6075e+00 -4.1946e+00 +1.5851e+00 -4.0270e+00
153 0 +4.737558836e+06 +4.737615446e+06 +4.737615446e+06 -4.7630e+00 -3.2689e+00 -3.7687e+00 +1.2861e+00 -4.5561e+00
179 0 +2.293389402e+06 +2.293446012e+06 +2.293446012e+06 -3.7077e+00 -3.5204e+00 -3.3719e+00 +1.8980e+00 -3.3612e+00
226 0 +1.860062411e+06 +1.860119021e+06 +1.860119021e+06 -3.5759e+00 -4.3527e+00 -3.1326e+00 +1.6256e+00 -2.6822e+00
236 0 +1.619209730e+06 +1.619266340e+06 +1.619266340e+06 -4.1827e+00 -1.2408e+00 -2.8400e+00 +7.0716e-02 -4.1019e+00
253 0 +1.193338510e+06 +1.193395120e+06 +1.193395120e+06 -3.9180e+00 -2.6789e+00 -4.3184e+00 +1.7369e+00 -3.0239e+00
258 0 +2.708620793e+05 +2.709186893e+05 +2.709186893e+05 -4.3767e+00 -1.7940e+00 -3.5625e+00 +4.9932e-01 -3.6794e+00
383 0 +1.309020771e+05 +1.309586871e+05 +1.309586871e+05 -3.7115e+00 -2.7983e+00 -4.2113e+00 +8.4273e-01 -2.4413e+00
415 0 +1.195404084e+05 +1.195970184e+05 +1.195970184e+05 -3.4087e+00 -3.3210e+00 -3.8544e+00 +1.0507e+00 -1.9411e+00
426 0 +1.190768965e+05 +1.191335065e+05 +1.191335065e+05 -3.2592e+00 -3.7216e+00 -4.0522e+00 +1.2600e+00 -2.1879e+00
431 0 +4.680437478e+04 +4.686098478e+04 +4.686098478e+04 -2.9765e+00 -3.4319e+00 -3.7099e+00 +1.2804e+00 -2.0555e+00
445 0 +3.554118583e+04 +3.559779583e+04 +3.559779583e+04 -3.4495e+00 -3.1260e+00 -3.9838e+00 +1.1317e+00 -2.3886e+00
458 0 +3.521543346e+04 +3.527204346e+04 +3.527204346e+04 -3.5366e+00 -2.5902e+00 -3.8997e+00 +1.0091e+00 -2.5613e+00
475 0 +2.970997046e+04 +2.976658046e+04 +2.976658046e+04 -3.5929e+00 -2.7685e+00 -3.7356e+00 +9.8043e-01 -2.6028e+00
501 0 +2.070178858e+04 +2.075839858e+04 +2.075839858e+04 -3.5115e+00 -2.7891e+00 -3.8994e+00 +8.8456e-01 -2.4128e+00
508 0 +9.453519238e+03 +9.510129238e+03 +9.510129238e+03 -3.6720e+00 -2.5233e+00 -3.9537e+00 +7.1488e-01 -2.7390e+00
526 0 +8.392818620e+03 +8.449428620e+03 +8.449428620e+03 -3.0631e+00 -3.4509e+00 -3.8150e+00 +1.1031e+00 -2.1083e+00
542 0 +4.802237236e+03 +4.858847236e+03 +4.858847236e+03 -3.2267e+00 -3.1657e+00 -3.8856e+00 +1.0894e+00 -2.2607e+00
552 0 +3.045682840e+03 +3.102292840e+03 +3.102292840e+03 -3.2386e+00 -3.2979e+00 -3.8991e+00 +1.0477e+00 -2.2899e+00
604 0 +1.125011850e+03 +1.181621850e+03 +1.181621850e+03 -3.1496e+00 -3.3919e+00 -3.9209e+00 +1.1086e+00 -2.1802e+00
648 0 +1.067016028e+03 +1.123626028e+03 +1.123626028e+03 -3.5972e+00 -2.6495e+00 -3.8772e+00 +8.6014e-01 -2.7045e+00
678 0 +2.870768699e+02 +3.436868699e+02 +3.436868699e+02 -3.7054e+00 -2.5017e+00 -3.8703e+00 +7.6938e-01 -2.7912e+00
738 0 +1.277442301e+02 +1.843542301e+02 +1.843542301e+02 -3.6569e+00 -2.5749e+00 -3.8730e+00 +8.0213e-01 -2.7168e+00
802 0 +6.948496472e+01 +1.260949647e+02 +1.260949647e+02 -3.7151e+00 -2.4974e+00 -3.8843e+00 +7.7561e-01 -2.7770e+00
891 0 +5.241394981e+01 +1.090239498e+02 +1.090239498e+02 -3.6343e+00 -2.6048e+00 -3.8779e+00 +8.1619e-01 -2.7064e+00
939 0 +4.028589673e+01 +9.689589673e+01 +9.689589673e+01 -3.7263e+00 -2.4723e+00 -3.8711e+00 +7.6267e-01 -2.7987e+00
961 0 +1.797072811e+01 +7.458072811e+01 +7.458072811e+01 -3.6447e+00 -2.5942e+00 -3.8824e+00 +8.1555e-01 -2.7162e+00
964 0 +1.415229815e+01 +7.076229815e+01 +7.076229815e+01 -3.6414e+00 -2.5909e+00 -3.8850e+00 +8.2088e-01 -2.7121e+00
967 0 +1.208145868e+01 +6.869145868e+01 +6.869145868e+01 -3.6366e+00 -2.6052e+00 -3.8808e+00 +8.1929e-01 -2.7054e+00
989 0 +6.949855044e+00 +6.355985504e+01 +6.355985504e+01 -3.6819e+00 -2.5316e+00 -3.8813e+00 +7.8984e-01 -2.7515e+00
1001 0 +4.684084635e+00 +6.129408463e+01 +6.129408463e+01 -3.6518e+00 -2.5799e+00 -3.8819e+00 +8.0993e-01 -2.7226e+00
1018 0 +3.986553758e+00 +6.059655376e+01 +6.059655376e+01 -3.6607e+00 -2.5665e+00 -3.8812e+00 +8.0616e-01 -2.7319e+00
1091 0 +3.475734734e+00 +6.008573473e+01 +6.008573473e+01 -3.6561e+00 -2.5749e+00 -3.8813e+00 +8.0913e-01 -2.7260e+00
1099 0 +9.249905927e-01 +5.753499059e+01 +5.753499059e+01 -3.7128e+00 -2.4866e+00 -3.8778e+00 +7.7184e-01 -2.7831e+00
1182 0 +7.156270004e-01 +5.732562700e+01 +5.732562700e+01 -3.5992e+00 -2.6596e+00 -3.8873e+00 +8.4476e-01 -2.6682e+00
% f evaluations | g evaluations | best noise-free fitness - Fopt (-1.810000000000e+01) + sum g_i+ | measured fitness | best measured fitness or single-digit g-values | x1 | x2...
1 0 +2.041784572e+07 +2.041782762e+07 +2.041782762e+07 +5.9671e-01 -3.8264e-02 +7.4769e-01 +1.6230e+00 -1.3415e-01
26 0 +5.120413056e+06 +5.120394956e+06 +5.120394956e+06 +1.6250e-02 +1.5227e+00 +1.1032e+00 +2.5063e+00 +1.7972e+00
27 0 +3.072536071e+06 +3.072517971e+06 +3.072517971e+06 -2.2587e-01 +6.4052e-01 +1.9379e+00 +2.5036e+00 +9.6961e-01
52 0 +2.044676621e+06 +2.044658521e+06 +2.044658521e+06 +1.1948e-01 +1.7184e+00 +3.1371e+00 +3.8551e+00 +1.5421e+00
157 0 +2.036072605e+06 +2.036054505e+06 +2.036054505e+06 -1.9065e+00 -1.4232e-02 +3.0364e+00 +2.6031e+00 +1.7468e+00
159 0 +1.337734435e+06 +1.337716335e+06 +1.337716335e+06 -1.6734e+00 +8.3940e-01 +3.7116e+00 +1.7014e+00 +1.1670e+00
164 0 +8.327753358e+05 +8.327572358e+05 +8.327572358e+05 -1.8441e+00 +8.2409e-01 +3.5445e+00 +3.1425e+00 +1.4756e+00
212 0 +8.304160273e+05 +8.303979273e+05 +8.303979273e+05 -1.8048e+00 +8.5339e-01 +3.4459e+00 +3.2896e+00 +1.5820e+00
306 0 +6.476270030e+05 +6.476089030e+05 +6.476089030e+05 -1.1169e+00 +7.5226e-02 +3.0058e+00 +3.3208e+00 +2.3768e+00
319 0 +6.040418674e+05 +6.040237674e+05 +6.040237674e+05 -1.5089e+00 +1.5096e+00 +4.9263e+00 +2.5631e+00 +2.0652e+00
352 0 +1.686486820e+05 +1.686305820e+05 +1.686305820e+05 -7.0792e-01 +4.3071e-01 +2.7554e+00 +3.1717e+00 +1.9636e+00
359 0 +1.311216843e+05 +1.311035843e+05 +1.311035843e+05 -1.1477e+00 +8.3280e-01 +3.3881e+00 +2.7800e+00 +1.7430e+00
397 0 +9.254772780e+04 +9.252962780e+04 +9.252962780e+04 -8.8499e-01 +8.1655e-01 +3.9634e+00 +2.6906e+00 +1.9043e+00
399 0 +8.689078716e+04 +8.687268716e+04 +8.687268716e+04 -7.3479e-01 +5.6191e-01 +2.8809e+00 +3.1543e+00 +2.1226e+00
401 0 +8.613698658e+04 +8.611888658e+04 +8.611888658e+04 -3.6807e-01 +8.6343e-01 +2.4545e+00 +3.5546e+00 +2.3164e+00
409 0 +8.592561439e+04 +8.590751439e+04 +8.590751439e+04 -1.7087e+00 +1.0937e+00 +4.7034e+00 +1.8987e+00 +1.4195e+00
435 0 +3.049173325e+04 +3.047363325e+04 +3.047363325e+04 -5.7690e-01 +7.4408e-01 +2.8890e+00 +3.5980e+00 +2.2578e+00
437 0 +1.527894627e+04 +1.526084627e+04 +1.526084627e+04 -6.9060e-01 +8.0043e-01 +3.2119e+00 +3.3701e+00 +2.0384e+00
543 0 +1.488915702e+04 +1.487105702e+04 +1.487105702e+04 -7.4246e-01 +6.6019e-01 +2.9272e+00 +3.4355e+00 +2.0425e+00
549 0 +5.062618580e+03 +5.044518580e+03 +5.044518580e+03 -7.1717e-01 +7.0638e-01 +3.0311e+00 +3.3981e+00 +2.1098e+00
593 0 +3.503430738e+03 +3.485330738e+03 +3.485330738e+03 -7.0665e-01 +7.3385e-01 +3.1762e+00 +3.2681e+00 +2.0246e+00
609 0 +1.852247945e+03 +1.834147945e+03 +1.834147945e+03 -4.8296e-01 +6.4035e-01 +2.6645e+00 +3.5594e+00 +2.1716e+00
632 0 +8.432271567e+02 +8.251271567e+02 +8.251271567e+02 -5.8790e-01 +6.7764e-01 +2.8278e+00 +3.5076e+00 +2.1386e+00
635 0 +1.394305411e+02 +1.213305411e+02 +1.213305411e+02 -5.5928e-01 +6.8806e-01 +2.7972e+00 +3.5126e+00 +2.1200e+00
757 0 +1.343964315e+02 +1.162964315e+02 +1.162964315e+02 -4.4103e-01 +5.9776e-01 +2.4897e+00 +3.7074e+00 +2.1745e+00
803 0 +2.346541958e+01 +5.365419584e+00 +5.365419584e+00 -3.6564e-01 +5.6090e-01 +2.3133e+00 +3.8060e+00 +2.2132e+00
998 0 +8.935399609e+00 -9.164600391e+00 -9.164600391e+00 -5.9138e-01 +7.0666e-01 +2.8419e+00 +3.4831e+00 +2.1121e+00
1025 0 +5.389840497e+00 -1.271015950e+01 -1.271015950e+01 -5.9809e-01 +7.0899e-01 +2.8645e+00 +3.4715e+00 +2.1087e+00
1097 0 +5.073197039e+00 -1.302680296e+01 -1.302680296e+01 -5.7242e-01 +6.9207e-01 +2.7964e+00 +3.5092e+00 +2.1181e+00
1138 0 +2.268807268e+00 -1.583119273e+01 -1.583119273e+01 -5.6564e-01 +6.8573e-01 +2.7785e+00 +3.5179e+00 +2.1218e+00
1143 0 +5.501554521e-01 -1.754984455e+01 -1.754984455e+01 -5.7713e-01 +6.9288e-01 +2.8086e+00 +3.5022e+00 +2.1174e+00
% f evaluations | g evaluations | best noise-free fitness - Fopt (3.777000000000e+01) + sum g_i+ | measured fitness | best measured fitness or single-digit g-values | x1 | x2...
1 0 +1.208049187e+07 +1.208052964e+07 +1.208052964e+07 +5.9671e-01 -3.8264e-02 +7.4769e-01 +1.6230e+00 -1.3415e-01
2 0 +3.076996096e+05 +3.077373796e+05 +3.077373796e+05 -1.3414e-01 +1.6792e+00 +8.6743e-01 -3.6947e-01 +6.4256e-01
136 0 +2.099783415e+05 +2.100161115e+05 +2.100161115e+05 +2.2316e-01 +1.5402e+00 +2.0353e+00 -1.8576e+00 +4.6749e-01
164 0 +1.196414095e+05 +1.196791795e+05 +1.196791795e+05 +4.8457e-01 +1.9121e+00 +2.0714e+00 -1.5192e+00 +9.7279e-02
289 0 +6.592101557e+04 +6.595878557e+04 +6.595878557e+04 +4.6644e-02 +1.8478e+00 +1.7121e+00 -6.8494e-01 +5.7199e-01
292 0 +1.341030452e+04 +1.344807452e+04 +1.344807452e+04 +5.1775e-02 +1.8631e+00 +1.8037e+00 -1.0490e+00 +6.4154e-01
492 0 +6.886207142e+03 +6.923977142e+03 +6.923977142e+03 -3.8426e-01 +1.9521e+00 +1.1426e+00 -3.9733e-01 +9.6002e-01
500 0 +1.705998525e+03 +1.743768525e+03 +1.743768525e+03 -3.8031e-01 +1.8999e+00 +1.2464e+00 -4.9126e-01 +9.1432e-01
570 0 +5.712435037e+02 +6.090135037e+02 +6.090135037e+02 -5.8988e-01 +1.9532e+00 +9.7180e-01 -2.2217e-01 +1.0188e+00
575 0 +2.881706557e+02 +3.259406557e+02 +3.259406557e+02 -6.3053e-01 +1.9707e+00 +9.1060e-01 -1.2402e-01 +1.0593e+00
713 0 +1.344250242e+02 +1.721950242e+02 +1.721950242e+02 -6.7983e-01 +1.9659e+00 +8.7093e-01 -8.2827e-02 +1.0954e+00
820 0 +1.170883226e+02 +1.548583226e+02 +1.548583226e+02 -1.9203e-01 +1.8492e+00 +1.5072e+00 -7.5790e-01 +7.1816e-01
833 0 +9.840748139e+01 +1.361774814e+02 +1.361774814e+02 -2.6555e-02 +1.8023e+00 +1.7180e+00 -9.7768e-01 +5.8391e-01
905 0 +9.160097446e+01 +1.293709745e+02 +1.293709745e+02 -6.3713e-01 +1.9596e+00 +9.2059e-01 -1.3810e-01 +1.0594e+00
926 0 +4.089674498e+01 +7.866674498e+01 +7.866674498e+01 -5.5670e-01 +1.9425e+00 +1.0148e+00 -2.3340e-01 +1.0125e+00
934 0 +2.786005854e+01 +6.563005854e+01 +6.563005854e+01 -4.0963e-01 +1.9016e+00 +1.2088e+00 -4.4170e-01 +8.9528e-01
985 0 +2.291800775e+01 +6.068800775e+01 +6.068800775e+01 -7.0774e-01 +1.9866e+00 +8.2642e-01 -2.6942e-02 +1.1238e+00
989 0 +6.855666126e+00 +4.462566613e+01 +4.462566613e+01 -6.7227e-01 +1.9763e+00 +8.7402e-01 -7.8457e-02 +1.0975e+00
1158 0 +6.675113334e+00 +4.444511333e+01 +4.444511333e+01 -6.6283e-01 +1.9741e+00 +8.8865e-01 -9.4423e-02 +1.0901e+00
1177 0 +2.402522580e+00 +4.017252258e+01 +4.017252258e+01 -7.2004e-01 +1.9881e+00 +8.1370e-01 -1.7305e-02 +1.1326e+00
1206 0 +1.433865342e+00 +3.920386534e+01 +3.920386534e+01 -6.6090e-01 +1.9723e+00 +8.8973e-01 -9.8722e-02 +1.0884e+00
1229 0 +1.368249456e+00 +3.913824946e+01 +3.913824946e+01 -7.2885e-01 +1.9901e+00 +7.9981e-01 -4.6403e-03 +1.1409e+00
1233 0 +9.482712245e-01 +3.871827122e+01 +3.871827122e+01 -7.3147e-01 +1.9919e+00 +7.9780e-01 -8.4567e-04 +1.1425e+00
% f evaluations | g evaluations | best noise-free fitness - Fopt (-6.325500000000e+02) + sum g_i+ | measured fitness | best measured fitness or single-digit g-values | x1 | x2...
1 0 +3.449806724e+06 +3.449174174e+06 +3.449174174e+06 +5.9671e-01 -3.8264e-02 +7.4769e-01 +1.6230e+00 -1.3415e-01
14 0 +3.081933014e+06 +3.081300464e+06 +3.081300464e+06 +1.4562e+00 +2.7990e-02 +1.1035e+00 +4.6164e-01 -5.4512e-01
27 0 +2.545232758e+06 +2.544600208e+06 +2.544600208e+06 +5.4066e-01 +3.5949e-01 +8.3445e-01 +8.0955e-01 -9.4028e-01
28 0 +2.339808918e+06 +2.339176368e+06 +2.339176368e+06 +6.3858e-01 +4.5418e-01 +1.6352e+00 +7.7134e-02 -4.5969e-01
35 0 +1.883655053e+06 +1.883022503e+06 +1.883022503e+06 +4.7993e-01 +3.9478e-01 +2.2227e+00 +2.9272e-02 -1.2401e+00
60 0 +1.848586542e+06 +1.847953992e+06 +1.847953992e+06 -8.5940e-01 +3.2555e-01 +2.8148e+00 +2.3990e+00 -5.1202e-01
68 0 +1.130147482e+06 +1.129514932e+06 +1.129514932e+06 +1.7010e+00 +4.4003e-01 +3.0339e+00 +3.9080e-01 -1.4622e+00
73 0 +2.121285044e+05 +2.114959544e+05 +2.114959544e+05 -3.0376e-01 +3.6161e-01 +1.9150e+00 +2.4609e+00 -1.6762e+00
161 0 +1.634373902e+05 +1.628048402e+05 +1.628048402e+05 +4.5400e-01 +3.5293e-01 +2.1239e+00 +1.3831e+00 -8.4798e-01
169 0 +2.800061103e+04 +2.736806103e+04 +2.736806103e+04 +2.2649e+00 +1.3604e+00 +2.6095e+00 +4.8320e-01 -8.5870e-01
319 0 +1.290371450e+04 +1.227116450e+04 +1.227116450e+04 +8.7635e-01 +7.8950e-01 +2.2666e+00 +1.2266e+00 -1.0794e+00
365 0 +1.018242011e+04 +9.549870108e+03 +9.549870108e+03 +9.6023e-01 +8.1783e-01 +2.3836e+00 +1.4064e+00 -1.0047e+00
367 0 +6.745067131e+03 +6.112517131e+03 +6.112517131e+03 +3.7789e-02 +3.9934e-01 +2.0890e+00 +1.7568e+00 -1.2491e+00
390 0 +4.790657740e+03 +4.158107740e+03 +4.158107740e+03 +5.9280e-01 +5.8758e-01 +2.2030e+00 +1.5405e+00 -1.1316e+00
436 0 +2.286221378e+03 +1.653671378e+03 +1.653671378e+03 +4.9066e-01 +5.9146e-01 +2.2166e+00 +1.6120e+00 -1.1073e+00
442 0 +6.094337361e+02 -2.311626385e+01 -2.311626385e+01 +4.1761e-01 +5.7323e-01 +2.1890e+00 +1.5827e+00 -1.1291e+00
631 0 +5.231984806e+02 -1.093515194e+02 -1.093515194e+02 +3.4452e-01 +5.1950e-01 +2.1986e+00 +1.6387e+00 -1.1403e+00
685 0 +5.207328257e+02 -1.118171743e+02 -1.118171743e+02 +1.8451e-01 +4.5715e-01 +2.1495e+00 +1.7245e+00 -1.2246e+00
701 0 +2.610465898e+02 -3.715034102e+02 -3.715034102e+02 +1.7661e-01 +4.5795e-01 +2.1583e+00 +1.7408e+00 -1.2272e+00
745 0 +6.122907056e+01 -5.713209294e+02 -5.713209294e+02 +2.7382e-01 +4.9684e-01 +2.1704e+00 +1.6873e+00 -1.1879e+00
798 0 +4.504795405e+01 -5.875020459e+02 -5.875020459e+02 +1.5701e-01 +4.4272e-01 +2.1473e+00 +1.7597e+00 -1.2209e+00
823 0 +2.716651995e+01 -6.053834801e+02 -6.053834801e+02 +9.7124e-02 +4.0891e-01 +2.1336e+00 +1.8075e+00 -1.2463e+00
830 0 +1.191495360e+01 -6.206350464e+02 -6.206350464e+02 -1.4683e-01 +3.0426e-01 +2.0741e+00 +1.9641e+00 -1.3048e+00
1080 0 +1.071117622e+01 -6.218388238e+02 -6.218388238e+02 +1.0117e-01 +4.1074e-01 +2.1351e+00 +1.7998e+00 -1.2428e+00
1110 0 +7.677695725e+00 -6.248723043e+02 -6.248723043e+02 +8.5425e-02 +4.0772e-01 +2.1317e+00 +1.8115e+00 -1.2432e+00
1121 0 +5.219321611e+00 -6.273306784e+02 -6.273306784e+02 +4.5539e-02 +3.8775e-01 +2.1243e+00 +1.8381e+00 -1.2551e+00
1140 0 +3.383800309e+00 -6.291661997e+02 -6.291661997e+02 +1.3235e-01 +4.2558e-01 +2.1436e+00 +1.7812e+00 -1.2294e+00
1173 0 +6.039428409e-01 -6.319460572e+02 -6.319460572e+02 +3.6559e-02 +3.8305e-01 +2.1201e+00 +1.8433e+00 -1.2581e+00
% f evaluations | g evaluations | best noise-free fitness - Fopt (-8.530000000000e+01) + sum g_i+ | measured fitness | best measured fitness or single-digit g-values | x1 | x2...
1 0 +9.502920757e+06 +9.502835457e+06 +9.502835457e+06 +5.9671e-01 -3.8264e-02 +7.4769e-01 +1.6230e+00 -1.3415e-01
4 0 +8.450441538e+06 +8.450356238e+06 +8.450356238e+06 -4.6229e-01 -9.1283e-01 +4.1425e-01 -8.0802e-01 -1.3123e+00
6 0 +6.277541779e+06 +6.277456479e+06 +6.277456479e+06 +2.1092e-01 -1.0510e+00 +4.7570e-01 -5.0064e-01 -1.9169e-01
17 0 +3.830826524e+06 +3.830741224e+06 +3.830741224e+06 -1.1967e-01 +4.5711e-01 +1.5779e+00 -4.1827e-01 -7.0849e-01
27 0 +1.953587292e+06 +1.953501992e+06 +1.953501992e+06 -3.7536e-01 -2.7217e-01 +1.2098e+00 -2.7433e-01 +7.3763e-01
90 0 +7.263635980e+05 +7.262782980e+05 +7.262782980e+05 -4.0658e-01 -1.4662e-01 +2.9405e+00 -6.3085e-01 -1.6157e-01
138 0 +5.626745671e+05 +5.625892671e+05 +5.625892671e+05 -3.5324e-01 -6.3263e-01 +2.5181e+00 -7.5968e-01 +8.0071e-02
153 0 +4.439624869e+05 +4.438771869e+05 +4.438771869e+05 -8.3547e-01 -5.1171e-01 +2.3583e+00 -1.1880e+00 +5.3049e-01
234 0 +3.546361888e+05 +3.545508888e+05 +3.545508888e+05 -4.3846e-01 -9.8882e-01 +3.0243e+00 +7.3891e-01 +6.6506e-01
249 0 +2.647789337e+05 +2.646936337e+05 +2.646936337e+05 -5.0241e-01 -3.2737e-01 +2.8225e+00 +3.7330e-01 +1.3130e-02
268 0 +1.816317317e+05 +1.815464317e+05 +1.815464317e+05 +5.1308e-01 -1.0764e+00 +3.1019e+00 +7.6530e-01 +4.4936e-02
327 0 +4.879661664e+04 +4.871131664e+04 +4.871131664e+04 +1.0059e+00 -2.0029e+00 +3.9373e+00 +1.8780e+00 -3.9201e-01
382 0 +2.271622808e+03 +2.186322808e+03 +2.186322808e+03 -8.4900e-01 -3.1672e-01 +2.5429e+00 -3.8376e-01 +4.9420e-01
622 0 +7.162079040e+02 +6.309079040e+02 +6.309079040e+02 -7.6363e-02 -1.0241e+00 +3.0965e+00 +6.3544e-01 +1.1311e-01
669 0 +2.171314799e+02 +1.318314799e+02 +1.318314799e+02 -2.1150e-01 -8.9484e-01 +2.9916e+00 +4.3026e-01 +1.7759e-01
732 0 +1.724158011e+02 +8.711580108e+01 +8.711580108e+01 -1.9049e-01 -9.2976e-01 +2.9994e+00 +4.5775e-01 +1.8645e-01
748 0 +1.416599239e+02 +5.635992391e+01 +5.635992391e+01 -9.6159e-02 -1.0052e+00 +3.0540e+00 +5.6236e-01 +1.3297e-01
785 0 +7.000885466e+01 -1.529114534e+01 -1.529114534e+01 -1.1762e-01 -9.8351e-01 +3.0528e+00 +5.5751e-01 +1.4659e-01
793 0 +5.966717286e+01 -2.563282714e+01 -2.563282714e+01 -1.0165e-01 -9.9679e-01 +3.0579e+00 +5.7591e-01 +1.4388e-01
818 0 +3.364944325e+01 -5.165055675e+01 -5.165055675e+01 -1.9892e-01 -9.1190e-01 +2.9917e+00 +4.3551e-01 +1.8158e-01
932 0 +1.874304336e+01 -6.655695664e+01 -6.655695664e+01 -2.5177e-01 -8.5715e-01 +2.9617e+00 +3.6585e-01 +2.0908e-01
956 0 +4.257539280e+00 -8.104246072e+01 -8.104246072e+01 -1.0048e-01 -9.9976e-01 +3.0575e+00 +5.6946e-01 +1.4108e-01
% f evaluations | g evaluations | best noise-free fitness - Fopt (1.719500000000e+02) + sum g_i+ | measured fitness | best measured fitness or single-digit g-values | x1 | x2...
1 0 +3.973932257e+07 +3.973949452e+07 +3.973949452e+07 +5.9671e-01 -3.8264e-02 +7.4769e-01 +1.6230e+00 -1.3415e-01
2 0 +1.602347691e+07 +1.602364886e+07 +1.602364886e+07 -1.3414e-01 +1.6792e+00 +8.6743e-01 -3.6947e-01 +6.4256e-01
7 0 +8.644081796e+06 +8.644253746e+06 +8.644253746e+06 -5.0171e-01 +1.9523e+00 +8.6503e-02 -9.5771e-01 +9.2254e-01
31 0 +3.558322755e+06 +3.558494705e+06 +3.558494705e+06 +1.6098e-01 +2.8948e+00 -1.9835e+00 -1.4248e+00 -5.2101e-02
46 0 +1.398518016e+06 +1.398689966e+06 +1.398689966e+06 -4.2867e-01 +3.7269e+00 -5.8636e-01 -2.4216e+00 +9.6923e-01
121 0 +1.110185673e+06 +1.110357623e+06 +1.110357623e+06 -1.8432e+00 +4.3314e+00 -5.7990e-02 -1.9197e+00 +1.3196e+00
179 0 +9.528630401e+05 +9.530349901e+05 +9.530349901e+05 +2.1123e+00 +3.3666e+00 -2.2831e+00 -2.1383e+00 -3.9807e-01
293 0 +8.233023447e+05 +8.234742947e+05 +8.234742947e+05 +5.7230e-01 +3.8247e+00 -1.0789e+00 -2.0954e+00 +7.8365e-01
296 0 +5.120554879e+05 +5.122274379e+05 +5.122274379e+05 +3.4750e-01 +4.0709e+00 -2.1856e+00 -2.4568e+00 +1.2623e+00
326 0 +4.980795840e+05 +4.982515340e+05 +4.982515340e+05 +3.5189e+00 +3.5676e+00 -3.1111e+00 -2.5236e+00 -3.4570e-01
401 0 +1.998118207e+05 +1.999837707e+05 +1.999837707e+05 +3.8762e+00 +3.8041e+00 -2.4514e+00 -2.6770e+00 -3.7092e-01
413 0 +1.428178877e+05 +1.429898377e+05 +1.429898377e+05 +2.2169e-01 +3.6329e+00 -1.8974e+00 -2.3048e+00 +7.9204e-01
421 0 +1.392010035e+05 +1.393729535e+05 +1.393729535e+05 -8.0015e-01 +4.3284e+00 -1.2980e+00 -2.2429e+00 +1.2893e+00
426 0 +1.150770020e+05 +1.152489520e+05 +1.152489520e+05 +5.7773e-01 +4.0980e+00 -1.6467e+00 -2.4607e+00 +8.5925e-01
451 0 +7.529684407e+04 +7.546879407e+04 +7.546879407e+04 +2.2756e+00 +3.2731e+00 -2.2537e+00 -2.5892e+00 +3.4520e-01
458 0 +3.887315086e+04 +3.904510086e+04 +3.904510086e+04 +1.4919e+00 +3.7549e+00 -1.9518e+00 -2.7480e+00 +5.5584e-01
504 0 +3.758918318e+04 +3.776113318e+04 +3.776113318e+04 +2.6977e+00 +3.3286e+00 -2.2131e+00 -2.6356e+00 +1.5534e-01
542 0 +1.480146286e+04 +1.497341286e+04 +1.497341286e+04 +2.9984e+00 +3.5007e+00 -2.2995e+00 -2.5725e+00 +2.0200e-01
690 0 +7.912840025e+03 +8.084790025e+03 +8.084790025e+03 +1.7592e+00 +3.5795e+00 -2.0485e+00 -2.5823e+00 +5.6640e-01
725 0 +2.403387374e+03 +2.575337374e+03 +2.575337374e+03 +1.0366e+00 +3.7088e+00 -1.8798e+00 -2.5310e+00 +6.7817e-01
858 0 +1.432835590e+03 +1.604785590e+03 +1.604785590e+03 +2.4434e+00 +3.4712e+00 -2.2317e+00 -2.6758e+00 +3.2045e-01
888 0 +1.206841004e+03 +1.378791004e+03 +1.378791004e+03 +1.5386e+00 +3.6065e+00 -2.0329e+00 -2.6213e+00 +5.6801e-01
898 0 +9.023120832e+02 +1.074262083e+03 +1.074262083e+03 +1.8636e+00 +3.5990e+00 -2.1030e+00 -2.6638e+00 +4.7295e-01
912 0 +3.655830267e+02 +5.375330267e+02 +5.375330267e+02 +2.6467e+00 +3.4678e+00 -2.2630e+00 -2.6816e+00 +2.7631e-01
935 0 +1.206106337e+02 +2.925606337e+02 +2.925606337e+02 +2.0721e+00 +3.5543e+00 -2.1521e+00 -2.6683e+00 +4.3613e-01
1061 0 +7.917624761e+01 +2.511262476e+02 +2.511262476e+02 +2.2274e+00 +3.5251e+00 -2.1900e+00 -2.6882e+00 +3.9473e-01
1066 0 +5.957404558e+01 +2.315240456e+02 +2.315240456e+02 +2.4823e+00 +3.5028e+00 -2.2382e+00 -2.6946e+00 +3.2199e-01
1109 0 +4.423267759e+01 +2.161826776e+02 +2.161826776e+02 +1.9810e+00 +3.5658e+00 -2.1284e+00 -2.6739e+00 +4.5741e-01
1188 0 +2.449945389e+01 +1.964494539e+02 +1.964494539e+02 +2.4729e+00 +3.4956e+00 -2.2364e+00 -2.7002e+00 +3.2460e-01
1247 0 +1.998270166e+01 +1.919327017e+02 +1.919327017e+02 +2.2249e+00 +3.5280e+00 -2.1794e+00 -2.6872e+00 +3.9257e-01
% f evaluations | g evaluations | best noise-free fitness - Fopt (6.816000000000e+01) + sum g_i+ | measured fitness | best measured fitness or single-digit g-values | x1 | x2...
1 0 +9.655779642e+07 +9.655786458e+07 +9.655786458e+07 +5.9671e-01 -3.8264e-02 +7.4769e-01 +1.6230e+00 -1.3415e-01
26 0 +2.443864725e+07 +2.443871541e+07 +2.443871541e+07 +2.5265e+00 +1.1642e+00 +1.4217e+00 +1.5867e+00 +8.4704e-01
51 0 +2.034108430e+07 +2.034115246e+07 +2.034115246e+07 +1.6068e+00 +2.9169e+00 +4.2902e+00 +2.3846e+00 +1.4754e-02
52 0 +8.121495776e+06 +8.121563936e+06 +8.121563936e+06 +3.0432e+00 +3.1241e+00 +2.4299e+00 +8.9205e-01 +4.2091e+00
76 0 +6.479504818e+06 +6.479572978e+06 +6.479572978e+06 +4.0962e+00 +1.9709e+00 +3.9778e+00 +4.6451e+00 +1.3014e+00
78 0 +5.238865324e+06 +5.238933484e+06 +5.238933484e+06 +2.3558e+00 +4.9903e+00 +3.1080e+00 +3.6650e+00 +3.6116e+00
79 0 +5.134355606e+06 +5.134423766e+06 +5.134423766e+06 +3.0899e+00 +2.7016e+00 +3.9564e+00 +3.8545e+00 +3.2245e+00
80 0 +5.038917231e+06 +5.038985391e+06 +5.038985391e+06 +4.6370e+00 +4.6197e+00 +1.3762e+00 +3.6432e+00 +2.0341e+00
83 0 +1.745409735e+06 +1.745477895e+06 +1.745477895e+06 +2.9278e+00 +2.6537e+00 +2.0119e+00 +2.8346e+00 +4.5136e+00
130 0 +9.062879863e+05 +9.063561463e+05 +9.063561463e+05 +3.3668e+00 +2.9473e+00 +1.4386e+00 +3.6087e+00 +3.7519e+00
189 0 +4.742517574e+05 +4.743199174e+05 +4.743199174e+05 +2.8020e+00 +2.7199e+00 +1.2138e+00 +3.6661e+00 +2.6628e+00
205 0 +9.819114217e+04 +9.825930217e+04 +9.825930217e+04 +1.6781e+00 +3.3489e+00 +1.6086e+00 +3.3120e+00 +4.3583e+00
308 0 +8.564937522e+04 +8.571753522e+04 +8.571753522e+04 +1.7883e+00 +2.9426e+00 +1.8893e+00 +3.4988e+00 +3.9528e+00
340 0 +3.930442619e+04 +3.937258619e+04 +3.937258619e+04 +2.6508e+00 +3.2037e+00 +1.6747e+00 +3.7060e+00 +3.0783e+00
463 0 +1.001637711e+04 +1.008453711e+04 +1.008453711e+04 +2.7519e+00 +3.0925e+00 +1.6564e+00 +3.9643e+00 +3.1371e+00
612 0 +9.156952363e+03 +9.225112363e+03 +9.225112363e+03 +2.0397e+00 +3.0700e+00 +1.8546e+00 +3.5912e+00 +3.9542e+00
632 0 +4.139714438e+03 +4.207874438e+03 +4.207874438e+03 +2.2672e+00 +3.0928e+00 +1.8194e+00 +3.5695e+00 +3.7293e+00
651 0 +1.970593079e+03 +2.038753079e+03 +2.038753079e+03 +2.3026e+00 +3.1077e+00 +1.7692e+00 +3.6221e+00 +3.6088e+00
729 0 +1.466665440e+03 +1.534825440e+03 +1.534825440e+03 +2.3864e+00 +3.1118e+00 +1.7638e+00 +3.7071e+00 +3.5944e+00
754 0 +1.411387456e+03 +1.479547456e+03 +1.479547456e+03 +2.2525e+00 +3.1135e+00 +1.7900e+00 +3.6063e+00 +3.6729e+00
765 0 +1.378010399e+03 +1.446170399e+03 +1.446170399e+03 +2.1661e+00 +3.1344e+00 +1.7962e+00 +3.5468e+00 +3.8447e+00
775 0 +5.502168934e+02 +6.183768934e+02 +6.183768934e+02 +2.7525e+00 +3.1114e+00 +1.7639e+00 +3.9361e+00 +3.0526e+00
817 0 +3.947859196e+02 +4.629459196e+02 +4.629459196e+02 +2.3543e+00 +3.1005e+00 +1.7962e+00 +3.6983e+00 +3.5971e+00
892 0 +9.451883197e+01 +1.626788320e+02 +1.626788320e+02 +2.5198e+00 +3.1087e+00 +1.7738e+00 +3.7704e+00 +3.3781e+00
944 0 +3.824960747e+01 +1.064096075e+02 +1.064096075e+02 +2.3769e+00 +3.1011e+00 +1.7867e+00 +3.6926e+00 +3.5656e+00
972 0 +9.638571358e+00 +7.779857136e+01 +7.779857136e+01 +2.4124e+00 +3.1049e+00 +1.7801e+00 +3.7141e+00 +3.5119e+00
1116 0 +7.743049645e+00 +7.590304964e+01 +7.590304964e+01 +2.0802e+00 +3.1107e+00 +1.8007e+00 +3.5304e+00 +3.9419e+00
% f evaluations | g evaluations | best noise-free fitness - Fopt (1.000000000000e+03) + sum g_i+ | measured fitness | best measured fitness or single-digit g-values | x1 | x2...
1 0 +5.008850837e+07 +5.008950837e+07 +5.008950837e+07 +5.9671e-01 -3.8264e-02 +7.4769e-01 +1.6230e+00 -1.3415e-01
2 0 +2.052663712e+07 +2.052763712e+07 +2.052763712e+07 -1.3414e-01 +1.6792e+00 +8.6743e-01 -3.6947e-01 +6.4256e-01
17 0 +2.035028425e+07 +2.035128425e+07 +2.035128425e+07 -1.1967e-01 +4.5711e-01 +1.5779e+00 -4.1827e-01 -7.0849e-01
30 0 +1.923415276e+07 +1.923515276e+07 +1.923515276e+07 +1.5674e+00 +3.4837e+00 +1.0033e+00 +1.7184e-01 -8.5417e-01
42 0 +1.555271976e+07 +1.555371976e+07 +1.555371976e+07 +3.2109e-01 +2.6980e+00 +1.3278e+00 -1.1342e-01 -1.8262e-01
51 0 +1.306712753e+07 +1.306812753e+07 +1.306812753e+07 -7.2964e-01 +3.0077e+00 +9.6758e-01 -4.5075e-01 +1.5664e-01
77 0 +6.896352636e+06 +6.897352636e+06 +6.897352636e+06 +5.9041e-02 +2.2877e+00 +9.9850e-01 +1.3534e+00 -4.2317e+00
133 0 +2.445574662e+06 +2.446574662e+06 +2.446574662e+06 -8.4911e-01 +3.1753e+00 +1.9546e+00 +1.4001e+00 -3.6088e+00
149 0 +2.027569334e+06 +2.028569334e+06 +2.028569334e+06 -1.0263e+00 +3.2009e+00 +3.1382e+00 +6.4750e-01 -4.7427e+00
159 0 +9.207185281e+05 +9.217185281e+05 +9.217185281e+05 -3.0461e-01 +4.5179e+00 +2.8778e+00 +1.3815e-01 -4.3646e+00
242 0 +9.171757016e+05 +9.181757016e+05 +9.181757016e+05 -1.3130e+00 +3.2872e+00 +2.0141e+00 +1.8142e-01 -4.9986e+00
250 0 +9.095376647e+05 +9.105376647e+05 +9.105376647e+05 -3.6362e-01 +3.7357e+00 +1.9359e+00 +3.5630e-02 -3.5993e+00
284 0 +5.842737992e+05 +5.852737992e+05 +5.852737992e+05 -1.5604e+00 +4.3266e+00 +2.3930e+00 -9.9858e-02 -3.4721e+00
291 0 +2.633128010e+05 +2.643128010e+05 +2.643128010e+05 -1.5883e+00 +3.1546e+00 +2.6343e+00 +1.4654e-03 -3.8035e+00
324 0 +1.455458653e+05 +1.465458653e+05 +1.465458653e+05 -9.9134e-01 +3.9850e+00 +2.5529e+00 +2.8695e-02 -4.1254e+00
359 0 +1.194384308e+05 +1.204384308e+05 +1.204384308e+05 -2.7909e+00 +3.1130e+00 +2.7312e+00 -1.5093e-02 -2.5501e+00
488 0 +1.030068085e+05 +1.040068085e+05 +1.040068085e+05 -1.8743e+00 +3.5565e+00 +2.4996e+00 -8.5944e-02 -3.6840e+00
489 0 +7.133209163e+04 +7.233209163e+04 +7.233209163e+04 -1.5963e+00 +3.6224e+00 +2.2099e+00 +2.7428e-01 -3.5791e+00
554 0 +4.751768014e+04 +4.851768014e+04 +4.851768014e+04 -1.6275e+00 +3.3453e+00 +2.2031e+00 +2.9071e-03 -3.7511e+00
557 0 +4.117285367e+04 +4.217285367e+04 +4.217285367e+04 -1.8584e+00 +3.4754e+00 +2.1287e+00 -1.5159e-02 -3.5692e+00
564 0 +2.357869748e+04 +2.457869748e+04 +2.457869748e+04 -2.6086e+00 +2.8953e+00 +2.4266e+00 +4.7751e-02 -2.4495e+00
596 0 +1.064408387e+04 +1.164408387e+04 +1.164408387e+04 -2.6991e+00 +3.0257e+00 +2.4733e+00 -8.7139e-02 -2.4119e+00
619 0 +8.776536677e+03 +9.776536677e+03 +9.776536677e+03 -2.3693e+00 +3.0673e+00 +2.3603e+00 +1.5748e-02 -2.9032e+00
641 0 +6.990393815e+03 +7.990393815e+03 +7.990393815e+03 -1.7361e+00 +3.5047e+00 +2.3505e+00 -2.1960e-02 -3.4637e+00
648 0 +6.699542742e+03 +7.699542742e+03 +7.699542742e+03 -2.4162e+00 +3.0613e+00 +2.3447e+00 -3.9697e-02 -2.7270e+00
690 0 +2.523550189e+03 +3.523550189e+03 +3.523550189e+03 -1.7669e+00 +3.4443e+00 +2.2774e+00 +7.2410e-02 -3.4583e+00
706 0 +2.139868977e+03 +3.139868977e+03 +3.139868977e+03 -1.9948e+00 +3.2669e+00 +2.3358e+00 +3.7161e-02 -3.2473e+00
775 0 +1.731289745e+03 +2.731289745e+03 +2.731289745e+03 -2.0210e+00 +3.2724e+00 +2.3325e+00 +4.4574e-03 -3.2411e+00
812 0 +9.337511032e+02 +1.933751103e+03 +1.933751103e+03 -2.2884e+00 +3.1443e+00 +2.3784e+00 -5.6975e-03 -2.9511e+00
838 0 +5.414390466e+02 +1.541439047e+03 +1.541439047e+03 -2.2508e+00 +3.1722e+00 +2.3543e+00 +4.8940e-03 -2.9886e+00
885 0 +4.563543467e+02 +1.456354347e+03 +1.456354347e+03 -2.1215e+00 +3.2569e+00 +2.3343e+00 +6.0404e-03 -3.1174e+00
911 0 +3.202875558e+02 +1.320287556e+03 +1.320287556e+03 -2.2927e+00 +3.1626e+00 +2.3787e+00 -8.4801e-04 -2.9305e+00
938 0 +2.350948992e+02 +1.235094899e+03 +1.235094899e+03 -1.9717e+00 +3.3245e+00 +2.3061e+00 +1.0103e-02 -3.2704e+00
943 0 +2.268115750e+02 +1.226811575e+03 +1.226811575e+03 -2.0899e+00 +3.2561e+00 +2.3306e+00 -5.0150e-04 -3.1269e+00
981 0 +1.433543530e+02 +1.143354353e+03 +1.143354353e+03 -1.8879e+00 +3.3573e+00 +2.2952e+00 +2.5162e-02 -3.3294e+00
996 0 +1.299189078e+02 +1.129918908e+03 +1.129918908e+03 -2.1924e+00 +3.1913e+00 +2.3504e+00 +9.5242e-03 -3.0064e+00
1004 0 +1.271562175e+02 +1.127156217e+03 +1.127156217e+03 -1.9816e+00 +3.3003e+00 +2.3115e+00 +1.5237e-02 -3.2372e+00
1010 0 +8.995013221e+01 +1.089950132e+03 +1.089950132e+03 -2.2243e+00 +3.1743e+00 +2.3577e+00 +3.7969e-03 -2.9859e+00
1041 0 +4.459518576e+01 +1.044595186e+03 +1.044595186e+03 -2.0778e+00 +3.2567e+00 +2.3276e+00 +1.0584e-02 -3.1371e+00
1118 0 +2.704186070e+01 +1.027041861e+03 +1.027041861e+03 -2.3286e+00 +3.1303e+00 +2.3857e+00 +6.4086e-03 -2.8744e+00
