% f evaluations | g evaluations | best noise-free fitness - Fopt (-5.494000000000e+01) + sum g_i+ | measured fitness | best measured fitness or single-digit g-values | x1 | x2...
1 0 +1.460747422e+07 +1.460741928e+07 +1.460741928e+07 +5.9671e-01 -3.8264e-02 +7.4769e-01 +1.6230e+00 -1.3415e-01 -1.3414e-01 +1.6792e+00 +8.6743e-01 -3.6947e-01 +6.4256e-01
3 0 +1.121714553e+07 +1.121709059e+07 +1.121709059e+07 +1.5656e+00 -1.2578e-01 +1.6753e-01 -1.3247e+00 -4.4438e-01 +2.1092e-01 -1.0510e+00 +4.7570e-01 -5.0064e-01 -1.9169e-01
6 0 +8.192074538e+06 +8.192019598e+06 +8.192019598e+06 +4.2408e-01 -2.8508e-01 -5.7692e-01 +7.1168e-01 +1.1310e+00 +1.0313e+00 -7.3922e-01 -2.0921e-01 +4.3126e-01 +1.0755e+00
13 0 +4.258209999e+06 +4.258155059e+06 +4.258155059e+06 +8.9103e-01 -8.0939e-01 +1.5028e+00 -1.3019e+00 +6.8686e-01 +2.2905e+00 -8.9054e-01 -4.6630e-01 +1.9965e-01 -4.0348e-01
24 0 +2.783131062e+06 +2.783076122e+06 +2.783076122e+06 -6.3037e-01 +3.1646e-01 +1.4557e-01 -5.5160e-01 +2.2439e+00 +7.3392e-01 -1.9251e+00 +2.8645e-01 -5.6179e-01 +9.5243e-01
51 0 +1.223293759e+05 +1.222744359e+05 +1.222744359e+05 +7.5631e-01 +1.7702e+00 +1.6938e+00 +1.5978e+00 +2.9511e+00 +2.4559e+00 -1.9415e+00 +3.0304e+00 +3.1797e+00 +6.7585e-01
201 0 +9.211022110e+04 +9.205528110e+04 +9.205528110e+04 -1.3733e+00 +2.2517e+00 -3.8927e-01 -3.5524e-01 +3.1808e+00 +1.2894e+00 -4.4351e+00 +2.0742e+00 +9.4308e-01 +2.4960e+00
451 0 +5.052554112e+04 +5.047060112e+04 +5.047060112e+04 -1.9711e-01 +1.4098e+00 +2.3036e+00 +5.4114e-01 +4.3507e+00 +3.3927e-01 -1.7671e+00 -3.1712e-01 +1.1763e+00 +2.3131e+00
501 0 +3.803731619e+04 +3.798237619e+04 +3.798237619e+04 -1.7514e+00 +3.2647e-01 +2.5790e+00 +8.6853e-01 +3.8804e+00 +1.3082e+00 -1.1740e+00 -5.4708e-01 -6.8593e-01 +4.6772e-01
551 0 +3.593400991e+04 +3.587906991e+04 +3.587906991e+04 +9.8639e-02 +1.0662e+00 +2.0024e+00 -4.2779e-01 +4.5211e+00 +1.3368e+00 -2.4525e+00 -1.1313e+00 +1.1943e+00 +2.3364e+00
601 0 +2.999548327e+04 +2.994054327e+04 +2.994054327e+04 +2.5339e-01 +6.7572e-01 +2.5972e+00 +2.8508e-01 +4.6917e+00 +1.3891e+00 -1.5503e+00 -1.1022e+00 +1.7156e+00 +9.1891e-01
701 0 +1.906783209e+04 +1.901289209e+04 +1.901289209e+04 +1.3317e+00 -1.1698e+00 +1.9506e+00 +8.0597e-01 +4.2528e+00 +2.4589e+00 -1.1298e+00 -1.5751e+00 +2.3914e+00 +7.9667e-01
751 0 +1.890509198e+04 +1.885015198e+04 +1.885015198e+04 +8.4109e-01 +3.6825e-01 +2.3745e+00 +9.1741e-01 +4.0035e+00 +9.1762e-01 -1.6711e+00 -2.6506e-01 +1.9201e+00 +2.1569e+00
901 0 +1.477258125e+04 +1.471764125e+04 +1.471764125e+04 +1.3774e+00 -2.1032e+00 +4.0311e-01 +2.7888e+00 +3.1109e+00 +3.3992e+00 -1.5158e+00 +1.0656e-01 +1.9157e+00 +1.3201e+00
951 0 +1.343056986e+04 +1.337562986e+04 +1.337562986e+04 +1.1698e+00 -1.5917e+00 +1.2519e+00 +1.8450e+00 +3.6625e+00 +2.8005e+00 -1.4462e+00 -6.2211e-01 +2.3386e+00 +1.3227e+00
1051 0 +1.158301901e+04 +1.152807901e+04 +1.152807901e+04 +1.3422e+00 -7.4683e-01 +1.6714e+00 +1.8226e+00 +4.0274e+00 +1.6818e+00 -1.5011e+00 -9.8818e-01 +2.2568e+00 +1.8896e+00
1201 0 +8.074052913e+03 +8.019112913e+03 +8.019112913e+03 +8.0474e-01 -8.3217e-01 +1.2234e+00 +1.6154e+00 +3.6114e+00 +1.4441e+00 -2.4335e+00 -1.4591e+00 +1.5746e+00 +2.7025e+00
1251 0 +5.659232132e+03 +5.604292132e+03 +5.604292132e+03 +1.3001e+00 -6.1431e-01 +1.0554e+00 +2.1291e+00 +3.9736e+00 +1.5204e+00 -1.6244e+00 -6.5950e-01 +1.5926e+00 +2.0989e+00
1551 0 +5.188498394e+03 +5.133558394e+03 +5.133558394e+03 +1.4435e+00 -1.2370e+00 +1.3889e+00 +1.9359e+00 +3.7478e+00 +2.1852e+00 -1.2216e+00 -6.5189e-01 +1.2834e+00 +2.1996e+00
1601 0 +4.885712525e+03 +4.830772525e+03 +4.830772525e+03 +1.2602e+00 -9.1464e-01 +6.9197e-01 +2.0208e+00 +3.9629e+00 +1.9506e+00 -1.7974e+00 -5.8389e-01 +1.7549e+00 +2.2744e+00
1651 0 +4.374527623e+03 +4.319587623e+03 +4.319587623e+03 +1.0401e+00 -1.0064e+00 +1.0912e+00 +1.7290e+00 +3.7464e+00 +2.0129e+00 -1.7326e+00 -7.7232e-01 +1.3413e+00 +2.1727e+00
1751 0 +4.347317257e+03 +4.292377257e+03 +4.292377257e+03 +1.1728e+00 -7.5731e-01 +3.2034e-01 +1.6340e+00 +3.8261e+00 +2.0697e+00 -2.3174e+00 -4.8119e-01 +1.6517e+00 +2.9679e+00
1801 0 +3.373596283e+03 +3.318656283e+03 +3.318656283e+03 +1.1072e+00 -7.2388e-01 +1.1024e+00 +2.0460e+00 +3.9601e+00 +1.4417e+00 -1.6834e+00 -7.9431e-01 +1.3707e+00 +2.4890e+00
1851 0 +3.229855722e+03 +3.174915722e+03 +3.174915722e+03 +8.4752e-01 -7.7898e-01 +1.0303e+00 +1.3401e+00 +3.9841e+00 +1.7474e+00 -2.0352e+00 -1.2994e+00 +1.1182e+00 +2.4774e+00
1951 0 +2.936599884e+03 +2.881659884e+03 +2.881659884e+03 +8.7018e-01 -4.0785e-01 +5.5742e-01 +1.3918e+00 +3.8336e+00 +1.6663e+00 -2.4269e+00 -6.3444e-01 +1.2564e+00 +3.1797e+00
2001 0 +1.996791723e+03 +1.941851723e+03 +1.941851723e+03 +6.5065e-01 +7.0320e-02 +3.3987e-01 +6.7110e-01 +4.2072e+00 +1.3802e+00 -2.5616e+00 -6.8101e-01 +2.6794e-01 +4.2445e+00
2401 0 +1.981947432e+03 +1.927007432e+03 +1.927007432e+03 +1.4439e+00 -7.1593e-01 +4.6977e-01 +2.3062e+00 +4.1347e+00 +1.3769e+00 -1.6339e+00 -5.3923e-01 +6.6358e-01 +3.6125e+00
2451 0 +1.540575803e+03 +1.485635803e+03 +1.485635803e+03 +8.4862e-01 +3.3650e-02 +1.4154e-01 +1.2912e+00 +4.1178e+00 +1.2385e+00 -2.4485e+00 -2.4784e-01 +3.6486e-01 +4.5070e+00
% f evaluations | g evaluations | best noise-free fitness - Fopt (5.913000000000e+01) + sum g_i+ | measured fitness | best measured fitness or single-digit g-values | x1 | x2...
1 0 +3.495160974e+06 +3.495220104e+06 +3.495220104e+06 +5.9671e-01 -3.8264e-02 +7.4769e-01 +1.6230e+00 -1.3415e-01 -1.3414e-01 +1.6792e+00 +8.6743e-01 -3.6947e-01 +6.4256e-01
16 0 +2.958823033e+06 +2.958882163e+06 +2.958882163e+06 +3.5049e-01 +4.4645e-01 -5.8002e-01 +3.3225e-01 +3.9307e-01 -6.1435e-01 +1.9658e+00 +5.7383e-01 -1.0913e+00 +7.5655e-01
21 0 +4.778148433e+05 +4.778739733e+05 +4.778739733e+05 +4.5779e-01 +6.6078e-01 +1.1831e+00 +1.1538e+00 -1.2777e+00 -8.3783e-01 +6.1504e-01 +6.1379e-01 +6.1505e-01 +3.9527e+00
101 0 +1.442441388e+05 +1.443032688e+05 +1.443032688e+05 -2.0272e+00 -5.8422e-01 -3.0577e+00 +2.5526e+00 +3.7317e-01 -1.8791e+00 +9.4719e-01 +5.4020e-01 +1.5449e+00 +4.9541e+00
151 0 +9.331522832e+04 +9.337435832e+04 +9.337435832e+04 +2.0125e+00 -1.1164e-01 -3.2945e+00 +1.8043e+00 -1.5975e+00 +5.9485e-01 +4.8178e-01 -1.6508e+00 -1.4728e+00 +4.0554e+00
401 0 +7.067038576e+04 +7.072951576e+04 +7.072951576e+04 -2.4598e+00 +2.2252e+00 -1.1988e+00 +1.7733e+00 -2.3043e+00 +1.4093e+00 +2.1670e+00 +1.8155e-01 -4.6624e+00 +2.1994e+00
451 0 +4.010451655e+04 +4.016364655e+04 +4.016364655e+04 -1.8891e+00 +3.0474e-01 -7.2584e-01 +7.4035e-01 -2.8396e+00 -2.8135e+00 -7.9652e-01 +1.5808e+00 -4.9443e-01 +4.1903e+00
551 0 +1.001591064e+04 +1.007504064e+04 +1.007504064e+04 -3.0691e+00 +1.4135e+00 -3.5893e+00 +1.3870e+00 -1.6096e+00 -8.2755e-01 +4.8283e-01 +8.7215e-01 -2.9927e+00 +2.3883e+00
701 0 +8.490916311e+03 +8.550046311e+03 +8.550046311e+03 -1.8396e+00 +1.2253e+00 -1.2530e+00 +8.6336e-01 -2.4874e+00 -1.1846e+00 +2.9350e-01 +4.3190e-01 -2.5819e+00 +3.3608e+00
951 0 +5.056299763e+03 +5.115429763e+03 +5.115429763e+03 -2.7014e+00 +1.5789e+00 -2.7406e+00 +5.0461e-01 -2.0494e+00 -5.7116e-01 -3.5799e-01 +1.4129e+00 -2.8000e+00 +2.8886e+00
1201 0 +3.818033072e+03 +3.877163072e+03 +3.877163072e+03 -2.9724e+00 +1.5943e+00 -2.8031e+00 +7.7164e-01 -1.4110e+00 -6.5489e-02 +1.6377e-01 +9.5024e-01 -1.9852e+00 +3.5443e+00
1351 0 +2.852118346e+03 +2.911248346e+03 +2.911248346e+03 -3.4762e+00 +1.7030e+00 -2.6223e+00 +6.2951e-01 -1.9392e+00 -3.3289e-01 -9.2496e-01 +2.1669e+00 -1.5244e+00 +3.2909e+00
1451 0 +1.659015876e+03 +1.718145876e+03 +1.718145876e+03 -3.1829e+00 +1.4619e+00 -2.9433e+00 +6.1227e-01 -1.2630e+00 +1.4427e-01 -1.1091e+00 +2.2486e+00 -1.6288e+00 +3.6143e+00
1751 0 +1.270196526e+03 +1.329326526e+03 +1.329326526e+03 -3.3602e+00 +1.8179e+00 -2.7046e+00 +3.7443e-01 -1.6553e+00 +2.2079e-01 -9.8901e-01 +2.2168e+00 -1.7487e+00 +3.4987e+00
1801 0 +1.228036309e+03 +1.287166309e+03 +1.287166309e+03 -3.2241e+00 +1.7920e+00 -2.5780e+00 +4.5721e-01 -1.8959e+00 +1.7301e-01 -1.0252e+00 +2.2310e+00 -1.9985e+00 +3.3230e+00
1851 0 +1.054533580e+03 +1.113663580e+03 +1.113663580e+03 -2.8704e+00 +1.9263e+00 -2.3619e+00 +1.5958e-01 -2.0067e+00 +3.9873e-01 -1.0688e+00 +2.2911e+00 -2.2924e+00 +3.1874e+00
1901 0 +6.086867136e+02 +6.678167136e+02 +6.678167136e+02 -3.1701e+00 +2.0120e+00 -2.6815e+00 +2.9645e-01 -1.9099e+00 +9.9526e-01 -1.4194e+00 +2.5467e+00 -1.6623e+00 +3.4681e+00
1951 0 +4.696132958e+02 +5.287432958e+02 +5.287432958e+02 -3.5942e+00 +2.2837e+00 -2.7363e+00 +3.3656e-01 -2.2808e+00 +1.2237e+00 -1.6869e+00 +2.7740e+00 -1.3612e+00 +3.4400e+00
2201 0 +4.634709362e+02 +5.226009362e+02 +5.226009362e+02 -2.9115e+00 +1.9152e+00 -2.5295e+00 +2.0987e-01 -2.0096e+00 +1.5762e+00 -2.4395e+00 +3.4502e+00 -1.4550e+00 +3.5571e+00
2301 0 +2.993026248e+02 +3.584326248e+02 +3.584326248e+02 -3.0491e+00 +2.1624e+00 -2.2221e+00 +7.8002e-02 -2.4045e+00 +1.5169e+00 -2.3850e+00 +3.3628e+00 -1.2874e+00 +3.6015e+00
2451 0 +1.818096792e+02 +2.409396792e+02 +2.409396792e+02 -3.3713e+00 +2.1142e+00 -2.6005e+00 +3.3518e-01 -2.5172e+00 +1.2294e+00 -2.3137e+00 +3.2864e+00 -1.2074e+00 +3.4088e+00
% f evaluations | g evaluations | best noise-free fitness - Fopt (-4.915300000000e+02) + sum g_i+ | measured fitness | best measured fitness or single-digit g-values | x1 | x2...
1 0 +9.446087697e+06 +9.445596167e+06 +9.445596167e+06 +5.9671e-01 -3.8264e-02 +7.4769e-01 +1.6230e+00 -1.3415e-01 -1.3414e-01 +1.6792e+00 +8.6743e-01 -3.6947e-01 +6.4256e-01
2 0 +5.127909550e+05 +5.122994250e+05 +5.122994250e+05 -3.6342e-01 -3.6573e-01 +3.4196e-01 -1.8133e+00 -1.6249e+00 -4.6229e-01 -9.1283e-01 +4.1425e-01 -8.0802e-01 -1.3123e+00
51 0 +2.664712104e+05 +2.659796804e+05 +2.659796804e+05 +8.2080e-01 +1.8532e-01 -1.8082e+00 -1.0944e+00 -1.4481e+00 -9.9547e-01 -1.6191e+00 +7.0035e-01 +2.5745e-01 -2.7180e+00
101 0 +1.662330320e+05 +1.657415020e+05 +1.657415020e+05 -2.2476e-01 -8.9919e-01 +5.4303e-01 -1.4347e+00 -1.4243e+00 -2.9313e+00 -6.6083e-01 +6.3748e-01 -1.4149e+00 +5.0805e-01
151 0 +9.438474593e+04 +9.389321593e+04 +9.389321593e+04 +3.1335e+00 +4.5544e-01 -4.5490e-01 -1.2917e+00 +2.2254e+00 -3.7273e+00 +6.7844e-01 +1.2603e+00 -9.1139e-01 -8.2865e-02
201 0 +4.687080466e+04 +4.637927466e+04 +4.637927466e+04 -1.6063e+00 -2.3253e+00 -1.4888e+00 -1.9533e+00 -1.5012e-02 -3.2183e+00 -4.9353e-01 +6.0120e-01 +1.3233e+00 -1.2899e+00
451 0 +2.779964681e+04 +2.730811681e+04 +2.730811681e+04 -7.0263e-01 -3.3114e+00 +1.8960e-01 -1.9504e+00 +1.6445e+00 -3.4182e+00 +4.1218e-02 +2.1432e-01 +1.4987e-02 +9.3595e-01
601 0 +2.162985443e+04 +2.113832443e+04 +2.113832443e+04 +4.4119e-01 -2.9105e+00 -7.7126e-01 -1.5833e+00 +4.1396e+00 -3.4692e+00 +1.3762e+00 -1.2640e+00 -1.0761e-02 -1.6885e+00
651 0 +1.697174329e+04 +1.648021329e+04 +1.648021329e+04 +2.1460e-01 -1.6152e+00 -8.1334e-01 -1.4079e+00 +3.4007e-01 -3.4099e+00 +3.3526e-01 +8.5646e-01 -6.0645e-01 -1.4208e+00
801 0 +1.414198033e+04 +1.365045033e+04 +1.365045033e+04 -1.0922e+00 -2.6751e+00 -1.1782e+00 -1.1687e+00 +2.8499e-01 -4.0719e+00 +8.0830e-01 +3.0464e-01 -2.7052e-01 -2.4865e+00
851 0 +6.880281150e+03 +6.388751150e+03 +6.388751150e+03 -1.1541e-01 -2.9783e+00 -7.8225e-01 -4.2075e-01 -9.2755e-01 -3.1185e+00 -1.1851e+00 +7.0151e-01 +2.1266e-01 -1.0011e+00
1051 0 +5.393475552e+03 +4.901945552e+03 +4.901945552e+03 -6.1673e-01 -2.9805e+00 -1.1480e+00 -1.0544e+00 +1.0864e-02 -3.4929e+00 +1.6221e-01 +4.6621e-01 +9.0887e-01 -2.8938e+00
1101 0 +4.206572893e+03 +3.715042893e+03 +3.715042893e+03 -4.5316e-01 -2.5470e+00 -1.1386e+00 -1.1372e+00 +6.7051e-01 -3.6632e+00 +4.8321e-01 +3.6053e-01 -6.8481e-02 -2.2202e+00
1201 0 +2.303242151e+03 +1.811712151e+03 +1.811712151e+03 -1.5282e+00 -3.2362e+00 -6.1453e-01 -1.3041e+00 +3.3189e-01 -3.7411e+00 +6.7850e-01 -9.1105e-03 +2.2551e-01 -2.2917e+00
1351 0 +1.778094015e+03 +1.286564015e+03 +1.286564015e+03 -7.8744e-01 -3.2354e+00 -1.0840e+00 -5.2926e-01 +1.9839e-01 -3.3412e+00 -7.2201e-02 +2.5445e-04 -5.7417e-01 -2.1891e+00
1451 0 +1.723156239e+03 +1.231626239e+03 +1.231626239e+03 -9.0951e-01 -2.9625e+00 -9.6380e-01 -7.9254e-01 +4.3846e-01 -3.5687e+00 +2.1023e-01 +1.9939e-01 -5.0217e-01 -1.8432e+00
1601 0 +1.487335617e+03 +9.958056172e+02 +9.958056172e+02 -9.9826e-01 -2.9879e+00 -1.3973e+00 -4.4090e-01 +8.8962e-03 -3.1484e+00 -8.0671e-01 +3.4036e-01 -8.0174e-01 -1.2355e+00
1701 0 +1.078780355e+03 +5.872503547e+02 +5.872503547e+02 -9.4724e-01 -2.4095e+00 -1.2627e+00 -6.6943e-01 -7.5709e-01 -3.6864e+00 +3.4461e-01 +7.7235e-01 -6.7648e-01 -2.7842e+00
1801 0 +9.111020474e+02 +4.195720474e+02 +4.195720474e+02 -8.0824e-01 -2.0046e+00 -1.7033e+00 -7.6729e-01 -9.0500e-02 -3.4712e+00 -6.0135e-02 +8.2118e-01 -1.3739e+00 -1.7897e+00
1851 0 +6.618317852e+02 +1.703017852e+02 +1.703017852e+02 -1.0690e+00 -2.3080e+00 -1.8464e+00 -5.4119e-01 -3.8542e-01 -3.3437e+00 -2.3365e-01 +7.7849e-01 -1.5407e+00 -2.0591e+00
1951 0 +3.882268523e+02 -1.033031477e+02 -1.033031477e+02 -1.2420e+00 -1.9925e+00 -2.0268e+00 -5.6430e-01 -5.0311e-01 -3.5563e+00 +3.3334e-02 +8.9977e-01 -1.8199e+00 -2.3698e+00
2101 0 +1.606279512e+02 -3.309020488e+02 -3.309020488e+02 -1.3322e+00 -2.5245e+00 -2.1110e+00 -5.3839e-01 -3.6682e-01 -3.3288e+00 +1.1455e-01 +4.9003e-01 -1.8938e+00 -2.9259e+00
% f evaluations | g evaluations | best noise-free fitness - Fopt (-1.702000000000e+02) + sum g_i+ | measured fitness | best measured fitness or single-digit g-values | x1 | x2...
1 0 +7.984198779e+06 +7.984028579e+06 +7.984028579e+06 +5.9671e-01 -3.8264e-02 +7.4769e-01 +1.6230e+00 -1.3415e-01 -1.3414e-01 +1.6792e+00 +8.6743e-01 -3.6947e-01 +6.4256e-01
18 0 +5.809193070e+06 +5.809022870e+06 +5.809022870e+06 -7.8951e-01 -7.1581e-01 +2.2898e-02 +4.4115e-01 +3.7669e-01 +9.2718e-01 +1.1300e-01 +1.5535e+00 -1.6466e-01 +2.8202e+00
51 0 +3.065748948e+05 +3.064046948e+05 +3.064046948e+05 -4.8919e-02 +3.1739e-01 +8.9001e-01 +2.7875e+00 +3.0776e+00 +1.4967e+00 +8.0094e-01 -5.3224e-01 +1.7228e+00 +2.2378e+00
101 0 +2.780859585e+05 +2.779157585e+05 +2.779157585e+05 -7.7648e-02 +5.3282e-01 +5.6976e-01 +3.8318e+00 +3.0033e+00 +6.0302e-01 -2.0770e-01 +1.7054e+00 -5.2112e-01 +2.4188e+00
151 0 +1.962326856e+05 +1.960624856e+05 +1.960624856e+05 -1.7680e+00 -8.3950e-01 +5.9945e-01 +3.9268e-01 +3.3710e+00 +7.7509e-01 +2.8283e+00 +2.6544e+00 -2.2522e+00 +3.3547e+00
201 0 +1.323223141e+05 +1.321521141e+05 +1.321521141e+05 +2.0974e+00 -2.9603e-01 -2.2823e+00 +2.2922e+00 +4.5999e+00 +3.3663e+00 +2.9856e-01 +1.6554e+00 -4.8997e+00 -1.3898e+00
351 0 +7.318776181e+04 +7.301756181e+04 +7.301756181e+04 +1.2844e+00 -2.0500e+00 -2.5168e-01 +2.4433e+00 +4.7606e+00 +1.4097e+00 -1.8610e+00 +2.6778e-02 -2.9596e+00 +1.5120e+00
451 0 +4.293465979e+04 +4.276445979e+04 +4.276445979e+04 +6.3758e-01 -3.2957e+00 -9.1021e-01 +2.2623e+00 +2.0298e+00 +7.6133e-01 +2.1372e+00 +1.9963e+00 -1.8353e+00 +3.5840e+00
501 0 +1.366658617e+04 +1.349638617e+04 +1.349638617e+04 +2.2404e+00 -9.1101e-01 -1.8395e+00 +2.7774e+00 +4.0763e+00 +2.4718e+00 +2.3190e+00 +5.4239e-01 -2.3009e+00 -5.8613e-02
751 0 +1.359753989e+04 +1.342733989e+04 +1.342733989e+04 +7.7778e-01 -1.7673e+00 -4.0266e-01 +3.0523e+00 +2.8244e+00 +1.4118e+00 +2.2231e+00 +1.0586e+00 -1.3251e+00 +1.9679e+00
801 0 +6.872421943e+03 +6.702221943e+03 +6.702221943e+03 +3.6222e-01 -1.9510e+00 -7.3068e-01 +3.4092e+00 +2.8052e+00 +8.7476e-01 +1.3302e+00 +1.8023e+00 -3.1986e+00 +2.0756e+00
851 0 +6.405953819e+03 +6.235753819e+03 +6.235753819e+03 +5.3076e-01 -1.8258e+00 -7.8045e-01 +4.4836e+00 +2.6637e+00 +8.1488e-01 +1.0033e+00 +1.5048e+00 -3.1965e+00 +1.5793e+00
901 0 +4.775617973e+03 +4.605417973e+03 +4.605417973e+03 -2.0991e-01 -1.8858e+00 -4.7737e-01 +3.0225e+00 +2.5603e+00 +4.7734e-01 +1.7814e+00 +2.1557e+00 -2.7325e+00 +2.5447e+00
1001 0 +4.118680441e+03 +3.948480441e+03 +3.948480441e+03 -4.8409e-01 -2.0352e+00 -7.6007e-01 +3.8010e+00 +2.4625e+00 -1.2105e-01 +2.4660e+00 +2.0572e+00 -3.1905e+00 +2.5700e+00
1351 0 +3.224138590e+03 +3.053938590e+03 +3.053938590e+03 -1.1129e+00 -1.9883e+00 +6.0358e-01 +4.3383e+00 +2.2510e+00 -5.3062e-02 +4.3819e-01 +2.2969e+00 -3.2582e+00 +2.5268e+00
1401 0 +2.576873183e+03 +2.406673183e+03 +2.406673183e+03 -5.8537e-01 -2.1357e+00 +5.1651e-01 +3.7806e+00 +2.2019e+00 +9.2362e-02 +1.2830e+00 +2.0365e+00 -2.8529e+00 +2.7042e+00
1551 0 +2.246730141e+03 +2.076530141e+03 +2.076530141e+03 -7.0545e-01 -1.7298e+00 +7.4814e-02 +4.3068e+00 +2.3848e+00 +1.0485e-01 +1.1137e+00 +2.3017e+00 -3.4207e+00 +1.9768e+00
1701 0 +2.107832507e+03 +1.937632507e+03 +1.937632507e+03 -6.0936e-01 -1.7981e+00 +1.9635e-01 +3.7688e+00 +3.2114e+00 -4.2930e-02 +1.8318e+00 +1.9153e+00 -4.2444e+00 +1.4479e+00
1751 0 +1.474024169e+03 +1.303824169e+03 +1.303824169e+03 -1.2464e+00 -1.9063e+00 +5.7564e-01 +3.8873e+00 +2.5554e+00 -5.7443e-01 +1.9232e+00 +2.3686e+00 -3.8912e+00 +2.2303e+00
1951 0 +1.301941343e+03 +1.131741343e+03 +1.131741343e+03 -8.1344e-01 -1.7651e+00 +5.3990e-01 +4.1346e+00 +2.6721e+00 -8.0799e-02 +1.2216e+00 +2.2867e+00 -4.0311e+00 +1.6719e+00
2001 0 +1.273723933e+03 +1.103523933e+03 +1.103523933e+03 -8.9736e-01 -2.0884e+00 +1.7738e-01 +3.5508e+00 +2.8200e+00 -3.2813e-01 +1.7306e+00 +2.3179e+00 -4.1026e+00 +2.1663e+00
2051 0 +1.249680252e+03 +1.079480252e+03 +1.079480252e+03 -1.0029e+00 -2.1097e+00 +1.1812e-01 +3.9281e+00 +2.6176e+00 -3.4313e-01 +1.1768e+00 +2.4488e+00 -4.1622e+00 +2.2922e+00
2101 0 +1.201935506e+03 +1.031735506e+03 +1.031735506e+03 -1.1850e+00 -1.8438e+00 +3.8799e-01 +4.0706e+00 +2.7254e+00 -5.3675e-01 +1.4292e+00 +2.5441e+00 -4.4531e+00 +1.8869e+00
2151 0 +1.164167227e+03 +9.939672268e+02 +9.939672268e+02 -1.3955e+00 -2.1311e+00 +2.7359e-01 +3.6913e+00 +2.8723e+00 -6.8458e-01 +1.7439e+00 +2.4613e+00 -4.3571e+00 +2.2699e+00
2201 0 +9.955584775e+02 +8.253584775e+02 +8.253584775e+02 -1.4813e+00 -2.0763e+00 +1.7407e-02 +3.5829e+00 +3.0243e+00 -8.3493e-01 +2.0004e+00 +2.6092e+00 -4.6858e+00 +2.2060e+00
2251 0 +8.558501797e+02 +6.856501797e+02 +6.856501797e+02 -1.2658e+00 -1.9652e+00 +2.3135e-01 +3.6544e+00 +3.0270e+00 -6.6587e-01 +2.0324e+00 +2.3791e+00 -4.4842e+00 +1.9600e+00
2301 0 +7.680368396e+02 +5.978368396e+02 +5.978368396e+02 -1.5395e+00 -1.7070e+00 +1.9181e-01 +3.8034e+00 +3.0156e+00 -8.2640e-01 +1.8087e+00 +2.5417e+00 -4.3527e+00 +2.0376e+00
2401 0 +6.491200893e+02 +4.789200893e+02 +4.789200893e+02 -1.7086e+00 -2.0429e+00 +2.3038e-01 +3.3836e+00 +2.8763e+00 -9.0586e-01 +2.2244e+00 +2.4722e+00 -3.8961e+00 +2.6928e+00
2451 0 +5.358166434e+02 +3.656166434e+02 +3.656166434e+02 -2.2084e+00 -2.1728e+00 +1.5952e-01 +2.8325e+00 +3.4232e+00 -1.4231e+00 +2.5672e+00 +2.5758e+00 -4.5425e+00 +2.8416e+00
% f evaluations | g evaluations | best noise-free fitness - Fopt (-4.697500000000e+02) + sum g_i+ | measured fitness | best measured fitness or single-digit g-values | x1 | x2...
1 0 +1.777962218e+06 +1.777492468e+06 +1.777492468e+06 +5.9671e-01 -3.8264e-02 +7.4769e-01 +1.6230e+00 -1.3415e-01 -1.3414e-01 +1.6792e+00 +8.6743e-01 -3.6947e-01 +6.4256e-01
3 0 +1.335109417e+06 +1.334639667e+06 +1.334639667e+06 +1.5656e+00 -1.2578e-01 +1.6753e-01 -1.3247e+00 -4.4438e-01 +2.1092e-01 -1.0510e+00 +4.7570e-01 -5.0064e-01 -1.9169e-01
6 0 +1.000638686e+06 +1.000168936e+06 +1.000168936e+06 +4.2408e-01 -2.8508e-01 -5.7692e-01 +7.1168e-01 +1.1310e+00 +1.0313e+00 -7.3922e-01 -2.0921e-01 +4.3126e-01 +1.0755e+00
28 0 +6.563094980e+05 +6.558397480e+05 +6.558397480e+05 +1.5413e+00 -1.3359e+00 +1.2632e+00 +1.1023e-01 -8.8151e-01 +5.6210e-01 +2.9906e-01 -5.0022e-01 +1.6980e-01 -2.8531e-01
51 0 +2.969864322e+05 +2.965166822e+05 +2.965166822e+05 +9.9522e-01 -2.4160e+00 +9.6545e-01 +5.8012e-01 -1.7352e-02 +5.7032e-01 -4.5004e-01 -3.2357e-01 +7.5400e-01 +4.6943e-01
101 0 +8.982730222e+04 +8.935755222e+04 +8.935755222e+04 +1.5000e+00 -2.7755e+00 -9.9933e-01 +1.6592e+00 +1.4267e+00 +4.3705e+00 +1.3113e-01 +4.7050e-02 +1.5207e+00 +5.0522e-01
251 0 +5.380292595e+04 +5.333317595e+04 +5.333317595e+04 +3.6091e-01 -2.7341e+00 -1.0927e+00 +3.1377e+00 +5.8395e-01 +2.3546e+00 -5.8008e-01 +7.5586e-01 +1.0575e-01 +1.2372e+00
451 0 +3.842108936e+04 +3.795133936e+04 +3.795133936e+04 +5.2605e-01 -3.7245e+00 -3.4380e-01 +2.7315e+00 -7.0021e-02 +1.9331e+00 -6.2226e-02 +2.2150e+00 -4.6549e-01 +6.4178e-02
501 0 +1.900356529e+04 +1.853381529e+04 +1.853381529e+04 +6.0577e-01 -2.5768e+00 -5.7494e-01 +2.0154e+00 +2.0489e+00 +1.4938e+00 -8.9638e-01 +1.6540e+00 +3.3775e+00 +3.0860e+00
551 0 +1.894998763e+04 +1.848023763e+04 +1.848023763e+04 +1.0971e+00 -2.6215e+00 +5.5735e-01 +5.0569e-02 +5.9583e-01 +1.3194e+00 -2.1253e+00 +3.5771e+00 +6.4954e-01 +2.2456e+00
651 0 +1.815805541e+04 +1.768830541e+04 +1.768830541e+04 +9.2425e-01 -2.6543e+00 -3.5762e-01 +1.5626e+00 +4.2274e-01 +3.3279e+00 -1.6567e+00 +1.3535e+00 -9.6168e-01 +1.3280e+00
751 0 +1.553706417e+04 +1.506731417e+04 +1.506731417e+04 +1.1486e+00 -3.1011e+00 +4.5965e-01 +6.0329e-01 +1.0328e+00 +1.2906e+00 -1.3414e+00 +2.0289e+00 +2.3343e+00 +2.7827e+00
851 0 +1.142975514e+04 +1.096000514e+04 +1.096000514e+04 +1.0306e+00 -2.8783e+00 +5.9253e-01 +1.5139e+00 +1.0233e-01 +2.0797e+00 -1.2200e+00 +1.7583e+00 +2.2104e-01 +2.3176e+00
901 0 +6.866658316e+03 +6.396908316e+03 +6.396908316e+03 +8.2678e-01 -2.1810e+00 +3.6357e-01 +9.3387e-01 +1.5726e+00 +9.6472e-01 -2.5913e+00 +2.4128e+00 +1.8697e+00 +4.1281e+00
951 0 +5.747277487e+03 +5.277527487e+03 +5.277527487e+03 +3.7605e-01 -2.9970e+00 +1.1597e+00 +6.7331e-01 +1.0934e+00 +1.4197e+00 -1.8954e+00 +2.1783e+00 +1.1784e+00 +3.2662e+00
1051 0 +4.942750586e+03 +4.473000586e+03 +4.473000586e+03 +1.2508e+00 -1.4790e+00 +5.4174e-01 +1.5249e+00 +1.6123e+00 +2.5211e+00 -6.7805e-01 +2.2391e+00 +2.1592e+00 +3.5121e+00
1151 0 +4.223945546e+03 +3.754195546e+03 +3.754195546e+03 +6.1821e-01 -2.4897e+00 +1.1704e+00 +9.9414e-01 +1.2492e+00 +1.5444e+00 -1.1606e+00 +2.7470e+00 +1.5309e+00 +3.0605e+00
1201 0 +3.038045085e+03 +2.568295085e+03 +2.568295085e+03 +6.5917e-01 -2.8965e+00 +2.0245e+00 +3.5368e-01 +4.6425e-01 +1.8777e+00 -1.1608e+00 +1.5552e+00 +1.1917e+00 +3.3179e+00
1251 0 +1.656400071e+03 +1.186650071e+03 +1.186650071e+03 +5.4268e-01 -2.4601e+00 +1.6035e+00 +1.6639e+00 +9.1667e-01 +1.9273e+00 -9.4679e-02 +2.4047e+00 +1.5287e+00 +2.9794e+00
1551 0 +1.259748954e+03 +7.899989544e+02 +7.899989544e+02 +3.5512e-01 -2.5741e+00 +1.7736e+00 +1.6455e+00 +8.2414e-01 +1.5943e+00 -1.1105e-01 +2.2480e+00 +1.7421e+00 +3.1812e+00
1651 0 +5.773424493e+02 +1.075924493e+02 +1.075924493e+02 +6.8237e-01 -2.7370e+00 +2.4668e+00 +1.4291e+00 +3.6716e-02 +2.0355e+00 +7.7699e-01 +2.1795e+00 +1.4384e+00 +2.7844e+00
1701 0 +5.673521582e+02 +9.760215822e+01 +9.760215822e+01 +5.6079e-01 -2.5486e+00 +2.6494e+00 +1.5877e+00 +2.5707e-01 +2.4126e+00 +1.0214e+00 +2.2882e+00 +1.2121e+00 +2.7203e+00
1851 0 +5.026317342e+02 +3.288173419e+01 +3.288173419e+01 +4.4192e-01 -2.8096e+00 +2.8159e+00 +1.3076e+00 +1.4116e-01 +2.0626e+00 +7.5773e-01 +1.8071e+00 +1.4361e+00 +2.9851e+00
1951 0 +3.940394468e+02 -7.571055320e+01 -7.571055320e+01 +6.1276e-01 -2.6819e+00 +2.8853e+00 +1.3334e+00 +1.6013e-01 +2.3498e+00 +1.1324e+00 +2.0706e+00 +1.5499e+00 +2.8886e+00
2001 0 +3.864988127e+02 -8.325118729e+01 -8.325118729e+01 +5.3464e-01 -2.8487e+00 +2.9236e+00 +1.2302e+00 -9.9836e-02 +2.4026e+00 +9.6728e-01 +1.5988e+00 +1.2119e+00 +2.7583e+00
2051 0 +2.379312243e+02 -2.318187757e+02 -2.318187757e+02 +5.1918e-01 -2.5983e+00 +2.6899e+00 +1.6579e+00 +2.8753e-01 +2.3052e+00 +1.1674e+00 +1.7515e+00 +1.7440e+00 +3.0115e+00
2251 0 +1.787817588e+02 -2.909682412e+02 -2.909682412e+02 +5.6741e-01 -2.5218e+00 +2.8680e+00 +1.5833e+00 +1.0967e-01 +2.6393e+00 +1.3170e+00 +1.3212e+00 +1.4866e+00 +2.9494e+00
2351 0 +1.266068610e+02 -3.431431390e+02 -3.431431390e+02 +6.3803e-01 -2.5992e+00 +3.1022e+00 +1.2281e+00 +1.3470e-01 +2.5187e+00 +1.3121e+00 +1.4742e+00 +1.7993e+00 +3.1076e+00
% f evaluations | g evaluations | best noise-free fitness - Fopt (-5.191000000000e+01) + sum g_i+ | measured fitness | best measured fitness or single-digit g-values | x1 | x2...
1 0 +8.415068501e+06 +8.415016591e+06 +8.415016591e+06 +5.9671e-01 -3.8264e-02 +7.4769e-01 +1.6230e+00 -1.3415e-01 -1.3414e-01 +1.6792e+00 +8.6743e-01 -3.6947e-01 +6.4256e-01
2 0 +3.471323576e+06 +3.471271666e+06 +3.471271666e+06 -3.6342e-01 -3.6573e-01 +3.4196e-01 -1.8133e+00 -1.6249e+00 -4.6229e-01 -9.1283e-01 +4.1425e-01 -8.0802e-01 -1.3123e+00
3 0 +3.365975069e+06 +3.365923159e+06 +3.365923159e+06 +1.5656e+00 -1.2578e-01 +1.6753e-01 -1.3247e+00 -4.4438e-01 +2.1092e-01 -1.0510e+00 +4.7570e-01 -5.0064e-01 -1.9169e-01
4 0 +3.734226445e+05 +3.733707345e+05 +3.733707345e+05 -5.0171e-01 +1.9523e+00 +8.6503e-02 -9.5771e-01 +9.2254e-01 -1.1208e+00 +3.0886e-01 -1.8597e+00 -1.2282e+00 +2.9686e-01
51 0 +1.880423314e+05 +1.879904214e+05 +1.879904214e+05 -2.9033e-01 +7.2574e-01 +6.7120e-01 +6.5522e-01 +1.7149e+00 -2.2096e+00 -1.5631e+00 -2.7641e+00 -5.2884e-01 +4.4911e-01
101 0 +3.918359710e+04 +3.913168710e+04 +3.913168710e+04 +1.2172e+00 +1.3868e+00 -2.1489e-02 +3.4528e+00 +1.6260e+00 -1.8403e+00 -1.6382e+00 -3.2857e+00 -9.3476e-01 +2.6533e+00
201 0 +1.933050967e+04 +1.927859967e+04 +1.927859967e+04 -1.8161e+00 +1.3176e+00 -3.1731e+00 +1.1905e+00 +1.1556e+00 -3.2560e+00 +1.9890e-01 -3.0933e+00 +1.5014e+00 -4.9166e-01
351 0 +5.908608962e+03 +5.856698962e+03 +5.856698962e+03 +1.4989e+00 +2.3830e-01 -1.4600e+00 +3.5610e+00 +4.7852e+00 -1.5001e-01 -1.6807e+00 -1.8813e+00 +1.0931e+00 +2.8453e+00
1001 0 +4.473051372e+03 +4.421141372e+03 +4.421141372e+03 +1.3584e+00 +1.0443e+00 +5.9390e-01 +3.0766e+00 +3.6742e+00 -1.4554e+00 -1.5643e+00 -1.9618e+00 +7.8599e-01 +4.0189e+00
1101 0 +3.662560838e+03 +3.610650838e+03 +3.610650838e+03 +2.4407e+00 +8.5531e-01 +1.0384e+00 +3.6917e+00 +4.0592e+00 -9.4670e-01 -2.2386e+00 -1.9455e+00 +4.4787e-01 +4.2673e+00
1251 0 +2.762784424e+03 +2.710874424e+03 +2.710874424e+03 +1.7477e+00 +8.1956e-01 +1.5404e-01 +3.6658e+00 +3.7530e+00 -2.5051e+00 -9.8656e-01 -3.2395e+00 -1.0098e+00 +3.1613e+00
1301 0 +1.555435543e+03 +1.503525543e+03 +1.503525543e+03 +1.7080e+00 +3.6008e-01 -1.4622e-01 +3.5701e+00 +4.4648e+00 -2.5722e+00 -8.7070e-01 -2.7016e+00 -6.3700e-02 +3.0222e+00
1601 0 +7.464431436e+02 +6.945331436e+02 +6.945331436e+02 +1.4270e+00 +1.3083e+00 -8.6813e-01 +3.0215e+00 +3.5281e+00 -1.0807e+00 -1.2673e+00 -2.3446e+00 +5.6129e-01 +3.4338e+00
1701 0 +6.431925910e+02 +5.912825910e+02 +5.912825910e+02 +1.6872e+00 +3.7677e-01 -3.7860e-01 +3.4230e+00 +4.3487e+00 -1.1988e+00 -1.8055e+00 -2.3247e+00 +8.6242e-01 +3.2913e+00
2001 0 +2.185225449e+02 +1.666125449e+02 +1.666125449e+02 +1.5130e+00 +1.0858e+00 -1.0132e+00 +3.0790e+00 +3.7571e+00 -5.3512e-01 -1.5725e+00 -2.0745e+00 +8.7293e-01 +3.2661e+00
2101 0 +2.122091627e+02 +1.602991627e+02 +1.602991627e+02 +1.7575e+00 +8.5736e-01 -1.1434e+00 +3.4135e+00 +4.0554e+00 -9.2276e-01 -1.4095e+00 -2.2962e+00 +5.4778e-01 +2.9668e+00
2151 0 +1.610506784e+02 +1.091406784e+02 +1.091406784e+02 +1.5369e+00 +3.8247e-01 -9.9005e-01 +3.0605e+00 +4.3422e+00 -9.1147e-02 -2.2346e+00 -1.7116e+00 +1.8702e+00 +3.0322e+00
2301 0 +1.185563365e+02 +6.664633654e+01 +6.664633654e+01 +1.5220e+00 +5.9293e-01 -9.8555e-01 +3.1122e+00 +4.1613e+00 -4.4808e-01 -1.9154e+00 -1.8124e+00 +1.5110e+00 +3.0587e+00
2401 0 +1.005408932e+02 +4.863089323e+01 +4.863089323e+01 +1.6790e+00 +6.9729e-01 -1.2895e+00 +3.2941e+00 +4.1670e+00 -4.4579e-01 -1.7194e+00 -1.9833e+00 +1.1473e+00 +2.9600e+00
2451 0 +6.628533748e+01 +1.437533748e+01 +1.437533748e+01 +1.5532e+00 +8.1669e-01 -9.3280e-01 +3.0791e+00 +4.1445e+00 -4.5900e-01 -1.7206e+00 -1.8027e+00 +1.3684e+00 +3.3670e+00
% f evaluations | g evaluations | best noise-free fitness - Fopt (4.808000000000e+01) + sum g_i+ | measured fitness | best measured fitness or single-digit g-values | x1 | x2...
1 0 +7.072208091e+06 +7.072256171e+06 +7.072256171e+06 +5.9671e-01 -3.8264e-02 +7.4769e-01 +1.6230e+00 -1.3415e-01 -1.3414e-01 +1.6792e+00 +8.6743e-01 -3.6947e-01 +6.4256e-01
2 0 +3.344361654e+06 +3.344409734e+06 +3.344409734e+06 -3.6342e-01 -3.6573e-01 +3.4196e-01 -1.8133e+00 -1.6249e+00 -4.6229e-01 -9.1283e-01 +4.1425e-01 -8.0802e-01 -1.3123e+00
3 0 +1.771217716e+06 +1.771265796e+06 +1.771265796e+06 +1.5656e+00 -1.2578e-01 +1.6753e-01 -1.3247e+00 -4.4438e-01 +2.1092e-01 -1.0510e+00 +4.7570e-01 -5.0064e-01 -1.9169e-01
5 0 +1.519111821e+06 +1.519159901e+06 +1.519159901e+06 +8.3847e-01 +2.7137e-01 -1.5648e-02 -2.0110e-01 -1.3785e+00 -6.1984e-01 -3.6064e-01 +1.1571e+00 +4.4362e-01 -1.6630e+00
23 0 +8.859623300e+05 +8.860104100e+05 +8.860104100e+05 +2.4147e+00 -1.7673e+00 +7.8626e-01 -1.5127e+00 -3.7193e-01 +1.1890e+00 +1.6428e-01 -9.7774e-01 -6.1530e-01 +7.7960e-01
51 0 +3.661817774e+05 +3.662298574e+05 +3.662298574e+05 +3.2725e+00 -1.2894e+00 -2.1006e-01 -1.4366e+00 +6.7243e-02 +9.6827e-01 -1.6463e-01 +1.6920e+00 +3.3937e-01 -9.1010e-01
101 0 +3.419411610e+05 +3.419892410e+05 +3.419892410e+05 +2.3646e+00 +5.2876e-01 -2.5464e+00 -2.0132e+00 +6.8939e-01 +1.6062e+00 +6.3243e-01 +9.4741e-01 -9.8161e-01 -1.7955e+00
151 0 +2.473576349e+05 +2.474057149e+05 +2.474057149e+05 +2.2096e+00 -1.9503e+00 -1.0418e+00 -4.7201e+00 -1.4377e+00 +4.9573e-01 +2.4471e+00 +3.6969e+00 -7.6831e-01 -2.0819e+00
201 0 +2.303660283e+05 +2.304141083e+05 +2.304141083e+05 +3.1206e+00 -3.0689e+00 -9.9098e-01 -3.6874e+00 +1.0324e+00 -2.5737e+00 -9.3293e-01 -1.7708e+00 -9.1443e-01 -1.3789e+00
251 0 +1.882279870e+05 +1.882760670e+05 +1.882760670e+05 +3.3685e+00 -1.9159e+00 -1.5885e-01 -2.5414e+00 +2.1264e+00 +1.3481e+00 -8.3529e-01 -3.8234e+00 -1.7285e+00 -2.2024e+00
301 0 +9.835333898e+04 +9.840141898e+04 +9.840141898e+04 +4.0319e+00 +6.9029e-02 -3.6529e+00 -4.7819e+00 +3.2131e+00 -9.1218e-01 +1.1719e+00 +3.7866e-01 +3.2635e-02 -1.1166e+00
501 0 +2.960670921e+04 +2.965478921e+04 +2.965478921e+04 +2.7780e+00 +2.9848e-01 -4.7689e+00 -3.6506e+00 +3.0059e+00 -1.5767e+00 -6.5753e-01 +5.6436e-01 -1.1184e+00 -6.4700e-01
601 0 +2.868777437e+04 +2.873585437e+04 +2.873585437e+04 +1.8027e+00 -2.1122e+00 -3.9402e+00 -4.7452e+00 +2.5619e+00 -1.9202e+00 -1.3947e+00 +7.1768e-01 -2.9282e-01 -2.4211e+00
701 0 +1.528801137e+04 +1.533609137e+04 +1.533609137e+04 +2.9174e+00 -1.4445e+00 -3.4372e+00 -4.2140e+00 +2.5272e+00 -3.5696e+00 -7.8840e-01 +1.6496e+00 -2.0242e+00 -1.8706e-01
751 0 +1.161565032e+04 +1.166373032e+04 +1.166373032e+04 +2.9511e+00 -2.0656e+00 -2.6277e+00 -4.5355e+00 +2.5962e+00 -1.2546e+00 -6.9948e-01 +1.4471e-01 -9.7104e-01 -1.3964e+00
1001 0 +9.815738386e+03 +9.863818386e+03 +9.863818386e+03 +2.6932e+00 -1.4613e+00 -3.4812e+00 -4.8239e+00 +2.4126e+00 -2.6470e+00 -1.9725e-02 +2.4516e+00 -1.1428e+00 -1.4974e-01
1151 0 +4.069352298e+03 +4.117432298e+03 +4.117432298e+03 +1.9613e+00 -2.0123e+00 -3.3578e+00 -3.7960e+00 +2.3217e+00 -1.8029e+00 -1.6226e+00 +2.7977e-01 -1.2252e+00 -1.6841e+00
1201 0 +3.065329401e+03 +3.113409401e+03 +3.113409401e+03 +1.8018e+00 -2.8257e+00 -2.8733e+00 -4.0100e+00 +2.8796e+00 -1.3811e+00 -1.9849e+00 +7.8185e-01 -1.9327e+00 -1.2916e+00
1301 0 +1.259810502e+03 +1.307890502e+03 +1.307890502e+03 +1.4166e+00 -2.3502e+00 -3.2144e+00 -3.5705e+00 +1.1314e+00 -2.6449e+00 -1.1962e+00 +1.9860e+00 -2.5567e+00 -1.3893e+00
1751 0 +1.132149926e+03 +1.180229926e+03 +1.180229926e+03 +1.5923e+00 -2.7373e+00 -2.9969e+00 -4.0587e+00 +2.0878e+00 -1.9376e+00 -1.7143e+00 +2.8287e-02 -1.4703e+00 -2.3872e+00
1801 0 +8.335172003e+02 +8.815972003e+02 +8.815972003e+02 +1.0280e+00 -3.2630e+00 -2.7996e+00 -3.5589e+00 +1.9891e+00 -1.3791e+00 -2.2521e+00 +4.0153e-01 -1.9678e+00 -2.7239e+00
1851 0 +5.613697834e+02 +6.094497834e+02 +6.094497834e+02 +1.3874e+00 -2.4843e+00 -3.2574e+00 -3.5842e+00 +2.1088e+00 -1.4066e+00 -1.8716e+00 +1.6717e-01 -1.6432e+00 -2.4023e+00
2051 0 +5.450168737e+02 +5.930968737e+02 +5.930968737e+02 +1.2513e+00 -3.3663e+00 -2.5567e+00 -3.7271e+00 +2.2761e+00 -9.3215e-01 -2.1390e+00 +8.0860e-01 -1.4086e+00 -2.4637e+00
2101 0 +4.715567156e+02 +5.196367156e+02 +5.196367156e+02 +1.2459e+00 -3.2338e+00 -2.8258e+00 -3.8713e+00 +2.0550e+00 -1.3132e+00 -1.9717e+00 +6.7632e-01 -1.3478e+00 -2.6967e+00
2151 0 +2.995958407e+02 +3.476758407e+02 +3.476758407e+02 +1.1134e+00 -3.4591e+00 -2.5906e+00 -3.5859e+00 +2.2065e+00 -9.2935e-01 -2.3101e+00 +8.3754e-01 -1.3736e+00 -2.7445e+00
2201 0 +2.556047315e+02 +3.036847315e+02 +3.036847315e+02 +1.3083e+00 -3.3922e+00 -2.3138e+00 -3.6730e+00 +1.9220e+00 -1.4414e+00 -2.0996e+00 +2.3697e-01 -2.1187e+00 -2.3691e+00
2301 0 +1.557676606e+02 +2.038476606e+02 +2.038476606e+02 +9.3326e-01 -3.6289e+00 -2.4910e+00 -3.1431e+00 +2.1257e+00 -1.3124e+00 -2.8828e+00 +5.6879e-01 -1.7367e+00 -2.7173e+00
2351 0 +1.135831179e+02 +1.616631179e+02 +1.616631179e+02 +1.2073e+00 -3.3464e+00 -2.4859e+00 -3.4937e+00 +2.0750e+00 -1.2059e+00 -2.3293e+00 +2.7309e-01 -1.7161e+00 -2.6128e+00
2401 0 +6.992802694e+01 +1.180080269e+02 +1.180080269e+02 +1.1561e+00 -3.3983e+00 -2.6202e+00 -3.5699e+00 +2.0342e+00 -1.3023e+00 -2.2556e+00 +8.6531e-01 -1.5578e+00 -2.5851e+00
% f evaluations | g evaluations | best noise-free fitness - Fopt (3.058000000000e+01) + sum g_i+ | measured fitness | best measured fitness or single-digit g-values | x1 | x2...
1 0 +1.935209604e+07 +1.935212662e+07 +1.935212662e+07 +5.9671e-01 -3.8264e-02 +7.4769e-01 +1.6230e+00 -1.3415e-01 -1.3414e-01 +1.6792e+00 +8.6743e-01 -3.6947e-01 +6.4256e-01
2 0 +4.066364824e+06 +4.066395404e+06 +4.066395404e+06 -3.6342e-01 -3.6573e-01 +3.4196e-01 -1.8133e+00 -1.6249e+00 -4.6229e-01 -9.1283e-01 +4.1425e-01 -8.0802e-01 -1.3123e+00
4 0 +2.906257570e+06 +2.906288150e+06 +2.906288150e+06 -5.0171e-01 +1.9523e+00 +8.6503e-02 -9.5771e-01 +9.2254e-01 -1.1208e+00 +3.0886e-01 -1.8597e+00 -1.2282e+00 +2.9686e-01
51 0 +1.363391175e+05 +1.363696975e+05 +1.363696975e+05 -2.1098e+00 +1.6709e-01 -2.8726e+00 -1.0108e+00 +1.2354e+00 -3.5342e-01 -1.7114e+00 -7.4858e-01 -2.7549e-01 +5.4239e-01
101 0 +5.304097726e+04 +5.307155726e+04 +5.307155726e+04 -1.4144e+00 +4.2257e-01 -4.4904e+00 +9.5684e-01 +1.0864e+00 -4.9036e-01 -2.3009e+00 -9.5442e-01 -2.5528e-01 +2.7968e+00
251 0 +5.126923356e+04 +5.129981356e+04 +5.129981356e+04 -2.2207e+00 +3.4931e+00 -1.6690e+00 -1.3074e+00 -1.4196e+00 +3.1909e+00 -3.9307e+00 -1.4002e+00 -4.5701e-01 -3.6354e+00
501 0 +4.463925465e+04 +4.466983465e+04 +4.466983465e+04 -9.8669e-01 +2.0053e+00 -3.0666e+00 -4.3170e-01 +1.4558e-01 -5.1226e-01 -3.5202e+00 -9.5488e-01 +1.9907e+00 +1.2888e+00
651 0 +2.908330025e+04 +2.911388025e+04 +2.911388025e+04 -1.9386e+00 +3.0554e+00 -1.8085e+00 +1.7994e-03 -4.9330e-01 +1.4869e-01 -2.5102e+00 -1.3500e+00 -2.5954e-01 -8.6719e-01
701 0 +1.839637020e+04 +1.842695020e+04 +1.842695020e+04 -1.6394e+00 +1.6455e+00 +4.9390e-01 -1.7644e+00 +1.1398e+00 -2.4369e+00 -3.2948e+00 +7.0763e-01 +1.4860e+00 +6.9158e-01
951 0 +8.103064453e+03 +8.133644453e+03 +8.133644453e+03 -1.7535e+00 +2.1218e+00 -2.6138e+00 -1.0379e+00 +2.5129e+00 -1.8283e+00 -1.8102e+00 -1.7268e+00 +1.9301e+00 +1.8833e+00
1201 0 +4.640769774e+03 +4.671349774e+03 +4.671349774e+03 -2.0823e+00 +9.0309e-01 -2.2527e+00 -1.0137e+00 +1.9212e+00 -1.8973e+00 -2.6103e+00 -7.4694e-01 +2.5887e+00 +1.6496e+00
1351 0 +4.443674792e+03 +4.474254792e+03 +4.474254792e+03 -1.8004e+00 +1.2275e+00 -2.0805e+00 -1.3044e+00 +1.2085e+00 -2.7533e+00 -2.2534e+00 -6.3498e-01 +2.9243e+00 +1.7442e+00
1451 0 +3.230012709e+03 +3.260592709e+03 +3.260592709e+03 -1.7777e+00 +8.1827e-01 -1.8510e+00 -1.5527e+00 +2.0133e+00 -3.1316e+00 -2.5330e+00 -5.1290e-01 +3.2683e+00 +2.1392e+00
1551 0 +2.657685883e+03 +2.688265883e+03 +2.688265883e+03 -1.8808e+00 -8.1028e-01 -3.0983e+00 -1.4917e+00 +2.5614e+00 -2.6306e+00 -2.8186e+00 -3.6413e-01 +3.1577e+00 +3.1011e+00
1601 0 +1.890508471e+03 +1.921088471e+03 +1.921088471e+03 -1.7317e+00 -5.8869e-01 -3.2206e+00 -1.2635e+00 +2.3697e+00 -2.9865e+00 -2.6770e+00 -5.1860e-01 +3.3162e+00 +3.1799e+00
1751 0 +1.423138357e+03 +1.453718357e+03 +1.453718357e+03 -2.1405e+00 +2.8946e-01 -2.6263e+00 -8.2327e-01 +2.6034e+00 -3.0119e+00 -2.1165e+00 -7.1856e-01 +3.1922e+00 +2.8694e+00
1801 0 +9.698275787e+02 +1.000407579e+03 +1.000407579e+03 -2.0038e+00 -1.9326e-01 -3.2997e+00 -7.0875e-01 +2.6460e+00 -2.8638e+00 -2.1929e+00 -8.8876e-01 +3.2290e+00 +3.3033e+00
1951 0 +7.408045681e+02 +7.713845681e+02 +7.713845681e+02 -2.5796e+00 -9.0915e-01 -2.5918e+00 -1.1978e+00 +3.5022e+00 -2.5910e+00 -2.3691e+00 -3.1455e-01 +3.0089e+00 +3.0848e+00
2001 0 +6.911726573e+02 +7.217526573e+02 +7.217526573e+02 -2.3758e+00 -5.7211e-01 -2.6946e+00 -6.5863e-01 +3.0000e+00 -2.5198e+00 -2.5940e+00 -4.3173e-01 +2.9331e+00 +2.9901e+00
2051 0 +5.672177973e+02 +5.977977973e+02 +5.977977973e+02 -2.4353e+00 -5.0149e-01 -2.6684e+00 -6.5822e-01 +2.9803e+00 -2.2855e+00 -2.5411e+00 -4.2107e-01 +2.7970e+00 +2.9241e+00
2251 0 +2.315235309e+02 +2.621035309e+02 +2.621035309e+02 -2.6033e+00 -1.2886e+00 -2.4439e+00 -6.4437e-01 +3.4146e+00 -2.7720e+00 -2.7500e+00 -7.1960e-03 +3.2036e+00 +3.4163e+00
2451 0 +2.005995740e+02 +2.311795740e+02 +2.311795740e+02 -2.8630e+00 -1.2277e+00 -2.1633e+00 -5.5209e-01 +3.7347e+00 -2.5545e+00 -2.6715e+00 +8.0623e-02 +2.8516e+00 +3.2191e+00
% f evaluations | g evaluations | best noise-free fitness - Fopt (1.000000000000e+03) + sum g_i+ | measured fitness | best measured fitness or single-digit g-values | x1 | x2...
1 0 +3.539809844e+06 +3.540809844e+06 +3.540809844e+06 +5.9671e-01 -3.8264e-02 +7.4769e-01 +1.6230e+00 -1.3415e-01 -1.3414e-01 +1.6792e+00 +8.6743e-01 -3.6947e-01 +6.4256e-01
9 0 +2.056721451e+06 +2.057721451e+06 +2.057721451e+06 -1.1967e-01 +4.5711e-01 +1.5779e+00 -4.1827e-01 -7.0849e-01 -4.0176e-01 +1.0154e+00 +4.2875e-01 -4.2976e-01 +6.1327e-01
21 0 +9.707796952e+05 +9.717796952e+05 +9.717796952e+05 +4.5779e-01 +6.6078e-01 +1.1831e+00 +1.1538e+00 -1.2777e+00 -8.3783e-01 +6.1504e-01 +6.1379e-01 +6.1505e-01 +3.9527e+00
51 0 +1.203288245e+05 +1.213288245e+05 +1.213288245e+05 +2.5599e-01 +1.8417e-01 -1.4965e+00 +1.1339e+00 -1.5696e+00 -7.8251e-01 +2.5544e-01 -1.9752e-01 +1.0255e+00 +4.3092e+00
251 0 +1.165531648e+05 +1.175531648e+05 +1.175531648e+05 +2.1132e+00 -1.4388e-01 -1.2848e+00 -1.5767e-01 -3.9045e+00 -2.4610e+00 +3.9524e+00 -1.0712e+00 -1.9861e+00 +2.7966e+00
351 0 +5.185906122e+04 +5.285906122e+04 +5.285906122e+04 -2.9829e-01 +2.6505e-01 -6.6242e-01 -1.4384e+00 -2.5953e+00 -3.6959e+00 +1.5006e+00 -1.4288e+00 +1.9052e+00 +1.9989e+00
451 0 +3.384382735e+04 +3.484382735e+04 +3.484382735e+04 -1.6849e+00 +1.8737e+00 -1.8776e+00 -2.4507e+00 -4.5444e+00 -2.2186e+00 +2.7640e+00 -2.0423e-02 +2.6565e+00 +1.5608e+00
601 0 +2.628936192e+04 +2.728936192e+04 +2.728936192e+04 -1.0046e+00 +1.9927e+00 +1.6915e-01 -1.7945e+00 -2.3133e+00 -2.8181e+00 +4.0613e-01 -3.4931e-02 +4.3754e+00 +2.2466e+00
651 0 +1.999000656e+04 +2.099000656e+04 +2.099000656e+04 -2.6005e+00 +8.0416e-01 -3.3617e+00 -4.6093e+00 -2.7464e+00 -9.6158e-01 +2.0738e+00 -1.7256e+00 +2.0691e+00 +1.9571e+00
701 0 +9.935149295e+03 +1.093514930e+04 +1.093514930e+04 -1.1183e+00 +8.7552e-01 -1.9694e+00 -2.0559e+00 -2.6282e+00 -1.7115e+00 +1.4340e+00 -9.0189e-01 +2.3713e+00 +2.7423e+00
851 0 +8.057143773e+03 +9.057143773e+03 +9.057143773e+03 -7.1242e-01 +1.2494e+00 -1.4714e+00 -1.7136e+00 -2.7559e+00 -1.7364e+00 +2.0141e+00 -1.5744e+00 +1.5701e+00 +2.4912e+00
1051 0 +6.288997273e+03 +7.288997273e+03 +7.288997273e+03 -1.0645e+00 +1.7374e+00 -2.2599e+00 -2.0042e+00 -3.4290e+00 -1.6035e+00 +2.2385e+00 -1.3602e+00 +2.4407e+00 +2.4431e+00
1101 0 +4.372898361e+03 +5.372898361e+03 +5.372898361e+03 -1.0589e+00 +4.0051e-01 -2.3918e+00 -2.6026e+00 -2.6860e+00 -1.3125e+00 +2.3609e+00 -2.2691e+00 +7.8851e-01 +2.4422e+00
1151 0 +3.729253422e+03 +4.729253422e+03 +4.729253422e+03 -1.0184e+00 +8.2884e-01 -2.4042e+00 -2.5320e+00 -3.3023e+00 -1.5749e+00 +2.5705e+00 -1.4823e+00 +1.1989e+00 +2.2708e+00
1201 0 +3.705580636e+03 +4.705580636e+03 +4.705580636e+03 -8.7056e-01 +5.2136e-01 -1.9941e+00 -3.1085e+00 -3.2116e+00 -1.8675e+00 +2.5853e+00 -2.2079e+00 +1.7260e+00 +1.8672e+00
1251 0 +2.580531297e+03 +3.580531297e+03 +3.580531297e+03 -9.7535e-01 +1.0491e+00 -2.7472e+00 -2.4356e+00 -3.2292e+00 -1.6577e+00 +2.7321e+00 -1.4301e+00 +1.0497e+00 +2.4335e+00
1301 0 +2.011792129e+03 +3.011792129e+03 +3.011792129e+03 -1.0247e+00 -5.8959e-01 -1.5650e+00 -2.3628e+00 -3.2243e+00 -2.1359e+00 +1.9920e+00 -2.2976e+00 +2.3503e+00 +1.1633e+00
1451 0 +2.001267235e+03 +3.001267235e+03 +3.001267235e+03 -1.2648e+00 +4.3903e-01 -2.6013e+00 -2.5304e+00 -3.4763e+00 -1.3558e+00 +2.0617e+00 -1.5416e+00 +2.6992e+00 +1.9756e+00
1501 0 +1.361453860e+03 +2.361453860e+03 +2.361453860e+03 -1.5822e+00 -2.5526e-01 -2.3840e+00 -3.7235e+00 -3.0917e+00 -1.2857e+00 +2.1284e+00 -2.3665e+00 +2.4504e+00 +1.4960e+00
1551 0 +8.816078511e+02 +1.881607851e+03 +1.881607851e+03 -1.2627e+00 +2.1493e-01 -2.4434e+00 -3.3609e+00 -3.1985e+00 -1.5187e+00 +2.4632e+00 -1.9476e+00 +1.8138e+00 +1.7812e+00
1851 0 +8.377637897e+02 +1.837763790e+03 +1.837763790e+03 -1.4839e+00 -3.2814e-01 -2.4619e+00 -3.5807e+00 -3.3698e+00 -1.3393e+00 +2.2091e+00 -2.0489e+00 +2.5140e+00 +1.3289e+00
1901 0 +6.395961607e+02 +1.639596161e+03 +1.639596161e+03 -1.5337e+00 -8.9947e-01 -2.2453e+00 -3.7670e+00 -3.4121e+00 -1.5966e+00 +2.1111e+00 -2.2404e+00 +2.8374e+00 +9.0011e-01
1951 0 +5.883961659e+02 +1.588396166e+03 +1.588396166e+03 -1.5513e+00 +1.8645e-01 -2.1941e+00 -3.1084e+00 -3.4481e+00 -1.3444e+00 +2.1074e+00 -1.8961e+00 +2.6080e+00 +1.4432e+00
2001 0 +5.581213156e+02 +1.558121316e+03 +1.558121316e+03 -1.4662e+00 -8.1465e-01 -2.6996e+00 -3.5980e+00 -3.5488e+00 -1.3633e+00 +2.2719e+00 -1.9766e+00 +2.5878e+00 +1.1407e+00
2051 0 +5.531330037e+02 +1.553133004e+03 +1.553133004e+03 -1.4932e+00 -9.1832e-01 -2.3666e+00 -3.7725e+00 -3.5987e+00 -1.3871e+00 +2.1178e+00 -2.2179e+00 +3.0810e+00 +9.1862e-01
2101 0 +4.354017621e+02 +1.435401762e+03 +1.435401762e+03 -1.6250e+00 -4.4643e-01 -2.3009e+00 -3.7389e+00 -3.4371e+00 -1.3770e+00 +2.0093e+00 -1.8874e+00 +3.0928e+00 +1.1337e+00
2201 0 +3.733765697e+02 +1.373376570e+03 +1.373376570e+03 -1.7206e+00 -1.4447e-01 -2.3365e+00 -3.3282e+00 -3.4969e+00 -1.1311e+00 +1.9152e+00 -1.9502e+00 +3.1862e+00 +1.2701e+00
2251 0 +3.373254692e+02 +1.337325469e+03 +1.337325469e+03 -1.7525e+00 -4.7161e-01 -2.0583e+00 -3.0851e+00 -4.0315e+00 -1.1711e+00 +1.7061e+00 -1.8982e+00 +4.2032e+00 +7.4196e-01
2351 0 +2.909888675e+02 +1.290988867e+03 +1.290988867e+03 -1.6700e+00 -7.9765e-01 -2.1382e+00 -3.4261e+00 -3.7485e+00 -1.2815e+00 +1.8081e+00 -2.0482e+00 +3.6623e+00 +7.9657e-01
2401 0 +1.768141607e+02 +1.176814161e+03 +1.176814161e+03 -2.0595e+00 -5.6842e-03 -1.8296e+00 -3.3220e+00 -3.6160e+00 -1.1018e+00 +1.5314e+00 -2.0185e+00 +4.0608e+00 +9.1672e-01
% f evaluations | g evaluations | best noise-free fitness - Fopt (-4.236000000000e+01) + sum g_i+ | measured fitness | best measured fitness or single-digit g-values | x1 | x2...
1 0 +8.729378122e+05 +8.728954522e+05 +8.728954522e+05 +5.9671e-01 -3.8264e-02 +7.4769e-01 +1.6230e+00 -1.3415e-01 -1.3414e-01 +1.6792e+00 +8.6743e-01 -3.6947e-01 +6.4256e-01
7 0 +8.432992605e+05 +8.432569005e+05 +8.432569005e+05 -3.7917e-01 -8.5659e-02 -1.0063e+00 -1.0962e+00 +9.1253e-01 +1.4562e+00 +2.7990e-02 +1.1035e+00 +4.6164e-01 -5.4512e-01
9 0 +4.957517830e+05 +4.957094230e+05 +4.957094230e+05 -1.1967e-01 +4.5711e-01 +1.5779e+00 -4.1827e-01 -7.0849e-01 -4.0176e-01 +1.0154e+00 +4.2875e-01 -4.2976e-01 +6.1327e-01
17 0 +4.675856234e+05 +4.675432634e+05 +4.675432634e+05 -8.7468e-01 +8.8708e-01 +1.2586e+00 -7.2068e-01 +1.0634e+00 +5.1278e-01 +9.2206e-01 +1.9968e+00 -1.4539e-01 -6.5374e-01
51 0 +1.309410937e+05 +1.308987337e+05 +1.308987337e+05 -2.1610e-03 +2.2641e-01 +1.8429e+00 -1.7209e+00 -2.9786e-01 +5.5595e-01 +1.5822e+00 -1.0434e-01 +1.2258e-01 +1.7359e-01
101 0 +1.248105430e+05 +1.247681830e+05 +1.247681830e+05 +2.3764e+00 +6.2918e-01 +2.8002e+00 -2.5010e+00 +1.5819e+00 +1.0379e-01 +3.0093e-01 +9.6653e-01 +1.1717e-01 +8.2627e-01
151 0 +3.864592316e+04 +3.860356316e+04 +3.860356316e+04 +2.1771e+00 -3.7988e-02 +3.5217e+00 -9.2639e-01 -1.3056e+00 +1.5012e+00 +1.7490e+00 -1.1038e+00 -8.1674e-01 +1.5404e+00
401 0 +2.170983179e+04 +2.166747179e+04 +2.166747179e+04 -1.9594e+00 +1.6870e+00 +1.0343e-01 -2.9568e+00 -7.5492e-01 +1.5026e+00 +1.7752e+00 -1.6706e+00 -7.0178e-01 +8.9136e-02
551 0 +1.995665351e+04 +1.991429351e+04 +1.991429351e+04 -1.9680e+00 +1.0681e+00 +2.5452e+00 -2.0570e+00 +2.0843e-01 +9.5860e-01 +2.0820e+00 -1.1982e+00 -2.3593e-01 -4.0929e-01
751 0 +1.362184269e+04 +1.357948269e+04 +1.357948269e+04 -1.8791e+00 +8.4760e-01 +1.0863e+00 -1.7816e+00 +2.7013e-01 +1.7417e+00 +2.5660e+00 -2.6669e+00 -3.3445e-01 -1.6494e-02
801 0 +1.033399009e+04 +1.029163009e+04 +1.029163009e+04 -9.4780e-01 +7.4261e-01 +1.9385e+00 -2.3296e+00 +1.9111e-01 -3.3559e-03 +2.5927e+00 -2.1962e+00 -2.7536e-01 +3.6933e-01
851 0 +1.030385592e+04 +1.026149592e+04 +1.026149592e+04 -7.9389e-01 +1.8201e+00 +1.6793e+00 -1.7021e+00 +1.0366e+00 +1.1308e+00 +2.4619e+00 -1.8874e+00 -8.3422e-01 +2.7998e-01
901 0 +8.091266031e+03 +8.048906031e+03 +8.048906031e+03 -1.0080e+00 +1.9264e+00 +2.1508e+00 -9.2200e-01 +2.7130e-01 +1.8554e+00 +3.3602e+00 -2.8444e+00 -1.9153e-01 -5.1048e-01
951 0 +5.882753886e+03 +5.840393886e+03 +5.840393886e+03 -1.0350e+00 +1.0606e+00 +8.3947e-01 -3.7176e+00 -9.9958e-01 +6.5094e-01 +2.1682e+00 -2.2607e+00 -4.6378e-02 +3.3339e-01
1101 0 +2.772297036e+03 +2.729937036e+03 +2.729937036e+03 -2.3622e-01 +1.5117e+00 +2.4343e+00 -1.4097e+00 +2.1321e-01 +9.3485e-01 +2.7430e+00 -1.9742e+00 -6.9409e-01 +3.2086e-01
1151 0 +2.567480098e+03 +2.525120098e+03 +2.525120098e+03 -7.1198e-01 +2.5650e+00 +1.7493e+00 -1.8295e+00 +2.6907e-01 +6.6625e-01 +3.3062e+00 -2.4113e+00 -8.8279e-01 -8.9549e-02
1201 0 +1.833475549e+03 +1.791115549e+03 +1.791115549e+03 -1.0188e+00 +1.6986e+00 +1.8310e+00 -1.8879e+00 +5.5567e-02 -5.7431e-03 +3.4280e+00 -2.8161e+00 +1.1970e-02 -1.8785e-01
1401 0 +9.385131122e+02 +8.961531122e+02 +8.961531122e+02 -4.9393e-01 +1.2628e+00 +2.6681e+00 -9.7861e-01 +1.2502e-01 +2.9451e-01 +3.5607e+00 -2.7314e+00 +2.3864e-01 -2.4932e-01
1451 0 +8.410878395e+02 +7.987278395e+02 +7.987278395e+02 -6.7163e-01 +1.6695e+00 +1.9376e+00 -2.0966e+00 +1.6606e-01 -8.9373e-02 +3.2149e+00 -2.4403e+00 -6.3194e-02 -9.9341e-02
1701 0 +7.788912484e+02 +7.365312484e+02 +7.365312484e+02 -7.1177e-01 +1.5632e+00 +2.0958e+00 -1.6650e+00 -1.3047e-01 +5.4521e-01 +3.1930e+00 -2.4992e+00 -2.4217e-01 -5.9366e-02
1751 0 +6.476808993e+02 +6.053208993e+02 +6.053208993e+02 -1.4995e-02 +2.0190e+00 +2.2548e+00 -1.1413e+00 +3.0565e-01 +5.2916e-01 +3.4920e+00 -2.6995e+00 -6.9168e-01 +2.7183e-01
1901 0 +5.506139523e+02 +5.082539523e+02 +5.082539523e+02 -1.2463e-01 +1.7612e+00 +2.1540e+00 -1.3551e+00 +4.9004e-01 +4.1765e-01 +3.2753e+00 -2.5435e+00 -5.5489e-01 +2.8717e-01
2151 0 +5.177810404e+02 +4.754210404e+02 +4.754210404e+02 -3.0555e-02 +1.8063e+00 +2.2556e+00 -1.1785e+00 +3.3317e-01 +7.4559e-01 +3.2942e+00 -2.5992e+00 -6.2024e-01 +2.7919e-01
2201 0 +5.144589634e+02 +4.720989634e+02 +4.720989634e+02 -2.2792e-01 +1.4234e+00 +1.9150e+00 -1.4627e+00 +4.1139e-01 +3.9463e-01 +3.2173e+00 -2.7504e+00 -3.5558e-01 +4.0222e-01
2251 0 +5.139583459e+02 +4.715983459e+02 +4.715983459e+02 -3.6425e-02 +1.9058e+00 +2.1754e+00 -1.1621e+00 +5.1377e-01 +5.7307e-01 +3.4016e+00 -2.7070e+00 -6.2533e-01 +3.0105e-01
2351 0 +4.133469121e+02 +3.709869121e+02 +3.709869121e+02 +1.2290e-01 +1.4276e+00 +2.4093e+00 -1.1517e+00 +3.5690e-01 +5.4458e-01 +3.3057e+00 -2.6560e+00 -3.2322e-01 +3.1825e-01
2401 0 +3.340754415e+02 +2.917154415e+02 +2.917154415e+02 +1.6039e-01 +8.9220e-01 +2.5623e+00 -1.0215e+00 +4.5198e-01 +4.0705e-01 +3.3039e+00 -2.7547e+00 +6.7023e-02 +3.2204e-01
