% f evaluations | g evaluations | best noise-free fitness - Fopt (9.294000000000e+01) + sum g_i+ | measured fitness | best measured fitness or single-digit g-values | x1 | x2...
1 0 +6.921805774e+02 +7.851205774e+02 +7.851205774e+02 +5.9671e-01 -3.8264e-02 +7.4769e-01 +1.6230e+00 -1.3415e-01 -1.3414e-01 +1.6792e+00 +8.6743e-01 -3.6947e-01 +6.4256e-01
6 0 +3.709509198e+02 +4.638909198e+02 +4.638909198e+02 +4.2408e-01 -2.8508e-01 -5.7692e-01 +7.1168e-01 +1.1310e+00 +1.0313e+00 -7.3922e-01 -2.0921e-01 +4.3126e-01 +1.0755e+00
38 0 +2.984268964e+02 +3.913668964e+02 +3.913668964e+02 +1.2451e-01 +5.9800e-01 +1.5511e+00 +1.0593e+00 +2.2532e+00 -6.6735e-01 +9.7232e-01 +2.8334e-01 +2.2898e+00 -7.0830e-01
43 0 +1.915415457e+02 +2.844815457e+02 +2.844815457e+02 +2.1607e+00 +1.8553e+00 -1.4896e-01 +1.0716e+00 +7.4538e-01 +1.4686e+00 -8.6492e-01 +7.8605e-01 +1.1584e+00 -1.6587e+00
51 0 +8.374117475e+01 +1.766811747e+02 +1.766811747e+02 +1.9966e+00 +1.4839e+00 -1.1005e+00 +1.6976e+00 +2.9975e+00 +1.2290e+00 +1.1234e+00 +3.0851e-01 +6.4351e-01 +3.3065e-01
176 0 +6.846205359e+01 +1.614020536e+02 +1.614020536e+02 -4.6092e-01 +1.6088e+00 +6.4207e-01 +2.1963e+00 +6.2572e-01 +2.7843e+00 -5.9852e-01 -7.6757e-01 +4.0670e+00 -1.3857e+00
201 0 +5.916671412e+01 +1.521067141e+02 +1.521067141e+02 +3.3276e+00 +4.7452e+00 +2.3163e+00 +3.1120e+00 +4.3873e+00 +9.7602e-01 +3.5913e+00 -1.7434e+00 +2.8684e+00 -1.3089e+00
234 0 +5.763052748e+01 +1.505705275e+02 +1.505705275e+02 +4.7313e-01 -7.9166e-01 -2.2762e+00 +4.5259e+00 +1.9282e+00 +3.3406e+00 +5.8620e-01 -6.6194e-01 +3.3391e+00 +1.9288e-01
272 0 +5.750455793e+01 +1.504445579e+02 +1.504445579e+02 +2.3448e+00 +2.7935e+00 -4.0075e-01 +9.6918e-01 +3.6292e+00 +3.3265e+00 +4.6502e+00 -1.6582e+00 +3.2038e+00 +1.0037e+00
292 0 +5.293294725e+01 +1.458729473e+02 +1.458729473e+02 +1.2785e+00 +3.2363e+00 +2.5337e+00 +3.1745e+00 +3.6560e+00 +1.5751e+00 +1.6229e+00 +1.3472e+00 +4.5704e+00 +1.0048e+00
296 0 +4.975324041e+01 +1.426932404e+02 +1.426932404e+02 +2.1621e+00 -1.2269e-01 -3.1546e-01 +4.0108e+00 +2.8047e+00 +2.2939e+00 +1.6496e+00 -3.6465e-01 +3.6741e-01 -1.1237e+00
418 0 +2.971097640e+01 +1.226509764e+02 +1.226509764e+02 -3.7024e-01 -1.5081e+00 -1.3365e+00 +4.7971e+00 +1.3468e+00 +3.6594e+00 -4.9469e-01 -9.3725e-01 +3.1339e+00 +2.2578e+00
462 0 +2.767648674e+01 +1.206164867e+02 +1.206164867e+02 +9.7054e-01 +2.8870e+00 +7.3238e-01 +3.3975e+00 +3.3717e+00 +2.8753e+00 +1.4489e+00 -2.8688e+00 +3.0956e+00 +2.4517e+00
479 0 +2.560232445e+01 +1.185423245e+02 +1.185423245e+02 -3.0945e-01 +9.7686e-01 -3.7846e-01 +3.4937e+00 +2.2064e+00 +3.5607e+00 +1.7904e+00 -2.7610e+00 +3.4713e+00 +8.8597e-01
528 0 +2.533279031e+01 +1.182727903e+02 +1.182727903e+02 -2.3737e-01 +3.0486e+00 +1.3174e+00 +2.1271e+00 +4.1697e+00 +3.1102e+00 +3.0340e+00 -1.2184e+00 +4.3116e+00 +3.9005e+00
566 0 +2.319296064e+01 +1.161329606e+02 +1.161329606e+02 +1.2901e+00 +1.8696e+00 +2.8302e-01 +3.8443e+00 +2.2793e+00 +3.3193e+00 +1.9843e+00 -3.4762e+00 +3.2876e+00 -2.6127e-01
639 0 +4.890628359e+00 +9.783062836e+01 +9.783062836e+01 +5.2636e-01 +1.2165e+00 -5.6962e-02 +3.3067e+00 +2.9448e+00 +2.9049e+00 +1.4623e+00 -1.5399e+00 +3.1764e+00 +2.1162e+00
995 0 +4.790981248e+00 +9.773098125e+01 +9.773098125e+01 +2.7673e-01 +8.4118e-01 -6.5690e-01 +3.0737e+00 +2.2648e+00 +3.8870e+00 +2.1123e+00 -2.9958e+00 +3.3117e+00 +1.8608e+00
1028 0 +4.281736181e+00 +9.722173618e+01 +9.722173618e+01 +9.7675e-01 +2.2992e-01 -3.8031e-01 +3.7756e+00 +2.7147e+00 +2.9919e+00 +1.3313e+00 -1.9400e+00 +1.7957e+00 +1.2434e+00
1055 0 +3.827748609e+00 +9.676774861e+01 +9.676774861e+01 +3.5716e-01 +1.8302e-01 +8.1720e-03 +3.3896e+00 +2.8709e+00 +3.7142e+00 +2.1003e+00 -2.8270e+00 +3.1329e+00 +1.5861e+00
1056 0 +2.803581936e+00 +9.574358194e+01 +9.574358194e+01 +3.9135e-01 +1.5376e-01 -4.5596e-02 +3.1181e+00 +3.0363e+00 +3.2652e+00 +2.1215e+00 -2.4927e+00 +2.6554e+00 +1.2640e+00
1160 0 +2.356824200e+00 +9.529682420e+01 +9.529682420e+01 +5.3864e-01 +2.1707e-01 -8.4643e-01 +3.1706e+00 +2.8287e+00 +3.6445e+00 +2.1367e+00 -2.7435e+00 +2.8952e+00 +1.4768e+00
1316 0 +1.862475088e+00 +9.480247509e+01 +9.480247509e+01 -2.1865e-01 +7.2089e-01 +1.7081e-01 +3.0872e+00 +2.2324e+00 +4.0949e+00 +1.7409e+00 -2.6163e+00 +3.8344e+00 +2.7853e+00
1329 0 +1.707034003e+00 +9.464703400e+01 +9.464703400e+01 +7.7313e-01 +8.5972e-01 -2.8629e-01 +3.3487e+00 +2.6627e+00 +3.4784e+00 +2.0732e+00 -2.5530e+00 +3.0326e+00 +1.5955e+00
1373 0 +1.692747105e+00 +9.463274710e+01 +9.463274710e+01 +3.7943e-01 +8.0654e-01 +3.5987e-01 +3.5568e+00 +2.3738e+00 +3.1791e+00 +1.3881e+00 -1.7761e+00 +3.3259e+00 +1.5055e+00
1443 0 +1.340760375e+00 +9.428076037e+01 +9.428076037e+01 -1.6980e-01 +1.1384e+00 +5.0334e-01 +3.2388e+00 +2.4261e+00 +3.5687e+00 +1.7178e+00 -2.2220e+00 +3.7212e+00 +2.0141e+00
1559 0 +1.032615239e+00 +9.397261524e+01 +9.397261524e+01 +1.1390e-01 +4.6922e-01 -7.2266e-02 +3.1309e+00 +2.6991e+00 +3.7040e+00 +1.8410e+00 -2.5970e+00 +3.2732e+00 +2.0833e+00
1566 0 +6.601265038e-01 +9.360012650e+01 +9.360012650e+01 +2.0670e-01 +7.4705e-01 +2.0001e-01 +3.4668e+00 +2.2648e+00 +3.3957e+00 +1.3543e+00 -2.2970e+00 +3.2052e+00 +1.6613e+00
1607 0 +6.004179630e-01 +9.354041796e+01 +9.354041796e+01 -4.4728e-02 +6.3021e-01 +2.0670e-02 +3.2047e+00 +2.2829e+00 +3.8744e+00 +1.5904e+00 -2.6071e+00 +3.3128e+00 +1.7573e+00
1612 0 +5.323984320e-01 +9.347239843e+01 +9.347239843e+01 -2.3169e-01 +8.2270e-01 +2.8746e-01 +3.0206e+00 +2.4294e+00 +4.0075e+00 +1.7889e+00 -2.5444e+00 +3.7923e+00 +2.4309e+00
1727 0 +2.239120905e-01 +9.316391209e+01 +9.316391209e+01 -9.6372e-02 +8.2944e-01 +3.4598e-01 +3.1270e+00 +2.4109e+00 +3.9078e+00 +1.9198e+00 -2.5155e+00 +3.8499e+00 +2.1134e+00
1892 0 +1.437266280e-01 +9.308372663e+01 +9.308372663e+01 -2.8412e-01 +8.0433e-01 +2.9788e-01 +3.1515e+00 +2.4057e+00 +4.0259e+00 +1.7271e+00 -2.5054e+00 +3.9283e+00 +2.2854e+00
2127 0 +1.237413189e-01 +9.306374132e+01 +9.306374132e+01 -4.1976e-01 +5.7778e-01 +2.7850e-01 +3.1007e+00 +2.3381e+00 +4.1034e+00 +1.7353e+00 -2.4605e+00 +3.8879e+00 +2.2545e+00
2167 0 +1.067754825e-01 +9.304677548e+01 +9.304677548e+01 -4.5400e-01 +8.8424e-01 +4.6463e-01 +3.1461e+00 +2.2461e+00 +3.9605e+00 +1.5807e+00 -2.4275e+00 +4.0354e+00 +2.1911e+00
2388 0 +1.002902865e-01 +9.304029029e+01 +9.304029029e+01 -8.6567e-02 +7.5103e-01 +3.5198e-01 +3.2040e+00 +2.5403e+00 +3.7291e+00 +1.7940e+00 -2.3226e+00 +3.6562e+00 +2.0648e+00
2390 0 +9.149747686e-02 +9.303149748e+01 +9.303149748e+01 -3.1880e-01 +8.7059e-01 +3.4314e-01 +3.0364e+00 +2.3217e+00 +4.0008e+00 +1.6901e+00 -2.5074e+00 +3.9450e+00 +2.1042e+00
2474 0 +6.399987097e-02 +9.300399987e+01 +9.300399987e+01 -2.8371e-01 +6.2476e-01 +2.1845e-01 +3.0205e+00 +2.4701e+00 +4.0453e+00 +1.8737e+00 -2.4884e+00 +3.8303e+00 +2.2596e+00
% f evaluations | g evaluations | best noise-free fitness - Fopt (3.535000000000e+01) + sum g_i+ | measured fitness | best measured fitness or single-digit g-values | x1 | x2...
1 0 +1.759972565e+02 +2.113472565e+02 +2.113472565e+02 +5.9671e-01 -3.8264e-02 +7.4769e-01 +1.6230e+00 -1.3415e-01 -1.3414e-01 +1.6792e+00 +8.6743e-01 -3.6947e-01 +6.4256e-01
33 0 +1.009449291e+02 +1.362949291e+02 +1.362949291e+02 +1.9700e-01 +6.9516e-01 -7.1822e-01 +2.1924e+00 -9.0602e-01 -1.1142e+00 +1.2581e+00 +8.9166e-01 +7.2412e-01 +7.2835e-01
54 0 +8.254675261e+01 +1.178967526e+02 +1.178967526e+02 +2.7388e-01 +5.2171e-01 +1.0060e+00 +2.5788e+00 -2.0900e-01 +4.8311e-01 +1.4765e+00 +1.8704e+00 +2.0394e+00 -5.9110e-01
132 0 +2.588190353e+01 +6.123190353e+01 +6.123190353e+01 +2.3106e+00 +1.4546e+00 +1.5872e+00 +2.0294e+00 -1.0426e-01 +2.2434e-01 +1.0653e+00 +9.2304e-01 +1.7146e+00 -2.2542e+00
442 0 +2.542472053e+01 +6.077472053e+01 +6.077472053e+01 +1.8232e+00 +2.7094e+00 +1.1549e+00 +3.8746e+00 -1.1998e+00 +2.4463e-01 +3.1877e-01 +1.3340e+00 +1.3391e+00 -7.5145e-01
471 0 +1.304984631e+01 +4.839984631e+01 +4.839984631e+01 +3.0798e+00 +3.8410e+00 +1.1936e+00 +2.1585e+00 -6.9754e-01 -5.7953e-01 +1.5793e+00 +6.4227e-02 +1.7626e+00 -1.3350e+00
710 0 +7.644617354e+00 +4.299461735e+01 +4.299461735e+01 +2.7896e+00 +3.6963e+00 +3.2873e+00 +1.8795e+00 -1.5732e+00 -1.9948e-01 +2.0455e+00 +1.0047e+00 +5.2874e-01 -1.1972e+00
757 0 +7.141945984e+00 +4.249194598e+01 +4.249194598e+01 +2.9509e+00 +2.8095e+00 +3.5518e+00 +2.2649e+00 -1.0054e+00 +9.7998e-02 +2.3494e+00 +1.4619e+00 +1.1517e+00 -1.2984e+00
825 0 +6.827960211e+00 +4.217796021e+01 +4.217796021e+01 +2.4700e+00 +2.9641e+00 +3.0784e+00 +2.2547e+00 -9.6832e-01 +3.4889e-01 +2.4879e+00 +1.5508e+00 +9.8705e-01 -1.7678e+00
914 0 +6.233786941e+00 +4.158378694e+01 +4.158378694e+01 +2.2842e+00 +2.2073e+00 +2.8309e+00 +2.4393e+00 -1.0560e+00 -2.2337e-01 +3.0906e+00 +1.0381e+00 +1.0120e+00 -1.2867e+00
942 0 +5.896938262e+00 +4.124693826e+01 +4.124693826e+01 +2.0612e+00 +3.4954e+00 +1.7121e+00 +2.2314e+00 -1.9811e+00 +9.3794e-02 +1.7751e+00 +1.3255e+00 +6.4589e-01 -1.7225e+00
954 0 +5.241201833e+00 +4.059120183e+01 +4.059120183e+01 +2.1304e+00 +2.3643e+00 +1.7775e+00 +2.2558e+00 -9.0661e-01 -6.8180e-01 +1.0936e+00 +1.0823e+00 +1.6303e+00 -1.4161e+00
960 0 +4.457436561e+00 +3.980743656e+01 +3.980743656e+01 +2.7803e+00 +2.8086e+00 +3.3302e+00 +1.5096e+00 -1.2603e+00 -6.2011e-01 +2.7722e+00 +6.9224e-01 +8.6341e-01 -1.5290e+00
965 0 +3.860808650e+00 +3.921080865e+01 +3.921080865e+01 +2.3905e+00 +3.3301e+00 +2.5540e+00 +1.7953e+00 -1.4869e+00 -3.5643e-01 +1.6283e+00 +1.5737e+00 +6.0039e-01 -1.7174e+00
994 0 +3.539856031e+00 +3.888985603e+01 +3.888985603e+01 +2.6785e+00 +2.8175e+00 +2.8417e+00 +2.2051e+00 -9.9474e-01 +6.3059e-02 +2.5796e+00 +1.3084e+00 +1.2749e+00 -1.4775e+00
1046 0 +2.930056828e+00 +3.828005683e+01 +3.828005683e+01 +1.7447e+00 +1.8294e+00 +3.2400e+00 +2.2341e+00 -1.5008e+00 -2.9309e-01 +2.4276e+00 +1.6671e+00 +6.4806e-01 -1.4189e+00
1056 0 +1.852228465e+00 +3.720222847e+01 +3.720222847e+01 +2.1979e+00 +2.5923e+00 +2.9933e+00 +1.8498e+00 -1.6567e+00 -6.7793e-01 +2.0008e+00 +1.0890e+00 +1.1613e+00 -1.5543e+00
1156 0 +1.263734049e+00 +3.661373405e+01 +3.661373405e+01 +2.0089e+00 +1.9569e+00 +3.2132e+00 +1.8464e+00 -1.8140e+00 -1.3759e+00 +2.8167e+00 +6.1086e-01 +8.0912e-01 -1.4957e+00
1320 0 +8.919516923e-01 +3.624195169e+01 +3.624195169e+01 +1.8208e+00 +1.6967e+00 +3.7516e+00 +1.6540e+00 -1.6363e+00 -1.2264e+00 +2.1319e+00 +1.1375e+00 +1.1506e+00 -1.4765e+00
1464 0 +7.222636024e-01 +3.607226360e+01 +3.607226360e+01 +1.6545e+00 +1.2859e+00 +3.8271e+00 +1.6604e+00 -1.6686e+00 -1.6214e+00 +2.2591e+00 +8.2981e-01 +9.0384e-01 -1.4772e+00
1555 0 +3.870937363e-01 +3.573709374e+01 +3.573709374e+01 +1.7069e+00 +1.3494e+00 +3.7356e+00 +1.4775e+00 -1.8182e+00 -1.5406e+00 +2.0837e+00 +9.0906e-01 +1.2659e+00 -1.4743e+00
1685 0 +3.809564602e-01 +3.573095646e+01 +3.573095646e+01 +1.7509e+00 +1.6350e+00 +4.0088e+00 +1.4757e+00 -1.8717e+00 -1.4199e+00 +2.3475e+00 +9.8667e-01 +1.1612e+00 -1.4636e+00
1697 0 +3.673837281e-01 +3.571738373e+01 +3.571738373e+01 +1.8077e+00 +1.4571e+00 +4.2247e+00 +1.4848e+00 -1.7593e+00 -1.5643e+00 +2.4362e+00 +9.1154e-01 +1.0766e+00 -1.3155e+00
1796 0 +3.208667046e-01 +3.567086670e+01 +3.567086670e+01 +1.7239e+00 +1.2744e+00 +4.1361e+00 +1.2618e+00 -1.8858e+00 -1.7623e+00 +2.1095e+00 +9.9804e-01 +1.2048e+00 -1.4555e+00
1879 0 +2.348604338e-01 +3.558486043e+01 +3.558486043e+01 +1.7389e+00 +1.5853e+00 +3.7571e+00 +1.5850e+00 -1.7611e+00 -1.5670e+00 +2.0434e+00 +8.9450e-01 +1.1078e+00 -1.3288e+00
1924 0 +2.274031823e-01 +3.557740318e+01 +3.557740318e+01 +1.5507e+00 +1.4759e+00 +3.9928e+00 +1.5017e+00 -2.0769e+00 -1.6585e+00 +2.1324e+00 +1.0309e+00 +1.0152e+00 -1.4051e+00
2022 0 +1.978986576e-01 +3.554789866e+01 +3.554789866e+01 +1.6113e+00 +1.2596e+00 +4.2351e+00 +1.5135e+00 -1.9111e+00 -1.7462e+00 +2.3937e+00 +8.3859e-01 +1.0422e+00 -1.5133e+00
2110 0 +1.743986107e-01 +3.552439861e+01 +3.552439861e+01 +1.6592e+00 +1.3418e+00 +3.9647e+00 +1.5282e+00 -1.8813e+00 -1.7175e+00 +2.2779e+00 +9.2034e-01 +1.1240e+00 -1.5281e+00
2224 0 +1.623313952e-01 +3.551233140e+01 +3.551233140e+01 +1.6768e+00 +1.3244e+00 +4.1870e+00 +1.3566e+00 -1.8816e+00 -1.8817e+00 +2.4659e+00 +7.4563e-01 +1.0166e+00 -1.4926e+00
2290 0 +1.539430599e-01 +3.550394306e+01 +3.550394306e+01 +1.6240e+00 +1.3663e+00 +4.0845e+00 +1.4860e+00 -1.9844e+00 -1.7880e+00 +2.4982e+00 +7.4319e-01 +1.0289e+00 -1.5499e+00
2309 0 +1.532573603e-01 +3.550325736e+01 +3.550325736e+01 +1.7152e+00 +1.3366e+00 +3.9098e+00 +1.5041e+00 -1.7099e+00 -1.6945e+00 +2.2708e+00 +8.6473e-01 +1.0557e+00 -1.3761e+00
2319 0 +1.008741358e-01 +3.545087414e+01 +3.545087414e+01 +1.8208e+00 +1.6020e+00 +3.9300e+00 +1.4073e+00 -1.9302e+00 -1.7068e+00 +2.3344e+00 +7.6991e-01 +1.1764e+00 -1.4641e+00
2386 0 +7.443107897e-02 +3.542443108e+01 +3.542443108e+01 +1.7315e+00 +1.5066e+00 +3.7935e+00 +1.5352e+00 -1.8372e+00 -1.5260e+00 +2.2485e+00 +9.2034e-01 +1.1790e+00 -1.4302e+00
% f evaluations | g evaluations | best noise-free fitness - Fopt (3.820000000000e+00) + sum g_i+ | measured fitness | best measured fitness or single-digit g-values | x1 | x2...
1 0 +3.097848647e+02 +3.136048647e+02 +3.136048647e+02 +5.9671e-01 -3.8264e-02 +7.4769e-01 +1.6230e+00 -1.3415e-01 -1.3414e-01 +1.6792e+00 +8.6743e-01 -3.6947e-01 +6.4256e-01
3 0 +2.237678782e+02 +2.275878782e+02 +2.275878782e+02 +1.5656e+00 -1.2578e-01 +1.6753e-01 -1.3247e+00 -4.4438e-01 +2.1092e-01 -1.0510e+00 +4.7570e-01 -5.0064e-01 -1.9169e-01
6 0 +1.806779122e+02 +1.844979122e+02 +1.844979122e+02 +4.2408e-01 -2.8508e-01 -5.7692e-01 +7.1168e-01 +1.1310e+00 +1.0313e+00 -7.3922e-01 -2.0921e-01 +4.3126e-01 +1.0755e+00
13 0 +1.299041639e+02 +1.337241639e+02 +1.337241639e+02 +8.9103e-01 -8.0939e-01 +1.5028e+00 -1.3019e+00 +6.8686e-01 +2.2905e+00 -8.9054e-01 -4.6630e-01 +1.9965e-01 -4.0348e-01
64 0 +5.108103993e+01 +5.490103993e+01 +5.490103993e+01 +1.9715e+00 -4.4735e-01 +4.1444e-01 -4.7027e-01 +6.5600e-01 +1.0395e+00 -4.0885e-01 -1.2050e+00 +2.3844e+00 +1.2270e+00
136 0 +4.673837281e+01 +5.055837281e+01 +5.055837281e+01 +2.5341e+00 +5.6064e-01 -2.3828e-01 +4.1935e-02 +1.5181e+00 +1.5789e+00 +1.9428e+00 -2.1357e+00 +2.4654e+00 +1.1459e+00
186 0 +3.129656897e+01 +3.511656897e+01 +3.511656897e+01 +2.0208e+00 +1.3158e-01 +1.6718e+00 +5.9750e-01 -1.2061e+00 +2.0672e+00 -2.3885e+00 -2.3387e+00 +2.0892e+00 +1.0573e+00
389 0 +2.960740487e+01 +3.342740487e+01 +3.342740487e+01 +3.0177e+00 +1.7440e+00 +1.8131e-01 -1.7466e-01 -9.1100e-01 +2.7271e+00 -1.0769e+00 -2.2050e+00 +3.0936e+00 +3.1224e-01
470 0 +2.146612123e+01 +2.528612123e+01 +2.528612123e+01 +2.8761e+00 +2.4657e+00 +1.7921e+00 -2.6728e+00 -6.4877e-01 +2.0329e+00 +4.1717e-01 -2.4457e+00 +9.4093e-01 +2.7945e-01
485 0 +1.894742403e+01 +2.276742403e+01 +2.276742403e+01 +1.0826e+00 +9.0844e-01 +2.4802e+00 -2.8970e-01 -1.5525e+00 +2.4387e+00 -2.4653e+00 -2.0102e+00 +1.9873e+00 +1.6330e+00
640 0 +1.578176640e+01 +1.960176640e+01 +1.960176640e+01 +2.3246e+00 +6.4716e-01 +2.5412e+00 -3.1910e+00 -4.7606e-01 +2.3085e+00 -6.3679e-01 -3.4831e+00 +1.7848e-01 +4.4959e-01
668 0 +1.308134726e+01 +1.690134726e+01 +1.690134726e+01 +3.1414e+00 +1.2177e+00 +1.3610e+00 -9.7851e-01 -4.6790e-01 +2.0389e-01 -7.2074e-01 -2.7511e+00 +2.1425e+00 +7.7139e-01
720 0 +1.213575526e+01 +1.595575526e+01 +1.595575526e+01 +2.8878e+00 +2.2055e+00 +1.2927e+00 -1.7250e+00 -1.1186e+00 +9.6909e-01 -7.2167e-01 -2.7559e+00 +2.4902e+00 -2.2084e-02
757 0 +9.941332321e+00 +1.376133232e+01 +1.376133232e+01 +2.7542e+00 +1.0879e+00 +9.0592e-01 -2.3436e+00 -2.7088e-01 +7.3299e-01 -2.1972e-01 -3.0290e+00 +1.9349e+00 -4.3692e-01
776 0 +9.734264900e+00 +1.355426490e+01 +1.355426490e+01 +1.7275e+00 +7.9860e-01 +8.8403e-01 -1.6370e+00 -1.5332e-01 +1.3851e+00 -3.3950e-01 -2.8488e+00 +1.8745e+00 +3.8047e-01
832 0 +7.077997679e+00 +1.089799768e+01 +1.089799768e+01 +2.8826e+00 +1.1492e+00 +1.7205e+00 -2.7143e+00 +6.7244e-01 +4.2647e-01 +2.7048e-01 -3.6171e+00 +1.6686e+00 -3.7853e-01
868 0 +4.551363288e+00 +8.371363288e+00 +8.371363288e+00 +3.0608e+00 +1.3490e+00 +1.6660e+00 -2.7940e+00 +5.2039e-01 +7.9978e-01 +7.7784e-01 -3.3942e+00 +8.3273e-01 -9.1001e-01
1069 0 +4.503680972e+00 +8.323680972e+00 +8.323680972e+00 +2.2672e+00 +9.2922e-01 +1.8201e+00 -3.2610e+00 +4.8516e-01 +1.7486e+00 +7.4367e-01 -3.8107e+00 +5.7306e-01 -3.8660e-01
1106 0 +3.366022354e+00 +7.186022354e+00 +7.186022354e+00 +3.4826e+00 +4.4238e-01 +2.4279e+00 -2.1096e+00 +2.8706e-01 -4.5948e-01 -4.6716e-01 -3.0459e+00 +1.5604e+00 -4.6412e-02
1201 0 +2.534141524e+00 +6.354141524e+00 +6.354141524e+00 +3.9406e+00 +1.3948e+00 +2.0312e+00 -3.3347e+00 +5.9407e-01 -2.2548e-03 +6.2454e-01 -3.5710e+00 +1.0460e+00 -1.4114e+00
1311 0 +2.446483933e+00 +6.266483933e+00 +6.266483933e+00 +3.9392e+00 +1.3043e+00 +2.0833e+00 -2.8411e+00 +7.1436e-01 +8.1736e-01 +5.4258e-01 -3.4672e+00 +5.0284e-01 -5.9671e-01
1335 0 +2.149738507e+00 +5.969738507e+00 +5.969738507e+00 +3.4223e+00 +1.1750e+00 +2.0555e+00 -2.5727e+00 +9.5534e-01 +6.9886e-01 +9.2180e-01 -3.2518e+00 +8.7739e-01 -2.6739e-01
1342 0 +2.028413629e+00 +5.848413629e+00 +5.848413629e+00 +3.7832e+00 +1.2195e+00 +1.5617e+00 -2.3970e+00 +2.8900e-01 +6.3388e-01 +2.7907e-01 -3.0078e+00 +8.2784e-01 -4.6858e-01
1356 0 +9.552029509e-01 +4.775202951e+00 +4.775202951e+00 +4.4268e+00 +5.7216e-01 +2.2761e+00 -3.0995e+00 +1.3852e+00 -3.8893e-01 +1.2530e+00 -3.6888e+00 +4.3551e-01 -1.3699e+00
1643 0 +8.306215660e-01 +4.650621566e+00 +4.650621566e+00 +3.7804e+00 +1.2079e+00 +2.0431e+00 -2.2303e+00 +7.2715e-01 +2.1997e-01 +6.6929e-01 -3.2191e+00 +1.0584e+00 -2.9746e-01
1882 0 +6.254050866e-01 +4.445405087e+00 +4.445405087e+00 +4.0111e+00 +1.4852e+00 +1.7569e+00 -2.7094e+00 +7.8939e-01 +7.9533e-02 +1.0596e+00 -3.4973e+00 +8.4001e-01 -7.9673e-01
2051 0 +5.155902998e-01 +4.335590300e+00 +4.335590300e+00 +4.2714e+00 +9.2238e-01 +2.1662e+00 -2.6757e+00 +8.4202e-01 -1.8466e-01 +4.9052e-01 -3.2538e+00 +6.7918e-01 -8.5197e-01
2085 0 +1.834831135e-01 +4.003483114e+00 +4.003483114e+00 +3.8858e+00 +1.0496e+00 +1.9769e+00 -2.5675e+00 +9.8006e-01 +6.4754e-02 +9.5213e-01 -3.3509e+00 +7.7485e-01 -6.0620e-01
2320 0 +1.673968470e-01 +3.987396847e+00 +3.987396847e+00 +4.0165e+00 +1.3345e+00 +1.7063e+00 -2.9118e+00 +9.4293e-01 +2.4888e-01 +1.1633e+00 -3.4735e+00 +8.0883e-01 -9.7896e-01
2393 0 +1.137830173e-01 +3.933783017e+00 +3.933783017e+00 +3.9335e+00 +1.1296e+00 +1.9131e+00 -2.4165e+00 +9.2683e-01 +1.1180e-01 +7.5707e-01 -3.3214e+00 +9.0854e-01 -6.1521e-01
% f evaluations | g evaluations | best noise-free fitness - Fopt (2.175000000000e+01) + sum g_i+ | measured fitness | best measured fitness or single-digit g-values | x1 | x2...
1 0 +1.977079720e+02 +2.194579720e+02 +2.194579720e+02 +5.9671e-01 -3.8264e-02 +7.4769e-01 +1.6230e+00 -1.3415e-01 -1.3414e-01 +1.6792e+00 +8.6743e-01 -3.6947e-01 +6.4256e-01
30 0 +1.605166056e+02 +1.822666056e+02 +1.822666056e+02 -1.0812e-01 -3.9300e-01 -4.8936e-01 +9.4960e-01 +4.5702e-01 -5.9291e-01 +9.9960e-01 +4.0730e-01 +9.1286e-01 +7.2963e-01
33 0 +9.014257822e+01 +1.118925782e+02 +1.118925782e+02 +1.9700e-01 +6.9516e-01 -7.1822e-01 +2.1924e+00 -9.0602e-01 -1.1142e+00 +1.2581e+00 +8.9166e-01 +7.2412e-01 +7.2835e-01
74 0 +8.339588056e+01 +1.051458806e+02 +1.051458806e+02 +4.4992e-02 -1.4762e-01 -1.3685e+00 +2.5245e+00 +1.3689e-02 -1.5429e+00 +2.0208e+00 +1.2674e+00 +4.1942e-01 +2.5613e+00
136 0 +6.615964262e+01 +8.790964262e+01 +8.790964262e+01 +7.6352e-02 +3.3316e+00 +1.0402e+00 +2.3639e+00 -1.3490e+00 -3.3880e+00 +1.0322e+00 +1.4550e+00 +1.1224e+00 +2.3845e+00
267 0 +4.433091576e+01 +6.608091576e+01 +6.608091576e+01 +1.8406e+00 -2.9774e-01 -2.0959e+00 +3.2549e+00 +4.4306e-01 -3.9209e+00 +3.4365e+00 +4.0961e+00 +2.1811e+00 +3.5977e+00
307 0 +4.382484147e+01 +6.557484147e+01 +6.557484147e+01 +3.7163e+00 +4.5686e-01 -6.9016e-01 +4.1591e+00 +3.7162e-01 -4.3390e-01 +4.0878e+00 +3.5998e+00 +6.0225e-01 +2.0456e+00
316 0 +3.919795535e+01 +6.094795535e+01 +6.094795535e+01 -1.1754e-01 +2.2877e+00 -1.2610e+00 +3.6650e+00 +9.9011e-01 -2.6664e+00 +2.3939e+00 +3.8960e+00 +1.5331e+00 +3.1408e+00
379 0 +3.385338965e+01 +5.560338965e+01 +5.560338965e+01 +3.6367e+00 +2.8694e-01 -7.4646e-01 +2.1291e+00 +1.6071e+00 -2.5039e+00 +3.0912e+00 +2.9906e+00 +3.9569e+00 +3.5016e+00
468 0 +2.997091308e+01 +5.172091308e+01 +5.172091308e+01 +2.6623e+00 +1.0399e+00 -2.3678e+00 +3.9197e+00 +4.8810e-01 -1.1047e+00 +2.9430e+00 +3.8744e+00 +2.9724e+00 +4.1845e+00
490 0 +2.367056697e+01 +4.542056697e+01 +4.542056697e+01 +4.2992e+00 +4.6416e-01 +4.0509e-03 +1.7486e+00 -6.3081e-01 -2.1198e+00 +4.1053e+00 +3.3451e+00 +2.5869e+00 +4.0885e+00
597 0 +8.422599353e+00 +3.017259935e+01 +3.017259935e+01 +2.4241e+00 +1.4037e+00 -1.1331e+00 +3.5017e+00 -1.6482e-01 -2.1471e+00 +3.0089e+00 +3.5143e+00 +2.0111e+00 +3.8789e+00
833 0 +7.881256089e+00 +2.963125609e+01 +2.963125609e+01 +4.1596e+00 +1.7006e+00 -9.2476e-01 +2.9740e+00 +3.6936e-01 -2.2830e+00 +2.6655e+00 +3.4962e+00 +2.4498e+00 +4.6718e+00
837 0 +6.750040146e+00 +2.850004015e+01 +2.850004015e+01 +3.1332e+00 +7.5450e-01 -1.1233e+00 +2.5095e+00 -9.1114e-01 -2.5425e+00 +3.7482e+00 +2.8316e+00 +1.2200e+00 +3.6428e+00
856 0 +4.736728411e+00 +2.648672841e+01 +2.648672841e+01 +4.2962e+00 +8.8883e-01 -6.0378e-01 +3.1415e+00 -2.0737e+00 -3.1805e+00 +3.4092e+00 +2.7184e+00 +1.4690e+00 +3.8554e+00
956 0 +3.812511739e+00 +2.556251174e+01 +2.556251174e+01 +3.4646e+00 +6.8490e-01 -8.5538e-01 +3.3209e+00 -3.1558e+00 -2.9175e+00 +3.5158e+00 +1.3746e+00 +1.1159e+00 +3.6039e+00
1021 0 +3.444202761e+00 +2.519420276e+01 +2.519420276e+01 +3.6814e+00 +1.3910e+00 -1.1083e+00 +2.9590e+00 -3.9758e-01 -2.5306e+00 +3.3971e+00 +3.0770e+00 +1.8952e+00 +4.1016e+00
1092 0 +2.571168816e+00 +2.432116882e+01 +2.432116882e+01 +4.0237e+00 +1.3044e+00 -5.1118e-01 +3.1438e+00 -2.0733e+00 -2.5716e+00 +3.2445e+00 +2.3604e+00 +1.4656e+00 +3.6443e+00
1177 0 +2.200682796e+00 +2.395068280e+01 +2.395068280e+01 +2.8997e+00 +8.7654e-01 -1.0220e+00 +2.9497e+00 -1.0937e+00 -2.6995e+00 +3.3744e+00 +1.9757e+00 +2.0225e+00 +3.8445e+00
1268 0 +1.659540221e+00 +2.340954022e+01 +2.340954022e+01 +4.2654e+00 +1.0679e+00 -5.4233e-01 +3.1913e+00 -2.3794e+00 -2.3671e+00 +3.2827e+00 +1.6440e+00 +1.5391e+00 +3.5922e+00
1350 0 +1.135988590e+00 +2.288598859e+01 +2.288598859e+01 +3.5319e+00 +9.9811e-01 -9.4865e-01 +3.0549e+00 -1.8260e+00 -2.6221e+00 +3.0255e+00 +2.3389e+00 +1.7586e+00 +4.1233e+00
1361 0 +9.958989033e-01 +2.274589890e+01 +2.274589890e+01 +3.9345e+00 +7.8917e-01 -8.1947e-01 +3.1114e+00 -1.8577e+00 -2.3464e+00 +3.1368e+00 +2.0059e+00 +1.8835e+00 +3.7124e+00
1536 0 +9.802042816e-01 +2.273020428e+01 +2.273020428e+01 +3.3241e+00 +8.6676e-01 -8.1684e-01 +3.1370e+00 -1.9110e+00 -2.4291e+00 +3.2690e+00 +1.9242e+00 +1.5757e+00 +3.5408e+00
1612 0 +5.010944456e-01 +2.225109445e+01 +2.225109445e+01 +3.4730e+00 +9.7931e-01 -9.1464e-01 +2.8258e+00 -1.6534e+00 -2.5037e+00 +3.3891e+00 +2.2532e+00 +1.7534e+00 +3.8605e+00
1652 0 +3.566226207e-01 +2.210662262e+01 +2.210662262e+01 +3.5929e+00 +9.3828e-01 -1.1704e+00 +2.9842e+00 -1.7564e+00 -2.2690e+00 +3.1786e+00 +2.1736e+00 +1.6481e+00 +3.9235e+00
1783 0 +2.478297458e-01 +2.199782975e+01 +2.199782975e+01 +3.4785e+00 +7.8929e-01 -1.2241e+00 +3.1200e+00 -1.8087e+00 -2.4366e+00 +3.3736e+00 +2.1179e+00 +1.5806e+00 +3.8110e+00
1939 0 +1.974413358e-01 +2.194744134e+01 +2.194744134e+01 +4.1674e+00 +9.5846e-01 -1.2152e+00 +3.1685e+00 -1.7048e+00 -2.1615e+00 +3.3358e+00 +2.0586e+00 +1.7399e+00 +3.8615e+00
1959 0 +1.613404366e-01 +2.191134044e+01 +2.191134044e+01 +3.5787e+00 +9.5487e-01 -1.1819e+00 +3.0350e+00 -1.6762e+00 -2.4667e+00 +3.3563e+00 +2.1865e+00 +1.7122e+00 +3.9559e+00
1988 0 +1.566046378e-01 +2.190660464e+01 +2.190660464e+01 +3.9079e+00 +9.1814e-01 -1.1158e+00 +3.2206e+00 -1.6037e+00 -2.2005e+00 +3.3431e+00 +2.2470e+00 +1.7102e+00 +3.8066e+00
2021 0 +1.503329159e-01 +2.190033292e+01 +2.190033292e+01 +3.7983e+00 +7.6815e-01 -1.0087e+00 +3.1997e+00 -1.6348e+00 -2.2986e+00 +3.2697e+00 +2.2502e+00 +1.5856e+00 +3.7918e+00
2030 0 +1.348900985e-01 +2.188489010e+01 +2.188489010e+01 +3.6030e+00 +8.7681e-01 -9.7146e-01 +3.1448e+00 -1.6690e+00 -2.4724e+00 +3.3088e+00 +2.2422e+00 +1.6731e+00 +3.8031e+00
2050 0 +1.290430226e-01 +2.187904302e+01 +2.187904302e+01 +3.6607e+00 +9.5797e-01 -1.0918e+00 +3.1085e+00 -1.5661e+00 -2.4110e+00 +3.3743e+00 +2.2344e+00 +1.7047e+00 +3.8818e+00
2052 0 +9.454396034e-02 +2.184454396e+01 +2.184454396e+01 +3.7949e+00 +8.4229e-01 -1.1607e+00 +3.1174e+00 -1.9414e+00 -2.2640e+00 +3.3305e+00 +1.9725e+00 +1.6406e+00 +3.7701e+00
2143 0 +4.635338013e-02 +2.179635338e+01 +2.179635338e+01 +4.0013e+00 +8.7368e-01 -1.0764e+00 +3.1813e+00 -1.6904e+00 -2.2928e+00 +3.3089e+00 +2.1460e+00 +1.7304e+00 +3.8231e+00
2207 0 +4.580974870e-02 +2.179580975e+01 +2.179580975e+01 +3.7378e+00 +9.4766e-01 -1.1660e+00 +3.0485e+00 -1.6405e+00 -2.3435e+00 +3.2204e+00 +2.1119e+00 +1.7796e+00 +3.9226e+00
2276 0 +4.150622894e-02 +2.179150623e+01 +2.179150623e+01 +3.7665e+00 +8.8856e-01 -1.1487e+00 +3.0680e+00 -1.6476e+00 -2.3062e+00 +3.2540e+00 +2.1283e+00 +1.7501e+00 +3.8793e+00
2298 0 +2.697446674e-02 +2.177697447e+01 +2.177697447e+01 +3.7113e+00 +9.4944e-01 -1.0420e+00 +3.0305e+00 -1.5703e+00 -2.4087e+00 +3.2362e+00 +2.1968e+00 +1.7756e+00 +3.8700e+00
2499 0 +1.825299118e-02 +2.176825299e+01 +2.176825299e+01 +3.6868e+00 +8.7015e-01 -1.0825e+00 +3.0970e+00 -1.6910e+00 -2.3722e+00 +3.3251e+00 +2.2016e+00 +1.6867e+00 +3.8352e+00
% f evaluations | g evaluations | best noise-free fitness - Fopt (6.479000000000e+01) + sum g_i+ | measured fitness | best measured fitness or single-digit g-values | x1 | x2...
1 0 +4.680176606e+02 +5.328076606e+02 +5.328076606e+02 +5.9671e-01 -3.8264e-02 +7.4769e-01 +1.6230e+00 -1.3415e-01 -1.3414e-01 +1.6792e+00 +8.6743e-01 -3.6947e-01 +6.4256e-01
3 0 +4.609049070e+02 +5.256949070e+02 +5.256949070e+02 +1.5656e+00 -1.2578e-01 +1.6753e-01 -1.3247e+00 -4.4438e-01 +2.1092e-01 -1.0510e+00 +4.7570e-01 -5.0064e-01 -1.9169e-01
4 0 +4.116221582e+02 +4.764121582e+02 +4.764121582e+02 -5.0171e-01 +1.9523e+00 +8.6503e-02 -9.5771e-01 +9.2254e-01 -1.1208e+00 +3.0886e-01 -1.8597e+00 -1.2282e+00 +2.9686e-01
6 0 +2.269570095e+02 +2.917470095e+02 +2.917470095e+02 +4.2408e-01 -2.8508e-01 -5.7692e-01 +7.1168e-01 +1.1310e+00 +1.0313e+00 -7.3922e-01 -2.0921e-01 +4.3126e-01 +1.0755e+00
24 0 +1.157631681e+02 +1.805531681e+02 +1.805531681e+02 -6.3037e-01 +3.1646e-01 +1.4557e-01 -5.5160e-01 +2.2439e+00 +7.3392e-01 -1.9251e+00 +2.8645e-01 -5.6179e-01 +9.5243e-01
61 0 +7.273098456e+01 +1.375209846e+02 +1.375209846e+02 -9.5067e-01 -3.3838e-01 -1.8408e+00 +1.5522e-01 +1.2508e+00 +6.7703e-01 -3.4464e+00 +2.1326e+00 +3.8732e-01 +2.6689e+00
96 0 +5.795977903e+01 +1.227497790e+02 +1.227497790e+02 -4.1356e+00 -3.5026e-01 +2.0746e+00 +9.8781e-01 +2.2227e-01 -3.2292e-02 -3.8310e+00 +1.0568e+00 -7.1090e-01 +1.1753e+00
404 0 +5.711110145e+01 +1.219011015e+02 +1.219011015e+02 +8.9651e-02 +2.5052e+00 +2.0327e+00 +3.2414e+00 -1.0956e+00 -1.4855e+00 -2.1204e+00 +6.5013e-01 -3.9976e+00 +1.7205e+00
435 0 +5.442469429e+01 +1.192146943e+02 +1.192146943e+02 -9.1405e-01 -1.7065e+00 +1.5342e+00 +2.1850e+00 +1.4783e+00 -9.9086e-01 -2.0611e+00 +3.0373e-01 -2.3886e+00 +1.8019e+00
483 0 +5.197355891e+01 +1.167635589e+02 +1.167635589e+02 -2.1101e+00 -1.7393e-01 +9.9775e-01 -3.1539e-01 +5.6939e-01 -2.3189e+00 -2.1482e+00 +1.3319e+00 -3.1788e+00 +1.2333e+00
516 0 +3.758338527e+01 +1.023733853e+02 +1.023733853e+02 -1.7102e+00 -1.9524e+00 -1.0376e+00 +1.6164e+00 +1.5709e+00 -8.7367e-01 -3.8561e+00 +1.5785e+00 -6.2581e-01 +1.3817e+00
553 0 +3.410343321e+01 +9.889343321e+01 +9.889343321e+01 -5.8331e-01 -1.2825e+00 +3.5902e+00 +3.9611e+00 -9.3906e-01 -2.4728e+00 -3.1693e+00 +1.1240e+00 -2.6463e+00 +2.1213e+00
562 0 +3.080913076e+01 +9.559913076e+01 +9.559913076e+01 -1.1661e+00 -1.1802e+00 +2.4081e+00 +2.5987e+00 -3.4167e-01 -2.7590e+00 -1.7591e+00 +9.6544e-01 -3.8922e+00 +2.5762e+00
595 0 +2.817513044e+01 +9.296513044e+01 +9.296513044e+01 -1.9371e+00 -2.7923e+00 +1.8924e+00 +2.9222e+00 +2.4878e-01 -2.7764e+00 -3.0276e+00 -1.9589e-01 -9.1942e-01 +3.4676e+00
682 0 +2.409925159e+01 +8.888925159e+01 +8.888925159e+01 -2.0404e+00 +1.1819e+00 -4.4009e-01 +1.1940e+00 -4.7389e-01 -1.5678e+00 -4.1921e+00 +1.1529e+00 -3.3134e+00 +2.3457e+00
709 0 +2.328652394e+01 +8.807652394e+01 +8.807652394e+01 +1.2240e-01 -3.3135e+00 +1.6383e+00 +2.4557e+00 +7.1689e-02 -2.0379e+00 -3.2442e+00 +1.2155e+00 -3.5752e+00 +1.3604e+00
771 0 +9.839768692e+00 +7.462976869e+01 +7.462976869e+01 -8.7615e-01 -1.2565e-01 +5.1489e-01 +2.9623e+00 -1.0498e+00 -3.6731e+00 -3.0986e+00 -2.8091e-01 -3.4578e+00 +3.6152e+00
898 0 +6.098735067e+00 +7.088873507e+01 +7.088873507e+01 -1.4420e+00 -7.0545e-01 +1.1149e+00 +2.2389e+00 -8.5775e-01 -2.8626e+00 -3.0894e+00 +8.9543e-01 -3.9972e+00 +2.7913e+00
995 0 +5.456389846e+00 +7.024638985e+01 +7.024638985e+01 -1.1333e+00 -1.0911e+00 +9.5163e-01 +2.0620e+00 -4.9092e-01 -3.2670e+00 -3.5389e+00 -3.4151e-02 -3.5078e+00 +3.3381e+00
1074 0 +3.953221881e+00 +6.874322188e+01 +6.874322188e+01 -1.6565e+00 -2.6723e+00 -1.2954e-01 +9.4647e-01 +5.1000e-01 -2.4365e+00 -4.0060e+00 +8.1471e-01 -3.1512e+00 +1.7304e+00
1099 0 +2.827540462e+00 +6.761754046e+01 +6.761754046e+01 -1.1196e+00 -1.1657e+00 +3.1796e-01 +1.5276e+00 -3.9376e-01 -3.3091e+00 -3.6109e+00 +3.3026e-01 -4.1112e+00 +2.2389e+00
1364 0 +1.599880453e+00 +6.638988045e+01 +6.638988045e+01 -1.5346e+00 -2.1761e+00 +8.7393e-02 +1.7086e+00 -4.0148e-01 -3.0586e+00 -3.9546e+00 -6.9235e-02 -3.5133e+00 +1.9982e+00
1414 0 +1.344005092e+00 +6.613400509e+01 +6.613400509e+01 -1.0105e+00 -2.2488e+00 +4.4514e-01 +2.2616e+00 -8.6509e-01 -3.3548e+00 -3.6575e+00 -2.8990e-01 -3.7783e+00 +2.9035e+00
1618 0 +1.265224598e+00 +6.605522460e+01 +6.605522460e+01 -1.5997e+00 -2.1579e+00 -3.2419e-01 +1.6366e+00 -1.6605e-01 -3.1042e+00 -3.7692e+00 -6.0293e-01 -3.1459e+00 +3.0581e+00
1669 0 +1.099010549e+00 +6.588901055e+01 +6.588901055e+01 -1.0443e+00 -2.0671e+00 +4.3443e-01 +2.1775e+00 -6.2666e-01 -3.4393e+00 -3.5880e+00 -2.3474e-01 -4.0521e+00 +2.8674e+00
1680 0 +9.015713126e-01 +6.569157131e+01 +6.569157131e+01 -1.4218e+00 -1.5835e+00 +2.8376e-01 +1.5623e+00 -4.3892e-01 -3.2831e+00 -3.5971e+00 +1.9777e-01 -3.9989e+00 +2.6973e+00
1707 0 +6.156241118e-01 +6.540562411e+01 +6.540562411e+01 -1.9584e+00 -2.0178e+00 +3.1006e-01 +1.4205e+00 -2.3588e-01 -2.9989e+00 -3.6263e+00 +6.5079e-02 -3.4202e+00 +2.5950e+00
1821 0 +4.506388980e-01 +6.524063890e+01 +6.524063890e+01 -1.9592e+00 -1.9847e+00 -8.3225e-02 +1.5368e+00 -3.6648e-01 -3.0520e+00 -4.0181e+00 -2.6979e-01 -3.4907e+00 +2.8623e+00
1833 0 +3.878467407e-01 +6.517784674e+01 +6.517784674e+01 -1.8038e+00 -2.0826e+00 -1.1541e-01 +1.4496e+00 -2.6754e-01 -2.9895e+00 -3.9196e+00 -1.6745e-01 -3.4943e+00 +2.4231e+00
1849 0 +2.810564196e-01 +6.507105642e+01 +6.507105642e+01 -1.9016e+00 -2.3267e+00 -1.7588e-01 +1.3912e+00 -1.5762e-01 -2.9412e+00 -3.9907e+00 -5.4495e-02 -3.3158e+00 +2.3869e+00
1927 0 +1.981240185e-01 +6.498812402e+01 +6.498812402e+01 -1.7937e+00 -2.1610e+00 -2.1200e-01 +1.2988e+00 -2.2277e-01 -3.0742e+00 -4.0214e+00 -8.5050e-02 -3.3913e+00 +2.5730e+00
2012 0 +1.924964445e-01 +6.498249644e+01 +6.498249644e+01 -1.7651e+00 -1.8578e+00 -1.0749e-01 +1.5293e+00 -3.8774e-01 -3.1624e+00 -3.8464e+00 -1.4621e-01 -3.6068e+00 +2.7184e+00
2052 0 +1.687902887e-01 +6.495879029e+01 +6.495879029e+01 -2.0210e+00 -2.2302e+00 -3.3186e-01 +1.1990e+00 -2.4969e-01 -2.9857e+00 -4.0811e+00 +2.6138e-02 -3.3093e+00 +2.4621e+00
2078 0 +1.345237240e-01 +6.492452372e+01 +6.492452372e+01 -1.8580e+00 -2.2492e+00 -7.7473e-02 +1.5069e+00 -2.6787e-01 -3.0295e+00 -4.0055e+00 -9.0583e-02 -3.3671e+00 +2.5172e+00
2244 0 +1.253594717e-01 +6.491535947e+01 +6.491535947e+01 -1.7442e+00 -2.1214e+00 -2.4344e-01 +1.3304e+00 -2.1587e-01 -2.9167e+00 -4.0279e+00 -7.1642e-02 -3.3205e+00 +2.4692e+00
2254 0 +1.146023634e-01 +6.490460236e+01 +6.490460236e+01 -1.6069e+00 -1.9855e+00 +1.1638e-01 +1.6403e+00 -3.9538e-01 -3.1248e+00 -3.8233e+00 -1.0835e-01 -3.6081e+00 +2.6349e+00
2301 0 +8.097611277e-02 +6.487097611e+01 +6.487097611e+01 -1.6566e+00 -2.1670e+00 -1.6013e-01 +1.3890e+00 -2.2274e-01 -3.0190e+00 -3.9678e+00 -3.5310e-02 -3.4280e+00 +2.5098e+00
2302 0 +7.776235582e-02 +6.486776236e+01 +6.486776236e+01 -1.7527e+00 -2.0443e+00 -1.5805e-01 +1.3708e+00 -3.0475e-01 -3.0544e+00 -3.9768e+00 +6.9650e-03 -3.5945e+00 +2.5372e+00
2364 0 +7.435609998e-02 +6.486435610e+01 +6.486435610e+01 -1.7705e+00 -2.0288e+00 -1.8283e-01 +1.3225e+00 -1.9355e-01 -2.9545e+00 -3.9224e+00 +2.3365e-02 -3.5373e+00 +2.5134e+00
2372 0 +7.203576276e-02 +6.486203576e+01 +6.486203576e+01 -1.8929e+00 -2.1483e+00 -1.1822e-01 +1.3744e+00 -2.9030e-01 -2.9795e+00 -4.0077e+00 -3.5360e-02 -3.4713e+00 +2.4800e+00
2415 0 +5.424705570e-02 +6.484424706e+01 +6.484424706e+01 -1.8323e+00 -2.1521e+00 -2.0633e-01 +1.2756e+00 -2.0046e-01 -2.9492e+00 -3.9852e+00 -7.8342e-03 -3.4141e+00 +2.4581e+00
2422 0 +3.528026188e-02 +6.482528026e+01 +6.482528026e+01 -1.9130e+00 -2.0827e+00 -1.2532e-01 +1.3726e+00 -2.6942e-01 -2.8925e+00 -3.9581e+00 -8.9950e-02 -3.4652e+00 +2.5077e+00
% f evaluations | g evaluations | best noise-free fitness - Fopt (-1.000000000000e+03) + sum g_i+ | measured fitness | best measured fitness or single-digit g-values | x1 | x2...
1 0 +3.425201029e+02 -6.574798971e+02 -6.574798971e+02 +5.9671e-01 -3.8264e-02 +7.4769e-01 +1.6230e+00 -1.3415e-01 -1.3414e-01 +1.6792e+00 +8.6743e-01 -3.6947e-01 +6.4256e-01
2 0 +1.988236968e+02 -8.011763032e+02 -8.011763032e+02 -3.6342e-01 -3.6573e-01 +3.4196e-01 -1.8133e+00 -1.6249e+00 -4.6229e-01 -9.1283e-01 +4.1425e-01 -8.0802e-01 -1.3123e+00
8 0 +1.601156039e+02 -8.398843961e+02 -8.398843961e+02 +4.6140e-01 +1.6380e+00 +6.4174e-02 +1.6646e+00 -2.5197e+00 +9.2190e-01 +1.8705e-01 -1.9901e-01 +1.9176e-01 -1.8876e+00
14 0 +1.378348610e+02 -8.621651390e+02 -8.621651390e+02 -1.4507e+00 +1.6856e-01 -9.6230e-01 +5.7359e-01 -8.1942e-01 +1.6499e+00 -6.8325e-01 -2.2206e-01 +9.1352e-01 -1.1309e+00
57 0 +1.107788378e+02 -8.892211622e+02 -8.892211622e+02 -1.0631e+00 -1.2421e+00 -7.7396e-01 -3.4398e-01 -1.6876e+00 +1.4217e-01 -1.5248e+00 +1.2835e+00 +6.1188e-01 +6.4075e-02
59 0 +1.099131652e+02 -8.900868348e+02 -8.900868348e+02 -8.2859e-01 -5.9113e-01 +7.8732e-01 -1.8470e-01 -1.9002e+00 -2.7509e-01 -1.3766e+00 -4.6629e-01 +1.8542e+00 +3.3758e-01
70 0 +1.056173078e+02 -8.943826922e+02 -8.943826922e+02 -2.5592e+00 +1.2898e-01 -1.6310e+00 +1.9380e+00 -1.5716e+00 +1.3365e+00 +6.6620e-01 +4.6771e-01 +2.5151e+00 +2.6577e-01
102 0 +1.047815776e+02 -8.952184224e+02 -8.952184224e+02 -8.6049e-01 +9.3987e-01 -1.5457e+00 +1.0960e+00 -3.8385e+00 -7.2023e-01 -1.7575e-01 -4.2512e-01 +3.6648e+00 -1.8975e+00
109 0 +5.995726559e+01 -9.400427344e+02 -9.400427344e+02 +1.8170e-01 +3.2281e-01 -1.5613e+00 +2.5348e+00 -4.5694e+00 +1.2719e+00 -1.6915e+00 -1.3867e-01 +3.1048e+00 -1.4372e+00
260 0 +3.802135330e+01 -9.619786467e+02 -9.619786467e+02 -4.6783e+00 -1.1062e+00 -1.9880e+00 +4.5964e-01 -4.4427e+00 +1.2402e+00 -2.4351e+00 -5.5886e-01 +3.9653e+00 -1.0635e+00
330 0 +1.406003356e+01 -9.859399664e+02 -9.859399664e+02 -3.9749e+00 -1.7280e+00 -1.9300e+00 +3.6434e-01 -3.3958e+00 +1.4724e+00 -1.4741e+00 +4.4590e-01 +2.8660e+00 -1.3695e-01
361 0 +1.355339646e+01 -9.864466035e+02 -9.864466035e+02 -3.3613e+00 -1.3124e+00 -7.6817e-01 +2.5736e-01 -3.9355e+00 +1.0358e+00 -1.5033e+00 +6.7506e-01 +2.2522e+00 -2.9207e+00
495 0 +1.108117818e+01 -9.889188218e+02 -9.889188218e+02 -2.8403e+00 -7.6182e-01 -1.4779e+00 +1.2411e+00 -3.6778e+00 +1.6321e+00 -1.3835e+00 +1.0426e+00 +2.9982e+00 -8.4413e-01
531 0 +1.066247620e+01 -9.893375238e+02 -9.893375238e+02 -3.6378e+00 -2.5012e+00 -1.8306e+00 -1.4571e-02 -2.3226e+00 +7.5054e-01 -9.8900e-01 +9.6532e-01 +3.9061e+00 -6.0080e-01
651 0 +8.895716285e+00 -9.911042837e+02 -9.911042837e+02 -3.8949e+00 -2.4058e+00 -1.5338e+00 -1.4775e+00 -2.1385e+00 +9.5303e-01 -2.1071e+00 +1.1291e+00 +4.1962e+00 -1.6373e+00
666 0 +7.531823596e+00 -9.924681764e+02 -9.924681764e+02 -4.1481e+00 -1.6976e+00 -1.9912e+00 -1.4473e+00 -2.3538e+00 +3.0735e+00 -3.3928e+00 +1.2390e+00 +4.0780e+00 +5.8459e-02
689 0 +5.935353626e+00 -9.940646464e+02 -9.940646464e+02 -4.0025e+00 -2.2177e+00 -2.3930e+00 -5.1034e-01 -2.8128e+00 +2.0819e+00 -2.2145e+00 +8.0487e-01 +4.2994e+00 -5.5463e-01
691 0 +5.032075066e+00 -9.949679249e+02 -9.949679249e+02 -3.0788e+00 -1.6816e+00 -1.7950e+00 -5.8721e-01 -2.8510e+00 +2.1352e+00 -1.8823e+00 +2.4036e-01 +4.2907e+00 -1.7247e-01
755 0 +4.316965966e+00 -9.956830340e+02 -9.956830340e+02 -2.7936e+00 -1.2310e+00 -1.3432e+00 -5.3529e-01 -3.3392e+00 +2.4727e+00 -3.2361e+00 +1.0484e+00 +3.1805e+00 -4.7153e-01
915 0 +3.187312533e+00 -9.968126875e+02 -9.968126875e+02 -3.6807e+00 -8.6818e-01 -1.7417e+00 +2.1187e-01 -3.1702e+00 +2.6501e+00 -3.0210e+00 +9.2254e-01 +3.0403e+00 -5.2346e-01
1147 0 +2.613164758e+00 -9.973868352e+02 -9.973868352e+02 -3.6651e+00 -1.5763e+00 -1.9638e+00 -3.4754e-01 -3.2900e+00 +2.7557e+00 -3.3836e+00 +5.7750e-01 +3.6179e+00 +2.5138e-01
1185 0 +2.480848028e+00 -9.975191520e+02 -9.975191520e+02 -3.4670e+00 -1.0270e+00 -2.0188e+00 +1.0432e-01 -3.2064e+00 +2.6969e+00 -2.9206e+00 +5.5419e-01 +3.6354e+00 +6.4922e-01
1199 0 +1.722441135e+00 -9.982775589e+02 -9.982775589e+02 -3.5628e+00 -1.2849e+00 -2.1397e+00 -5.0350e-02 -3.0268e+00 +2.5017e+00 -3.0437e+00 +8.6683e-01 +3.7318e+00 +8.6862e-02
1278 0 +1.626539320e+00 -9.983734607e+02 -9.983734607e+02 -3.2375e+00 -9.8259e-01 -1.8988e+00 +3.9907e-01 -3.5111e+00 +2.7740e+00 -3.0994e+00 +5.2167e-01 +3.6779e+00 +3.1253e-01
1311 0 +9.843362978e-01 -9.990156637e+02 -9.990156637e+02 -3.5446e+00 -1.1679e+00 -2.0128e+00 -1.3755e-01 -3.1790e+00 +2.8231e+00 -3.1283e+00 +7.5060e-01 +3.3173e+00 +2.4384e-01
1418 0 +8.060725026e-01 -9.991939275e+02 -9.991939275e+02 -3.6731e+00 -1.2995e+00 -2.1088e+00 -3.6850e-01 -2.9819e+00 +2.7319e+00 -2.6315e+00 +8.1540e-01 +3.8409e+00 +2.6166e-01
1559 0 +6.316020967e-01 -9.993683979e+02 -9.993683979e+02 -3.0809e+00 -8.4773e-01 -1.8247e+00 -1.2000e-01 -3.4005e+00 +2.9857e+00 -3.2618e+00 +7.2484e-01 +3.4429e+00 +2.8205e-01
1773 0 +2.461407893e-01 -9.997538592e+02 -9.997538592e+02 -3.8085e+00 -1.2046e+00 -2.1996e+00 -3.4964e-01 -3.0602e+00 +2.8203e+00 -3.1947e+00 +8.3417e-01 +3.7589e+00 +1.5342e-01
2164 0 +2.300919576e-01 -9.997699080e+02 -9.997699080e+02 -4.1320e+00 -1.3655e+00 -2.2967e+00 -3.9971e-01 -2.8107e+00 +2.4075e+00 -3.0037e+00 +7.4105e-01 +3.6992e+00 -1.8215e-02
2285 0 +1.857723357e-01 -9.998142277e+02 -9.998142277e+02 -3.9277e+00 -1.3320e+00 -2.0984e+00 -3.0289e-01 -2.9911e+00 +2.4079e+00 -3.0369e+00 +8.0014e-01 +3.7834e+00 -1.4414e-01
2361 0 +1.620578846e-01 -9.998379421e+02 -9.998379421e+02 -3.9072e+00 -1.3061e+00 -2.1247e+00 -3.0125e-01 -3.0983e+00 +2.5018e+00 -3.0895e+00 +9.1576e-01 +3.6637e+00 -1.8174e-01
2372 0 +1.551842357e-01 -9.998448158e+02 -9.998448158e+02 -4.0278e+00 -1.3610e+00 -2.1801e+00 -2.8605e-01 -3.0023e+00 +2.4373e+00 -2.9999e+00 +7.4022e-01 +3.8630e+00 +2.0877e-02
2387 0 +1.464270789e-01 -9.998535729e+02 -9.998535729e+02 -3.9200e+00 -1.2789e+00 -2.2160e+00 -2.7871e-01 -3.0650e+00 +2.5139e+00 -2.9751e+00 +8.0716e-01 +3.6865e+00 +1.1985e-01
% f evaluations | g evaluations | best noise-free fitness - Fopt (1.640700000000e+02) + sum g_i+ | measured fitness | best measured fitness or single-digit g-values | x1 | x2...
1 0 +9.695988185e+02 +1.133668818e+03 +1.133668818e+03 +5.9671e-01 -3.8264e-02 +7.4769e-01 +1.6230e+00 -1.3415e-01 -1.3414e-01 +1.6792e+00 +8.6743e-01 -3.6947e-01 +6.4256e-01
2 0 +5.110056297e+02 +6.750756297e+02 +6.750756297e+02 -3.6342e-01 -3.6573e-01 +3.4196e-01 -1.8133e+00 -1.6249e+00 -4.6229e-01 -9.1283e-01 +4.1425e-01 -8.0802e-01 -1.3123e+00
4 0 +4.136837239e+02 +5.777537239e+02 +5.777537239e+02 -5.0171e-01 +1.9523e+00 +8.6503e-02 -9.5771e-01 +9.2254e-01 -1.1208e+00 +3.0886e-01 -1.8597e+00 -1.2282e+00 +2.9686e-01
8 0 +3.129186968e+02 +4.769886968e+02 +4.769886968e+02 +4.6140e-01 +1.6380e+00 +6.4174e-02 +1.6646e+00 -2.5197e+00 +9.2190e-01 +1.8705e-01 -1.9901e-01 +1.9176e-01 -1.8876e+00
51 0 +1.917833597e+02 +3.558533597e+02 +3.558533597e+02 -2.4398e+00 -7.1148e-01 -1.6039e-01 +6.5115e-01 -9.5271e-01 -4.7435e-01 +1.3231e+00 -1.2675e-01 -1.5779e+00 -3.0981e+00
55 0 +1.897227263e+02 +3.537927263e+02 +3.537927263e+02 -2.1810e+00 +9.1296e-01 +1.1060e+00 +3.7489e-01 +9.0115e-01 -8.3707e-02 +1.9562e+00 +9.4222e-02 -5.8355e-01 -1.8605e+00
56 0 +1.675263038e+02 +3.315963038e+02 +3.315963038e+02 -1.5636e+00 +4.1404e-01 -1.2249e+00 +5.7737e-01 -5.5317e-01 -1.0262e+00 +1.4935e-01 -1.8510e+00 -1.6545e+00 -1.8532e+00
64 0 +1.503902091e+02 +3.144602091e+02 +3.144602091e+02 -4.7291e-01 +2.6859e+00 +1.4325e-02 +8.1631e-01 -3.6440e-01 -8.2636e-01 -2.0317e-01 -7.9189e-01 -3.9291e-01 -2.1545e+00
65 0 +1.205365626e+02 +2.846065626e+02 +2.846065626e+02 -2.2443e+00 +1.1324e+00 +1.8918e-01 -1.5334e-01 -1.1868e+00 +1.1214e+00 +5.4563e-01 +2.3468e+00 +6.5832e-01 -2.2566e+00
96 0 +1.136469654e+02 +2.777169654e+02 +2.777169654e+02 -1.3448e+00 +1.4108e+00 -1.6899e+00 +1.7375e-01 +6.9061e-01 +1.1042e+00 -1.8458e+00 -5.6012e-01 -1.2330e-01 -3.3772e+00
151 0 +1.040677015e+02 +2.681377015e+02 +2.681377015e+02 +1.1529e+00 +2.3842e+00 -4.1808e+00 +7.6321e-01 -2.2142e+00 -3.1316e+00 +2.1813e+00 -7.3004e-01 -5.8017e-01 -4.8144e+00
231 0 +7.668587891e+01 +2.407558789e+02 +2.407558789e+02 +1.1497e-03 +1.7362e+00 -3.8415e+00 +4.2454e-02 -1.1065e+00 -1.7635e+00 +5.0023e-01 -2.0252e+00 -4.0654e-01 -3.9827e+00
258 0 +6.754574786e+01 +2.316157479e+02 +2.316157479e+02 -2.3084e+00 +2.2673e+00 -2.6681e+00 -3.6201e+00 -2.2979e+00 +1.4690e-01 -3.7606e-01 +1.6518e+00 +8.1724e-01 -4.4762e+00
274 0 +4.138051158e+01 +2.054505116e+02 +2.054505116e+02 -1.6831e+00 +1.2723e+00 -2.9486e+00 -1.6111e-02 -7.4932e-01 -3.1390e+00 +1.5031e+00 +1.5772e+00 +1.8801e+00 -4.4243e+00
461 0 +2.255882965e+01 +1.866288296e+02 +1.866288296e+02 -2.3184e+00 +2.7874e+00 -1.8256e+00 -2.8822e+00 -2.6339e+00 -1.3445e+00 +2.0804e+00 +3.1661e+00 +2.6415e+00 -3.6407e+00
634 0 +1.998805740e+01 +1.840580574e+02 +1.840580574e+02 -3.8050e+00 +1.4823e+00 -3.0605e+00 -1.9347e+00 -1.3184e+00 +3.3556e-01 -6.6874e-02 +2.7566e+00 +2.5625e+00 -3.4651e+00
684 0 +1.718143970e+01 +1.812514397e+02 +1.812514397e+02 -1.6948e+00 +3.0613e+00 -2.8468e+00 -4.1603e+00 -3.0631e+00 -2.1984e+00 +1.3645e+00 +1.3004e+00 +2.6084e+00 -3.1503e+00
690 0 +1.185346517e+01 +1.759234652e+02 +1.759234652e+02 -3.0053e+00 +1.9478e+00 -3.7627e+00 -2.0611e+00 -1.7517e+00 +5.9991e-01 +1.4967e+00 +2.1230e+00 +3.7295e+00 -3.5992e+00
716 0 +6.876914047e+00 +1.709469140e+02 +1.709469140e+02 -2.1203e+00 +3.3578e+00 -2.6390e+00 -3.8628e+00 -2.3538e+00 +1.4452e+00 +1.8065e+00 +2.2904e+00 +2.9453e+00 -3.5356e+00
1012 0 +5.214400484e+00 +1.692844005e+02 +1.692844005e+02 -2.6754e+00 +2.4554e+00 -2.4280e+00 -2.9659e+00 -1.9666e+00 +7.0216e-01 +1.6509e+00 +3.2593e+00 +3.0446e+00 -3.8518e+00
1086 0 +5.192255438e+00 +1.692622554e+02 +1.692622554e+02 -1.8010e+00 +3.0218e+00 -2.3666e+00 -2.4975e+00 -1.9577e+00 +5.8089e-01 +1.1184e+00 +2.4697e+00 +2.2415e+00 -3.5975e+00
1135 0 +3.568348686e+00 +1.676383487e+02 +1.676383487e+02 -1.8028e+00 +3.0358e+00 -3.2506e+00 -2.9138e+00 -2.3123e+00 +9.8579e-03 +2.0442e+00 +1.9195e+00 +2.9820e+00 -3.7849e+00
1213 0 +2.379029513e+00 +1.664490295e+02 +1.664490295e+02 -1.6817e+00 +4.4172e+00 -2.9280e+00 -3.2118e+00 -2.2004e+00 +2.6944e+00 +1.7276e+00 +2.3630e+00 +2.9786e+00 -3.3094e+00
1329 0 +1.868738076e+00 +1.659387381e+02 +1.659387381e+02 -2.8242e+00 +2.9394e+00 -2.9765e+00 -2.9197e+00 -2.3528e+00 +1.5058e+00 +1.5493e+00 +2.3156e+00 +2.8992e+00 -3.2476e+00
1408 0 +1.266656387e+00 +1.653366564e+02 +1.653366564e+02 -1.9248e+00 +3.9745e+00 -2.9912e+00 -3.2335e+00 -2.7132e+00 +1.5372e+00 +2.1761e+00 +2.6367e+00 +3.1890e+00 -3.5015e+00
1452 0 +9.793110472e-01 +1.650493110e+02 +1.650493110e+02 -1.9154e+00 +3.8549e+00 -2.7162e+00 -3.2060e+00 -2.4249e+00 +1.7251e+00 +1.7508e+00 +2.4104e+00 +2.7971e+00 -3.4513e+00
1647 0 +9.110234309e-01 +1.649810234e+02 +1.649810234e+02 -2.0361e+00 +3.5168e+00 -2.8961e+00 -3.3136e+00 -2.5163e+00 +1.3810e+00 +2.1285e+00 +2.2600e+00 +2.9188e+00 -3.4956e+00
1725 0 +8.491092102e-01 +1.649191092e+02 +1.649191092e+02 -2.2981e+00 +3.4995e+00 -2.8427e+00 -3.1457e+00 -2.2896e+00 +1.6699e+00 +1.7135e+00 +2.5355e+00 +2.9130e+00 -3.3880e+00
1794 0 +8.219905929e-01 +1.648919906e+02 +1.648919906e+02 -2.0897e+00 +3.4806e+00 -2.9012e+00 -2.8175e+00 -2.2881e+00 +1.7283e+00 +1.6353e+00 +2.3651e+00 +2.9011e+00 -3.5105e+00
1803 0 +5.405796903e-01 +1.646105797e+02 +1.646105797e+02 -1.8903e+00 +4.2625e+00 -2.8089e+00 -3.5014e+00 -2.6260e+00 +2.2655e+00 +1.9525e+00 +2.6891e+00 +2.9505e+00 -3.4294e+00
1922 0 +2.606778708e-01 +1.643306779e+02 +1.643306779e+02 -2.1116e+00 +3.7955e+00 -2.6713e+00 -2.9975e+00 -2.3434e+00 +1.9202e+00 +1.7652e+00 +2.8622e+00 +2.8416e+00 -3.4677e+00
1971 0 +2.521962702e-01 +1.643221963e+02 +1.643221963e+02 -2.0407e+00 +4.1988e+00 -2.7288e+00 -3.3307e+00 -2.4929e+00 +2.4881e+00 +2.1249e+00 +2.8707e+00 +3.0567e+00 -3.3328e+00
1998 0 +2.303464827e-01 +1.643003465e+02 +1.643003465e+02 -2.2840e+00 +3.6926e+00 -2.8884e+00 -3.1515e+00 -2.4248e+00 +1.9356e+00 +1.9895e+00 +2.4906e+00 +3.0701e+00 -3.3114e+00
2004 0 +2.226141615e-01 +1.642926142e+02 +1.642926142e+02 -1.9196e+00 +4.1400e+00 -2.6220e+00 -3.1790e+00 -2.4604e+00 +2.2338e+00 +1.9297e+00 +2.7605e+00 +2.7707e+00 -3.4007e+00
2010 0 +1.483090671e-01 +1.642183091e+02 +1.642183091e+02 -2.2305e+00 +3.7905e+00 -2.8329e+00 -3.2641e+00 -2.4256e+00 +1.9260e+00 +2.0995e+00 +2.5881e+00 +2.9457e+00 -3.2756e+00
2073 0 +8.759257533e-02 +1.641575926e+02 +1.641575926e+02 -2.1500e+00 +3.8322e+00 -2.7009e+00 -3.1763e+00 -2.4196e+00 +2.1442e+00 +2.0230e+00 +2.6798e+00 +2.9059e+00 -3.3816e+00
2182 0 +8.525052510e-02 +1.641552505e+02 +1.641552505e+02 -2.2281e+00 +3.9127e+00 -2.6708e+00 -3.1533e+00 -2.4478e+00 +2.2141e+00 +2.0756e+00 +2.7398e+00 +2.8783e+00 -3.2608e+00
2194 0 +7.283934664e-02 +1.641428393e+02 +1.641428393e+02 -2.1868e+00 +3.9152e+00 -2.6494e+00 -3.0922e+00 -2.3342e+00 +2.2509e+00 +1.9503e+00 +2.7744e+00 +2.9434e+00 -3.3273e+00
2205 0 +6.905852283e-02 +1.641390585e+02 +1.641390585e+02 -2.1524e+00 +3.8304e+00 -2.6570e+00 -3.0508e+00 -2.3480e+00 +2.1248e+00 +1.9348e+00 +2.7676e+00 +2.8833e+00 -3.4074e+00
2247 0 +4.068972081e-02 +1.641106897e+02 +1.641106897e+02 -2.1928e+00 +3.8712e+00 -2.6400e+00 -3.0466e+00 -2.3418e+00 +2.2034e+00 +1.8667e+00 +2.7515e+00 +2.8831e+00 -3.3189e+00
2362 0 +4.064598711e-02 +1.641106460e+02 +1.641106460e+02 -2.0536e+00 +4.0388e+00 -2.7101e+00 -3.1161e+00 -2.4219e+00 +2.2719e+00 +1.9761e+00 +2.7104e+00 +2.9047e+00 -3.3592e+00
2447 0 +1.595204898e-02 +1.640859520e+02 +1.640859520e+02 -2.1349e+00 +3.9920e+00 -2.6195e+00 -3.1368e+00 -2.4608e+00 +2.3734e+00 +2.0280e+00 +2.7897e+00 +2.9284e+00 -3.3023e+00
% f evaluations | g evaluations | best noise-free fitness - Fopt (-1.656800000000e+02) + sum g_i+ | measured fitness | best measured fitness or single-digit g-values | x1 | x2...
1 0 +7.478022085e+01 -9.089977915e+01 -9.089977915e+01 +5.9671e-01 -3.8264e-02 +7.4769e-01 +1.6230e+00 -1.3415e-01 -1.3414e-01 +1.6792e+00 +8.6743e-01 -3.6947e-01 +6.4256e-01
10 0 +6.202659801e+01 -1.036534020e+02 -1.036534020e+02 +1.9708e-01 +1.0686e+00 -6.0205e-01 -2.2766e-01 -2.9211e-01 -1.3635e+00 +3.9612e-01 +3.6106e-01 +1.0511e-01 -1.3459e-01
40 0 +3.938228109e+01 -1.262977189e+02 -1.262977189e+02 -7.9841e-01 +5.9192e-01 -1.2202e+00 +1.9315e+00 +1.2794e+00 -3.6918e-01 -1.6131e+00 +1.4539e+00 -1.4540e-02 +1.3378e+00
167 0 +2.728409180e+01 -1.383959082e+02 -1.383959082e+02 -1.0105e+00 +1.3219e+00 +1.2872e+00 +1.1657e+00 +2.0099e-01 -2.0166e+00 +6.9923e-01 +1.6515e+00 -9.6069e-01 -4.8753e-01
206 0 +1.891986743e+01 -1.467601326e+02 -1.467601326e+02 -3.2373e-01 +2.7974e+00 +7.4620e-01 -9.0501e-02 +1.2327e+00 -1.1926e+00 +2.2549e+00 +2.1910e+00 +7.2687e-01 -5.1566e-01
284 0 +1.571262574e+01 -1.499673743e+02 -1.499673743e+02 -3.6995e-01 +8.0642e-01 -1.6096e-01 +9.3002e-01 +8.9443e-02 -2.2916e+00 +1.2104e+00 +2.5131e+00 -1.1808e+00 +5.6131e-01
361 0 +1.388678181e+01 -1.517932182e+02 -1.517932182e+02 -3.6731e-02 +1.6407e+00 +1.4779e+00 +4.8598e-01 +1.2506e+00 -4.3351e+00 +1.9284e+00 +2.0988e+00 -1.9830e-01 -2.9914e-01
400 0 +1.012120876e+01 -1.555587912e+02 -1.555587912e+02 -3.9620e-01 +1.5519e+00 +6.6439e-01 +1.0373e+00 +1.5017e+00 -1.3809e+00 +1.6847e+00 +2.3652e+00 +7.2397e-01 -6.9467e-01
603 0 +5.223640070e+00 -1.604563599e+02 -1.604563599e+02 -6.4891e-01 +2.1385e-01 +1.6220e+00 +2.0363e+00 +1.1657e+00 -2.7896e+00 +1.1752e+00 +2.9412e+00 -3.8583e-03 -5.0067e-01
648 0 +5.152038435e+00 -1.605279616e+02 -1.605279616e+02 -1.1982e+00 +8.3142e-01 +1.1286e+00 +1.6938e+00 +1.3193e+00 -2.8801e+00 +5.0855e-01 +2.8849e+00 -2.9551e-01 -8.4790e-02
718 0 +4.732500497e+00 -1.609474995e+02 -1.609474995e+02 -7.1530e-01 -3.1484e-01 +1.0656e+00 +1.7855e+00 +2.2626e+00 -2.0894e+00 +1.3408e-02 +2.8015e+00 +4.6559e-01 -9.3448e-03
827 0 +3.231784356e+00 -1.624482156e+02 -1.624482156e+02 -1.1384e+00 -4.2142e-01 +1.8313e+00 +2.5440e+00 +2.3404e+00 -2.5980e+00 -3.4754e-01 +2.6401e+00 +3.4744e-01 +2.9459e-02
835 0 +3.100958285e+00 -1.625790417e+02 -1.625790417e+02 -8.9688e-01 +5.6540e-01 +1.5144e+00 +1.3081e+00 +2.2422e+00 -3.0590e+00 +1.3697e+00 +3.4758e+00 +5.3341e-01 -1.8743e-01
886 0 +2.257470048e+00 -1.634225300e+02 -1.634225300e+02 -9.5274e-01 -7.4678e-01 +1.4042e+00 +2.0275e+00 +1.6768e+00 -3.5334e+00 +5.4891e-01 +2.8482e+00 +3.0394e-01 -9.5267e-01
923 0 +2.016588526e+00 -1.636634115e+02 -1.636634115e+02 -1.3871e+00 -1.0347e+00 +1.9106e+00 +2.3040e+00 +2.1385e+00 -3.5359e+00 -6.9987e-03 +3.2467e+00 +1.0283e+00 -1.1250e+00
1102 0 +1.879500410e+00 -1.638004996e+02 -1.638004996e+02 -1.1271e+00 -4.7663e-02 +1.8572e+00 +1.8729e+00 +1.6670e+00 -3.2173e+00 +1.1035e+00 +2.9350e+00 +1.4360e-01 -6.5866e-01
1116 0 +1.743442893e+00 -1.639365571e+02 -1.639365571e+02 -1.2685e+00 +1.7271e-01 +1.1879e+00 +1.3346e+00 +1.6903e+00 -3.0674e+00 +6.4227e-01 +2.7294e+00 +1.9973e-01 -1.5225e-01
1144 0 +1.599157198e+00 -1.640808428e+02 -1.640808428e+02 -5.8977e-01 -5.9716e-01 +1.7114e+00 +2.1355e+00 +2.0838e+00 -2.5687e+00 +6.7160e-01 +3.4569e+00 +8.9761e-01 -6.4955e-01
1171 0 +5.791586393e-01 -1.651008414e+02 -1.651008414e+02 -9.6342e-01 -8.1821e-02 +1.5895e+00 +1.8945e+00 +1.8896e+00 -2.8542e+00 +9.3111e-01 +3.0592e+00 +4.9829e-01 -7.2454e-01
1486 0 +5.004746089e-01 -1.651795254e+02 -1.651795254e+02 -9.9872e-01 -5.1608e-01 +1.7982e+00 +1.9479e+00 +1.8394e+00 -3.5235e+00 +3.8539e-01 +2.9303e+00 +5.5446e-01 -7.5594e-01
1508 0 +4.914311002e-01 -1.651885689e+02 -1.651885689e+02 -1.2975e+00 -2.2435e-01 +1.5412e+00 +1.8392e+00 +2.1575e+00 -2.7921e+00 +7.9081e-01 +3.0675e+00 +5.4052e-01 -5.4398e-01
1732 0 +4.656666100e-01 -1.652143334e+02 -1.652143334e+02 -8.9874e-01 -4.4312e-01 +1.8072e+00 +1.9820e+00 +2.1801e+00 -2.8425e+00 +7.1742e-01 +3.1280e+00 +8.8074e-01 -8.0218e-01
1760 0 +4.078961645e-01 -1.652721038e+02 -1.652721038e+02 -1.1133e+00 -3.8787e-01 +1.8665e+00 +2.0393e+00 +1.9812e+00 -2.9312e+00 +8.3090e-01 +3.1409e+00 +6.9840e-01 -8.6964e-01
1769 0 +2.800222818e-01 -1.653999777e+02 -1.653999777e+02 -1.0505e+00 -3.6080e-01 +1.5318e+00 +1.7004e+00 +2.1402e+00 -3.3262e+00 +6.1270e-01 +3.0981e+00 +7.7234e-01 -7.2571e-01
1809 0 +2.475044348e-01 -1.654324956e+02 -1.654324956e+02 -1.2147e+00 -6.0536e-01 +1.5038e+00 +1.7924e+00 +2.0732e+00 -3.3749e+00 +4.5006e-01 +3.0763e+00 +6.8005e-01 -8.4501e-01
1824 0 +1.941733968e-01 -1.654858266e+02 -1.654858266e+02 -1.0952e+00 -5.1628e-01 +1.6657e+00 +1.8035e+00 +1.9286e+00 -3.2482e+00 +7.1131e-01 +3.0617e+00 +7.9733e-01 -9.6506e-01
1849 0 +1.459688276e-01 -1.655340312e+02 -1.655340312e+02 -1.0304e+00 -4.6915e-01 +1.7553e+00 +1.8828e+00 +2.0766e+00 -3.0838e+00 +7.3644e-01 +3.0769e+00 +7.0792e-01 -8.9624e-01
1977 0 +1.168799153e-01 -1.655631201e+02 -1.655631201e+02 -1.0808e+00 -4.1614e-01 +1.6386e+00 +1.8850e+00 +1.9951e+00 -3.2378e+00 +5.9119e-01 +3.0288e+00 +6.2253e-01 -8.2806e-01
2052 0 +1.046140998e-01 -1.655753859e+02 -1.655753859e+02 -1.0210e+00 -6.0971e-01 +1.6142e+00 +1.9928e+00 +1.9563e+00 -3.0076e+00 +4.2554e-01 +3.0815e+00 +6.8852e-01 -7.7969e-01
2065 0 +4.552691610e-02 -1.656344731e+02 -1.656344731e+02 -1.0404e+00 -5.1728e-01 +1.5425e+00 +1.8925e+00 +2.0550e+00 -2.9275e+00 +5.5508e-01 +3.1037e+00 +7.5270e-01 -7.9595e-01
2187 0 +2.803125656e-02 -1.656519687e+02 -1.656519687e+02 -1.0339e+00 -5.1209e-01 +1.6245e+00 +1.8486e+00 +2.0642e+00 -3.0528e+00 +7.3309e-01 +3.1895e+00 +7.6480e-01 -9.1461e-01
2250 0 +2.285003845e-02 -1.656571500e+02 -1.656571500e+02 -1.0429e+00 -5.0683e-01 +1.5660e+00 +1.8505e+00 +1.9691e+00 -3.0222e+00 +6.4358e-01 +3.0639e+00 +7.2615e-01 -8.4413e-01
2332 0 +1.498722481e-02 -1.656650128e+02 -1.656650128e+02 -1.0688e+00 -4.1630e-01 +1.5655e+00 +1.7770e+00 +1.9585e+00 -3.1183e+00 +7.0175e-01 +3.0762e+00 +7.0128e-01 -8.4488e-01
2470 0 +1.293942341e-02 -1.656670606e+02 -1.656670606e+02 -1.0665e+00 -4.3372e-01 +1.5426e+00 +1.8304e+00 +1.9751e+00 -2.9365e+00 +7.0195e-01 +3.0690e+00 +6.7118e-01 -7.9541e-01
% f evaluations | g evaluations | best noise-free fitness - Fopt (9.284000000000e+01) + sum g_i+ | measured fitness | best measured fitness or single-digit g-values | x1 | x2...
1 0 +6.994656687e+02 +7.923056687e+02 +7.923056687e+02 +5.9671e-01 -3.8264e-02 +7.4769e-01 +1.6230e+00 -1.3415e-01 -1.3414e-01 +1.6792e+00 +8.6743e-01 -3.6947e-01 +6.4256e-01
6 0 +2.740300495e+02 +3.668700495e+02 +3.668700495e+02 +4.2408e-01 -2.8508e-01 -5.7692e-01 +7.1168e-01 +1.1310e+00 +1.0313e+00 -7.3922e-01 -2.0921e-01 +4.3126e-01 +1.0755e+00
12 0 +1.218396362e+02 +2.146796362e+02 +2.146796362e+02 -1.8188e+00 +7.3486e-02 +1.6023e-01 +2.5632e+00 -9.2361e-02 +4.0155e-01 +6.5288e-02 -1.0687e+00 +1.2428e+00 +8.5193e-01
64 0 +1.196450326e+02 +2.124850326e+02 +2.124850326e+02 -1.6351e+00 -7.5377e-01 -9.3591e-02 +4.4421e-01 -1.4279e+00 +5.7487e-01 +3.8746e-01 +3.0240e-01 +2.3913e+00 +2.9021e+00
71 0 +1.114832966e+02 +2.043232966e+02 +2.043232966e+02 -1.8357e+00 -5.4768e-01 -5.7662e-01 +1.4847e+00 -4.0764e-01 -8.7854e-01 +4.9476e-01 -2.1050e+00 -5.5425e-02 +3.4722e-01
135 0 +7.645071704e+01 +1.692907170e+02 +1.692907170e+02 -1.3859e+00 -8.3595e-01 -1.7242e+00 +3.0681e+00 +6.0060e-02 -8.7229e-01 +1.7389e+00 -4.1127e-01 +7.7007e-01 +1.5753e+00
304 0 +7.295456816e+01 +1.657945682e+02 +1.657945682e+02 -1.2405e+00 -9.8224e-01 -3.0094e+00 +1.7388e+00 +1.4772e-01 +8.8704e-01 +1.1862e+00 -2.5492e+00 +1.5520e+00 +1.9567e+00
344 0 +1.814203634e+01 +1.109820363e+02 +1.109820363e+02 +6.7488e-01 -1.6157e+00 -3.1166e+00 +2.1850e+00 +1.3648e+00 +9.2752e-01 +2.6279e+00 -1.1452e+00 +1.9214e+00 +2.5480e+00
715 0 +1.599220742e+01 +1.088322074e+02 +1.088322074e+02 +1.2154e+00 -6.8762e-01 -2.8346e+00 +3.4243e+00 +1.2192e-01 +2.5266e+00 -6.7234e-01 -3.5752e+00 +2.3738e+00 +6.1993e-01
767 0 +9.760134000e+00 +1.026001340e+02 +1.026001340e+02 +1.5968e+00 -1.5903e+00 -3.4731e+00 +1.3770e+00 +1.0781e+00 +1.9127e+00 +1.7225e+00 -2.9311e+00 +2.9097e+00 +2.1711e+00
773 0 +9.755785059e+00 +1.025957851e+02 +1.025957851e+02 +1.9122e+00 -1.3186e+00 -3.2961e+00 +1.6837e+00 +1.0143e+00 +2.4952e+00 +1.1173e+00 -2.9219e+00 +1.9415e+00 +2.1151e+00
856 0 +9.006969166e+00 +1.018469692e+02 +1.018469692e+02 +1.2844e+00 -1.7063e+00 -3.0952e+00 +1.5117e+00 -1.1207e+00 +3.3867e+00 +9.2408e-01 -2.0432e+00 +2.3250e+00 +4.1370e+00
861 0 +8.063912774e+00 +1.009039128e+02 +1.009039128e+02 +1.0245e+00 -1.4023e+00 -2.9784e+00 +2.1228e+00 -2.6986e-01 +3.2363e+00 +1.9415e+00 -1.6067e+00 +4.1132e+00 +3.7294e+00
972 0 +5.424552093e+00 +9.826455209e+01 +9.826455209e+01 +9.5236e-01 -8.7935e-01 -2.7931e+00 +2.9528e+00 -6.2407e-01 +3.1858e+00 +6.9662e-01 -2.3183e+00 +2.8682e+00 +2.6655e+00
1138 0 +4.818062289e+00 +9.765806229e+01 +9.765806229e+01 +1.8795e+00 -1.5300e+00 -4.6791e+00 +1.4960e+00 +1.5656e+00 +1.7757e+00 +1.9138e+00 -2.1690e+00 +2.9558e+00 +1.9890e+00
1307 0 +2.811367359e+00 +9.565136736e+01 +9.565136736e+01 +2.3013e+00 -1.4565e+00 -3.5558e+00 +1.2884e+00 +6.0682e-01 +2.9971e+00 -4.2993e-01 -2.5920e+00 +2.4504e+00 +2.7804e+00
1321 0 +1.772312720e+00 +9.461231272e+01 +9.461231272e+01 +2.1567e+00 -1.8024e+00 -3.2155e+00 +9.1740e-01 +2.8207e-01 +2.9750e+00 -4.0918e-01 -1.8387e+00 +2.2326e+00 +3.6782e+00
1649 0 +1.715667661e+00 +9.455566766e+01 +9.455566766e+01 +2.3396e+00 -1.8226e+00 -3.5963e+00 +1.3187e+00 +8.2527e-01 +2.7600e+00 +5.3102e-01 -2.0525e+00 +2.3110e+00 +3.1195e+00
1658 0 +1.631292874e+00 +9.447129287e+01 +9.447129287e+01 +2.0364e+00 -2.2365e+00 -3.2340e+00 +1.1869e+00 +3.7118e-01 +2.8286e+00 +7.7181e-01 -1.5006e+00 +2.1196e+00 +3.6481e+00
1661 0 +6.812228112e-01 +9.352122281e+01 +9.352122281e+01 +1.8816e+00 -1.9889e+00 -3.3661e+00 +8.7196e-01 +2.0007e-01 +2.5829e+00 +7.6143e-01 -1.6471e+00 +2.6492e+00 +3.6962e+00
1739 0 +6.358397586e-01 +9.347583976e+01 +9.347583976e+01 +1.9608e+00 -2.0908e+00 -3.3878e+00 +8.3882e-01 +5.0657e-01 +2.4390e+00 +1.0966e+00 -1.7361e+00 +2.2699e+00 +3.5414e+00
1948 0 +4.368970051e-01 +9.327689701e+01 +9.327689701e+01 +2.0093e+00 -1.9923e+00 -3.6910e+00 +6.5212e-01 +3.7145e-01 +2.7294e+00 +5.8804e-01 -1.4429e+00 +2.2937e+00 +3.9293e+00
2106 0 +3.034441534e-01 +9.314344415e+01 +9.314344415e+01 +1.7959e+00 -1.9676e+00 -3.4198e+00 +7.8389e-01 +2.1700e-01 +2.6016e+00 +6.8289e-01 -1.6724e+00 +2.2538e+00 +3.8700e+00
2205 0 +2.776565302e-01 +9.311765653e+01 +9.311765653e+01 +1.9305e+00 -1.8631e+00 -3.7540e+00 +7.8902e-01 +4.1666e-01 +2.6838e+00 +7.2044e-01 -1.7518e+00 +2.3618e+00 +3.7267e+00
2209 0 +2.393438997e-01 +9.307934390e+01 +9.307934390e+01 +1.7890e+00 -1.9162e+00 -3.5916e+00 +7.4369e-01 +2.2827e-01 +2.5874e+00 +9.4794e-01 -1.5400e+00 +2.5105e+00 +3.8589e+00
2245 0 +2.321584412e-01 +9.307215844e+01 +9.307215844e+01 +1.6566e+00 -1.7840e+00 -3.3044e+00 +8.9689e-01 +4.6680e-03 +2.8153e+00 +5.1244e-01 -1.6234e+00 +2.4693e+00 +3.8912e+00
2268 0 +2.002738035e-01 +9.304027380e+01 +9.304027380e+01 +2.0485e+00 -2.1334e+00 -3.6518e+00 +5.8866e-01 +4.9934e-01 +2.6379e+00 +9.8259e-01 -1.5932e+00 +2.2367e+00 +3.8685e+00
2319 0 +1.499563861e-01 +9.298995639e+01 +9.298995639e+01 +1.8457e+00 -1.9725e+00 -3.6133e+00 +7.9276e-01 +3.1968e-01 +2.5947e+00 +9.5543e-01 -1.5794e+00 +2.4413e+00 +3.7833e+00
2339 0 +1.416839914e-01 +9.298168399e+01 +9.298168399e+01 +2.0750e+00 -2.1072e+00 -3.7075e+00 +7.4809e-01 +6.0098e-01 +2.5685e+00 +8.1950e-01 -1.5087e+00 +2.1968e+00 +3.8272e+00
2419 0 +1.410320231e-01 +9.298103202e+01 +9.298103202e+01 +1.9483e+00 -2.1418e+00 -3.5936e+00 +7.7043e-01 +3.1655e-01 +2.7310e+00 +9.5933e-01 -1.5407e+00 +2.3306e+00 +3.9439e+00
2430 0 +9.610161271e-02 +9.293610161e+01 +9.293610161e+01 +1.9558e+00 -2.0166e+00 -3.6980e+00 +7.0122e-01 +3.9503e-01 +2.7362e+00 +7.9736e-01 -1.5544e+00 +2.3223e+00 +3.8810e+00
2466 0 +8.861386482e-02 +9.292861386e+01 +9.292861386e+01 +2.0455e+00 -2.0783e+00 -3.7582e+00 +7.2924e-01 +5.2369e-01 +2.6617e+00 +8.4889e-01 -1.6357e+00 +2.2467e+00 +3.7890e+00
2477 0 +6.916185927e-02 +9.290916186e+01 +9.290916186e+01 +1.9762e+00 -2.1233e+00 -3.6512e+00 +6.8360e-01 +4.8014e-01 +2.4781e+00 +9.6206e-01 -1.4766e+00 +2.2811e+00 +3.8868e+00
% f evaluations | g evaluations | best noise-free fitness - Fopt (-3.679200000000e+02) + sum g_i+ | measured fitness | best measured fitness or single-digit g-values | x1 | x2...
1 0 +8.578310588e+01 -2.821368941e+02 -2.821368941e+02 +5.9671e-01 -3.8264e-02 +7.4769e-01 +1.6230e+00 -1.3415e-01 -1.3414e-01 +1.6792e+00 +8.6743e-01 -3.6947e-01 +6.4256e-01
9 0 +5.434531151e+01 -3.135746885e+02 -3.135746885e+02 -1.1967e-01 +4.5711e-01 +1.5779e+00 -4.1827e-01 -7.0849e-01 -4.0176e-01 +1.0154e+00 +4.2875e-01 -4.2976e-01 +6.1327e-01
54 0 +5.279685282e+01 -3.151231472e+02 -3.151231472e+02 +2.0874e+00 +2.2403e-01 -1.5809e-02 -1.4432e+00 +5.4949e-01 -9.3944e-01 +1.4488e+00 -8.4600e-02 +2.0586e+00 +6.2140e-01
68 0 +3.096603754e+01 -3.369539625e+02 -3.369539625e+02 +6.9198e-01 -1.4176e-01 +2.3332e+00 -4.5252e-01 -7.6902e-01 +2.5141e-01 +1.8337e+00 -9.7826e-01 +5.5553e-02 +1.4478e+00
191 0 +2.499983689e+01 -3.429201631e+02 -3.429201631e+02 +8.7508e-02 -3.6070e-01 +3.2090e+00 +1.8484e+00 -1.1424e+00 +1.0502e-01 +3.0813e+00 +5.9972e-01 -5.0066e-01 -9.3524e-01
305 0 +2.212603927e+01 -3.457939607e+02 -3.457939607e+02 +9.1299e-01 -2.0815e+00 +1.9495e+00 +1.9584e+00 -2.6025e-01 -3.4755e-01 +2.4544e+00 -1.6349e+00 +2.4649e-01 +7.8593e-01
317 0 +1.671264808e+01 -3.512073519e+02 -3.512073519e+02 +3.6747e-01 -7.7920e-01 +3.0486e+00 -3.2661e-01 -5.8820e-01 +8.3239e-01 +1.2916e+00 +2.9233e+00 -2.0005e+00 +7.8514e-02
340 0 +1.430175555e+01 -3.536182445e+02 -3.536182445e+02 +1.7381e+00 -1.8620e+00 +3.5463e+00 +1.8889e+00 +4.2591e-01 -5.4557e-01 +2.4798e+00 -1.5156e+00 +3.8907e-01 +4.5361e-01
393 0 +8.673655315e+00 -3.592463447e+02 -3.592463447e+02 +8.5705e-01 -9.4029e-01 +3.3380e+00 +2.2783e-01 +4.6837e-02 -1.0227e-01 +2.2380e+00 +8.5460e-01 -5.1136e-01 +8.3201e-02
619 0 +7.313773303e+00 -3.606062267e+02 -3.606062267e+02 +1.8637e+00 -1.5228e+00 +2.2779e+00 +9.6774e-01 -2.9470e-01 -5.5704e-01 +2.6129e+00 -2.3159e-01 -3.7371e-01 +4.0476e-02
802 0 +5.850631763e+00 -3.620693682e+02 -3.620693682e+02 +1.2422e+00 -2.5393e-02 +3.3153e+00 -7.0871e-02 +1.5972e+00 -5.5862e-01 +2.3478e+00 +1.8460e+00 -5.3325e-01 +1.8176e-01
852 0 +5.715187815e+00 -3.622048122e+02 -3.622048122e+02 +7.3943e-01 -2.1822e-03 +2.8271e+00 -3.4589e-01 +4.7553e-01 -1.7137e-01 +2.3403e+00 +2.0517e+00 -1.5209e+00 -2.0801e-01
858 0 +5.686664433e+00 -3.622333356e+02 -3.622333356e+02 +7.8158e-01 -1.5647e+00 +3.0920e+00 +1.1157e+00 -3.5874e-01 +1.8415e-01 +2.5761e+00 +9.2709e-01 -4.4955e-01 +3.2151e-01
871 0 +2.963757586e+00 -3.649562424e+02 -3.649562424e+02 +1.1514e+00 -1.1387e+00 +2.6966e+00 +8.7857e-01 +1.0529e+00 -5.5812e-01 +2.3954e+00 +1.9398e+00 -1.0294e+00 -3.7600e-01
895 0 +2.831083278e+00 -3.650889167e+02 -3.650889167e+02 +9.9495e-01 -1.0600e+00 +1.8257e+00 +7.7319e-01 +8.6678e-01 -8.6852e-01 +2.3361e+00 +6.5507e-01 -7.9007e-01 +1.8980e-01
1026 0 +2.289338414e+00 -3.656306616e+02 -3.656306616e+02 +8.2343e-01 -6.5550e-01 +3.0001e+00 +8.2438e-01 +7.8450e-01 -1.1044e+00 +2.7204e+00 +2.5316e+00 -7.8530e-01 +3.2208e-01
1089 0 +2.239782391e+00 -3.656802176e+02 -3.656802176e+02 +8.2352e-01 -7.9829e-01 +2.3171e+00 +8.6798e-01 +1.1701e+00 -1.3488e+00 +2.6892e+00 +1.6458e+00 -7.9113e-01 -5.6346e-02
1160 0 +1.398936635e+00 -3.665210634e+02 -3.665210634e+02 +1.1986e+00 -1.4495e+00 +2.1935e+00 +1.4247e+00 +9.2925e-01 -1.3991e+00 +2.7339e+00 +1.7143e+00 -9.6117e-01 +1.1846e-02
1316 0 +1.312074235e+00 -3.666079258e+02 -3.666079258e+02 +6.1762e-01 -1.8253e+00 +1.9696e+00 +1.4307e+00 +6.2052e-01 -1.2922e+00 +2.7320e+00 +1.8964e+00 -1.7286e+00 -1.1206e-01
1465 0 +1.187638072e+00 -3.667323619e+02 -3.667323619e+02 +9.8269e-01 -1.3244e+00 +2.4624e+00 +1.0113e+00 +5.1861e-01 -9.6234e-01 +2.5145e+00 +1.8237e+00 -9.9143e-01 -1.1641e-01
1520 0 +1.168563474e+00 -3.667514365e+02 -3.667514365e+02 +6.8933e-01 -9.8493e-01 +2.3510e+00 +9.1778e-01 +6.7913e-01 -9.0345e-01 +2.4267e+00 +1.9768e+00 -1.1885e+00 -6.3386e-02
1571 0 +9.586473360e-01 -3.669613527e+02 -3.669613527e+02 +7.3142e-01 -1.3599e+00 +2.2610e+00 +1.1339e+00 +7.3579e-01 -9.4077e-01 +2.4737e+00 +1.5515e+00 -1.3354e+00 -1.7162e-01
1641 0 +6.802345913e-01 -3.672397654e+02 -3.672397654e+02 +9.2830e-01 -1.5080e+00 +2.7937e+00 +1.1551e+00 +5.5452e-01 -6.2773e-01 +2.5161e+00 +1.4874e+00 -9.5797e-01 -1.0918e-01
1676 0 +6.089924627e-01 -3.673110075e+02 -3.673110075e+02 +7.4706e-01 -9.3180e-01 +2.5593e+00 +8.3367e-01 +7.9061e-01 -1.2152e+00 +2.7859e+00 +2.5726e+00 -1.2987e+00 -1.6917e-01
1901 0 +5.488622003e-01 -3.673711378e+02 -3.673711378e+02 +8.8399e-01 -1.0008e+00 +2.3693e+00 +1.2005e+00 +1.0576e+00 -1.5362e+00 +2.9768e+00 +2.6866e+00 -1.4514e+00 -4.1131e-01
2058 0 +4.906915828e-01 -3.674293084e+02 -3.674293084e+02 +9.1224e-01 -8.5044e-01 +2.6086e+00 +8.4449e-01 +8.0075e-01 -1.1228e+00 +2.7970e+00 +2.4103e+00 -1.1844e+00 -1.3432e-01
2183 0 +3.157172816e-01 -3.676042827e+02 -3.676042827e+02 +6.8199e-01 -5.7558e-01 +2.5324e+00 +7.4421e-01 +5.8000e-01 -1.0724e+00 +2.8333e+00 +2.8543e+00 -1.4726e+00 -3.5084e-01
2216 0 +3.120744312e-01 -3.676079256e+02 -3.676079256e+02 +8.8339e-01 -5.2220e-01 +2.6216e+00 +6.9114e-01 +4.4018e-01 -1.1863e+00 +2.9063e+00 +2.6355e+00 -1.2936e+00 -2.9792e-01
2218 0 +1.773009029e-01 -3.677426991e+02 -3.677426991e+02 +7.8450e-01 -8.2945e-01 +2.3545e+00 +9.4070e-01 +7.7109e-01 -1.2469e+00 +2.8822e+00 +2.4340e+00 -1.5105e+00 -3.6019e-01
2298 0 +1.746852369e-01 -3.677453148e+02 -3.677453148e+02 +8.3419e-01 -9.1719e-01 +2.4229e+00 +8.8148e-01 +9.2403e-01 -1.1754e+00 +2.8257e+00 +2.3134e+00 -1.3990e+00 -3.3675e-01
2302 0 +1.705136278e-01 -3.677494864e+02 -3.677494864e+02 +7.8549e-01 -7.0653e-01 +2.4969e+00 +7.4490e-01 +6.9718e-01 -1.1123e+00 +2.8401e+00 +2.4517e+00 -1.4110e+00 -4.1847e-01
2318 0 +1.597508179e-01 -3.677602492e+02 -3.677602492e+02 +8.9901e-01 -5.6958e-01 +2.5376e+00 +6.8611e-01 +5.5703e-01 -1.1947e+00 +2.8055e+00 +2.6511e+00 -1.2242e+00 -3.5639e-01
2455 0 +8.968037999e-02 -3.678303196e+02 -3.678303196e+02 +8.2972e-01 -8.0143e-01 +2.3384e+00 +8.5943e-01 +8.0444e-01 -1.4510e+00 +2.9022e+00 +2.8071e+00 -1.4766e+00 -3.0308e-01
