% f evaluations | g evaluations | best noise-free fitness - Fopt (4.078000000000e+01) + sum g_i+ | measured fitness | best measured fitness or single-digit g-values | x1 | x2...
1 0 +6.971655738e+01 +1.104965574e+02 +1.104965574e+02 +5.9671e-01 -3.8264e-02 +7.4769e-01 +1.6230e+00 -1.3415e-01
2 0 +1.678455227e+01 +5.756455227e+01 +5.756455227e+01 -1.3414e-01 +1.6792e+00 +8.6743e-01 -3.6947e-01 +6.4256e-01
7 0 +9.459257437e+00 +5.023925744e+01 +5.023925744e+01 -5.0171e-01 +1.9523e+00 +8.6503e-02 -9.5771e-01 +9.2254e-01
70 0 +7.456604362e+00 +4.823660436e+01 +4.823660436e+01 -1.2689e+00 +2.7802e+00 -1.8461e+00 -2.5995e+00 +6.8533e-01
113 0 +6.420882553e+00 +4.720088255e+01 +4.720088255e+01 -1.2840e+00 +2.0009e+00 +1.0194e+00 -8.0608e-01 +9.0717e-01
165 0 +6.058278533e+00 +4.683827853e+01 +4.683827853e+01 -1.7368e+00 +2.1786e+00 -8.0766e-01 -2.5216e+00 +5.2063e-01
169 0 +4.222249283e+00 +4.500224928e+01 +4.500224928e+01 -2.1507e+00 +3.2009e+00 -4.7805e-01 -3.5462e+00 +2.9408e-01
186 0 +3.803687443e+00 +4.458368744e+01 +4.458368744e+01 -9.5978e-01 +9.4547e-01 +2.4511e-01 -1.6585e+00 +1.0495e+00
270 0 +2.535319089e+00 +4.331531909e+01 +4.331531909e+01 -2.9014e+00 +3.0924e+00 -8.9331e-01 -3.0690e+00 +3.4974e-01
330 0 +2.505084748e+00 +4.328508475e+01 +4.328508475e+01 -2.0444e+00 +3.0149e+00 -1.2101e+00 -3.1155e+00 +7.9604e-01
336 0 +2.304498154e+00 +4.308449815e+01 +4.308449815e+01 -2.3180e+00 +3.2364e+00 -1.5836e+00 -2.9360e+00 +5.0655e-01
346 0 +2.175449918e+00 +4.295544992e+01 +4.295544992e+01 -2.4559e+00 +1.3378e+00 +3.4280e-01 -1.3946e+00 +6.8769e-01
488 0 +2.059951744e+00 +4.283995174e+01 +4.283995174e+01 -2.1903e+00 +3.0668e+00 -1.0689e+00 -2.6982e+00 +4.2189e-01
493 0 +1.563192217e+00 +4.234319222e+01 +4.234319222e+01 -1.7909e+00 +1.1088e+00 +7.7457e-01 -1.5596e+00 +4.7838e-01
884 0 +1.523893679e+00 +4.230389368e+01 +4.230389368e+01 -1.7928e+00 +1.0313e+00 +4.3907e-01 -1.4488e+00 +4.6331e-01
891 0 +1.327736478e+00 +4.210773648e+01 +4.210773648e+01 -1.7383e+00 +1.2051e+00 +4.5301e-01 -1.4734e+00 +4.4332e-01
943 0 +1.316357397e+00 +4.209635740e+01 +4.209635740e+01 -1.6672e+00 +1.1537e+00 +5.3054e-01 -1.5386e+00 +4.7523e-01
1016 0 +1.276338491e+00 +4.205633849e+01 +4.205633849e+01 -1.6908e+00 +1.3397e+00 +5.2674e-01 -1.5139e+00 +5.7313e-01
1062 0 +1.271144767e+00 +4.205114477e+01 +4.205114477e+01 -1.6543e+00 +1.2301e+00 +5.5545e-01 -1.5592e+00 +5.6109e-01
1095 0 +1.270103574e+00 +4.205010357e+01 +4.205010357e+01 -1.6747e+00 +1.3039e+00 +5.6556e-01 -1.5682e+00 +5.4309e-01
1121 0 +1.249475744e+00 +4.202947574e+01 +4.202947574e+01 -1.7108e+00 +1.2775e+00 +5.2169e-01 -1.5135e+00 +5.6273e-01
% f evaluations | g evaluations | best noise-free fitness - Fopt (-1.600000000000e+00) + sum g_i+ | measured fitness | best measured fitness or single-digit g-values | x1 | x2...
1 0 +3.546721115e+01 +3.386721115e+01 +3.386721115e+01 +5.9671e-01 -3.8264e-02 +7.4769e-01 +1.6230e+00 -1.3415e-01
5 0 +2.544185483e+01 +2.384185483e+01 +2.384185483e+01 +1.5656e+00 -1.2578e-01 +1.6753e-01 -1.3247e+00 -4.4438e-01
8 0 +2.095013016e+01 +1.935013016e+01 +1.935013016e+01 -1.1208e+00 +3.0886e-01 -1.8597e+00 -1.2282e+00 +2.9686e-01
14 0 +2.046912819e+01 +1.886912819e+01 +1.886912819e+01 +1.4562e+00 +2.7990e-02 +1.1035e+00 +4.6164e-01 -5.4512e-01
21 0 +1.051275934e+01 +8.912759343e+00 +8.912759343e+00 -1.3154e+00 -3.2065e-01 -2.4271e-01 -7.0228e-01 -6.1286e-02
36 0 +8.711159265e+00 +7.111159265e+00 +7.111159265e+00 +2.1992e+00 +2.9277e-02 +1.1177e+00 -1.0297e+00 +1.1467e+00
104 0 +7.445321345e+00 +5.845321345e+00 +5.845321345e+00 +2.1361e+00 -2.9225e-01 +1.5495e+00 -5.9696e-02 +6.8952e-01
244 0 +7.442455015e+00 +5.842455015e+00 +5.842455015e+00 -9.5066e-03 -2.1357e+00 +5.8526e-01 +3.1517e+00 +2.9219e-01
289 0 +7.428516870e+00 +5.828516870e+00 +5.828516870e+00 +1.6766e+00 -4.7534e-01 +1.7516e+00 +2.5505e-02 +8.5780e-01
317 0 +6.667938822e+00 +5.067938822e+00 +5.067938822e+00 +3.0896e-01 -1.9550e+00 +1.5370e+00 +2.1571e+00 -8.4247e-02
% f evaluations | g evaluations | best noise-free fitness - Fopt (-3.708400000000e+02) + sum g_i+ | measured fitness | best measured fitness or single-digit g-values | x1 | x2...
1 0 +7.191130781e+01 -2.989286922e+02 -2.989286922e+02 +5.9671e-01 -3.8264e-02 +7.4769e-01 +1.6230e+00 -1.3415e-01
2 0 +4.484817312e+01 -3.259918269e+02 -3.259918269e+02 -1.3414e-01 +1.6792e+00 +8.6743e-01 -3.6947e-01 +6.4256e-01
5 0 +3.147181454e+01 -3.393681855e+02 -3.393681855e+02 +1.5656e+00 -1.2578e-01 +1.6753e-01 -1.3247e+00 -4.4438e-01
27 0 +2.882817749e+01 -3.420118225e+02 -3.420118225e+02 +1.6262e+00 -8.9289e-01 +5.0370e-01 -2.2634e+00 -1.5067e-01
118 0 +1.943698061e+01 -3.514030194e+02 -3.514030194e+02 +7.0795e-01 +4.1846e+00 +1.0473e+00 -1.6133e+00 -8.3700e-01
166 0 +1.216755776e+01 -3.586724422e+02 -3.586724422e+02 -9.7748e-02 +3.8550e+00 +3.1901e-01 +1.0629e-01 -1.2142e+00
195 0 +1.119183988e+01 -3.596481601e+02 -3.596481601e+02 -2.6737e+00 +4.9685e+00 +1.0747e+00 +1.7647e+00 -1.4869e+00
387 0 +1.083071455e+01 -3.600092854e+02 -3.600092854e+02 -7.2423e-02 +4.6111e+00 +6.2678e-01 -1.0673e+00 -3.2686e-01
478 0 +7.297220544e+00 -3.635427795e+02 -3.635427795e+02 +1.2186e+00 +4.2618e-01 -4.0110e+00 +1.5521e+00 +1.2459e+00
483 0 +2.084045647e+00 -3.687559544e+02 -3.687559544e+02 +2.6957e+00 -1.2099e+00 -1.2903e+00 +2.5674e+00 +8.2752e-01
668 0 +2.016111582e+00 -3.688238884e+02 -3.688238884e+02 +3.4277e+00 -3.6290e-01 -3.4127e-01 +2.8305e+00 +2.2959e-01
766 0 +2.438249368e-01 -3.705961751e+02 -3.705961751e+02 +2.7251e+00 -7.8229e-01 -2.6753e+00 +1.6621e+00 +6.9440e-01
877 0 +1.022085175e-01 -3.707377915e+02 -3.707377915e+02 +2.9906e+00 -6.6950e-01 -2.1411e+00 +2.1114e+00 +5.1425e-01
984 0 +5.622666698e-02 -3.707837733e+02 -3.707837733e+02 +2.7934e+00 -9.5593e-01 -1.9197e+00 +2.1106e+00 +7.9254e-01
1011 0 +4.910672052e-02 -3.707908933e+02 -3.707908933e+02 +2.7518e+00 -6.3992e-01 -2.1281e+00 +1.8934e+00 +9.0492e-01
1045 0 +4.144765128e-03 -3.708358552e+02 -3.708358552e+02 +2.8468e+00 -7.3298e-01 -2.0756e+00 +1.7739e+00 +7.1998e-01
1151 0 +3.955928072e-03 -3.708360441e+02 -3.708360441e+02 +3.0117e+00 -9.8907e-01 -1.8782e+00 +1.9520e+00 +5.6454e-01
1157 0 +2.273722172e-03 -3.708377263e+02 -3.708377263e+02 +3.0306e+00 -9.1759e-01 -1.8564e+00 +1.8382e+00 +6.3081e-01
1163 0 +9.304933342e-04 -3.708390695e+02 -3.708390695e+02 +2.9297e+00 -7.4763e-01 -1.8887e+00 +1.7908e+00 +6.6531e-01
1194 0 +7.306417564e-04 -3.708392694e+02 -3.708392694e+02 +3.0090e+00 -7.4597e-01 -1.8033e+00 +1.7704e+00 +6.9063e-01
% f evaluations | g evaluations | best noise-free fitness - Fopt (-3.256000000000e+01) + sum g_i+ | measured fitness | best measured fitness or single-digit g-values | x1 | x2...
1 0 +5.471837738e+01 +2.215837738e+01 +2.215837738e+01 +5.9671e-01 -3.8264e-02 +7.4769e-01 +1.6230e+00 -1.3415e-01
3 0 +2.411967533e+01 -8.440324673e+00 -8.440324673e+00 -3.6342e-01 -3.6573e-01 +3.4196e-01 -1.8133e+00 -1.6249e+00
15 0 +9.889352202e+00 -2.267064780e+01 -2.267064780e+01 +4.6140e-01 +1.6380e+00 +6.4174e-02 +1.6646e+00 -2.5197e+00
87 0 +6.707001400e+00 -2.585299860e+01 -2.585299860e+01 -7.7810e-02 +2.2288e+00 -1.0288e+00 +2.1125e+00 -4.3482e+00
% f evaluations | g evaluations | best noise-free fitness - Fopt (5.154000000000e+02) + sum g_i+ | measured fitness | best measured fitness or single-digit g-values | x1 | x2...
1 0 +1.359134884e+01 +5.289913488e+02 +5.289913488e+02 +5.9671e-01 -3.8264e-02 +7.4769e-01 +1.6230e+00 -1.3415e-01
5 0 +1.358708591e+01 +5.289870859e+02 +5.289870859e+02 +1.5656e+00 -1.2578e-01 +1.6753e-01 -1.3247e+00 -4.4438e-01
23 0 +1.048776242e+01 +5.258877624e+02 +5.258877624e+02 -1.8188e+00 +7.3486e-02 +1.6023e-01 +2.5632e+00 -9.2361e-02
99 0 +1.655253005e+00 +5.170552530e+02 +5.170552530e+02 -1.7314e+00 -3.2839e-03 -1.4560e+00 +2.9367e-02 -1.3856e+00
130 0 +1.429018326e+00 +5.168290183e+02 +5.168290183e+02 -3.1979e+00 -1.2994e+00 -2.0169e+00 +1.1591e+00 -2.3708e+00
730 0 +1.421820342e+00 +5.168218203e+02 +5.168218203e+02 -7.7344e-01 -3.0830e+00 -8.0981e-01 +5.5095e-01 -2.0635e+00
731 0 +1.285346445e+00 +5.166853464e+02 +5.166853464e+02 -5.8159e-01 -3.1839e+00 -7.8529e-01 +6.5630e-01 -1.9863e+00
764 0 +1.282615575e+00 +5.166826156e+02 +5.166826156e+02 -5.9653e-01 -3.0873e+00 -7.3192e-01 +6.4924e-01 -1.9358e+00
785 0 +1.275047307e+00 +5.166750473e+02 +5.166750473e+02 -6.6218e-01 -3.1062e+00 -8.4631e-01 +6.5155e-01 -1.8757e+00
832 0 +1.265991451e+00 +5.166659915e+02 +5.166659915e+02 -6.6600e-01 -3.2011e+00 -8.0716e-01 +6.3484e-01 -1.9322e+00
840 0 +1.264316546e+00 +5.166643165e+02 +5.166643165e+02 -5.9519e-01 -3.1698e+00 -8.2939e-01 +6.0309e-01 -1.9627e+00
919 0 +1.249950095e+00 +5.166499501e+02 +5.166499501e+02 -6.6097e-01 -3.1478e+00 -8.2348e-01 +6.5075e-01 -1.9238e+00
973 0 +1.246682192e+00 +5.166466822e+02 +5.166466822e+02 -6.2642e-01 -3.1296e+00 -8.0945e-01 +6.6389e-01 -1.9275e+00
1089 0 +1.245712468e+00 +5.166457125e+02 +5.166457125e+02 -6.4227e-01 -3.1394e+00 -8.1863e-01 +6.6893e-01 -1.9347e+00
1126 0 +1.245481897e+00 +5.166454819e+02 +5.166454819e+02 -6.4414e-01 -3.1377e+00 -8.1132e-01 +6.6130e-01 -1.9361e+00
1227 0 +1.245399868e+00 +5.166453999e+02 +5.166453999e+02 -6.3580e-01 -3.1407e+00 -8.1343e-01 +6.6306e-01 -1.9336e+00
% f evaluations | g evaluations | best noise-free fitness - Fopt (-8.628000000000e+01) + sum g_i+ | measured fitness | best measured fitness or single-digit g-values | x1 | x2...
1 0 +7.179667336e+01 -1.448332664e+01 -1.448332664e+01 +5.9671e-01 -3.8264e-02 +7.4769e-01 +1.6230e+00 -1.3415e-01
2 0 +3.238864733e+01 -5.389135267e+01 -5.389135267e+01 -1.3414e-01 +1.6792e+00 +8.6743e-01 -3.6947e-01 +6.4256e-01
40 0 +3.214680979e+01 -5.413319021e+01 -5.413319021e+01 -2.3274e-01 +9.0859e-01 +1.2000e+00 -5.6086e-02 +4.5374e-01
48 0 +3.137350899e+01 -5.490649101e+01 -5.490649101e+01 -3.6592e-01 +1.4121e-01 +2.1239e+00 -4.4396e-01 +1.2465e+00
49 0 +2.450817425e+01 -6.177182575e+01 -6.177182575e+01 -7.0205e-01 +4.9820e-01 +7.2304e-01 -1.3140e+00 +1.0289e+00
50 0 +1.756259274e+01 -6.871740726e+01 -6.871740726e+01 -6.9703e-01 +1.3369e+00 +1.4386e+00 -9.5904e-01 +7.5477e-01
79 0 +1.342181969e+01 -7.285818031e+01 -7.285818031e+01 -2.2144e-01 +2.4588e+00 +2.7105e+00 -3.2719e+00 +1.9964e+00
86 0 +9.290807248e+00 -7.698919275e+01 -7.698919275e+01 -4.1201e-01 +1.0194e+00 +1.8529e+00 -1.6635e+00 +1.6125e+00
161 0 +7.498141802e+00 -7.878185820e+01 -7.878185820e+01 -5.6675e-01 +1.3217e+00 +1.6735e+00 -1.8904e+00 +2.3979e+00
191 0 +5.863491355e+00 -8.041650865e+01 -8.041650865e+01 -2.9194e+00 +3.0007e+00 +3.4604e+00 +8.6508e-02 +1.5889e+00
192 0 +2.064810693e+00 -8.421518931e+01 -8.421518931e+01 -1.4068e+00 +1.5894e+00 +3.2107e+00 -1.6490e-01 +1.9217e+00
197 0 +6.272939659e-01 -8.565270603e+01 -8.565270603e+01 -9.2960e-01 +2.5971e+00 +2.1948e+00 -3.5061e-02 +2.3431e+00
406 0 +1.480715721e-01 -8.613192843e+01 -8.613192843e+01 -1.3852e+00 +2.5262e+00 +2.7208e+00 +6.5662e-02 +2.9378e+00
566 0 +1.106560753e-01 -8.616934392e+01 -8.616934392e+01 -1.7568e+00 +2.5029e+00 +2.9931e+00 -2.0294e-01 +2.3020e+00
709 0 +3.441779816e-02 -8.624558220e+01 -8.624558220e+01 -2.0605e+00 +2.5264e+00 +2.6199e+00 +3.6101e-01 +2.2620e+00
802 0 +1.513837752e-02 -8.626486162e+01 -8.626486162e+01 -1.9348e+00 +2.4759e+00 +2.8637e+00 +1.4416e-01 +2.2373e+00
829 0 +9.906187197e-03 -8.627009381e+01 -8.627009381e+01 -2.1338e+00 +2.2913e+00 +3.0413e+00 +2.7390e-01 +2.2123e+00
875 0 +5.777945611e-03 -8.627422205e+01 -8.627422205e+01 -2.5799e+00 +2.2601e+00 +3.0757e+00 +3.1431e-01 +2.0166e+00
884 0 +4.852826270e-04 -8.627951472e+01 -8.627951472e+01 -2.4540e+00 +2.3872e+00 +3.0477e+00 +1.9709e-01 +2.1660e+00
976 0 +2.287379730e-04 -8.627977126e+01 -8.627977126e+01 -2.4892e+00 +2.3539e+00 +3.0212e+00 +3.1165e-01 +2.2355e+00
978 0 +2.866642021e-05 -8.627997133e+01 -8.627997133e+01 -2.4029e+00 +2.4069e+00 +3.0043e+00 +2.7622e-01 +2.2524e+00
1028 0 +2.189391157e-05 -8.627997811e+01 -8.627997811e+01 -2.5634e+00 +2.4276e+00 +3.0231e+00 +3.0528e-01 +2.2483e+00
1031 0 +1.095245963e-06 -8.627999890e+01 -8.627999890e+01 -2.4865e+00 +2.3980e+00 +3.0677e+00 +2.7045e-01 +2.2496e+00
1164 0 +1.037029662e-06 -8.627999896e+01 -8.627999896e+01 -2.4580e+00 +2.4252e+00 +3.0611e+00 +2.6497e-01 +2.2699e+00
1168 0 +7.891697180e-07 -8.627999921e+01 -8.627999921e+01 -2.4793e+00 +2.4017e+00 +3.0756e+00 +2.7569e-01 +2.2649e+00
1176 0 +1.009842947e-07 -8.627999990e+01 -8.627999990e+01 -2.4672e+00 +2.4153e+00 +3.0789e+00 +2.5155e-01 +2.2693e+00
1231 0 +6.563493571e-08 -8.627999993e+01 -8.627999993e+01 -2.4422e+00 +2.4167e+00 +3.0694e+00 +2.5765e-01 +2.2817e+00
% f evaluations | g evaluations | best noise-free fitness - Fopt (2.224000000000e+01) + sum g_i+ | measured fitness | best measured fitness or single-digit g-values | x1 | x2...
1 0 +6.637511265e+01 +8.861511265e+01 +8.861511265e+01 +5.9671e-01 -3.8264e-02 +7.4769e-01 +1.6230e+00 -1.3415e-01
2 0 +6.212700200e+01 +8.436700200e+01 +8.436700200e+01 -1.3414e-01 +1.6792e+00 +8.6743e-01 -3.6947e-01 +6.4256e-01
3 0 +6.111463880e+01 +8.335463880e+01 +8.335463880e+01 -3.6342e-01 -3.6573e-01 +3.4196e-01 -1.8133e+00 -1.6249e+00
4 0 +5.633067841e+01 +7.857067841e+01 +7.857067841e+01 -4.6229e-01 -9.1283e-01 +4.1425e-01 -8.0802e-01 -1.3123e+00
5 0 +4.624374303e+01 +6.848374303e+01 +6.848374303e+01 +1.5656e+00 -1.2578e-01 +1.6753e-01 -1.3247e+00 -4.4438e-01
8 0 +2.522686114e+01 +4.746686114e+01 +4.746686114e+01 -1.1208e+00 +3.0886e-01 -1.8597e+00 -1.2282e+00 +2.9686e-01
20 0 +2.251469371e+01 +4.475469371e+01 +4.475469371e+01 -1.3635e+00 +3.9612e-01 +3.6106e-01 +1.0511e-01 -1.3459e-01
23 0 +1.411961135e+01 +3.635961135e+01 +3.635961135e+01 -1.8188e+00 +7.3486e-02 +1.6023e-01 +2.5632e+00 -9.2361e-02
37 0 +1.160414135e+01 +3.384414135e+01 +3.384414135e+01 +5.4214e-01 -1.2406e+00 -1.0230e+00 -7.9690e-01 -9.9471e-01
72 0 +8.375350747e+00 +3.061535075e+01 +3.061535075e+01 -1.3197e+00 +8.8341e-01 +8.1152e-01 +3.8776e-01 -1.9444e+00
96 0 +5.540510499e+00 +2.778051050e+01 +2.778051050e+01 -1.9846e+00 +1.0057e+00 +1.0701e+00 +1.7292e+00 +3.3569e-01
204 0 +4.503235276e+00 +2.674323528e+01 +2.674323528e+01 -1.4938e+00 +1.1897e+00 +2.4887e-01 +1.7832e+00 -9.0404e-01
232 0 +3.456516341e+00 +2.569651634e+01 +2.569651634e+01 -1.6770e+00 +1.4415e+00 -1.1337e-01 +7.1808e-01 -6.2882e-01
250 0 +3.131794339e+00 +2.537179434e+01 +2.537179434e+01 -1.3957e+00 +1.4365e+00 +9.0610e-01 +1.3975e+00 -7.2579e-01
263 0 +2.277294495e+00 +2.451729449e+01 +2.451729449e+01 -1.5524e+00 +1.0636e+00 +3.1638e-01 +1.4011e+00 -6.1756e-01
367 0 +2.275532822e+00 +2.451553282e+01 +2.451553282e+01 -1.5041e+00 +1.4137e+00 +4.5696e-01 +8.3816e-01 -1.2222e+00
368 0 +2.156307552e+00 +2.439630755e+01 +2.439630755e+01 -1.5913e+00 +1.1758e+00 +3.2477e-01 +1.1866e+00 -6.5180e-01
380 0 +2.124476293e+00 +2.436447629e+01 +2.436447629e+01 -1.5563e+00 +1.1906e+00 +6.6312e-01 +1.2120e+00 -9.9154e-01
427 0 +2.099668865e+00 +2.433966886e+01 +2.433966886e+01 -1.5754e+00 +1.5682e+00 +2.8130e-01 +9.2864e-01 -4.1456e-01
434 0 +2.087260207e+00 +2.432726021e+01 +2.432726021e+01 -1.5879e+00 +1.3227e+00 +4.9914e-01 +9.4859e-01 -5.7553e-01
469 0 +2.062233281e+00 +2.430223328e+01 +2.430223328e+01 -1.7228e+00 +1.4556e+00 +5.2813e-01 +1.0419e+00 -4.7791e-01
573 0 +2.055035773e+00 +2.429503577e+01 +2.429503577e+01 -1.5799e+00 +1.4249e+00 +4.4403e-01 +9.6695e-01 -5.5065e-01
580 0 +2.053537340e+00 +2.429353734e+01 +2.429353734e+01 -1.5998e+00 +1.3848e+00 +5.7155e-01 +1.1388e+00 -4.0307e-01
610 0 +2.048711986e+00 +2.428871199e+01 +2.428871199e+01 -1.6095e+00 +1.4512e+00 +5.3678e-01 +1.0133e+00 -5.2808e-01
654 0 +2.047734968e+00 +2.428773497e+01 +2.428773497e+01 -1.6014e+00 +1.4090e+00 +5.9117e-01 +1.1241e+00 -5.6954e-01
655 0 +2.046348601e+00 +2.428634860e+01 +2.428634860e+01 -1.6483e+00 +1.4542e+00 +4.5554e-01 +1.0659e+00 -4.8336e-01
665 0 +2.046027049e+00 +2.428602705e+01 +2.428602705e+01 -1.6550e+00 +1.3885e+00 +5.2431e-01 +1.1519e+00 -4.5888e-01
678 0 +2.045306896e+00 +2.428530690e+01 +2.428530690e+01 -1.6603e+00 +1.4340e+00 +5.0969e-01 +1.1188e+00 -4.0985e-01
804 0 +2.045156964e+00 +2.428515696e+01 +2.428515696e+01 -1.6279e+00 +1.3910e+00 +5.1782e-01 +1.1399e+00 -4.4274e-01
848 0 +2.044724491e+00 +2.428472449e+01 +2.428472449e+01 -1.6318e+00 +1.4256e+00 +5.0151e-01 +1.0985e+00 -4.3047e-01
860 0 +2.044569383e+00 +2.428456938e+01 +2.428456938e+01 -1.6319e+00 +1.3927e+00 +5.3923e-01 +1.1377e+00 -4.7974e-01
863 0 +2.044434589e+00 +2.428443459e+01 +2.428443459e+01 -1.6243e+00 +1.4179e+00 +5.3866e-01 +1.1193e+00 -4.7945e-01
896 0 +2.043996054e+00 +2.428399605e+01 +2.428399605e+01 -1.6301e+00 +1.4374e+00 +5.2182e-01 +1.0844e+00 -4.9708e-01
940 0 +2.043894695e+00 +2.428389469e+01 +2.428389469e+01 -1.6173e+00 +1.4098e+00 +5.1812e-01 +1.1072e+00 -4.9319e-01
948 0 +2.043842696e+00 +2.428384270e+01 +2.428384270e+01 -1.6164e+00 +1.4109e+00 +5.2438e-01 +1.1030e+00 -5.3891e-01
949 0 +2.043774417e+00 +2.428377442e+01 +2.428377442e+01 -1.6310e+00 +1.4175e+00 +5.0869e-01 +1.1048e+00 -4.8034e-01
990 0 +2.043707253e+00 +2.428370725e+01 +2.428370725e+01 -1.6290e+00 +1.4191e+00 +5.1801e-01 +1.1032e+00 -4.9268e-01
1008 0 +2.043691910e+00 +2.428369191e+01 +2.428369191e+01 -1.6224e+00 +1.4192e+00 +5.0863e-01 +1.0989e+00 -5.1184e-01
1090 0 +2.043687484e+00 +2.428368748e+01 +2.428368748e+01 -1.6249e+00 +1.4186e+00 +5.1580e-01 +1.0969e+00 -5.0517e-01
1139 0 +2.043668647e+00 +2.428366865e+01 +2.428366865e+01 -1.6243e+00 +1.4178e+00 +5.1645e-01 +1.1040e+00 -5.0815e-01
% f evaluations | g evaluations | best noise-free fitness - Fopt (-2.301000000000e+01) + sum g_i+ | measured fitness | best measured fitness or single-digit g-values | x1 | x2...
1 0 +6.138453626e+01 +3.837453626e+01 +3.837453626e+01 +5.9671e-01 -3.8264e-02 +7.4769e-01 +1.6230e+00 -1.3415e-01
3 0 +4.184840635e+01 +1.883840635e+01 +1.883840635e+01 -3.6342e-01 -3.6573e-01 +3.4196e-01 -1.8133e+00 -1.6249e+00
5 0 +2.622262772e+01 +3.212627724e+00 +3.212627724e+00 +1.5656e+00 -1.2578e-01 +1.6753e-01 -1.3247e+00 -4.4438e-01
15 0 +1.056874288e+01 -1.244125712e+01 -1.244125712e+01 +4.6140e-01 +1.6380e+00 +6.4174e-02 +1.6646e+00 -2.5197e+00
51 0 +1.046534738e+01 -1.254465262e+01 -1.254465262e+01 +1.8520e+00 +3.4481e+00 -3.7811e-01 +1.5767e+00 -2.1664e+00
193 0 +8.393884901e+00 -1.461611510e+01 -1.461611510e+01 +2.7416e+00 -1.2450e+00 -1.6969e+00 -6.0480e-01 -3.7653e+00
339 0 +7.366316181e+00 -1.564368382e+01 -1.564368382e+01 +2.3988e-01 -7.6089e-01 -2.8582e-01 +4.0265e-01 -4.3210e+00
370 0 +6.756575120e+00 -1.625342488e+01 -1.625342488e+01 +1.5311e+00 -8.2835e-01 -9.3462e-01 -1.1590e+00 -2.8124e+00
456 0 +5.877129969e+00 -1.713287003e+01 -1.713287003e+01 +2.2413e+00 -4.3808e-01 -1.1948e+00 +9.7301e-01 -3.9073e+00
545 0 +5.799653462e+00 -1.721034654e+01 -1.721034654e+01 +3.3639e+00 +1.3403e-01 -9.3895e-01 -2.6286e+00 -2.9144e+00
618 0 +3.631619316e+00 -1.937838068e+01 -1.937838068e+01 +7.3508e-01 -1.1509e+00 -6.5366e-01 -6.3733e-01 -3.3953e+00
673 0 +3.504466244e+00 -1.950553376e+01 -1.950553376e+01 +9.9320e-01 -6.6177e-01 -8.0059e-01 -2.0347e-01 -3.2074e+00
691 0 +3.303875269e+00 -1.970612473e+01 -1.970612473e+01 +1.7054e+00 -1.0794e+00 -6.8105e-01 -1.8373e-01 -4.1112e+00
696 0 +2.375256043e+00 -2.063474396e+01 -2.063474396e+01 +1.9094e+00 -6.5995e-01 -7.9611e-01 -4.8035e-01 -3.5730e+00
716 0 +2.356522119e+00 -2.065347788e+01 -2.065347788e+01 +9.8690e-01 -7.6577e-01 -6.6640e-01 -3.0585e-01 -3.9699e+00
776 0 +2.333307913e+00 -2.067669209e+01 -2.067669209e+01 +1.6944e+00 -5.6724e-01 -9.5816e-01 -1.4202e-01 -3.9559e+00
790 0 +2.123977403e+00 -2.088602260e+01 -2.088602260e+01 +1.7974e+00 -1.0030e+00 -9.1242e-01 -6.3675e-01 -3.8800e+00
809 0 +2.097584808e+00 -2.091241519e+01 -2.091241519e+01 +1.5706e+00 -8.2996e-01 -1.0191e+00 +9.3236e-02 -3.8589e+00
840 0 +2.076779279e+00 -2.093322072e+01 -2.093322072e+01 +1.6033e+00 -9.1485e-01 -8.9509e-01 -2.2362e-01 -3.9581e+00
847 0 +2.073680881e+00 -2.093631912e+01 -2.093631912e+01 +1.6830e+00 -9.3503e-01 -9.6537e-01 -1.5514e-01 -3.8808e+00
868 0 +2.050225564e+00 -2.095977444e+01 -2.095977444e+01 +1.5527e+00 -8.6221e-01 -9.0989e-01 -1.7506e-01 -3.7718e+00
927 0 +2.047671088e+00 -2.096232891e+01 -2.096232891e+01 +1.4864e+00 -8.5906e-01 -8.8132e-01 -2.8738e-01 -3.8339e+00
986 0 +2.047525843e+00 -2.096247416e+01 -2.096247416e+01 +1.3578e+00 -8.4930e-01 -8.3456e-01 -2.0437e-01 -3.8252e+00
987 0 +2.045494701e+00 -2.096450530e+01 -2.096450530e+01 +1.4724e+00 -8.5731e-01 -8.7168e-01 -2.3773e-01 -3.7481e+00
1002 0 +2.045434753e+00 -2.096456525e+01 -2.096456525e+01 +1.3931e+00 -8.5644e-01 -8.6785e-01 -1.5726e-01 -3.8159e+00
1049 0 +2.045260640e+00 -2.096473936e+01 -2.096473936e+01 +1.4364e+00 -8.3719e-01 -8.7876e-01 -1.5159e-01 -3.8131e+00
1055 0 +2.044793893e+00 -2.096520611e+01 -2.096520611e+01 +1.4394e+00 -8.5324e-01 -8.7497e-01 -2.7347e-01 -3.7963e+00
1091 0 +2.044371618e+00 -2.096562838e+01 -2.096562838e+01 +1.4235e+00 -8.8228e-01 -8.6584e-01 -2.3659e-01 -3.7810e+00
1192 0 +2.044128789e+00 -2.096587121e+01 -2.096587121e+01 +1.4546e+00 -8.8526e-01 -8.7506e-01 -2.4598e-01 -3.8024e+00
1198 0 +2.044092793e+00 -2.096590721e+01 -2.096590721e+01 +1.4566e+00 -8.4957e-01 -8.7677e-01 -2.3083e-01 -3.7703e+00
% f evaluations | g evaluations | best noise-free fitness - Fopt (-3.323700000000e+02) + sum g_i+ | measured fitness | best measured fitness or single-digit g-values | x1 | x2...
1 0 +2.845152287e+01 -3.039184771e+02 -3.039184771e+02 +5.9671e-01 -3.8264e-02 +7.4769e-01 +1.6230e+00 -1.3415e-01
11 0 +1.835984061e+01 -3.140101594e+02 -3.140101594e+02 +4.2408e-01 -2.8508e-01 -5.7692e-01 +7.1168e-01 +1.1310e+00
12 0 +1.442381011e+01 -3.179461899e+02 -3.179461899e+02 +1.0313e+00 -7.3922e-01 -2.0921e-01 +4.3126e-01 +1.0755e+00
54 0 +1.009189795e+01 -3.222781021e+02 -3.222781021e+02 +8.9082e-01 -1.7121e+00 +3.2951e-02 +5.2451e-01 +7.0790e-01
67 0 +7.864532432e+00 -3.245054676e+02 -3.245054676e+02 -1.0568e-01 -1.0659e+00 +4.0733e-01 +7.5682e-01 +1.2258e+00
93 0 +1.899766736e+00 -3.304702333e+02 -3.304702333e+02 -1.2995e+00 -3.4021e+00 +6.6424e-01 +1.3432e+00 +6.8022e-01
300 0 +4.742937946e-01 -3.318957062e+02 -3.318957062e+02 -9.5942e-01 -2.8327e+00 +2.5061e-01 +1.8078e+00 +8.2430e-01
441 0 +4.502147601e-02 -3.323249785e+02 -3.323249785e+02 -6.2609e-02 -3.8089e+00 +1.3625e+00 +1.2170e+00 +1.2347e+00
568 0 +3.607149888e-02 -3.323339285e+02 -3.323339285e+02 -4.6547e-02 -2.7511e+00 +6.9158e-01 +1.3511e+00 +9.7468e-01
657 0 +1.252055396e-02 -3.323574794e+02 -3.323574794e+02 +1.4118e-01 -3.2577e+00 +8.4591e-01 +1.4132e+00 +9.6504e-01
679 0 +3.623696453e-03 -3.323663763e+02 -3.323663763e+02 +1.4695e-01 -3.0197e+00 +9.5166e-01 +1.4314e+00 +8.9224e-01
788 0 +1.202603015e-03 -3.323687974e+02 -3.323687974e+02 +2.4891e-02 -3.1922e+00 +9.6257e-01 +1.4837e+00 +9.4026e-01
810 0 +9.033545848e-04 -3.323690966e+02 -3.323690966e+02 +8.4999e-02 -3.2689e+00 +9.5759e-01 +1.3775e+00 +1.0132e+00
840 0 +1.254048533e-05 -3.323699875e+02 -3.323699875e+02 +2.4385e-01 -3.2579e+00 +1.1186e+00 +1.2479e+00 +1.0677e+00
1187 0 +8.452870986e-06 -3.323699915e+02 -3.323699915e+02 +2.0816e-01 -3.2854e+00 +1.0959e+00 +1.2906e+00 +1.0339e+00
1201 0 +2.976052883e-06 -3.323699970e+02 -3.323699970e+02 +2.9653e-01 -3.3079e+00 +1.1510e+00 +1.2802e+00 +1.0548e+00
1235 0 +2.501407096e-06 -3.323699975e+02 -3.323699975e+02 +2.4560e-01 -3.2765e+00 +1.1385e+00 +1.2592e+00 +1.0676e+00
% f evaluations | g evaluations | best noise-free fitness - Fopt (-1.231300000000e+02) + sum g_i+ | measured fitness | best measured fitness or single-digit g-values | x1 | x2...
1 0 +5.025706403e+01 -7.287293597e+01 -7.287293597e+01 +5.9671e-01 -3.8264e-02 +7.4769e-01 +1.6230e+00 -1.3415e-01
5 0 +4.392063738e+01 -7.920936262e+01 -7.920936262e+01 +1.5656e+00 -1.2578e-01 +1.6753e-01 -1.3247e+00 -4.4438e-01
9 0 +3.315318142e+01 -8.997681858e+01 -8.997681858e+01 +8.3847e-01 +2.7137e-01 -1.5648e-02 -2.0110e-01 -1.3785e+00
16 0 +3.011055059e+01 -9.301944941e+01 -9.301944941e+01 +9.2190e-01 +1.8705e-01 -1.9901e-01 +1.9176e-01 -1.8876e+00
23 0 +2.077955188e+01 -1.023504481e+02 -1.023504481e+02 -1.8188e+00 +7.3486e-02 +1.6023e-01 +2.5632e+00 -9.2361e-02
24 0 +2.035877591e+01 -1.027712241e+02 -1.027712241e+02 +4.0155e-01 +6.5288e-02 -1.0687e+00 +1.2428e+00 +8.5193e-01
31 0 +1.933885041e+01 -1.037911496e+02 -1.037911496e+02 -2.9717e-02 -1.0359e+00 -1.5328e+00 +1.8467e+00 +1.1727e+00
32 0 +1.823209064e+01 -1.048979094e+02 -1.048979094e+02 -3.6763e-01 +2.7316e+00 -6.8488e-01 +1.2374e+00 -1.7876e+00
50 0 +1.672799692e+01 -1.064020031e+02 -1.064020031e+02 +1.8869e+00 +5.8228e-01 -1.7071e+00 +5.0110e-01 +6.6499e-01
62 0 +1.144086553e+01 -1.116891345e+02 -1.116891345e+02 +2.8985e+00 +1.1231e+00 -2.0817e+00 +1.4419e+00 +1.3502e-01
98 0 +7.782319515e+00 -1.153476805e+02 -1.153476805e+02 +1.5740e+00 -9.1681e-01 -2.5427e+00 -9.6183e-03 +9.4567e-01
103 0 +2.045685016e+00 -1.210843150e+02 -1.210843150e+02 +2.4483e+00 -1.4116e+00 -2.5781e+00 +4.5479e-01 +3.0105e+00
187 0 +8.810761170e-01 -1.222489239e+02 -1.222489239e+02 +2.5757e+00 -5.4890e-01 -2.6956e+00 -3.4314e-01 +1.4709e+00
241 0 +1.898097289e-01 -1.229401903e+02 -1.229401903e+02 +2.7198e+00 -9.7968e-01 -2.3130e+00 +1.6977e-01 +1.4728e+00
276 0 +1.094323201e-01 -1.230205677e+02 -1.230205677e+02 +1.7669e+00 -9.8690e-01 -1.9674e+00 +3.7245e-01 +2.3758e+00
360 0 +5.927407214e-02 -1.230707259e+02 -1.230707259e+02 +2.3729e+00 -1.0544e+00 -2.0262e+00 +4.9061e-01 +2.4070e+00
379 0 +1.537553015e-02 -1.231146245e+02 -1.231146245e+02 +2.2879e+00 -9.2157e-01 -1.9216e+00 +2.8870e-01 +2.7288e+00
436 0 +1.366349071e-02 -1.231163365e+02 -1.231163365e+02 +2.0801e+00 -1.2081e+00 -1.8303e+00 +2.9208e-01 +2.8173e+00
450 0 +1.090115020e-02 -1.231190988e+02 -1.231190988e+02 +2.6070e+00 -1.2609e+00 -1.9121e+00 +1.2342e-01 +2.8418e+00
474 0 +3.760632433e-04 -1.231296239e+02 -1.231296239e+02 +2.3530e+00 -1.2222e+00 -2.0490e+00 +1.9321e-01 +2.7904e+00
677 0 +2.207936116e-05 -1.231299779e+02 -1.231299779e+02 +2.2633e+00 -1.1548e+00 -1.9974e+00 +2.9591e-01 +2.7735e+00
780 0 +1.206578938e-05 -1.231299879e+02 -1.231299879e+02 +2.3663e+00 -1.2105e+00 -1.9677e+00 +2.8887e-01 +2.7300e+00
810 0 +1.902961159e-06 -1.231299981e+02 -1.231299981e+02 +2.3554e+00 -1.1875e+00 -1.9987e+00 +2.7220e-01 +2.7415e+00
850 0 +1.649610880e-06 -1.231299984e+02 -1.231299984e+02 +2.3728e+00 -1.2177e+00 -1.9797e+00 +2.7082e-01 +2.7793e+00
867 0 +8.875653634e-07 -1.231299991e+02 -1.231299991e+02 +2.3057e+00 -1.2150e+00 -1.9597e+00 +2.8153e-01 +2.8222e+00
892 0 +1.903100326e-07 -1.231299998e+02 -1.231299998e+02 +2.3454e+00 -1.2160e+00 -1.9812e+00 +2.7163e-01 +2.7917e+00
995 0 +7.188583595e-08 -1.231299999e+02 -1.231299999e+02 +2.3386e+00 -1.2192e+00 -1.9746e+00 +2.7814e-01 +2.8008e+00
999 0 +1.411552830e-08 -1.231300000e+02 -1.231300000e+02 +2.3260e+00 -1.2119e+00 -1.9642e+00 +2.8887e-01 +2.8077e+00
1073 0 +8.695806741e-09 -1.231300000e+02 -1.231300000e+02 +2.3191e+00 -1.2032e+00 -1.9762e+00 +2.8327e-01 +2.7911e+00
