% f evaluations | g evaluations | best noise-free fitness - Fopt (-1.000000000000e+03) + sum g_i+ | measured fitness | best measured fitness or single-digit g-values | x1 | x2...
1 0 +7.125699810e+01 -9.287430019e+02 -9.287430019e+02 +5.9671e-01 -3.8264e-02 +7.4769e-01 +1.6230e+00 -1.3415e-01 -1.3414e-01 +1.6792e+00 +8.6743e-01 -3.6947e-01 +6.4256e-01
6 0 +7.105190837e+01 -9.289480916e+02 -9.289480916e+02 +4.2408e-01 -2.8508e-01 -5.7692e-01 +7.1168e-01 +1.1310e+00 +1.0313e+00 -7.3922e-01 -2.0921e-01 +4.3126e-01 +1.0755e+00
30 0 +6.737530124e+01 -9.326246988e+02 -9.326246988e+02 -1.0812e-01 -3.9300e-01 -4.8936e-01 +9.4960e-01 +4.5702e-01 -5.9291e-01 +9.9960e-01 +4.0730e-01 +9.1286e-01 +7.2963e-01
38 0 +5.293221165e+01 -9.470677884e+02 -9.470677884e+02 +1.2451e-01 +5.9800e-01 +1.5511e+00 +1.0593e+00 +2.2532e+00 -6.6735e-01 +9.7232e-01 +2.8334e-01 +2.2898e+00 -7.0830e-01
66 0 +4.531823858e+01 -9.546817614e+02 -9.546817614e+02 -1.2472e-01 +5.5808e-01 -1.1250e-01 +2.8887e+00 +1.0566e+00 -4.0172e-02 +2.2301e+00 +1.2553e+00 +1.8212e+00 +3.7590e-01
81 0 +3.708111228e+01 -9.629188877e+02 -9.629188877e+02 +2.4601e-01 -6.9048e-01 -4.1448e-01 +1.2444e+00 +1.8203e+00 -1.1389e+00 +1.1226e+00 +1.1286e+00 +2.1027e+00 +9.0740e-01
128 0 +2.586971975e+01 -9.741302802e+02 -9.741302802e+02 +8.3731e-02 +1.9948e-01 -4.0480e-01 +2.2138e+00 +1.3521e+00 -1.0667e-01 +1.0361e+00 +2.3538e+00 +2.6420e+00 +1.9303e+00
211 0 +2.234082517e+01 -9.776591748e+02 -9.776591748e+02 +7.3291e-01 +5.7975e-01 +4.3721e-01 +1.0398e+00 +3.4540e+00 -9.4124e-01 +6.2862e-01 +3.1616e+00 +2.1487e+00 +1.3885e+00
282 0 +2.057219986e+01 -9.794278001e+02 -9.794278001e+02 +4.1988e-01 +1.3395e-01 +4.8162e-01 +3.0721e+00 +3.0025e+00 -1.6174e+00 +3.3423e+00 +2.2794e+00 +4.4422e+00 +1.9077e+00
336 0 +1.887544167e+01 -9.811245583e+02 -9.811245583e+02 +6.0407e-01 +1.2760e+00 -3.1796e-01 +1.6447e+00 +2.5829e+00 -1.3271e+00 +7.7290e-01 +3.6372e+00 +3.0581e+00 +1.1088e-01
394 0 +1.709507975e+01 -9.829049202e+02 -9.829049202e+02 +2.4757e+00 +2.8472e-01 -1.0850e+00 +4.5688e+00 +4.1016e+00 -2.8591e+00 +8.8004e-01 +3.2338e+00 +4.3890e+00 +1.3157e+00
423 0 +9.550740951e+00 -9.904492590e+02 -9.904492590e+02 +2.8086e-01 +1.6912e+00 +1.1449e+00 +2.9479e+00 +4.2686e+00 -8.4369e-01 +6.1274e-01 +2.3448e+00 +3.5480e+00 +1.0739e+00
597 0 +8.796751755e+00 -9.912032482e+02 -9.912032482e+02 +2.8519e-01 -3.1133e-01 +8.1948e-01 +3.1129e+00 +4.4132e+00 -2.4585e+00 +6.1977e-01 +2.9606e+00 +4.1656e+00 +1.3468e+00
696 0 +4.550416313e+00 -9.954495837e+02 -9.954495837e+02 +1.5413e+00 -4.3242e-01 -1.0473e-01 +3.9814e+00 +4.2775e+00 -1.5337e+00 +1.0788e+00 +2.2507e+00 +3.0950e+00 +1.2803e+00
743 0 +4.282389113e+00 -9.957176109e+02 -9.957176109e+02 +5.9858e-01 -1.9550e-01 -3.1363e-01 +3.7583e+00 +3.9587e+00 -6.8778e-01 +1.3541e+00 +2.2162e+00 +3.2112e+00 +9.3761e-01
857 0 +3.867703741e+00 -9.961322963e+02 -9.961322963e+02 +1.1128e+00 +4.0547e-02 +8.6117e-01 +3.2250e+00 +3.3741e+00 -9.6530e-01 +1.5353e+00 +2.0710e+00 +4.1055e+00 +1.0702e+00
863 0 +3.375350200e+00 -9.966246498e+02 -9.966246498e+02 +1.1966e+00 +6.5878e-01 +7.1710e-01 +3.2557e+00 +3.1758e+00 -1.4932e+00 +1.3922e+00 +3.3259e+00 +3.6158e+00 +1.1644e+00
864 0 +2.659387732e+00 -9.973406123e+02 -9.973406123e+02 +1.1261e+00 +4.9571e-01 +3.6336e-01 +3.7775e+00 +3.8801e+00 -1.2605e+00 +1.6581e+00 +2.8149e+00 +4.1097e+00 +7.2294e-01
951 0 +2.196934379e+00 -9.978030656e+02 -9.978030656e+02 +1.0682e+00 +5.0112e-01 +4.8160e-01 +3.3044e+00 +3.9833e+00 -8.2545e-01 +1.0794e+00 +2.9502e+00 +3.4962e+00 +1.3860e+00
1117 0 +2.045515739e+00 -9.979544843e+02 -9.979544843e+02 +9.6980e-01 +4.1548e-01 +3.1224e-01 +3.2390e+00 +3.2976e+00 -1.2118e+00 +1.0734e+00 +2.4418e+00 +3.6530e+00 +9.5429e-01
1246 0 +2.034488938e+00 -9.979655111e+02 -9.979655111e+02 +1.0406e+00 +3.1581e-01 +8.9488e-02 +3.4893e+00 +3.4827e+00 -9.7034e-01 +1.0997e+00 +2.4053e+00 +3.6395e+00 +1.4500e+00
1637 0 +2.005588186e+00 -9.979944118e+02 -9.979944118e+02 +1.2433e+00 +5.8981e-01 +1.7649e-01 +3.3258e+00 +3.7949e+00 -1.2055e+00 +1.0619e+00 +2.4716e+00 +3.6929e+00 +1.2403e+00
1676 0 +2.003470863e+00 -9.979965291e+02 -9.979965291e+02 +1.4236e+00 +5.1421e-01 +8.5378e-02 +3.5853e+00 +3.8373e+00 -1.1344e+00 +9.9997e-01 +2.5718e+00 +3.7763e+00 +9.9434e-01
1741 0 +2.003045221e+00 -9.979969548e+02 -9.979969548e+02 +1.0445e+00 +2.6633e-01 +1.5136e-01 +3.5725e+00 +3.6556e+00 -1.1812e+00 +9.3303e-01 +2.4721e+00 +3.9513e+00 +9.8757e-01
1764 0 +1.997097633e+00 -9.980029024e+02 -9.980029024e+02 +1.1086e+00 +1.4199e-01 +1.8294e-01 +3.3129e+00 +3.4627e+00 -1.2180e+00 +8.9421e-01 +2.4993e+00 +3.5678e+00 +1.0522e+00
1864 0 +1.988914631e+00 -9.980110854e+02 -9.980110854e+02 +1.0322e+00 +7.9715e-02 +2.0055e-01 +3.5190e+00 +3.7386e+00 -1.1729e+00 +9.4394e-01 +2.6569e+00 +3.5280e+00 +1.0203e+00
1929 0 +1.984084665e+00 -9.980159153e+02 -9.980159153e+02 +1.1357e+00 +3.2285e-01 +1.9252e-01 +3.6045e+00 +3.6096e+00 -1.3738e+00 +9.8916e-01 +2.6994e+00 +3.6095e+00 +1.1491e+00
2062 0 +1.982631061e+00 -9.980173689e+02 -9.980173689e+02 +1.0166e+00 +2.4364e-01 +8.1541e-02 +3.3596e+00 +3.7201e+00 -1.1038e+00 +9.6943e-01 +2.4622e+00 +3.7641e+00 +1.1284e+00
2079 0 +1.982629895e+00 -9.980173701e+02 -9.980173701e+02 +1.1664e+00 +3.6978e-01 +2.7541e-01 +3.3774e+00 +3.5952e+00 -1.1289e+00 +9.8388e-01 +2.6694e+00 +3.8705e+00 +1.0397e+00
2116 0 +1.974822689e+00 -9.980251773e+02 -9.980251773e+02 +1.0536e+00 +3.4468e-01 +2.4462e-01 +3.4324e+00 +3.7882e+00 -1.1729e+00 +1.0056e+00 +2.6235e+00 +3.7897e+00 +1.1719e+00
2264 0 +1.970085235e+00 -9.980299148e+02 -9.980299148e+02 +1.0903e+00 +2.9536e-01 +1.6827e-01 +3.5260e+00 +3.6647e+00 -1.2502e+00 +1.1360e+00 +2.6502e+00 +3.7105e+00 +1.0761e+00
2342 0 +1.969004796e+00 -9.980309952e+02 -9.980309952e+02 +1.1323e+00 +3.3928e-01 +1.4061e-01 +3.3719e+00 +3.7046e+00 -1.1523e+00 +9.7487e-01 +2.4542e+00 +3.6952e+00 +1.0955e+00
2403 0 +1.963387983e+00 -9.980366120e+02 -9.980366120e+02 +1.0710e+00 +2.9619e-01 +2.3999e-01 +3.4268e+00 +3.6280e+00 -1.1675e+00 +9.5897e-01 +2.6460e+00 +3.7054e+00 +1.1276e+00
% f evaluations | g evaluations | best noise-free fitness - Fopt (1.000000000000e+03) + sum g_i+ | measured fitness | best measured fitness or single-digit g-values | x1 | x2...
1 0 +8.057463111e+01 +1.080574631e+03 +1.080574631e+03 +5.9671e-01 -3.8264e-02 +7.4769e-01 +1.6230e+00 -1.3415e-01 -1.3414e-01 +1.6792e+00 +8.6743e-01 -3.6947e-01 +6.4256e-01
2 0 +7.874391375e+01 +1.078743914e+03 +1.078743914e+03 -3.6342e-01 -3.6573e-01 +3.4196e-01 -1.8133e+00 -1.6249e+00 -4.6229e-01 -9.1283e-01 +4.1425e-01 -8.0802e-01 -1.3123e+00
4 0 +7.827089646e+01 +1.078270896e+03 +1.078270896e+03 -5.0171e-01 +1.9523e+00 +8.6503e-02 -9.5771e-01 +9.2254e-01 -1.1208e+00 +3.0886e-01 -1.8597e+00 -1.2282e+00 +2.9686e-01
7 0 +7.728644497e+01 +1.077286445e+03 +1.077286445e+03 -3.7917e-01 -8.5659e-02 -1.0063e+00 -1.0962e+00 +9.1253e-01 +1.4562e+00 +2.7990e-02 +1.1035e+00 +4.6164e-01 -5.4512e-01
9 0 +7.573061017e+01 +1.075730610e+03 +1.075730610e+03 -1.1967e-01 +4.5711e-01 +1.5779e+00 -4.1827e-01 -7.0849e-01 -4.0176e-01 +1.0154e+00 +4.2875e-01 -4.2976e-01 +6.1327e-01
27 0 +7.238718238e+01 +1.072387182e+03 +1.072387182e+03 -8.2693e-01 +4.0475e-02 -3.1413e+00 -9.2439e-01 -1.5257e-01 -1.1478e+00 +1.7324e+00 -1.3301e+00 -3.4004e-01 +2.3074e-01
84 0 +7.116866501e+01 +1.071168665e+03 +1.071168665e+03 +1.8107e+00 +1.4012e-01 -3.4257e+00 -3.0139e+00 +8.4129e-01 +4.1622e-01 +2.6205e+00 +1.3348e+00 -7.6013e-01 +7.5184e-01
85 0 +6.830743924e+01 +1.068307439e+03 +1.068307439e+03 +9.0704e-02 -1.7719e-01 -3.1362e+00 -3.9158e-01 +1.7330e-02 +8.2501e-01 +2.9323e+00 +1.2881e+00 -2.3858e-03 +7.4558e-02
104 0 +6.139911463e+01 +1.061399115e+03 +1.061399115e+03 +3.1745e-01 +6.0269e-01 -3.5728e+00 -4.4066e-01 -1.0401e+00 +1.7353e+00 +6.1859e-01 +6.9831e-01 -7.6890e-01 -1.8930e+00
111 0 +5.092402143e+01 +1.050924021e+03 +1.050924021e+03 +4.8851e-01 +1.0160e+00 -2.8394e+00 -2.3062e+00 -1.9889e-01 -5.3386e-01 +1.4513e+00 +6.7972e-01 -3.1065e+00 -2.5377e+00
167 0 +4.973227111e+01 +1.049732271e+03 +1.049732271e+03 -1.2516e+00 +4.0544e+00 -2.8462e+00 -2.1203e+00 -1.4071e+00 -8.6013e-01 -1.0984e+00 -8.5026e-01 -2.3906e+00 -3.5219e+00
447 0 +4.895199852e+01 +1.048951999e+03 +1.048951999e+03 -2.4172e+00 -3.2048e+00 -1.0360e+00 -6.0034e-01 -2.9766e+00 -1.6431e+00 -2.4663e+00 -4.7989e+00 -4.4506e-01 +3.9350e+00
506 0 +3.310370400e+01 +1.033103704e+03 +1.033103704e+03 -3.6232e+00 +2.2636e+00 -4.3502e+00 -1.0523e+00 +4.1651e-01 -9.9544e-01 -2.4204e-01 -4.2789e-01 -3.5906e+00 -2.0955e+00
567 0 +2.302474126e+01 +1.023024741e+03 +1.023024741e+03 -2.3494e+00 +3.2974e+00 -2.7048e+00 -1.2559e+00 +1.3951e+00 +2.5447e-01 +1.4396e+00 +3.3964e-01 -4.2098e+00 -2.4405e+00
648 0 +1.949995345e+01 +1.019499953e+03 +1.019499953e+03 -1.6010e+00 +3.0478e+00 -2.6312e+00 -1.4045e+00 -1.4813e-01 +1.4378e+00 +1.9061e+00 +8.2030e-01 -2.7264e+00 -1.0831e+00
802 0 +1.631477446e+01 +1.016314774e+03 +1.016314774e+03 -1.5603e+00 +3.0150e+00 -4.6406e+00 -1.8623e+00 +1.4285e-02 +2.9672e+00 +2.0935e+00 +5.5463e-01 -4.0273e+00 -1.1810e+00
1033 0 +1.602430751e+01 +1.016024308e+03 +1.016024308e+03 -2.7813e+00 +2.6875e+00 -4.4821e+00 -1.1659e+00 -8.5738e-01 +1.7434e+00 +1.3763e+00 +1.8533e+00 -2.0129e+00 -1.0062e+00
1081 0 +1.552258350e+01 +1.015522584e+03 +1.015522584e+03 -1.9321e+00 +3.2996e+00 -3.0305e+00 -2.0669e+00 +4.8665e-01 +4.9759e-01 +1.0070e+00 +1.4145e+00 -2.2798e+00 -9.1040e-01
1127 0 +1.545344143e+01 +1.015453441e+03 +1.015453441e+03 -1.7734e+00 +3.4031e+00 -4.7558e+00 -1.7800e+00 -1.8263e+00 +1.6720e+00 +1.0819e+00 -7.7464e-01 -3.8914e+00 -1.4916e+00
1133 0 +1.110245547e+01 +1.011102455e+03 +1.011102455e+03 -3.3173e+00 +4.9042e+00 -4.3130e+00 -8.6091e-01 -1.6617e-01 +1.1029e-01 +1.8985e-01 +2.2103e-01 -2.4735e+00 -2.7646e+00
1144 0 +9.743547366e+00 +1.009743547e+03 +1.009743547e+03 -2.0903e+00 +2.6419e+00 -4.8496e+00 -1.9631e+00 +1.5704e+00 +8.4743e-01 +1.6895e+00 -6.3012e-01 -3.1967e+00 -3.1570e+00
1187 0 +8.321338608e+00 +1.008321339e+03 +1.008321339e+03 -2.4534e+00 +2.1521e+00 -4.6351e+00 -1.3780e+00 +1.7367e-01 -1.7230e-02 +7.0090e-01 +3.0213e-01 -3.1572e+00 -2.8103e+00
1384 0 +4.951897704e+00 +1.004951898e+03 +1.004951898e+03 -1.9700e+00 +3.7912e+00 -4.7921e+00 -2.3127e+00 -6.6655e-01 +2.8658e-01 +7.8295e-01 -1.7205e-01 -3.6647e+00 -2.4219e+00
1834 0 +4.031982439e+00 +1.004031982e+03 +1.004031982e+03 -2.5673e+00 +3.1821e+00 -4.4779e+00 -2.0740e+00 +9.4978e-01 +6.2475e-01 +1.0352e+00 +5.8839e-01 -2.9917e+00 -3.0241e+00
1887 0 +3.263889655e+00 +1.003263890e+03 +1.003263890e+03 -2.3017e+00 +3.1948e+00 -4.4599e+00 -2.3684e+00 +7.6158e-01 +1.1225e+00 +2.0341e+00 +1.2538e-01 -2.8816e+00 -2.8126e+00
1998 0 +2.981985802e+00 +1.002981986e+03 +1.002981986e+03 -2.2186e+00 +4.0505e+00 -4.3965e+00 -1.9077e+00 +2.4702e-01 +8.9235e-01 +6.7431e-01 +6.5665e-01 -2.4521e+00 -2.8130e+00
2019 0 +2.582820372e+00 +1.002582820e+03 +1.002582820e+03 -2.2730e+00 +3.2948e+00 -4.5473e+00 -2.2965e+00 +4.3574e-01 +7.2232e-01 +1.3498e+00 +9.6982e-01 -2.9972e+00 -2.7852e+00
2077 0 +2.350731762e+00 +1.002350732e+03 +1.002350732e+03 -1.7926e+00 +3.5212e+00 -4.4110e+00 -2.0093e+00 -3.2166e-01 +1.0246e+00 +1.5343e+00 +3.7067e-01 -3.1261e+00 -3.1597e+00
2312 0 +2.143160154e+00 +1.002143160e+03 +1.002143160e+03 -2.0168e+00 +3.2202e+00 -4.3109e+00 -1.9110e+00 -5.0033e-01 +5.8086e-01 +1.3312e+00 +2.2089e-01 -2.8180e+00 -2.4345e+00
2477 0 +2.050893980e+00 +1.002050894e+03 +1.002050894e+03 -2.0113e+00 +3.3880e+00 -4.6826e+00 -2.2839e+00 -8.6443e-02 +7.7109e-01 +1.3978e+00 +7.4925e-01 -2.8902e+00 -2.6645e+00
% f evaluations | g evaluations | best noise-free fitness - Fopt (-4.913000000000e+01) + sum g_i+ | measured fitness | best measured fitness or single-digit g-values | x1 | x2...
1 0 +8.346231079e+01 +3.433231079e+01 +3.433231079e+01 +5.9671e-01 -3.8264e-02 +7.4769e-01 +1.6230e+00 -1.3415e-01 -1.3414e-01 +1.6792e+00 +8.6743e-01 -3.6947e-01 +6.4256e-01
2 0 +8.216388633e+01 +3.303388633e+01 +3.303388633e+01 -3.6342e-01 -3.6573e-01 +3.4196e-01 -1.8133e+00 -1.6249e+00 -4.6229e-01 -9.1283e-01 +4.1425e-01 -8.0802e-01 -1.3123e+00
3 0 +8.141876268e+01 +3.228876268e+01 +3.228876268e+01 +1.5656e+00 -1.2578e-01 +1.6753e-01 -1.3247e+00 -4.4438e-01 +2.1092e-01 -1.0510e+00 +4.7570e-01 -5.0064e-01 -1.9169e-01
7 0 +8.080453584e+01 +3.167453584e+01 +3.167453584e+01 -3.7917e-01 -8.5659e-02 -1.0063e+00 -1.0962e+00 +9.1253e-01 +1.4562e+00 +2.7990e-02 +1.1035e+00 +4.6164e-01 -5.4512e-01
11 0 +7.963989013e+01 +3.050989013e+01 +3.050989013e+01 -1.3154e+00 -3.2065e-01 -2.4271e-01 -7.0228e-01 -6.1286e-02 +5.0405e-01 +1.9862e+00 +2.7458e-01 +3.5755e-01 +2.5554e-02
19 0 +7.816834160e+01 +2.903834160e+01 +2.903834160e+01 +7.2567e-01 -7.5716e-01 -9.7089e-01 +5.8247e-01 -1.2346e-01 +8.1400e-01 +5.7324e-01 +2.7171e-02 -7.4679e-01 -1.4148e+00
28 0 +7.246289379e+01 +2.333289379e+01 +2.333289379e+01 +1.5413e+00 -1.3359e+00 +1.2632e+00 +1.1023e-01 -8.8151e-01 +5.6210e-01 +2.9906e-01 -5.0022e-01 +1.6980e-01 -2.8531e-01
56 0 +7.235877803e+01 +2.322877803e+01 +2.322877803e+01 +1.0347e+00 -1.4934e+00 +8.1705e-01 +9.4525e-01 -1.3447e+00 +1.5979e+00 -2.7452e-01 +6.9022e-01 -1.3257e-01 +1.1737e+00
62 0 +3.256349361e+01 -1.656650639e+01 -1.656650639e+01 +2.2059e+00 -4.7216e-02 +6.6965e-01 +1.4176e+00 -1.0072e+00 +1.3620e+00 +6.9156e-01 -9.7288e-01 +3.5106e-01 +1.3270e+00
512 0 +2.656615147e+01 -2.256384853e+01 -2.256384853e+01 +8.5688e-01 -4.6985e+00 +2.9918e+00 -6.0813e-01 +3.5344e+00 +4.1443e+00 +3.9060e+00 +8.1110e-01 +1.1973e-01 +1.7979e+00
724 0 +2.351026370e+01 -2.561973630e+01 -2.561973630e+01 -2.8289e-01 -3.2502e+00 +1.2704e+00 +2.0340e-03 +4.0823e+00 +4.6022e+00 +1.3279e+00 -4.8444e-01 -1.1723e-01 +1.7089e+00
869 0 +2.068895295e+01 -2.844104705e+01 -2.844104705e+01 +1.7399e+00 -3.8040e+00 +3.3336e+00 +1.4423e+00 +4.4820e+00 +3.5996e+00 +9.7125e-01 +3.9425e-01 -8.7173e-01 +2.3799e+00
998 0 +1.656953853e+01 -3.256046147e+01 -3.256046147e+01 -2.1364e-02 -4.4616e+00 +3.6152e+00 +2.3303e+00 +3.9473e+00 +3.6154e+00 +2.7197e+00 +1.8827e-01 +5.4289e-02 +2.9655e+00
1001 0 +1.148109940e+01 -3.764890060e+01 -3.764890060e+01 +5.3803e-01 -3.6428e+00 +2.4882e+00 +6.7943e-01 +4.1958e+00 +4.1673e+00 +2.4296e+00 +2.8576e-01 -4.4068e-01 +2.9878e+00
1085 0 +9.413246454e+00 -3.971675355e+01 -3.971675355e+01 +4.0313e-01 -2.9427e+00 +3.3099e+00 +1.4153e+00 +4.1504e+00 +4.0163e+00 +1.1318e+00 -3.3941e-01 -1.1257e+00 +2.9760e+00
1101 0 +8.908519594e+00 -4.022148041e+01 -4.022148041e+01 -2.7076e-01 -3.5147e+00 +3.4360e+00 +1.0805e+00 +4.1836e+00 +3.7873e+00 +2.6544e+00 +4.4909e-01 -5.2722e-01 +2.6226e+00
1720 0 +8.839847487e+00 -4.029015251e+01 -4.029015251e+01 -2.0955e-01 -3.1683e+00 +3.7367e+00 +1.6118e+00 +4.1501e+00 +3.9762e+00 +2.2696e+00 +6.0973e-01 -3.9134e-01 +3.4533e+00
1777 0 +8.821823389e+00 -4.030817661e+01 -4.030817661e+01 +3.8794e-01 -2.9462e+00 +2.9895e+00 +1.1559e+00 +4.0387e+00 +4.3504e+00 +1.8274e+00 +5.8141e-01 -1.8359e-01 +2.4798e+00
1794 0 +8.812261168e+00 -4.031773883e+01 -4.031773883e+01 +2.4826e-01 -3.2745e+00 +2.8300e+00 +1.1074e+00 +4.1483e+00 +3.7849e+00 +2.3209e+00 -3.4739e-01 -4.0156e-01 +2.7474e+00
1806 0 +8.422665907e+00 -4.070733409e+01 -4.070733409e+01 +6.7292e-02 -3.2009e+00 +2.8866e+00 +1.2566e+00 +4.3393e+00 +4.0678e+00 +2.0722e+00 -4.6228e-02 -3.2072e-01 +3.2583e+00
1829 0 +8.264568019e+00 -4.086543198e+01 -4.086543198e+01 -4.0610e-01 -2.8326e+00 +3.0401e+00 +1.2789e+00 +4.2189e+00 +4.3611e+00 +2.4524e+00 +3.2655e-01 -2.1366e-01 +2.9308e+00
1875 0 +8.244468888e+00 -4.088553111e+01 -4.088553111e+01 -1.3990e-01 -3.3191e+00 +3.3603e+00 +1.5554e+00 +4.2712e+00 +4.4178e+00 +2.0018e+00 +3.2330e-01 -8.2637e-02 +2.7636e+00
1930 0 +8.232970224e+00 -4.089702978e+01 -4.089702978e+01 -2.1579e-01 -2.9895e+00 +3.4473e+00 +1.1889e+00 +4.6292e+00 +4.2464e+00 +2.1600e+00 +3.9643e-01 -1.2855e-01 +2.7716e+00
1934 0 +7.863385294e+00 -4.126661471e+01 -4.126661471e+01 -5.1655e-01 -3.4558e+00 +2.9636e+00 +1.6518e+00 +4.6481e+00 +4.3952e+00 +2.5862e+00 +2.8148e-01 -2.7398e-01 +2.9170e+00
1980 0 +7.849294804e+00 -4.128070520e+01 -4.128070520e+01 -8.8933e-02 -2.8548e+00 +3.4029e+00 +1.2842e+00 +4.7263e+00 +4.0097e+00 +2.0347e+00 +4.9427e-01 -5.7367e-01 +2.9539e+00
1984 0 +7.590765966e+00 -4.153923403e+01 -4.153923403e+01 -2.4370e-01 -2.9429e+00 +3.4334e+00 +1.2752e+00 +4.8579e+00 +4.2076e+00 +2.3738e+00 +3.2118e-01 -6.0657e-01 +3.0523e+00
2296 0 +7.562049921e+00 -4.156795008e+01 -4.156795008e+01 -2.2569e-01 -3.2002e+00 +3.3540e+00 +1.4601e+00 +4.5068e+00 +4.2798e+00 +2.3514e+00 +8.7559e-03 -1.1051e+00 +3.0691e+00
2457 0 +7.530668305e+00 -4.159933169e+01 -4.159933169e+01 -4.5925e-01 -3.3501e+00 +3.1996e+00 +1.8100e+00 +4.6767e+00 +4.1682e+00 +1.8978e+00 +1.3719e-02 -8.3770e-01 +3.1582e+00
2490 0 +7.513894276e+00 -4.161610572e+01 -4.161610572e+01 -2.9284e-01 -3.3159e+00 +3.0581e+00 +1.5614e+00 +4.6611e+00 +4.4044e+00 +1.7633e+00 -1.2921e-01 -9.8172e-01 +3.1651e+00
% f evaluations | g evaluations | best noise-free fitness - Fopt (2.977300000000e+02) + sum g_i+ | measured fitness | best measured fitness or single-digit g-values | x1 | x2...
1 0 +7.130164596e+01 +3.690316460e+02 +3.690316460e+02 +5.9671e-01 -3.8264e-02 +7.4769e-01 +1.6230e+00 -1.3415e-01 -1.3414e-01 +1.6792e+00 +8.6743e-01 -3.6947e-01 +6.4256e-01
33 0 +6.575966579e+01 +3.634896658e+02 +3.634896658e+02 +1.9700e-01 +6.9516e-01 -7.1822e-01 +2.1924e+00 -9.0602e-01 -1.1142e+00 +1.2581e+00 +8.9166e-01 +7.2412e-01 +7.2835e-01
69 0 +6.476881678e+01 +3.624988168e+02 +3.624988168e+02 +6.4229e-01 +1.6844e+00 -1.2623e+00 +2.3130e+00 +1.1534e+00 -2.3053e-01 +8.1510e-01 +1.7896e+00 +1.4081e+00 +9.9860e-01
87 0 +6.476333430e+01 +3.624933343e+02 +3.624933343e+02 +1.1323e+00 -2.1014e-02 -5.8441e-01 +3.3936e+00 +1.7121e-01 +1.2574e+00 +1.1493e+00 +1.9791e+00 -1.2571e+00 +2.1212e+00
95 0 +6.339292585e+01 +3.611229258e+02 +3.611229258e+02 +1.0085e+00 +5.6570e-01 -2.2080e+00 +1.8517e+00 +5.8913e-01 -1.8741e+00 +1.5572e+00 +2.0524e+00 +1.0019e+00 +3.9419e-01
141 0 +6.065997678e+01 +3.583899768e+02 +3.583899768e+02 +1.5860e+00 -1.0042e+00 -1.8712e+00 +3.4054e-01 +5.1023e-01 -2.1298e-01 +2.0299e+00 +1.9047e+00 -2.0096e-01 +3.7139e+00
143 0 +5.201873056e+01 +3.497487306e+02 +3.497487306e+02 +4.7431e+00 +6.4394e-01 +4.6731e-02 +4.5723e+00 +2.1605e-01 -2.0417e+00 +3.0302e+00 +2.5559e+00 +3.4073e+00 +1.6633e+00
154 0 +5.069650680e+01 +3.484265068e+02 +3.484265068e+02 +1.2904e+00 -1.1429e+00 -1.6688e+00 +2.7937e+00 -1.4937e+00 -7.9168e-01 +2.7114e+00 -1.7296e+00 +4.0049e+00 -2.5228e-01
179 0 +2.815138456e+01 +3.258813846e+02 +3.258813846e+02 +2.2123e+00 -5.4055e-01 -1.8269e-01 +4.0070e+00 -1.5335e-01 -2.4651e+00 +2.2376e+00 +2.6490e+00 +3.0704e+00 +3.5708e+00
183 0 +2.093222161e+01 +3.186622216e+02 +3.186622216e+02 +7.9805e-01 -6.6486e-01 -9.2428e-01 +3.0898e+00 -2.0463e-01 -4.0291e+00 +2.0387e-01 +2.8495e+00 +8.7496e-01 +2.6404e+00
408 0 +2.084962660e+01 +3.185796266e+02 +3.185796266e+02 +2.3340e+00 -1.3614e+00 -1.7790e+00 +2.4372e+00 -2.0762e+00 -3.8044e+00 +1.4897e+00 +1.8948e+00 -6.9683e-01 +2.3130e+00
598 0 +1.345287966e+01 +3.111828797e+02 +3.111828797e+02 +1.8958e+00 -6.7954e-01 -1.2909e+00 +4.1202e+00 -8.4321e-01 -3.1039e+00 +1.6018e+00 +4.2982e+00 -1.2257e+00 +1.4685e+00
902 0 +1.194322666e+01 +3.096732267e+02 +3.096732267e+02 +2.8992e+00 -3.3150e-01 -3.9092e-01 +3.8652e+00 -1.3045e+00 -4.9997e+00 +2.0787e+00 +4.0330e+00 -1.3635e+00 +2.1653e+00
905 0 +8.326898710e+00 +3.060568987e+02 +3.060568987e+02 +2.0624e+00 +9.3609e-02 -1.3658e+00 +3.6533e+00 -1.9331e+00 -4.0995e+00 +1.3773e+00 +4.0420e+00 -1.1279e+00 +1.7084e+00
1310 0 +8.310063825e+00 +3.060400638e+02 +3.060400638e+02 +2.6207e+00 +5.6071e-02 -1.4694e+00 +4.0175e+00 -8.1242e-01 -3.8238e+00 +1.7628e+00 +3.3896e+00 -5.0508e-01 +2.0974e+00
1337 0 +7.115710439e+00 +3.048457104e+02 +3.048457104e+02 +2.1600e+00 -1.0822e-01 -2.0644e+00 +3.9382e+00 -1.2521e+00 -4.1988e+00 +2.8463e-01 +3.8113e+00 -9.1455e-01 +1.8653e+00
1452 0 +7.059122284e+00 +3.047891223e+02 +3.047891223e+02 +2.2244e+00 -2.6160e-01 -1.9753e+00 +3.2811e+00 -1.1700e+00 -3.9357e+00 +7.7162e-01 +3.7187e+00 -3.5000e-01 +1.2893e+00
1471 0 +5.981721914e+00 +3.037117219e+02 +3.037117219e+02 +1.9613e+00 -1.8044e-01 -1.6247e+00 +3.1671e+00 -7.9721e-01 -4.7279e+00 +7.5339e-01 +4.0393e+00 -7.2063e-01 +1.7229e+00
1743 0 +5.949284802e+00 +3.036792848e+02 +3.036792848e+02 +2.0778e+00 -2.5300e-01 -1.7533e+00 +3.3534e+00 -8.4938e-01 -4.5110e+00 +1.1980e+00 +4.1260e+00 -7.3579e-01 +1.9280e+00
1902 0 +5.439465538e+00 +3.031694655e+02 +3.031694655e+02 +2.1645e+00 -1.8452e-01 -1.7763e+00 +3.6872e+00 -9.4910e-01 -4.5326e+00 +1.0623e+00 +3.9754e+00 -9.0237e-01 +1.6870e+00
2161 0 +5.423951798e+00 +3.031539518e+02 +3.031539518e+02 +1.8261e+00 -3.7581e-01 -1.5590e+00 +3.5367e+00 -9.0217e-01 -4.6120e+00 +9.4105e-01 +3.7908e+00 -7.7246e-01 +1.8186e+00
2234 0 +5.413071878e+00 +3.031430719e+02 +3.031430719e+02 +2.1427e+00 -4.1298e-01 -1.6900e+00 +3.4960e+00 -1.1468e+00 -4.5287e+00 +1.0383e+00 +3.9388e+00 -7.4760e-01 +1.7411e+00
2268 0 +5.316609263e+00 +3.030466093e+02 +3.030466093e+02 +2.1752e+00 -3.0713e-01 -1.7110e+00 +3.4176e+00 -9.9020e-01 -4.5647e+00 +9.0021e-01 +3.8344e+00 -6.6963e-01 +1.4475e+00
2298 0 +5.291027811e+00 +3.030210278e+02 +3.030210278e+02 +2.0342e+00 -1.3056e-01 -1.5100e+00 +3.4931e+00 -1.0189e+00 -4.6200e+00 +8.5181e-01 +3.7107e+00 -6.2231e-01 +1.8446e+00
2311 0 +5.263088769e+00 +3.029930888e+02 +3.029930888e+02 +1.9860e+00 -3.2478e-01 -1.5214e+00 +3.6327e+00 -1.0659e+00 -4.5838e+00 +1.0433e+00 +3.7308e+00 -7.1204e-01 +1.8201e+00
2436 0 +5.258257844e+00 +3.029882578e+02 +3.029882578e+02 +1.9114e+00 -3.3256e-01 -1.6804e+00 +3.5866e+00 -9.1896e-01 -4.4478e+00 +8.7038e-01 +3.6299e+00 -7.4469e-01 +1.5965e+00
% f evaluations | g evaluations | best noise-free fitness - Fopt (5.157000000000e+01) + sum g_i+ | measured fitness | best measured fitness or single-digit g-values | x1 | x2...
1 0 +7.383174916e+01 +1.254017492e+02 +1.254017492e+02 +5.9671e-01 -3.8264e-02 +7.4769e-01 +1.6230e+00 -1.3415e-01 -1.3414e-01 +1.6792e+00 +8.6743e-01 -3.6947e-01 +6.4256e-01
4 0 +7.328528085e+01 +1.248552808e+02 +1.248552808e+02 -5.0171e-01 +1.9523e+00 +8.6503e-02 -9.5771e-01 +9.2254e-01 -1.1208e+00 +3.0886e-01 -1.8597e+00 -1.2282e+00 +2.9686e-01
11 0 +7.264223681e+01 +1.242122368e+02 +1.242122368e+02 -1.3154e+00 -3.2065e-01 -2.4271e-01 -7.0228e-01 -6.1286e-02 +5.0405e-01 +1.9862e+00 +2.7458e-01 +3.5755e-01 +2.5554e-02
13 0 +7.262591646e+01 +1.241959165e+02 +1.241959165e+02 +8.9103e-01 -8.0939e-01 +1.5028e+00 -1.3019e+00 +6.8686e-01 +2.2905e+00 -8.9054e-01 -4.6630e-01 +1.9965e-01 -4.0348e-01
16 0 +6.502896973e+01 +1.165989697e+02 +1.165989697e+02 +3.5049e-01 +4.4645e-01 -5.8002e-01 +3.3225e-01 +3.9307e-01 -6.1435e-01 +1.9658e+00 +5.7383e-01 -1.0913e+00 +7.5655e-01
27 0 +6.423922555e+01 +1.158092255e+02 +1.158092255e+02 -8.2693e-01 +4.0475e-02 -3.1413e+00 -9.2439e-01 -1.5257e-01 -1.1478e+00 +1.7324e+00 -1.3301e+00 -3.4004e-01 +2.3074e-01
63 0 +5.756687659e+01 +1.091368766e+02 +1.091368766e+02 -5.9685e-01 +3.7456e-01 -7.6308e-01 -1.6912e-01 +2.0103e-01 -1.2849e+00 +2.3635e+00 +8.4430e-02 -1.4958e+00 -8.0828e-02
98 0 +5.646877661e+01 +1.080387766e+02 +1.080387766e+02 -7.5896e-01 +1.0652e-01 -2.0197e+00 -1.5493e-02 -5.7033e-01 -4.0905e-01 +1.1568e+00 -2.5548e-01 -7.0160e-01 -1.4641e-01
122 0 +4.847428386e+01 +1.000442839e+02 +1.000442839e+02 -1.8175e+00 -5.8413e-02 -3.4840e+00 +1.7051e+00 +6.2563e-01 -1.7613e+00 +1.9831e+00 -9.8211e-02 -1.8593e+00 -5.8674e-01
226 0 +3.617698244e+01 +8.774698244e+01 +8.774698244e+01 -2.1259e+00 +3.8166e-01 -3.7734e+00 +1.5114e+00 -1.5167e+00 -4.8128e-02 +4.1648e+00 +6.1096e-01 -1.5196e+00 +3.9662e-01
303 0 +3.155360253e+01 +8.312360253e+01 +8.312360253e+01 -1.5725e+00 +6.3274e-01 -3.4539e+00 -3.5059e-01 -1.8589e+00 +6.8948e-01 +3.4703e+00 +1.0312e+00 -1.3466e+00 +1.1712e+00
388 0 +3.072519694e+01 +8.229519694e+01 +8.229519694e+01 -2.2183e+00 -5.6644e-01 -3.8781e+00 +1.2168e-01 -2.5165e+00 +1.6058e-01 +2.5919e+00 -9.8099e-01 -2.3158e+00 +7.9415e-01
395 0 +2.385968779e+01 +7.542968779e+01 +7.542968779e+01 -2.1919e+00 +7.0138e-01 -1.9286e+00 -1.2143e+00 -2.8849e+00 -9.2935e-01 +1.5995e+00 +1.3691e+00 -3.2508e+00 -9.5015e-01
657 0 +1.714169002e+01 +6.871169002e+01 +6.871169002e+01 -1.5550e+00 -1.5804e-01 -3.3071e+00 -3.8551e-01 -1.1940e+00 -1.8299e+00 +2.1094e+00 +1.6837e-02 -2.1534e+00 -9.2684e-01
692 0 +1.114155989e+01 +6.271155989e+01 +6.271155989e+01 -2.0709e+00 -8.3047e-01 -2.9513e+00 -4.3563e-01 -1.5747e+00 -1.0864e+00 +3.8139e+00 +1.0242e+00 -2.4824e+00 -1.7973e+00
895 0 +9.916971972e+00 +6.148697197e+01 +6.148697197e+01 -2.6138e+00 +2.2526e-01 -3.9205e+00 -8.4429e-01 -2.4111e+00 -7.2363e-01 +2.7237e+00 +5.2796e-01 -3.1189e+00 -7.9185e-01
946 0 +9.031750364e+00 +6.060175036e+01 +6.060175036e+01 -2.8738e+00 -7.4496e-01 -3.4991e+00 -2.5237e-01 -2.9708e+00 -7.7232e-01 +3.2908e+00 +4.1641e-01 -3.0804e+00 -1.8503e+00
954 0 +8.631716539e+00 +6.020171654e+01 +6.020171654e+01 -2.6400e+00 -2.8267e-01 -4.7810e+00 -3.4978e-01 -1.4361e+00 -2.3363e+00 +2.6403e+00 +3.6547e-01 -3.9211e+00 -2.4860e+00
1002 0 +8.438938578e+00 +6.000893858e+01 +6.000893858e+01 -1.7450e+00 -1.5419e-01 -4.1527e+00 -8.2593e-01 -1.8725e+00 -2.2944e+00 +3.1756e+00 -4.1894e-01 -3.5384e+00 -2.2095e+00
1042 0 +6.743231763e+00 +5.831323176e+01 +5.831323176e+01 -2.0982e+00 +2.4766e-02 -4.3004e+00 -9.7860e-01 -1.7366e+00 -2.3325e+00 +4.0979e+00 +5.9214e-01 -2.4834e+00 -1.5416e+00
1482 0 +6.452969200e+00 +5.802296920e+01 +5.802296920e+01 -2.0519e+00 +2.9379e-02 -4.5368e+00 -6.1991e-01 -2.2602e+00 -1.6547e+00 +3.6213e+00 +3.7164e-01 -3.1465e+00 -1.8101e+00
1523 0 +5.810356191e+00 +5.738035619e+01 +5.738035619e+01 -2.0652e+00 -1.8608e-02 -4.8127e+00 -6.7776e-01 -1.7700e+00 -1.8837e+00 +3.7690e+00 +3.4569e-01 -2.5604e+00 -2.1005e+00
1561 0 +5.754318617e+00 +5.732431862e+01 +5.732431862e+01 -2.1584e+00 -1.4114e-01 -4.5947e+00 -8.9356e-01 -1.8434e+00 -1.7473e+00 +3.5257e+00 +5.9029e-01 -3.1432e+00 -1.8619e+00
1675 0 +5.579365573e+00 +5.714936557e+01 +5.714936557e+01 -2.1896e+00 -2.3822e-01 -4.0444e+00 -9.6153e-01 -1.7384e+00 -1.8916e+00 +3.3518e+00 +5.5550e-01 -3.1017e+00 -1.9147e+00
1960 0 +5.285083008e+00 +5.685508301e+01 +5.685508301e+01 -2.1060e+00 -1.7071e-02 -4.4969e+00 -8.2463e-01 -1.7295e+00 -2.0751e+00 +3.5425e+00 +5.3817e-01 -2.8962e+00 -1.8550e+00
2151 0 +5.275393067e+00 +5.684539307e+01 +5.684539307e+01 -2.2971e+00 +3.3840e-02 -4.4220e+00 -8.4596e-01 -2.1081e+00 -2.1216e+00 +3.6118e+00 +3.4270e-01 -2.8728e+00 -1.9986e+00
2254 0 +5.259332953e+00 +5.682933295e+01 +5.682933295e+01 -2.1225e+00 -9.8275e-02 -4.6683e+00 -8.5731e-01 -1.7857e+00 -2.1000e+00 +3.5674e+00 +4.2973e-01 -3.0354e+00 -2.0147e+00
2269 0 +5.252836912e+00 +5.682283691e+01 +5.682283691e+01 -2.1757e+00 -7.4145e-02 -4.4785e+00 -9.2419e-01 -1.8278e+00 -2.1745e+00 +3.6520e+00 +5.4355e-01 -2.9671e+00 -2.0060e+00
2306 0 +5.234788809e+00 +5.680478881e+01 +5.680478881e+01 -2.0836e+00 +5.6607e-02 -4.5923e+00 -9.0207e-01 -1.8372e+00 -2.0538e+00 +3.5697e+00 +4.4607e-01 -3.0124e+00 -2.0000e+00
2316 0 +5.214012119e+00 +5.678401212e+01 +5.678401212e+01 -2.2328e+00 -1.4014e-01 -4.5476e+00 -7.2668e-01 -1.8769e+00 -2.0328e+00 +3.5585e+00 +3.4898e-01 -2.9492e+00 -2.1538e+00
2331 0 +5.212022604e+00 +5.678202260e+01 +5.678202260e+01 -2.3333e+00 -8.0636e-02 -4.4236e+00 -8.9173e-01 -2.0461e+00 -2.0338e+00 +3.4958e+00 +2.8691e-01 -3.0110e+00 -2.0319e+00
2367 0 +5.180154171e+00 +5.675015417e+01 +5.675015417e+01 -2.0553e+00 +4.7240e-02 -4.5162e+00 -8.6378e-01 -1.8547e+00 -2.0950e+00 +3.5645e+00 +3.9003e-01 -2.9308e+00 -2.0437e+00
2373 0 +5.150217568e+00 +5.672021757e+01 +5.672021757e+01 -2.0689e+00 +6.3920e-03 -4.5239e+00 -8.2966e-01 -1.9359e+00 -1.9558e+00 +3.5025e+00 +3.7233e-01 -2.9600e+00 -1.9650e+00
2414 0 +5.117485237e+00 +5.668748524e+01 +5.668748524e+01 -2.1452e+00 +2.7644e-03 -4.4438e+00 -7.3411e-01 -1.8102e+00 -1.9845e+00 +3.5011e+00 +3.9063e-01 -2.9190e+00 -1.9933e+00
% f evaluations | g evaluations | best noise-free fitness - Fopt (1.527100000000e+02) + sum g_i+ | measured fitness | best measured fitness or single-digit g-values | x1 | x2...
1 0 +7.815228743e+01 +2.308622874e+02 +2.308622874e+02 +5.9671e-01 -3.8264e-02 +7.4769e-01 +1.6230e+00 -1.3415e-01 -1.3414e-01 +1.6792e+00 +8.6743e-01 -3.6947e-01 +6.4256e-01
4 0 +7.330495943e+01 +2.260149594e+02 +2.260149594e+02 -5.0171e-01 +1.9523e+00 +8.6503e-02 -9.5771e-01 +9.2254e-01 -1.1208e+00 +3.0886e-01 -1.8597e+00 -1.2282e+00 +2.9686e-01
10 0 +7.244868083e+01 +2.251586808e+02 +2.251586808e+02 +1.9708e-01 +1.0686e+00 -6.0205e-01 -2.2766e-01 -2.9211e-01 -1.3635e+00 +3.9612e-01 +3.6106e-01 +1.0511e-01 -1.3459e-01
16 0 +7.124201674e+01 +2.239520167e+02 +2.239520167e+02 +3.5049e-01 +4.4645e-01 -5.8002e-01 +3.3225e-01 +3.9307e-01 -6.1435e-01 +1.9658e+00 +5.7383e-01 -1.0913e+00 +7.5655e-01
27 0 +7.077845551e+01 +2.234884555e+02 +2.234884555e+02 -8.2693e-01 +4.0475e-02 -3.1413e+00 -9.2439e-01 -1.5257e-01 -1.1478e+00 +1.7324e+00 -1.3301e+00 -3.4004e-01 +2.3074e-01
56 0 +6.826975224e+01 +2.209797522e+02 +2.209797522e+02 -2.2793e-01 -5.4011e-01 -2.3180e+00 -8.4379e-01 +6.5202e-02 -7.4311e-01 +2.0976e+00 -3.0154e-02 -2.1709e-01 +1.7824e+00
149 0 +6.751430831e+01 +2.202243083e+02 +2.202243083e+02 -1.4252e+00 -5.0768e-01 -1.3561e+00 -6.3321e-01 -9.2529e-01 -3.0633e+00 +1.3251e+00 -5.1719e-01 -1.7666e+00 +1.3318e+00
166 0 +5.788800895e+01 +2.105980089e+02 +2.105980089e+02 +1.2043e-02 +2.1408e+00 -1.0789e+00 +1.0430e+00 +2.6709e+00 -9.5994e-01 +1.6588e+00 -4.1431e+00 +4.4583e-01 +2.2363e+00
333 0 +3.070458236e+01 +1.834145824e+02 +1.834145824e+02 -8.5453e-01 -4.4309e-01 -1.5996e+00 +1.8690e+00 -2.0028e+00 +3.2814e+00 +4.2570e+00 +2.7981e+00 +2.3665e+00 +1.6046e+00
687 0 +3.064114195e+01 +1.833511419e+02 +1.833511419e+02 -6.4361e-01 -1.2831e+00 -2.2813e+00 +3.1153e+00 -2.8634e+00 +2.5949e+00 +1.8392e+00 +3.6766e-01 -1.7017e+00 +5.0491e-01
792 0 +2.696605698e+01 +1.796760570e+02 +1.796760570e+02 -2.1492e+00 -4.0683e+00 +2.2495e+00 +3.3251e-01 +1.0281e+00 +2.4129e+00 +6.4987e-01 -3.8536e+00 +2.6314e+00 -3.8876e+00
1073 0 +1.794558760e+01 +1.706555876e+02 +1.706555876e+02 -1.2249e+00 -1.5107e+00 +2.5392e-01 +1.7258e+00 -2.0496e+00 +4.1010e+00 +4.0590e+00 +1.8408e+00 -2.0099e+00 -1.7907e+00
1685 0 +1.583943834e+01 +1.685494383e+02 +1.685494383e+02 -4.5726e-01 +1.7861e+00 -3.0849e+00 +2.8252e+00 +4.4628e+00 -3.9334e+00 +1.0829e+00 -4.6307e+00 +1.8008e+00 +1.5133e+00
1704 0 +1.480956986e+01 +1.675195699e+02 +1.675195699e+02 +1.2947e-01 +8.4287e-01 -1.4511e+00 +3.5429e+00 +3.8182e+00 -3.7348e+00 +1.1344e+00 -4.9161e+00 +2.5391e+00 +1.2162e+00
1977 0 +9.746372226e+00 +1.624563722e+02 +1.624563722e+02 -1.8380e-01 -1.1108e-03 -2.2513e+00 +2.0134e+00 +4.6364e+00 -4.7583e+00 +8.3079e-01 -4.9485e+00 +2.3561e+00 +1.4959e+00
2139 0 +9.194211481e+00 +1.619042115e+02 +1.619042115e+02 -5.8025e-01 +2.6418e-01 -2.0012e+00 +3.3105e+00 +4.9704e+00 -4.8130e+00 +5.6605e-01 -4.2351e+00 +1.6993e+00 +1.9578e+00
2248 0 +8.972016155e+00 +1.616820162e+02 +1.616820162e+02 -4.3276e-01 +1.0745e+00 -2.1158e+00 +2.5607e+00 +4.8047e+00 -3.9450e+00 +1.4620e+00 -4.0025e+00 +1.9446e+00 +1.8782e+00
2287 0 +8.919812771e+00 +1.616298128e+02 +1.616298128e+02 -1.4194e-01 +4.7795e-01 -1.9680e+00 +2.8623e+00 +4.4664e+00 -4.1084e+00 +1.2447e+00 -4.4967e+00 +2.3901e+00 +1.2754e+00
2351 0 +8.147981194e+00 +1.608579812e+02 +1.608579812e+02 -3.0996e-02 +6.4571e-01 -1.2453e+00 +2.5671e+00 +4.2842e+00 -3.8892e+00 +1.3174e+00 -4.8988e+00 +1.6350e+00 +1.9538e+00
2492 0 +7.941277010e+00 +1.606512770e+02 +1.606512770e+02 -2.6638e-01 +4.9929e-01 -1.8912e+00 +2.7280e+00 +4.5308e+00 -4.3296e+00 +1.3899e+00 -4.1962e+00 +1.8365e+00 +2.3171e+00
% f evaluations | g evaluations | best noise-free fitness - Fopt (9.980000000000e+01) + sum g_i+ | measured fitness | best measured fitness or single-digit g-values | x1 | x2...
1 0 +7.630194997e+01 +1.761019500e+02 +1.761019500e+02 +5.9671e-01 -3.8264e-02 +7.4769e-01 +1.6230e+00 -1.3415e-01 -1.3414e-01 +1.6792e+00 +8.6743e-01 -3.6947e-01 +6.4256e-01
4 0 +7.124472023e+01 +1.710447202e+02 +1.710447202e+02 -5.0171e-01 +1.9523e+00 +8.6503e-02 -9.5771e-01 +9.2254e-01 -1.1208e+00 +3.0886e-01 -1.8597e+00 -1.2282e+00 +2.9686e-01
7 0 +6.778363538e+01 +1.675836354e+02 +1.675836354e+02 -3.7917e-01 -8.5659e-02 -1.0063e+00 -1.0962e+00 +9.1253e-01 +1.4562e+00 +2.7990e-02 +1.1035e+00 +4.6164e-01 -5.4512e-01
51 0 +6.423420797e+01 +1.640342080e+02 +1.640342080e+02 -1.2543e+00 -3.6934e-02 +1.8461e+00 -9.2715e-02 +8.3614e-01 +1.4358e-01 -1.7278e-01 +1.0711e+00 +1.4617e+00 -1.1693e+00
61 0 +5.695073560e+01 +1.567507356e+02 +1.567507356e+02 -1.0683e-01 +1.8585e+00 +1.8122e+00 +2.6116e-01 +1.4628e+00 +8.3726e-01 -1.1808e+00 -1.6582e-02 +1.7068e+00 -1.6153e-01
109 0 +5.624152064e+01 +1.560415206e+02 +1.560415206e+02 +1.1692e-01 +1.3925e+00 +1.9252e+00 +5.7119e-01 +4.1619e-01 +1.0431e+00 -2.6638e+00 +1.4380e+00 +2.1400e+00 +1.4085e+00
140 0 +5.542279215e+01 +1.552227922e+02 +1.552227922e+02 +2.0582e-01 +2.5452e-01 -9.9863e-01 +1.1743e-01 +4.5873e-01 -1.6697e+00 +7.4062e-01 -6.6439e-01 +4.6024e-01 +3.8348e-01
180 0 +5.110561538e+01 +1.509056154e+02 +1.509056154e+02 -1.7648e+00 +1.0324e-01 +6.7565e-01 -3.6398e-01 +2.6328e+00 +7.6656e-01 -1.4299e+00 +3.5524e+00 +3.3071e-01 -2.1695e-01
211 0 +5.042039313e+01 +1.502203931e+02 +1.502203931e+02 +1.1767e-01 -2.8199e+00 +5.8644e-02 +8.5823e-01 -2.8411e+00 -2.8554e-01 +1.4609e+00 +2.3925e+00 +2.8352e+00 +1.9688e+00
310 0 +2.549051309e+01 +1.252905131e+02 +1.252905131e+02 -1.7136e+00 -2.0488e+00 +5.1211e-01 +2.7964e+00 -4.0693e+00 +1.9589e-01 -6.1090e-01 +1.6453e+00 +1.8151e+00 +2.1056e+00
759 0 +1.786820649e+01 +1.176682065e+02 +1.176682065e+02 -2.4355e-01 -1.8248e+00 -3.7734e-01 +4.0273e+00 -4.9801e+00 -6.7141e-01 -3.0840e-01 +1.5550e+00 +1.0413e+00 +2.0849e+00
1101 0 +1.758954388e+01 +1.173895439e+02 +1.173895439e+02 +2.7475e-01 -1.9638e+00 -7.5132e-01 +2.1867e+00 -4.6564e+00 -4.9841e-01 +1.0179e-01 +1.0343e+00 +6.4865e-01 +8.7733e-01
1539 0 +1.663267867e+01 +1.164326787e+02 +1.164326787e+02 +3.0163e-01 -2.2846e+00 -2.5371e-01 +3.1955e+00 -3.5072e+00 -8.4359e-01 -2.1108e+00 +1.6058e+00 +1.4616e+00 +9.6033e-01
1607 0 +1.180191676e+01 +1.116019168e+02 +1.116019168e+02 +4.9776e-01 -1.4087e+00 -7.3919e-03 +2.2516e+00 -4.1952e+00 +3.3673e-01 -1.9394e+00 +1.2608e+00 +1.1111e+00 +1.8269e+00
1716 0 +1.019139142e+01 +1.099913914e+02 +1.099913914e+02 +7.9836e-01 -1.2258e+00 -1.8289e-01 +2.1160e+00 -4.6106e+00 -5.5751e-01 -1.3236e+00 +1.4025e+00 +1.4394e+00 +1.9062e+00
% f evaluations | g evaluations | best noise-free fitness - Fopt (-1.194100000000e+02) + sum g_i+ | measured fitness | best measured fitness or single-digit g-values | x1 | x2...
1 0 +7.751724898e+01 -4.189275102e+01 -4.189275102e+01 +5.9671e-01 -3.8264e-02 +7.4769e-01 +1.6230e+00 -1.3415e-01 -1.3414e-01 +1.6792e+00 +8.6743e-01 -3.6947e-01 +6.4256e-01
6 0 +7.677999533e+01 -4.263000467e+01 -4.263000467e+01 +4.2408e-01 -2.8508e-01 -5.7692e-01 +7.1168e-01 +1.1310e+00 +1.0313e+00 -7.3922e-01 -2.0921e-01 +4.3126e-01 +1.0755e+00
17 0 +7.236273790e+01 -4.704726210e+01 -4.704726210e+01 -8.7468e-01 +8.8708e-01 +1.2586e+00 -7.2068e-01 +1.0634e+00 +5.1278e-01 +9.2206e-01 +1.9968e+00 -1.4539e-01 -6.5374e-01
18 0 +7.131435777e+01 -4.809564223e+01 -4.809564223e+01 -7.8951e-01 -7.1581e-01 +2.2898e-02 +4.4115e-01 +3.7669e-01 +9.2718e-01 +1.1300e-01 +1.5535e+00 -1.6466e-01 +2.8202e+00
24 0 +6.819395380e+01 -5.121604620e+01 -5.121604620e+01 -6.3037e-01 +3.1646e-01 +1.4557e-01 -5.5160e-01 +2.2439e+00 +7.3392e-01 -1.9251e+00 +2.8645e-01 -5.6179e-01 +9.5243e-01
52 0 +6.166237240e+01 -5.774762760e+01 -5.774762760e+01 +2.1169e-01 -4.3935e-01 +1.8987e+00 +5.8126e-01 +9.8710e-01 -1.8645e-01 -5.1759e-01 +1.6297e+00 -2.3579e+00 +1.4576e+00
53 0 +4.776452709e+01 -7.164547291e+01 -7.164547291e+01 +3.5711e-01 -1.7851e-01 +9.0587e-01 +4.5880e-02 +1.4117e+00 +7.4942e-01 -1.7392e+00 +2.8911e+00 -1.5702e+00 +1.3373e+00
59 0 +4.268951563e+01 -7.672048437e+01 -7.672048437e+01 -1.0532e+00 -1.1228e+00 +5.7159e-01 +3.6529e-01 +1.9704e+00 +6.0174e-01 -5.4178e-01 +3.7215e+00 -1.9853e-01 +2.3173e+00
262 0 +3.444462472e+01 -8.496537528e+01 -8.496537528e+01 +4.5934e-01 +1.4147e-01 +3.5404e+00 +1.4111e-01 +2.4176e+00 +3.9528e-03 -6.2399e-01 +3.5588e+00 -1.0376e+00 +1.3320e+00
329 0 +2.967742608e+01 -8.973257392e+01 -8.973257392e+01 +1.8357e-01 -2.1229e+00 +3.0487e+00 -1.4667e+00 +2.6139e+00 +2.5227e-01 -1.6229e+00 +3.9973e+00 +2.6913e-01 +2.7733e+00
427 0 +2.882692278e+01 -9.058307722e+01 -9.058307722e+01 +8.9594e-01 +1.2572e-02 +2.0263e+00 -9.4312e-01 +2.6175e+00 -5.6512e-01 -2.1303e+00 +4.4268e+00 +1.8870e+00 +2.0971e+00
497 0 +2.797979719e+01 -9.143020281e+01 -9.143020281e+01 -3.1924e-01 +7.3578e-02 +1.3005e+00 -3.6736e-01 +3.2689e+00 +9.0324e-01 -1.8787e+00 +4.8455e+00 -6.8907e-01 +1.3700e+00
551 0 +2.650311107e+01 -9.290688893e+01 -9.290688893e+01 +5.2256e-01 +5.2069e-01 +2.2631e+00 +1.4530e+00 +1.6777e+00 +3.5841e-01 -1.2009e+00 +3.4984e+00 -1.1750e+00 +2.6534e+00
580 0 +2.252581479e+01 -9.688418521e+01 -9.688418521e+01 +7.5142e-01 -5.0796e-01 +2.0762e+00 +5.3623e-01 +2.9322e+00 +6.5504e-01 -1.6848e+00 +4.2770e+00 +4.2596e-01 +2.8353e+00
682 0 +2.128935491e+01 -9.812064509e+01 -9.812064509e+01 -2.4630e-02 +3.6631e-01 +2.9837e+00 -1.5562e-01 +2.3359e+00 +4.1988e-01 -2.4139e+00 +3.0830e+00 -1.0692e+00 +1.8019e+00
854 0 +1.906054178e+01 -1.003494582e+02 -1.003494582e+02 -1.1514e-01 +7.0860e-01 +2.5189e+00 -4.0623e-01 +3.3878e+00 +4.1231e-02 -2.5582e+00 +4.1198e+00 -8.1738e-01 +3.1162e+00
932 0 +1.836202724e+01 -1.010479728e+02 -1.010479728e+02 -9.5955e-02 +8.8839e-01 +2.7396e+00 -3.9313e-01 +3.7506e+00 +5.2075e-01 -1.9590e+00 +4.4170e+00 -7.3710e-01 +2.9031e+00
1028 0 +1.762544863e+01 -1.017845514e+02 -1.017845514e+02 +1.7660e-01 +1.9311e-01 +2.4901e+00 -2.5339e-01 +2.8481e+00 +1.1427e-01 -1.7971e+00 +4.3724e+00 -4.8302e-01 +1.8442e+00
1161 0 +1.713892057e+01 -1.022710794e+02 -1.022710794e+02 -4.7344e-01 +6.9306e-02 +2.2249e+00 +4.1166e-02 +3.1695e+00 +8.6462e-01 -1.2852e+00 +4.3967e+00 -1.7575e-01 +3.3195e+00
1238 0 +1.699662882e+01 -1.024133712e+02 -1.024133712e+02 +3.9172e-01 -1.7687e-01 +2.3417e+00 -4.1089e-01 +3.0565e+00 +4.2235e-01 -1.7837e+00 +4.1616e+00 +1.4487e-01 +2.2544e+00
1331 0 +1.640815160e+01 -1.030018484e+02 -1.030018484e+02 -1.3994e-01 +2.0340e-01 +2.3740e+00 -4.1765e-01 +3.0568e+00 +5.1840e-01 -1.6987e+00 +3.9583e+00 +4.1320e-01 +3.0248e+00
1349 0 +1.611506832e+01 -1.032949317e+02 -1.032949317e+02 -1.2564e-01 +5.5108e-01 +2.5296e+00 +2.4392e-01 +2.8849e+00 +2.5753e-01 -1.5078e+00 +4.2144e+00 +4.0754e-01 +2.9789e+00
1395 0 +1.536322251e+01 -1.040467775e+02 -1.040467775e+02 -3.6448e-01 +1.3860e-01 +2.5141e+00 -5.2325e-01 +2.8274e+00 +5.4849e-01 -1.7205e+00 +4.2930e+00 -2.2387e-01 +2.7485e+00
1650 0 +1.520903532e+01 -1.042009647e+02 -1.042009647e+02 -2.6068e-01 +1.1570e-01 +2.7421e+00 +1.5690e-01 +2.6975e+00 +4.3927e-01 -1.7168e+00 +4.0262e+00 +5.5594e-02 +2.8892e+00
1882 0 +1.480203934e+01 -1.046079607e+02 -1.046079607e+02 -2.0620e-01 +7.3579e-02 +2.6483e+00 -8.8540e-02 +2.8277e+00 +4.9318e-01 -1.5458e+00 +4.2887e+00 -1.6565e-01 +2.8776e+00
2239 0 +1.479902726e+01 -1.046109727e+02 -1.046109727e+02 -1.3736e-01 +4.5354e-02 +2.5460e+00 -7.3293e-02 +2.8298e+00 +3.5010e-01 -1.5249e+00 +4.2085e+00 +1.1642e-01 +2.6658e+00
2318 0 +1.479141820e+01 -1.046185818e+02 -1.046185818e+02 -1.9420e-01 +1.2331e-02 +2.7420e+00 -3.3397e-02 +2.7705e+00 +5.0060e-01 -1.7313e+00 +4.1714e+00 -9.8491e-02 +2.5777e+00
2346 0 +1.478881003e+01 -1.046211900e+02 -1.046211900e+02 -1.2762e-01 +2.3368e-01 +2.5636e+00 +5.4285e-02 +2.9468e+00 +4.0890e-01 -1.6189e+00 +4.3320e+00 +1.8498e-01 +2.7562e+00
2352 0 +1.477152796e+01 -1.046384720e+02 -1.046384720e+02 -1.8943e-01 +1.4237e-01 +2.7084e+00 +1.6468e-01 +2.8215e+00 +5.6630e-01 -1.5517e+00 +4.2892e+00 +2.8379e-01 +2.7840e+00
2365 0 +1.471605679e+01 -1.046939432e+02 -1.046939432e+02 -1.0597e-01 -2.6567e-02 +2.6572e+00 -9.8736e-02 +2.8713e+00 +5.0876e-01 -1.4982e+00 +4.2384e+00 +1.9923e-01 +2.7368e+00
2439 0 +1.470320160e+01 -1.047067984e+02 -1.047067984e+02 -1.1739e-01 +1.7608e-01 +2.7040e+00 -7.7065e-02 +2.9161e+00 +4.1518e-01 -1.6581e+00 +4.3153e+00 +1.9093e-01 +2.7935e+00
2455 0 +1.469562668e+01 -1.047143733e+02 -1.047143733e+02 -5.6408e-02 +1.7317e-01 +2.6378e+00 -3.0530e-02 +2.9011e+00 +5.1021e-01 -1.6699e+00 +4.1369e+00 +1.5826e-01 +2.6915e+00
% f evaluations | g evaluations | best noise-free fitness - Fopt (1.077000000000e+01) + sum g_i+ | measured fitness | best measured fitness or single-digit g-values | x1 | x2...
1 0 +7.974913433e+01 +9.051913433e+01 +9.051913433e+01 +5.9671e-01 -3.8264e-02 +7.4769e-01 +1.6230e+00 -1.3415e-01 -1.3414e-01 +1.6792e+00 +8.6743e-01 -3.6947e-01 +6.4256e-01
4 0 +7.160999518e+01 +8.237999518e+01 +8.237999518e+01 -5.0171e-01 +1.9523e+00 +8.6503e-02 -9.5771e-01 +9.2254e-01 -1.1208e+00 +3.0886e-01 -1.8597e+00 -1.2282e+00 +2.9686e-01
71 0 +7.123246491e+01 +8.200246491e+01 +8.200246491e+01 +6.0787e-01 +2.1034e+00 -5.5114e-01 +1.0606e-01 +1.1351e+00 -2.1591e+00 -1.0692e+00 -1.6858e+00 -6.9072e-01 +8.3229e-01
106 0 +5.730871572e+01 +6.807871572e+01 +6.807871572e+01 +1.1857e+00 +4.7738e+00 +1.0092e-01 -3.3447e-01 -2.8279e-02 -1.4588e+00 +9.7715e-01 -3.0753e+00 -1.1217e+00 +1.7902e+00
110 0 +5.525101503e+01 +6.602101503e+01 +6.602101503e+01 +3.7176e-01 +7.1816e-01 +1.5106e-01 -9.2419e-01 -9.8394e-01 +3.9734e-01 +1.8538e+00 -8.1282e-01 -3.6792e+00 +2.0292e+00
316 0 +3.997007860e+01 +5.074007860e+01 +5.074007860e+01 +2.2829e+00 +4.4447e+00 -3.6174e-01 -1.4179e-01 -3.3308e-01 -1.1528e+00 +1.2794e+00 -1.3257e+00 -4.1198e+00 +2.9817e+00
531 0 +3.104455888e+01 +4.181455888e+01 +4.181455888e+01 +1.5802e+00 +1.3317e+00 -9.0682e-01 -5.4883e-01 -1.0136e+00 +1.3598e+00 +3.0552e+00 -1.6039e+00 -4.8597e+00 +2.3996e+00
630 0 +2.726629654e+01 +3.803629654e+01 +3.803629654e+01 +2.0691e+00 +2.4291e+00 -2.2714e+00 -4.6203e-02 +9.8319e-01 -1.8758e-02 +1.9139e+00 -2.4149e+00 -3.8614e+00 +2.0918e+00
655 0 +2.150719294e+01 +3.227719294e+01 +3.227719294e+01 +1.2185e+00 +3.2876e+00 -6.7769e-01 -1.0567e+00 -1.9692e-01 +7.7727e-01 +2.2225e+00 -1.8200e+00 -4.4154e+00 +2.8577e+00
711 0 +2.046339357e+01 +3.123339357e+01 +3.123339357e+01 +1.5138e+00 +3.6066e+00 -3.1350e+00 -9.7577e-01 +6.6836e-01 +2.4302e+00 +3.5347e+00 -1.3656e+00 -3.3927e+00 +2.4690e+00
785 0 +1.277472679e+01 +2.354472679e+01 +2.354472679e+01 +2.0447e+00 +3.4859e+00 -3.0875e+00 -1.7420e+00 +5.1131e-01 +1.5066e+00 +3.2197e+00 -2.6832e+00 -3.9989e+00 +2.9406e+00
1291 0 +1.186105950e+01 +2.263105950e+01 +2.263105950e+01 +8.0952e-01 +4.2099e+00 -2.9189e+00 -1.3007e+00 +6.4781e-01 +1.4524e+00 +3.1965e+00 -3.1099e+00 -4.0594e+00 +2.6909e+00
1361 0 +1.130641687e+01 +2.207641687e+01 +2.207641687e+01 +1.0598e+00 +3.2550e+00 -2.8346e+00 -5.7086e-01 +3.0345e-01 +1.4565e+00 +3.7169e+00 -3.2900e+00 -4.1884e+00 +2.9656e+00
1427 0 +1.117869646e+01 +2.194869646e+01 +2.194869646e+01 +1.2909e+00 +3.9757e+00 -2.5835e+00 -4.5405e-01 +2.3948e-01 +2.2190e+00 +4.4511e+00 -2.7492e+00 -4.8117e+00 +2.6269e+00
1433 0 +9.550310053e+00 +2.032031005e+01 +2.032031005e+01 +1.2227e+00 +3.9556e+00 -2.8866e+00 -6.0997e-01 +6.5941e-01 +1.5375e+00 +3.7463e+00 -2.9360e+00 -4.3095e+00 +2.6422e+00
1554 0 +9.342663101e+00 +2.011266310e+01 +2.011266310e+01 +1.5711e+00 +4.4741e+00 -2.8052e+00 -9.2626e-01 +7.3224e-01 +2.1749e+00 +4.0213e+00 -2.7181e+00 -4.6024e+00 +2.6605e+00
1797 0 +9.121209252e+00 +1.989120925e+01 +1.989120925e+01 +1.2959e+00 +4.0840e+00 -2.4822e+00 -9.4581e-01 +2.0787e-01 +2.3240e+00 +4.0069e+00 -2.6619e+00 -4.7539e+00 +2.9043e+00
1992 0 +9.108021986e+00 +1.987802199e+01 +1.987802199e+01 +1.5314e+00 +4.2801e+00 -2.7146e+00 -8.1155e-01 +4.4516e-01 +2.0782e+00 +3.9442e+00 -2.9612e+00 -4.6791e+00 +2.6523e+00
2135 0 +9.049711948e+00 +1.981971195e+01 +1.981971195e+01 +1.4383e+00 +4.4404e+00 -2.3244e+00 -7.4868e-01 +4.1976e-01 +2.0336e+00 +3.8808e+00 -2.6837e+00 -4.5169e+00 +2.7454e+00
2205 0 +9.031393001e+00 +1.980139300e+01 +1.980139300e+01 +8.7655e-01 +3.9933e+00 -2.7465e+00 -8.4210e-01 +3.3362e-01 +1.5856e+00 +3.8090e+00 -3.3198e+00 -4.5490e+00 +2.8044e+00
2263 0 +8.988589621e+00 +1.975858962e+01 +1.975858962e+01 +1.3511e+00 +4.0142e+00 -2.2929e+00 -7.3185e-01 +1.7200e-01 +2.0671e+00 +3.8859e+00 -2.7417e+00 -4.7509e+00 +2.9369e+00
2335 0 +8.954843915e+00 +1.972484391e+01 +1.972484391e+01 +8.1387e-01 +4.2524e+00 -2.4778e+00 -1.0512e+00 +3.8558e-01 +1.9828e+00 +4.0650e+00 -3.1800e+00 -4.7425e+00 +2.9396e+00
2336 0 +8.944989503e+00 +1.971498950e+01 +1.971498950e+01 +9.4720e-01 +4.2374e+00 -2.5391e+00 -7.4904e-01 +4.9099e-01 +1.4954e+00 +3.9004e+00 -3.3424e+00 -4.5964e+00 +2.8122e+00
2430 0 +8.939584964e+00 +1.970958496e+01 +1.970958496e+01 +1.0339e+00 +4.1294e+00 -2.6086e+00 -8.4784e-01 +3.7576e-01 +2.0954e+00 +4.1110e+00 -3.1323e+00 -4.7467e+00 +3.0161e+00
2457 0 +8.901211571e+00 +1.967121157e+01 +1.967121157e+01 +1.1710e+00 +4.3781e+00 -2.5617e+00 -9.8344e-01 +5.4366e-01 +1.9998e+00 +4.0625e+00 -3.0874e+00 -4.6787e+00 +2.7599e+00
2467 0 +8.855361455e+00 +1.962536146e+01 +1.962536146e+01 +1.0056e+00 +4.2565e+00 -2.5576e+00 -8.9845e-01 +3.5793e-01 +1.9909e+00 +4.1583e+00 -3.1931e+00 -4.9361e+00 +2.9053e+00
% f evaluations | g evaluations | best noise-free fitness - Fopt (2.137000000000e+01) + sum g_i+ | measured fitness | best measured fitness or single-digit g-values | x1 | x2...
1 0 +8.383956709e+01 +1.052095671e+02 +1.052095671e+02 +5.9671e-01 -3.8264e-02 +7.4769e-01 +1.6230e+00 -1.3415e-01 -1.3414e-01 +1.6792e+00 +8.6743e-01 -3.6947e-01 +6.4256e-01
2 0 +8.042922161e+01 +1.017992216e+02 +1.017992216e+02 -3.6342e-01 -3.6573e-01 +3.4196e-01 -1.8133e+00 -1.6249e+00 -4.6229e-01 -9.1283e-01 +4.1425e-01 -8.0802e-01 -1.3123e+00
17 0 +8.017889666e+01 +1.015488967e+02 +1.015488967e+02 -8.7468e-01 +8.8708e-01 +1.2586e+00 -7.2068e-01 +1.0634e+00 +5.1278e-01 +9.2206e-01 +1.9968e+00 -1.4539e-01 -6.5374e-01
29 0 +7.957236286e+01 +1.009423629e+02 +1.009423629e+02 +2.1352e-01 +7.6213e-01 +1.6860e+00 -1.1378e+00 +2.2330e+00 -1.8521e+00 -5.1785e-02 +6.8832e-01 +3.8099e-01 -5.2270e-01
45 0 +7.731561834e+01 +9.868561834e+01 +9.868561834e+01 +4.8407e-01 +6.7305e-02 -1.9674e+00 +1.0880e-02 -1.2045e+00 +7.6967e-01 +4.6660e-01 -8.3988e-01 -4.1387e-01 -9.5921e-01
70 0 +7.614862302e+01 +9.751862302e+01 +9.751862302e+01 +9.7452e-01 -1.0054e-01 -5.9868e-01 +2.1518e-01 -9.5602e-01 +3.8786e-01 +7.9715e-01 -5.1217e-01 -7.6676e-01 +4.7135e-02
73 0 +7.038519529e+01 +9.175519529e+01 +9.175519529e+01 +2.3222e+00 +1.8333e+00 -6.3873e-01 -1.3241e+00 +2.1592e-01 +5.2290e-01 +2.1951e-01 -2.6201e-01 -3.0179e-01 -2.6621e-01
78 0 +5.415742481e+01 +7.552742481e+01 +7.552742481e+01 +1.3925e+00 -9.5492e-01 -1.5067e+00 -1.1002e+00 -1.8406e+00 -4.8330e-01 +7.5160e-01 -1.2983e+00 -1.4312e+00 +3.8631e-01
159 0 +4.675134505e+01 +6.812134505e+01 +6.812134505e+01 +3.0579e+00 +1.5654e-01 -1.8490e+00 +1.7861e-01 -7.5100e-01 +9.2093e-01 +1.5880e+00 +6.0943e-01 -2.4617e+00 -1.3473e-01
261 0 +3.374358356e+01 +5.511358356e+01 +5.511358356e+01 +2.0749e+00 +1.0307e+00 -4.6760e+00 +3.0763e-02 -3.1713e+00 -1.3961e+00 -1.4257e+00 -3.1043e+00 -3.5092e+00 -1.4391e-02
340 0 +2.344995044e+01 +4.481995044e+01 +4.481995044e+01 +9.0525e-01 -1.2659e+00 -2.7457e+00 +2.0901e+00 -3.6268e+00 -6.8390e-01 +1.1337e+00 -8.0954e-01 -4.0902e+00 +2.3086e-01
620 0 +2.020055357e+01 +4.157055357e+01 +4.157055357e+01 +2.6230e+00 -1.3405e+00 -2.9558e+00 -1.2221e+00 -3.3984e+00 -1.0699e+00 +5.2899e-02 -1.2830e+00 -3.0862e+00 -5.3772e-01
808 0 +1.772942146e+01 +3.909942146e+01 +3.909942146e+01 -4.3284e+00 +4.1562e-01 +4.3244e+00 +3.4863e+00 -1.8026e-01 +2.4622e+00 -3.7779e+00 -6.2136e-01 -2.1919e+00 -2.0380e+00
1039 0 +1.356851944e+01 +3.493851944e+01 +3.493851944e+01 -3.5926e+00 -5.3209e-01 +3.4772e+00 +2.8866e+00 +1.8118e+00 +2.5904e+00 -3.3917e+00 -8.5768e-01 -7.3999e-01 -2.7350e+00
1177 0 +9.078875031e+00 +3.044887503e+01 +3.044887503e+01 -2.5599e+00 +2.9009e-01 +4.6073e+00 +3.4232e+00 +2.1822e+00 +2.0421e+00 -3.4458e+00 -9.9153e-01 -1.3842e+00 -1.1652e+00
1718 0 +8.992271263e+00 +3.036227126e+01 +3.036227126e+01 -3.3869e+00 -8.5965e-01 +3.9720e+00 +4.4477e+00 +1.6581e+00 +2.5481e+00 -4.1770e+00 +2.3036e-01 -2.1163e+00 -1.9445e+00
1794 0 +8.969441405e+00 +3.033944140e+01 +3.033944140e+01 -4.4069e+00 -1.0680e+00 +4.1332e+00 +2.8291e+00 +1.3654e+00 +2.4574e+00 -4.2793e+00 -1.0265e+00 -1.7096e+00 -2.3450e+00
1843 0 +8.245167061e+00 +2.961516706e+01 +2.961516706e+01 -3.1395e+00 +6.7738e-01 +4.3700e+00 +3.1000e+00 +2.7798e+00 +2.1143e+00 -4.9090e+00 -5.1038e-01 -1.7283e+00 -3.0740e+00
1854 0 +7.827487584e+00 +2.919748758e+01 +2.919748758e+01 -3.5722e+00 +4.9924e-01 +4.5629e+00 +2.7859e+00 +2.3999e+00 +1.9961e+00 -4.3065e+00 -6.4371e-01 -2.4070e+00 -2.8868e+00
1934 0 +7.351784388e+00 +2.872178439e+01 +2.872178439e+01 -2.7568e+00 -5.0354e-02 +4.2470e+00 +3.3225e+00 +2.0208e+00 +2.2463e+00 -4.3233e+00 +3.5514e-02 -2.4392e+00 -2.3785e+00
1977 0 +6.182660136e+00 +2.755266014e+01 +2.755266014e+01 -3.5994e+00 -3.4700e-01 +3.9588e+00 +3.7838e+00 +1.8873e+00 +2.5014e+00 -3.8786e+00 -4.4033e-01 -1.6323e+00 -2.2199e+00
2190 0 +6.037994077e+00 +2.740799408e+01 +2.740799408e+01 -3.4450e+00 -7.1478e-01 +4.4267e+00 +2.9378e+00 +2.0352e+00 +2.8511e+00 -4.2948e+00 -3.7813e-01 -1.9651e+00 -2.4961e+00
2210 0 +5.417165463e+00 +2.678716546e+01 +2.678716546e+01 -3.0344e+00 +9.8326e-02 +4.1436e+00 +3.3807e+00 +2.0108e+00 +2.4082e+00 -4.3736e+00 -4.7546e-01 -1.2263e+00 -2.0144e+00
2281 0 +4.858733871e+00 +2.622873387e+01 +2.622873387e+01 -3.3082e+00 +1.5508e-01 +4.5174e+00 +3.5639e+00 +1.3185e+00 +2.5336e+00 -4.3328e+00 -1.3493e+00 -1.8722e+00 -2.4676e+00
2318 0 +4.036536745e+00 +2.540653674e+01 +2.540653674e+01 -3.6610e+00 -1.1215e-02 +4.4813e+00 +3.3859e+00 +1.6915e+00 +2.5067e+00 -4.5564e+00 -7.6654e-01 -2.2232e+00 -2.6433e+00
2431 0 +3.517213991e+00 +2.488721399e+01 +2.488721399e+01 -3.4355e+00 +6.0943e-02 +4.6316e+00 +3.7552e+00 +2.1936e+00 +2.6765e+00 -4.1681e+00 -9.7832e-01 -1.7049e+00 -2.4689e+00
