% f evaluations | g evaluations | best noise-free fitness - Fopt (7.627000000000e+01) + sum g_i+ | measured fitness | best measured fitness or single-digit g-values | x1 | x2...
1 0 +1.552914355e+06 +1.552990625e+06 +1.552990625e+06 +5.9671e-01 -3.8264e-02 +7.4769e-01 +1.6230e+00 -1.3415e-01 -1.3414e-01 +1.6792e+00 +8.6743e-01 -3.6947e-01 +6.4256e-01
2 0 +6.218440916e+05 +6.219203616e+05 +6.219203616e+05 -3.6342e-01 -3.6573e-01 +3.4196e-01 -1.8133e+00 -1.6249e+00 -4.6229e-01 -9.1283e-01 +4.1425e-01 -8.0802e-01 -1.3123e+00
3 0 +1.868508053e+05 +1.869270753e+05 +1.869270753e+05 +1.5656e+00 -1.2578e-01 +1.6753e-01 -1.3247e+00 -4.4438e-01 +2.1092e-01 -1.0510e+00 +4.7570e-01 -5.0064e-01 -1.9169e-01
4 0 +1.355190486e+04 +1.362817486e+04 +1.362817486e+04 -5.0171e-01 +1.9523e+00 +8.6503e-02 -9.5771e-01 +9.2254e-01 -1.1208e+00 +3.0886e-01 -1.8597e+00 -1.2282e+00 +2.9686e-01
11 0 +8.121793620e+01 +1.574879362e+02 +1.574879362e+02 -1.3154e+00 -3.2065e-01 -2.4271e-01 -7.0228e-01 -6.1286e-02 +5.0405e-01 +1.9862e+00 +2.7458e-01 +3.5755e-01 +2.5554e-02
290 0 +4.767181237e+01 +1.239418124e+02 +1.239418124e+02 -4.0802e+00 +5.0155e-01 -5.6791e-02 +9.3174e-01 -9.1263e-01 -2.4126e-01 -2.2499e+00 -1.8526e+00 -1.0472e+00 +2.1558e+00
382 0 +3.638850841e+01 +1.126585084e+02 +1.126585084e+02 -2.8757e+00 +3.8642e-01 +6.6387e-01 +3.0662e+00 -1.6648e+00 -2.1075e+00 -7.2185e-02 -1.9390e-01 -1.6801e+00 +1.8030e+00
554 0 +3.265246576e+01 +1.089224658e+02 +1.089224658e+02 -4.0967e+00 -7.3029e-01 +1.6468e-01 +1.5661e+00 -1.5317e+00 -4.1965e-01 -2.0572e+00 -1.4049e+00 -9.3405e-01 +2.0772e+00
1082 0 +2.749362901e+01 +1.037636290e+02 +1.037636290e+02 -2.3164e+00 -3.9185e-01 -9.8226e-01 -6.4085e-01 -5.0214e-01 -1.0566e-01 -4.3514e-01 +1.0507e+00 -7.1033e-01 +9.5473e-01
1379 0 +2.673567574e+01 +1.030056757e+02 +1.030056757e+02 -1.9688e+00 -1.2317e+00 +7.3959e-01 +7.1131e-02 -1.9596e+00 +2.4225e-01 -1.9562e+00 +7.6156e-01 -8.9172e-01 -3.5243e-01
1508 0 +2.582271099e+01 +1.020927110e+02 +1.020927110e+02 -1.1127e+00 -1.4017e+00 +1.4768e+00 +9.4297e-01 -3.0916e+00 +1.6959e-02 -4.5546e-01 +1.4712e+00 -2.2418e-02 +5.3241e-01
1542 0 +1.731450174e+01 +9.358450174e+01 +9.358450174e+01 -8.1663e-01 -4.1191e-01 -2.3308e-01 +1.4559e+00 -1.1805e+00 -1.1617e+00 -1.8036e-01 +1.3957e+00 -9.0560e-01 +3.0936e-01
1735 0 +1.310526434e+01 +8.937526434e+01 +8.937526434e+01 -1.1000e+00 -6.2661e-01 +1.8405e-01 +1.8998e+00 -2.1699e+00 -9.7294e-01 -4.4531e-01 +5.5588e-01 -6.6578e-01 +2.0951e+00
1743 0 +1.129500938e+01 +8.756500938e+01 +8.756500938e+01 +1.0407e+00 -2.3375e+00 -3.6727e-01 +1.7577e+00 -1.9213e+00 -2.0319e+00 +1.6261e-01 +1.4584e+00 -1.0212e+00 +1.2217e+00
1776 0 +1.009749942e+01 +8.636749942e+01 +8.636749942e+01 -5.7704e-01 -1.9413e+00 -1.3625e+00 +2.5234e-01 -1.2608e+00 -1.5265e+00 -1.8467e+00 +1.1810e+00 -2.1726e+00 +1.6154e+00
1854 0 +8.176940504e+00 +8.444694050e+01 +8.444694050e+01 -1.0024e+00 -1.6815e+00 -3.5835e-01 +1.0035e+00 -1.7121e+00 -3.1034e+00 +2.1018e-01 +1.9000e+00 -1.2382e+00 +1.9031e+00
1961 0 +6.102304339e+00 +8.237230434e+01 +8.237230434e+01 +7.7210e-02 -4.1214e+00 -8.7433e-01 +5.7448e-01 -1.3275e+00 -1.8726e+00 -7.3191e-02 -5.8254e-02 -7.4709e-01 +1.6946e+00
2066 0 +5.112979018e+00 +8.138297902e+01 +8.138297902e+01 -8.7438e-01 -3.0607e+00 -1.0217e+00 +1.1418e+00 -1.3977e+00 -2.5378e+00 -1.1872e+00 +1.1966e+00 -5.3612e-01 +1.4290e+00
2122 0 +4.721382830e+00 +8.099138283e+01 +8.099138283e+01 -1.7865e+00 -3.6145e+00 -8.5980e-02 +7.5278e-01 -2.5057e+00 -3.1084e+00 -1.1036e+00 +7.0598e-01 -1.5527e+00 +2.8412e+00
2148 0 +3.484509207e+00 +7.975450921e+01 +7.975450921e+01 -9.9479e-01 -2.1076e+00 -1.5487e+00 +4.2132e-01 -1.0250e+00 -1.5744e+00 -7.1551e-02 +1.2594e+00 -8.3738e-01 +2.3121e+00
2302 0 +2.885820130e+00 +7.915582013e+01 +7.915582013e+01 -9.8835e-01 -2.0386e+00 -1.2361e+00 +2.7212e-01 -2.0905e+00 -2.2837e+00 -8.5371e-01 +1.9095e+00 -8.2241e-01 +3.6248e+00
2368 0 +1.871203270e+00 +7.814120327e+01 +7.814120327e+01 -1.0367e+00 -2.3405e+00 -1.1042e+00 +1.1320e+00 -1.7898e+00 -1.3644e+00 -4.6572e-01 +1.3975e+00 -1.1594e+00 +2.4117e+00
% f evaluations | g evaluations | best noise-free fitness - Fopt (-2.255000000000e+01) + sum g_i+ | measured fitness | best measured fitness or single-digit g-values | x1 | x2...
1 0 +4.591578469e+05 +4.591352969e+05 +4.591352969e+05 +5.9671e-01 -3.8264e-02 +7.4769e-01 +1.6230e+00 -1.3415e-01 -1.3414e-01 +1.6792e+00 +8.6743e-01 -3.6947e-01 +6.4256e-01
2 0 +4.059641924e+05 +4.059416424e+05 +4.059416424e+05 -3.6342e-01 -3.6573e-01 +3.4196e-01 -1.8133e+00 -1.6249e+00 -4.6229e-01 -9.1283e-01 +4.1425e-01 -8.0802e-01 -1.3123e+00
5 0 +2.064410243e+04 +2.062155243e+04 +2.062155243e+04 +8.3847e-01 +2.7137e-01 -1.5648e-02 -2.0110e-01 -1.3785e+00 -6.1984e-01 -3.6064e-01 +1.1571e+00 +4.4362e-01 -1.6630e+00
20 0 +4.194544284e+03 +4.171994284e+03 +4.171994284e+03 -3.4651e-01 +9.5640e-01 +3.1409e-01 -1.1457e+00 +2.7318e-01 +4.8532e-01 -7.8386e-01 +2.5373e-01 +1.5821e-01 -1.0430e+00
45 0 +3.853335733e+03 +3.830785733e+03 +3.830785733e+03 +4.8407e-01 +6.7305e-02 -1.9674e+00 +1.0880e-02 -1.2045e+00 +7.6967e-01 +4.6660e-01 -8.3988e-01 -4.1387e-01 -9.5921e-01
50 0 +3.474848783e+03 +3.452298783e+03 +3.452298783e+03 +9.2027e-02 +1.5799e+00 +1.7737e-01 -7.6128e-01 +1.6231e+00 +6.3891e-01 -9.3725e-01 -9.0339e-02 -7.7562e-01 -1.2828e+00
53 0 +8.659142173e+02 +8.433642173e+02 +8.433642173e+02 +3.9753e-01 +8.4876e-01 -1.1240e+00 -1.1176e+00 +2.2400e+00 +5.8391e-01 +6.4849e-01 +1.1647e+00 -2.4258e-01 +3.2472e-01
89 0 +5.289010238e+02 +5.063510238e+02 +5.063510238e+02 -1.8085e+00 -1.2678e+00 +2.0888e+00 -5.1993e-02 -4.8444e-01 -7.3777e-02 -3.2566e-01 -1.8614e-01 +1.0037e+00 -1.0872e-02
103 0 +6.869952357e+01 +4.614952357e+01 +4.614952357e+01 +2.2803e-01 -3.1345e-01 -2.6464e-01 -4.7031e-01 -8.9218e-02 -2.2022e-01 +9.6065e-01 -4.4585e-01 -1.0256e+00 +5.3520e-01
417 0 +6.320251583e+01 +4.065251583e+01 +4.065251583e+01 -4.3906e-01 +1.8775e-02 +1.8567e+00 -8.9056e-01 -1.3617e-01 -9.4072e-01 +9.2945e-02 -4.6964e-01 -1.3099e+00 +1.0343e+00
444 0 +5.687948189e+01 +3.432948189e+01 +3.432948189e+01 -1.1813e-01 -5.5879e-01 +1.1226e+00 -1.3179e+00 -7.3139e-01 -3.2942e-02 +1.2630e+00 -8.9489e-02 -7.3680e-01 +1.0887e+00
477 0 +4.072443680e+01 +1.817443680e+01 +1.817443680e+01 +2.2943e-01 +3.8245e-01 +1.8669e+00 -2.4007e+00 +6.1325e-01 +2.2058e-01 +1.1778e+00 -1.0056e+00 -8.1209e-01 +1.0149e+00
531 0 +3.395210446e+01 +1.140210446e+01 +1.140210446e+01 +5.2258e-01 +7.6006e-01 +1.6996e+00 -2.6783e+00 -2.0577e-01 -5.6615e-01 +9.2543e-01 -1.0188e+00 -1.0035e+00 +1.1418e+00
619 0 +3.207050393e+01 +9.520503928e+00 +9.520503928e+00 -9.8097e-02 +1.0080e+00 +1.3746e+00 -1.4868e+00 +9.7952e-01 +1.4043e+00 +1.6341e-02 -1.7590e+00 +9.0497e-01 -6.0415e-01
1069 0 +2.910305192e+01 +6.553051925e+00 +6.553051925e+00 +7.3347e-01 +3.1501e-01 +1.3994e+00 -1.4874e+00 +8.9392e-01 +9.9587e-01 +8.0866e-01 -1.5546e+00 +1.0866e-01 -1.3949e+00
1116 0 +2.823998109e+01 +5.689981088e+00 +5.689981088e+00 -2.1407e-01 +1.9376e+00 +7.5872e-01 -2.2122e+00 +6.9831e-01 +1.6810e+00 -5.2042e-01 -2.6626e+00 +1.8938e+00 -5.9591e-01
1132 0 +2.583022713e+01 +3.280227132e+00 +3.280227132e+00 -4.2773e-01 +1.1456e+00 +1.8812e+00 -1.6412e+00 +1.6702e+00 +1.3598e+00 -1.6017e-02 -3.4392e+00 +7.9912e-01 +2.4303e-01
1226 0 +2.332525252e+01 +7.752525187e-01 +7.752525187e-01 +3.5122e-01 +2.3216e+00 +1.0561e+00 -1.4888e+00 +1.1394e+00 +1.5533e+00 -3.4298e-01 -1.4674e+00 +1.9418e+00 +1.0020e-01
1356 0 +2.264501416e+01 +9.501415647e-02 +9.501415647e-02 -7.0657e-01 +8.0534e-01 +3.3452e+00 -2.7357e+00 +1.8946e+00 -2.9959e-01 -3.3857e-01 -2.5509e+00 +1.7711e-01 +2.1032e-01
1411 0 +2.103451816e+01 -1.515481838e+00 -1.515481838e+00 +1.8973e-01 +2.4620e+00 +4.6913e+00 -1.6802e+00 +2.2138e+00 +1.2373e+00 -9.2525e-01 -3.1622e+00 +1.7875e+00 -3.1188e-01
1481 0 +1.515574383e+01 -7.394256165e+00 -7.394256165e+00 +1.9947e+00 +4.2338e+00 +3.2802e+00 -1.5455e+00 +1.1917e+00 +1.6620e-01 -9.4358e-01 -1.9171e+00 +9.5728e-01 +5.0532e-01
1623 0 +1.159964354e+01 -1.095035646e+01 -1.095035646e+01 +2.4555e+00 +2.2190e+00 +3.0273e+00 -2.6217e+00 +1.7789e+00 +3.0456e-01 +5.0317e-01 -1.9658e+00 +1.7340e+00 -1.8363e+00
1828 0 +1.059664751e+01 -1.195335249e+01 -1.195335249e+01 +2.2552e+00 +2.6474e+00 +3.5628e+00 -1.4375e+00 +1.4116e+00 -6.8145e-01 +2.7484e-01 -1.4927e+00 +1.7837e+00 +8.7654e-01
2016 0 +9.231539266e+00 -1.331846073e+01 -1.331846073e+01 +1.4093e+00 +1.6112e+00 +2.0642e+00 -1.9208e+00 +2.6352e+00 -6.2974e-01 +1.9155e-01 -1.9231e+00 +3.0645e+00 -3.6990e-01
2082 0 +8.022112787e+00 -1.452788721e+01 -1.452788721e+01 +1.7192e+00 +1.6884e+00 +2.8604e+00 -1.1443e+00 +5.8457e-01 -4.4748e-01 +1.7131e-01 -2.9896e+00 +1.7935e+00 -3.0545e-01
2120 0 +6.247988712e+00 -1.630201129e+01 -1.630201129e+01 +2.5015e+00 +3.1320e+00 +2.2045e+00 -2.2355e+00 +1.5835e+00 -5.3935e-01 +1.3658e-01 -1.9537e+00 +1.4441e+00 +5.3165e-02
2136 0 +4.258384962e+00 -1.829161504e+01 -1.829161504e+01 +2.0424e+00 +2.6851e+00 +2.1925e+00 -3.0363e+00 +1.7977e+00 +3.5969e-01 +3.0293e-01 -3.7437e+00 +2.1706e+00 -8.8466e-01
2276 0 +4.177605168e+00 -1.837239483e+01 -1.837239483e+01 +1.9701e+00 +3.0756e+00 +3.0756e+00 -2.5657e+00 +1.1015e+00 -5.9938e-01 -4.5297e-01 -4.3773e+00 +3.3253e+00 -3.7205e-01
2281 0 +3.924015452e+00 -1.862598455e+01 -1.862598455e+01 +1.7238e+00 +2.1387e+00 +2.9214e+00 -1.8065e+00 +1.6330e+00 -4.1592e-01 -4.1444e-02 -4.0300e+00 +2.2904e+00 -5.0760e-01
2295 0 +3.579037493e+00 -1.897096251e+01 -1.897096251e+01 +1.9960e+00 +2.9456e+00 +1.4638e+00 -2.1477e+00 +1.5276e+00 -1.0673e+00 -5.3032e-02 -3.7055e+00 +2.7454e+00 +8.6563e-01
2347 0 +2.751811430e+00 -1.979818857e+01 -1.979818857e+01 +1.8728e+00 +2.8518e+00 +2.6915e+00 -2.3319e+00 +1.9935e+00 -9.2287e-01 -2.6742e-01 -2.7496e+00 +2.4847e+00 +1.3326e-01
2360 0 +1.970204890e+00 -2.057979511e+01 -2.057979511e+01 +2.1029e+00 +2.4411e+00 +3.0429e+00 -2.6539e+00 +2.1783e+00 -9.9233e-01 +8.2760e-02 -3.1443e+00 +2.2714e+00 -4.4992e-01
2455 0 +1.575051105e+00 -2.097494889e+01 -2.097494889e+01 +2.2841e+00 +2.9562e+00 +2.8010e+00 -3.3263e+00 +1.9944e+00 -8.0964e-01 +2.8076e-01 -4.4427e+00 +2.2709e+00 +1.4995e-01
% f evaluations | g evaluations | best noise-free fitness - Fopt (1.366000000000e+01) + sum g_i+ | measured fitness | best measured fitness or single-digit g-values | x1 | x2...
1 0 +5.397776853e+05 +5.397913453e+05 +5.397913453e+05 +5.9671e-01 -3.8264e-02 +7.4769e-01 +1.6230e+00 -1.3415e-01 -1.3414e-01 +1.6792e+00 +8.6743e-01 -3.6947e-01 +6.4256e-01
4 0 +1.417905962e+02 +1.554505962e+02 +1.554505962e+02 -5.0171e-01 +1.9523e+00 +8.6503e-02 -9.5771e-01 +9.2254e-01 -1.1208e+00 +3.0886e-01 -1.8597e+00 -1.2282e+00 +2.9686e-01
163 0 +8.570568200e+01 +9.936568200e+01 +9.936568200e+01 -7.8204e-01 +3.0097e-01 +1.1503e+00 +7.6801e-01 +1.3434e+00 +1.6144e+00 +4.4796e+00 +3.3053e+00 +9.2965e-01 +8.5935e-01
242 0 +7.598543710e+01 +8.964543710e+01 +8.964543710e+01 +1.3465e+00 +3.2465e+00 +3.3599e-01 -5.5272e-01 +2.6697e+00 -4.7605e-01 +4.5923e-01 +1.4273e+00 -1.1661e+00 -2.6927e-01
687 0 +6.574770640e+01 +7.940770640e+01 +7.940770640e+01 +2.0303e-01 -1.9868e-01 -1.4528e+00 +1.9261e+00 -1.7362e+00 -2.9700e+00 +4.2025e-01 -2.0768e+00 -3.0177e+00 -2.1027e+00
701 0 +2.644884443e+01 +4.010884443e+01 +4.010884443e+01 +1.3047e+00 +8.7057e-01 +4.0943e-01 +1.7423e+00 +3.7922e-01 -9.5476e-01 +2.0782e+00 -1.4859e+00 +1.3183e+00 -2.2681e+00
1080 0 +2.325196201e+01 +3.691196201e+01 +3.691196201e+01 -5.5479e-01 +1.9499e+00 +3.5672e-01 +3.0306e-01 -1.1604e+00 -3.2510e-02 +3.0510e+00 -1.9978e-01 +1.1917e+00 -1.9975e+00
1384 0 +1.187514780e+01 +2.553514780e+01 +2.553514780e+01 +9.4396e-01 +3.2080e+00 +2.6318e+00 +1.4185e+00 -1.0408e+00 -1.1609e+00 +1.9258e+00 -2.1827e+00 +1.6576e+00 -2.3140e+00
1525 0 +9.831869445e+00 +2.349186944e+01 +2.349186944e+01 +1.3342e+00 +9.3286e-01 +3.1572e+00 +2.5010e+00 -2.1795e+00 -7.0078e-01 +4.1487e+00 -3.2569e+00 +1.6342e+00 -3.1804e+00
1673 0 +9.815760661e+00 +2.347576066e+01 +2.347576066e+01 -5.2599e-01 +1.1535e+00 +2.8592e+00 +8.1801e-02 -1.0593e+00 -1.1070e+00 +4.4442e+00 -1.1605e+00 +1.8727e+00 -3.8616e+00
1809 0 +8.744723465e+00 +2.240472346e+01 +2.240472346e+01 -6.8072e-01 +1.6072e+00 +2.9232e+00 +1.1979e+00 -1.3968e+00 -1.2481e+00 +3.7125e+00 -1.6997e+00 +2.7293e+00 -3.4761e+00
1817 0 +3.994350590e+00 +1.765435059e+01 +1.765435059e+01 -2.3535e-01 +1.4916e+00 +2.0523e+00 +1.0045e+00 -2.4246e+00 -3.9811e-01 +4.3748e+00 -3.0411e+00 +1.3221e+00 -4.4832e+00
2054 0 +1.681872055e+00 +1.534187205e+01 +1.534187205e+01 +3.7156e-01 +1.7994e+00 +2.8154e+00 -2.0747e-02 -2.2478e+00 -6.8714e-01 +4.1368e+00 -3.6839e+00 +9.7375e-01 -3.7832e+00
2275 0 +1.678022716e+00 +1.533802272e+01 +1.533802272e+01 +3.2184e-01 +2.3519e+00 +2.9521e+00 +6.3486e-01 -1.8677e+00 -9.1329e-01 +3.5785e+00 -3.1348e+00 +1.7201e+00 -3.8220e+00
2302 0 +1.420262122e+00 +1.508026212e+01 +1.508026212e+01 +7.4753e-01 +2.6482e+00 +2.5251e+00 -1.5515e-01 -2.0280e+00 -8.1107e-01 +3.5984e+00 -3.7213e+00 +1.2536e+00 -4.4465e+00
2346 0 +1.333732324e+00 +1.499373232e+01 +1.499373232e+01 +1.2829e-01 +2.0199e+00 +2.9299e+00 -9.7768e-02 -1.5639e+00 -8.4844e-02 +4.4706e+00 -3.3843e+00 +1.4176e+00 -4.0375e+00
2354 0 +1.142716826e+00 +1.480271683e+01 +1.480271683e+01 +7.0053e-01 +1.9817e+00 +1.7446e+00 +5.6489e-02 -1.5512e+00 -6.6264e-01 +3.5430e+00 -3.2634e+00 +1.0483e+00 -4.1985e+00
2362 0 +1.060478644e+00 +1.472047864e+01 +1.472047864e+01 +1.4470e-01 +2.2781e+00 +2.6688e+00 +1.7812e-01 -1.9669e+00 -5.3278e-01 +3.7884e+00 -3.9143e+00 +1.8335e+00 -3.9190e+00
2460 0 +8.133781550e-01 +1.447337816e+01 +1.447337816e+01 -2.1026e-01 +2.3103e+00 +2.6327e+00 +1.2916e-01 -1.5864e+00 -4.5757e-01 +3.5597e+00 -3.8895e+00 +8.1073e-01 -3.8322e+00
2490 0 +6.087012326e-01 +1.426870123e+01 +1.426870123e+01 +5.6891e-01 +2.2308e+00 +2.7280e+00 +9.9212e-02 -1.6585e+00 -7.8696e-01 +3.7608e+00 -3.4446e+00 +1.5746e+00 -4.1579e+00
% f evaluations | g evaluations | best noise-free fitness - Fopt (9.378400000000e+02) + sum g_i+ | measured fitness | best measured fitness or single-digit g-values | x1 | x2...
1 0 +1.015271303e+07 +1.015365087e+07 +1.015365087e+07 +5.9671e-01 -3.8264e-02 +7.4769e-01 +1.6230e+00 -1.3415e-01 -1.3414e-01 +1.6792e+00 +8.6743e-01 -3.6947e-01 +6.4256e-01
3 0 +9.688708469e+06 +9.689646309e+06 +9.689646309e+06 +1.5656e+00 -1.2578e-01 +1.6753e-01 -1.3247e+00 -4.4438e-01 +2.1092e-01 -1.0510e+00 +4.7570e-01 -5.0064e-01 -1.9169e-01
4 0 +2.131023532e+04 +2.224807532e+04 +2.224807532e+04 -5.0171e-01 +1.9523e+00 +8.6503e-02 -9.5771e-01 +9.2254e-01 -1.1208e+00 +3.0886e-01 -1.8597e+00 -1.2282e+00 +2.9686e-01
78 0 +1.296244913e+04 +1.390028913e+04 +1.390028913e+04 -1.4783e+00 +1.4908e+00 -1.6321e-01 +1.2728e-01 +9.8670e-01 +3.6685e-01 +3.2701e-01 -1.5753e+00 -5.7465e-01 +4.7872e-01
92 0 +5.483407900e+02 +1.486180790e+03 +1.486180790e+03 -8.1443e-01 +2.3956e+00 -3.0953e-02 +2.9687e-01 +8.0752e-01 +2.6898e-01 -2.1031e+00 -1.4741e+00 +8.4181e-02 -1.6287e-01
386 0 +2.636919216e+02 +1.201531922e+03 +1.201531922e+03 -2.7624e+00 +1.2042e+00 +3.6230e+00 -2.0527e+00 -1.2285e+00 +1.1152e+00 -2.4761e+00 -9.7217e-01 +5.4780e-01 -1.6456e+00
429 0 +9.820346800e+01 +1.036043468e+03 +1.036043468e+03 -1.4510e+00 -4.2043e-01 +1.3871e+00 -3.3006e+00 +5.6551e-01 -3.1202e-01 -8.0238e-01 -1.8163e+00 +1.0030e+00 -9.0398e-01
563 0 +7.185257261e+01 +1.009692573e+03 +1.009692573e+03 -1.4573e+00 +1.3909e+00 +1.1917e+00 -1.8494e+00 +8.9312e-01 +9.3360e-01 -3.4311e+00 -1.4866e+00 +2.4669e-01 -1.9738e+00
609 0 +5.538631487e+01 +9.932263149e+02 +9.932263149e+02 -2.1466e+00 +3.5466e+00 +3.0441e-01 -8.6058e-01 +2.0278e+00 +9.7407e-01 -1.2657e+00 +1.3118e+00 +1.4916e+00 -1.6297e+00
766 0 +5.525879797e+01 +9.930987980e+02 +9.930987980e+02 +8.1828e-01 +1.2007e+00 +2.1534e+00 -2.9362e+00 +1.6915e+00 +9.8662e-01 -9.9557e-01 -1.0447e+00 +7.0911e-01 -4.4073e-01
900 0 +5.523683356e+01 +9.930768336e+02 +9.930768336e+02 -1.1967e+00 +1.4442e+00 -7.5056e-01 -2.2392e+00 +6.6994e-01 +2.0234e+00 -2.8111e+00 -5.4187e-02 +2.0577e+00 -7.5711e-01
902 0 +5.329454659e+01 +9.911345466e+02 +9.911345466e+02 -7.1146e-01 +1.0613e+00 +1.6744e+00 -2.7267e+00 +1.3277e+00 +5.4975e-01 -1.4850e+00 -7.5456e-01 -1.6525e-01 -1.4614e-01
926 0 +4.749824214e+01 +9.853382421e+02 +9.853382421e+02 -1.6675e+00 +8.6009e-01 +2.1162e+00 -1.1716e+00 +1.4412e+00 +9.7166e-01 -4.3730e+00 +2.3273e-01 +1.9951e+00 -3.3361e-01
1003 0 +3.699511427e+01 +9.748351143e+02 +9.748351143e+02 +4.1801e-01 +2.0916e+00 +2.0556e+00 -2.6081e+00 -2.1573e-01 +1.1385e+00 -1.7673e+00 -2.8831e-01 +2.6213e+00 -2.3973e-01
1205 0 +2.815725600e+01 +9.659972560e+02 +9.659972560e+02 -1.1387e+00 +1.9147e+00 +3.3334e+00 -2.3775e+00 +5.9603e-01 +2.3808e+00 -1.5720e+00 +1.0471e+00 +2.6322e+00 -1.0697e+00
1292 0 +1.396230369e+01 +9.518023037e+02 +9.518023037e+02 +1.1492e+00 +3.4536e+00 +2.6923e+00 -2.2245e+00 +9.8192e-01 +3.9933e+00 -8.2548e-01 +2.4210e+00 +2.2280e+00 +1.2693e+00
2010 0 +1.270455104e+01 +9.505445510e+02 +9.505445510e+02 -1.2489e+00 +3.7105e+00 +2.9759e+00 -1.7265e-01 -1.2247e+00 +4.0831e+00 -1.1845e+00 +3.7820e+00 +4.2854e+00 +2.1582e+00
2027 0 +1.163298998e+01 +9.494729900e+02 +9.494729900e+02 +9.3843e-01 +2.9758e+00 +4.6986e+00 -1.6790e+00 -6.4466e-01 +2.9715e+00 +6.3606e-01 +2.1666e+00 +3.0020e+00 +2.3885e+00
2039 0 +1.019018140e+01 +9.480301814e+02 +9.480301814e+02 -9.2676e-01 +3.5843e+00 +3.0052e+00 -1.5342e+00 -5.8020e-01 +3.4002e+00 -1.6499e+00 +2.9003e+00 +2.4536e+00 +1.3849e+00
2044 0 +1.006311684e+01 +9.479031168e+02 +9.479031168e+02 -9.8391e-01 +3.0825e+00 +2.5383e+00 -2.4060e+00 -6.7263e-01 +3.7538e+00 -1.8175e+00 +4.1253e+00 +3.5044e+00 +2.6275e+00
2086 0 +9.562677211e+00 +9.474026772e+02 +9.474026772e+02 +3.2996e-01 +4.1567e+00 +3.8388e+00 -1.1064e+00 -7.3088e-02 +2.9775e+00 +1.1963e-01 +2.9469e+00 +2.0844e+00 +2.3129e+00
2087 0 +9.119816324e+00 +9.469598163e+02 +9.469598163e+02 +6.3473e-01 +4.9245e+00 +3.8024e+00 -1.3352e-01 -1.8418e-01 +3.4828e+00 -1.2253e+00 +3.3409e+00 +9.2762e-01 +3.5703e+00
2103 0 +3.938664540e+00 +9.417786645e+02 +9.417786645e+02 -2.2408e-01 +3.8851e+00 +2.9032e+00 -1.4102e+00 -1.3001e+00 +2.7542e+00 -2.2039e+00 +2.3732e+00 +2.7980e+00 +1.7506e+00
2310 0 +2.415110510e+00 +9.402551105e+02 +9.402551105e+02 -3.5463e-01 +3.5382e+00 +4.1184e+00 -1.9556e+00 -1.7848e+00 +3.2986e+00 -1.0891e+00 +3.4920e+00 +2.7486e+00 +3.3319e+00
2392 0 +1.904030576e+00 +9.397440306e+02 +9.397440306e+02 +1.2412e-01 +3.9239e+00 +3.7860e+00 -2.2060e+00 -2.1086e+00 +3.3573e+00 -1.5118e+00 +2.8132e+00 +2.1480e+00 +2.8841e+00
2428 0 +1.542366368e+00 +9.393823664e+02 +9.393823664e+02 -6.2314e-01 +3.3893e+00 +3.9500e+00 -1.3513e+00 -8.4487e-01 +3.9657e+00 -1.2537e+00 +3.1237e+00 +2.4691e+00 +2.1160e+00
% f evaluations | g evaluations | best noise-free fitness - Fopt (-7.872000000000e+01) + sum g_i+ | measured fitness | best measured fitness or single-digit g-values | x1 | x2...
1 0 +4.964310655e+05 +4.963523455e+05 +4.963523455e+05 +5.9671e-01 -3.8264e-02 +7.4769e-01 +1.6230e+00 -1.3415e-01 -1.3414e-01 +1.6792e+00 +8.6743e-01 -3.6947e-01 +6.4256e-01
6 0 +3.485965655e+04 +3.478093655e+04 +3.478093655e+04 +4.2408e-01 -2.8508e-01 -5.7692e-01 +7.1168e-01 +1.1310e+00 +1.0313e+00 -7.3922e-01 -2.0921e-01 +4.3126e-01 +1.0755e+00
9 0 +1.426922370e+04 +1.419050370e+04 +1.419050370e+04 -1.1967e-01 +4.5711e-01 +1.5779e+00 -4.1827e-01 -7.0849e-01 -4.0176e-01 +1.0154e+00 +4.2875e-01 -4.2976e-01 +6.1327e-01
26 0 +2.899273654e+03 +2.820553654e+03 +2.820553654e+03 -1.1609e+00 +1.0179e+00 +2.2222e+00 +1.1325e+00 -1.4194e+00 -3.8423e-01 +1.3669e+00 -6.0767e-01 +5.4382e-01 +8.7463e-01
98 0 +2.298260450e+02 +1.511060450e+02 +1.511060450e+02 +9.5723e-01 +4.8935e-01 +1.9926e+00 -4.4324e-01 +5.0851e-01 -7.6340e-01 +1.3888e+00 +1.8139e-01 +9.4919e-01 -1.1885e+00
109 0 +1.112349427e+02 +3.251494271e+01 +3.251494271e+01 -2.4501e-01 -4.3210e-01 +1.4864e+00 +2.0689e+00 +7.1054e-01 +4.9421e-01 +1.9862e+00 -1.0673e+00 +1.8958e-01 -1.6682e+00
282 0 +6.735481698e+01 -1.136518302e+01 -1.136518302e+01 -3.1291e+00 -1.4032e+00 +9.1238e-01 -4.6551e-01 -1.7079e-02 -8.4467e-01 +2.4994e+00 +6.4188e-01 +2.2972e+00 -5.0350e-01
1237 0 +6.482211538e+01 -1.389788462e+01 -1.389788462e+01 -1.6827e+00 +1.3561e+00 +1.0399e+00 -1.1444e+00 -7.0929e-01 -2.0262e+00 +1.3815e+00 +8.6461e-01 +2.1165e+00 -4.7399e-01
1255 0 +6.189673061e+01 -1.682326939e+01 -1.682326939e+01 +1.0865e-01 +1.7466e+00 +1.9204e+00 -9.8881e-01 +3.6769e-01 -2.0055e+00 +5.6350e-01 +3.9232e-01 +3.4492e+00 -8.7142e-02
1317 0 +6.132723419e+01 -1.739276581e+01 -1.739276581e+01 +2.7332e-01 +2.1192e+00 +1.1398e+00 +1.3801e-01 +5.8868e-02 -4.7148e-01 +6.6105e-01 +7.3751e-01 +1.4974e+00 +2.6602e-02
1356 0 +5.115586766e+01 -2.756413234e+01 -2.756413234e+01 -3.0861e-01 +1.0508e+00 +8.0572e-01 +3.5775e-01 +1.1663e-01 -6.3428e-01 +1.5374e+00 +3.3820e-01 +3.3894e+00 -4.1319e-01
1442 0 +4.068286156e+01 -3.803713844e+01 -3.803713844e+01 -4.2818e-01 +1.2508e+00 -7.3545e-02 -4.3873e-01 +3.5916e-01 -1.8566e+00 +5.9655e-01 +1.4499e+00 +4.1892e+00 +1.3531e-01
1483 0 +3.132039249e+01 -4.739960751e+01 -4.739960751e+01 +1.1880e-01 +1.5471e-01 +5.8129e-01 +6.2621e-01 -4.1343e-01 -2.2651e+00 +1.0537e+00 +8.3636e-01 +3.2503e+00 -3.0666e-02
1629 0 +2.586882771e+01 -5.285117229e+01 -5.285117229e+01 +9.8027e-01 -1.8368e+00 +5.4170e-01 +8.3218e-01 -4.9220e-01 -2.8540e+00 +1.7231e+00 +1.2406e+00 +4.8403e+00 +1.0479e-01
1717 0 +2.180815038e+01 -5.691184962e+01 -5.691184962e+01 +7.4803e-01 -1.3828e-01 -1.3878e+00 -1.0217e+00 +1.4646e-02 -2.8844e+00 +4.1788e-01 +1.5177e+00 +2.0120e+00 -1.0933e+00
1733 0 +1.646970723e+01 -6.225029277e+01 -6.225029277e+01 +2.8884e+00 -1.6471e+00 -1.2173e+00 -1.5903e+00 -2.8348e-01 -1.4651e+00 +1.4040e+00 +1.6502e+00 +4.2241e+00 -4.3221e-02
1841 0 +1.625761449e+01 -6.246238551e+01 -6.246238551e+01 +1.6168e+00 -1.5014e-01 -3.0204e+00 +3.3133e-01 -2.1120e-01 -2.2146e+00 +8.5210e-01 +2.6016e+00 +2.4701e+00 -1.2405e+00
1877 0 +9.807496324e+00 -6.891250368e+01 -6.891250368e+01 +1.8331e+00 -5.0203e-01 -1.3630e+00 +5.5435e-01 -1.2331e+00 -3.5241e+00 +1.1177e+00 +2.7052e+00 +3.3471e+00 -3.6598e-01
2042 0 +8.680925178e+00 -7.003907482e+01 -7.003907482e+01 +4.4729e+00 -3.1216e+00 -3.0830e+00 +5.1457e-01 -1.2433e+00 -4.6015e+00 +1.5802e+00 +1.7739e+00 +3.1803e+00 -2.4370e+00
2124 0 +8.525602002e+00 -7.019439800e+01 -7.019439800e+01 +1.8354e+00 +4.1960e-01 -2.4828e+00 +6.0406e-01 -7.9791e-01 -2.4595e+00 +2.2427e+00 +2.6443e+00 +4.2176e+00 -2.1804e+00
2191 0 +7.092492462e+00 -7.162750754e+01 -7.162750754e+01 +4.3456e+00 -1.3667e+00 -2.7906e+00 -3.8014e-01 -2.3928e+00 -2.5936e+00 +2.8710e+00 +2.3487e+00 +3.1194e+00 -2.1763e+00
2204 0 +4.304916973e+00 -7.441508303e+01 -7.441508303e+01 +3.2369e+00 -2.2019e+00 -2.4389e+00 -1.3569e-01 -1.7922e+00 -4.6949e+00 +1.8507e+00 +2.6172e+00 +3.3156e+00 -1.8383e+00
2259 0 +3.776154266e+00 -7.494384573e+01 -7.494384573e+01 +4.1890e+00 -1.6769e+00 -2.5782e+00 -2.3485e-01 -6.3310e-01 -3.4241e+00 +1.7061e+00 +2.6814e+00 +4.3419e+00 -1.8493e+00
2266 0 +2.742174930e+00 -7.597782507e+01 -7.597782507e+01 +3.0096e+00 -1.0985e+00 -1.9768e+00 -4.6327e-01 -2.4436e+00 -3.4656e+00 +3.1962e+00 +2.7575e+00 +4.0626e+00 -2.1489e+00
2335 0 +2.010045930e+00 -7.670995407e+01 -7.670995407e+01 +2.4780e+00 -1.3485e+00 -1.7559e+00 +8.1198e-02 -1.2310e+00 -4.0170e+00 +2.1527e+00 +3.5551e+00 +4.1969e+00 -1.4539e+00
2433 0 +1.952187459e+00 -7.676781254e+01 -7.676781254e+01 +3.5449e+00 -6.9645e-01 -2.2155e+00 -3.6502e-01 -1.4635e+00 -3.6735e+00 +2.2634e+00 +2.4769e+00 +3.5418e+00 -2.5690e+00
2470 0 +1.892181947e+00 -7.682781805e+01 -7.682781805e+01 +2.9222e+00 -1.5957e+00 -2.5818e+00 +1.4831e-01 -1.1184e+00 -3.6020e+00 +2.2011e+00 +3.1324e+00 +4.0917e+00 -1.9079e+00
2472 0 +1.079214929e+00 -7.764078507e+01 -7.764078507e+01 +3.4696e+00 -1.4797e+00 -2.1032e+00 +9.1840e-01 -1.8419e+00 -3.1664e+00 +2.3731e+00 +2.4220e+00 +3.4371e+00 -1.6500e+00
2487 0 +1.074294719e+00 -7.764570528e+01 -7.764570528e+01 +3.3557e+00 -1.9212e+00 -2.2828e+00 -2.7575e-01 -1.2083e+00 -3.6563e+00 +1.9478e+00 +2.6888e+00 +3.6247e+00 -1.7058e+00
% f evaluations | g evaluations | best noise-free fitness - Fopt (-4.151000000000e+01) + sum g_i+ | measured fitness | best measured fitness or single-digit g-values | x1 | x2...
1 0 +1.856812029e+06 +1.856770519e+06 +1.856770519e+06 +5.9671e-01 -3.8264e-02 +7.4769e-01 +1.6230e+00 -1.3415e-01 -1.3414e-01 +1.6792e+00 +8.6743e-01 -3.6947e-01 +6.4256e-01
2 0 +6.316008743e+05 +6.315593643e+05 +6.315593643e+05 -3.6342e-01 -3.6573e-01 +3.4196e-01 -1.8133e+00 -1.6249e+00 -4.6229e-01 -9.1283e-01 +4.1425e-01 -8.0802e-01 -1.3123e+00
3 0 +4.251113892e+05 +4.250698792e+05 +4.250698792e+05 +1.5656e+00 -1.2578e-01 +1.6753e-01 -1.3247e+00 -4.4438e-01 +2.1092e-01 -1.0510e+00 +4.7570e-01 -5.0064e-01 -1.9169e-01
9 0 +1.274423060e+05 +1.274007960e+05 +1.274007960e+05 -1.1967e-01 +4.5711e-01 +1.5779e+00 -4.1827e-01 -7.0849e-01 -4.0176e-01 +1.0154e+00 +4.2875e-01 -4.2976e-01 +6.1327e-01
28 0 +1.201777722e+04 +1.197626722e+04 +1.197626722e+04 +1.5413e+00 -1.3359e+00 +1.2632e+00 +1.1023e-01 -8.8151e-01 +5.6210e-01 +2.9906e-01 -5.0022e-01 +1.6980e-01 -2.8531e-01
97 0 +2.609103233e+03 +2.567593233e+03 +2.567593233e+03 -4.0145e-01 -8.9048e-01 +8.9073e-01 -1.4223e+00 +5.6441e-01 -2.0595e+00 +2.5501e+00 +1.2583e-01 +2.8792e-01 +6.5428e-01
147 0 +9.969043446e+02 +9.553943446e+02 +9.553943446e+02 -1.1348e+00 +3.1125e-01 +1.0742e+00 +2.4952e-01 -2.5487e+00 -8.5611e-01 -6.4402e-01 -8.2399e-01 -1.4561e+00 +7.1408e-01
185 0 +2.801064828e+02 +2.385964828e+02 +2.385964828e+02 +4.0374e-01 -4.6760e-01 +1.3659e+00 -7.4749e-01 -1.7981e+00 -2.0510e-01 +6.1863e-02 -2.4810e-01 +9.2433e-02 +1.5126e+00
195 0 +2.268971465e+02 +1.853871465e+02 +1.853871465e+02 +1.1751e+00 -7.5371e-01 -8.0108e-01 -7.3668e-01 +7.8503e-01 -7.1921e-01 +2.2346e+00 -4.2795e-01 -6.5990e-01 -3.2806e-01
208 0 +9.634324855e+01 +5.483324855e+01 +5.483324855e+01 -1.4919e+00 +4.8423e-01 +4.9434e-01 +5.4106e-01 +5.9982e-02 -1.5108e+00 +2.1140e+00 -4.1504e-01 -2.1060e+00 +2.8997e-01
584 0 +8.150464875e+01 +3.999464875e+01 +3.999464875e+01 -4.3606e-01 +9.4286e-01 +1.9335e+00 +1.0856e+00 -6.4858e-01 -8.4023e-01 +1.7699e+00 -7.6176e-01 +5.0692e-03 +2.4818e-01
677 0 +7.729923483e+01 +3.578923483e+01 +3.578923483e+01 -1.3142e+00 +5.2787e-01 +1.5178e+00 +3.9619e-01 -1.7654e+00 -1.9159e+00 +1.1224e+00 -1.0339e+00 +1.5334e-01 +3.3671e-01
957 0 +7.668889846e+01 +3.517889846e+01 +3.517889846e+01 +3.9636e-01 +1.1932e+00 +3.0035e+00 +2.2057e+00 -1.0954e+00 +2.8907e-01 +1.1096e-01 -2.8158e-01 -7.7138e-01 +9.7545e-01
1066 0 +7.414218521e+01 +3.263218521e+01 +3.263218521e+01 +1.1975e-01 +3.4032e-01 +2.3679e+00 -8.7650e-01 -1.7972e+00 -5.6848e-01 +6.4706e-01 -4.5789e-01 +1.4388e+00 +6.7824e-01
1147 0 +6.386252514e+01 +2.235252514e+01 +2.235252514e+01 +2.0033e+00 +1.0129e+00 +2.5768e+00 -9.7119e-02 -1.5785e+00 +1.7396e+00 -8.7436e-01 +3.7941e-01 -6.0228e-01 +1.1458e-01
1239 0 +5.827146568e+01 +1.676146568e+01 +1.676146568e+01 +1.1164e+00 +7.3496e-01 +1.8115e+00 -6.8385e-01 -1.1008e+00 -1.4391e-01 -3.4672e-01 +3.2830e-01 -3.3195e-01 +3.7998e-01
1618 0 +5.545789559e+01 +1.394789559e+01 +1.394789559e+01 +8.9938e-01 +1.6765e+00 +7.3015e-01 -1.6563e-01 -1.5977e+00 +6.5996e-01 +1.7343e+00 -8.9007e-02 -4.6289e-01 +2.2728e+00
1619 0 +5.078299946e+01 +9.272999458e+00 +9.272999458e+00 +3.1328e+00 +1.5571e-01 +1.5556e+00 -5.8259e-01 -1.3497e+00 +1.8415e-01 +4.5311e-01 +1.2644e+00 +3.0556e-01 +1.8550e+00
1620 0 +4.197895630e+01 +4.689562987e-01 +4.689562987e-01 +5.8168e-01 -5.3317e-01 +1.2082e+00 -3.2624e-02 -2.4373e+00 +2.2515e-01 +5.4712e-01 -2.7287e-01 -3.4458e-01 +1.8507e+00
1659 0 +3.724552155e+01 -4.264478452e+00 -4.264478452e+00 +1.4112e-01 -6.5335e-01 -1.5647e+00 -5.6955e-01 -1.5754e+00 +1.2771e-01 +1.5654e+00 -1.5201e+00 -5.1098e-01 +2.9471e+00
1729 0 +3.666734409e+01 -4.842655910e+00 -4.842655910e+00 +5.5188e-01 -1.3219e+00 -1.0846e+00 +7.3524e-02 -2.1540e+00 +6.1678e-01 +2.3775e+00 -4.4989e-01 -1.4696e+00 +3.9165e+00
1775 0 +3.082454457e+01 -1.068545543e+01 -1.068545543e+01 -2.3148e-01 -3.5192e+00 -1.6762e+00 -1.0152e+00 -3.4494e+00 +1.9131e+00 +6.4768e-01 -1.5215e+00 -2.1453e+00 +2.4602e+00
1924 0 +2.559668744e+01 -1.591331256e+01 -1.591331256e+01 +6.6663e-01 +1.6840e-02 +4.8739e-01 +7.7094e-01 -3.4433e+00 -3.3012e-01 -3.6125e-01 +7.9513e-02 -1.8273e+00 +2.7183e+00
1960 0 +2.387405820e+01 -1.763594180e+01 -1.763594180e+01 +1.7958e+00 -1.3680e+00 -4.9908e-01 -1.7803e+00 -2.7503e+00 +1.9551e+00 +2.5173e-01 +5.8195e-02 -1.2699e+00 +2.2736e+00
2040 0 +2.350648699e+01 -1.800351301e+01 -1.800351301e+01 +2.3379e-01 -2.4649e+00 -2.9234e+00 -6.4864e-01 -3.8265e+00 +1.7006e+00 +7.1573e-01 -1.6211e+00 -2.5032e+00 +3.8473e+00
2101 0 +2.213375961e+01 -1.937624039e+01 -1.937624039e+01 +1.4444e+00 -6.4820e-01 -2.1906e+00 -2.4343e+00 -3.1327e+00 +2.2181e+00 +2.5833e-01 -8.2455e-01 -1.3334e+00 +3.2194e+00
2107 0 +2.038894315e+01 -2.112105685e+01 -2.112105685e+01 +5.1693e-01 -1.4872e+00 -2.3618e+00 -2.8066e+00 -2.7184e+00 -3.1015e-01 -2.0449e-01 -7.6950e-01 -1.0505e+00 +2.5852e+00
2114 0 +1.870569313e+01 -2.280430687e+01 -2.280430687e+01 +1.2802e+00 -3.0653e+00 -8.8534e-01 +8.2675e-02 -3.3389e+00 +1.6189e+00 -1.5164e+00 -8.0630e-01 -2.1325e+00 +3.6758e+00
2147 0 +1.172169493e+01 -2.978830507e+01 -2.978830507e+01 +9.8175e-01 -2.3410e+00 -2.6574e+00 -1.9954e+00 -4.3742e+00 +9.4596e-02 -4.5535e-01 -7.4338e-01 -1.4990e+00 +3.5423e+00
2217 0 +1.128573065e+01 -3.022426935e+01 -3.022426935e+01 +8.1484e-01 -1.4634e+00 -2.3942e+00 -1.4788e+00 -4.8874e+00 -1.3208e-01 -1.9043e+00 -1.1113e+00 -2.0983e+00 +1.5980e+00
2406 0 +1.026689971e+01 -3.124310029e+01 -3.124310029e+01 +1.7796e+00 -1.9848e+00 -2.0059e+00 -2.1154e+00 -2.0492e+00 +1.6479e+00 -1.7495e+00 -1.8326e-01 -2.4903e+00 +3.4548e+00
% f evaluations | g evaluations | best noise-free fitness - Fopt (1.320700000000e+02) + sum g_i+ | measured fitness | best measured fitness or single-digit g-values | x1 | x2...
1 0 +1.307220624e+06 +1.307352694e+06 +1.307352694e+06 +5.9671e-01 -3.8264e-02 +7.4769e-01 +1.6230e+00 -1.3415e-01 -1.3414e-01 +1.6792e+00 +8.6743e-01 -3.6947e-01 +6.4256e-01
2 0 +6.417404060e+05 +6.418724760e+05 +6.418724760e+05 -3.6342e-01 -3.6573e-01 +3.4196e-01 -1.8133e+00 -1.6249e+00 -4.6229e-01 -9.1283e-01 +4.1425e-01 -8.0802e-01 -1.3123e+00
3 0 +1.364909878e+05 +1.366230578e+05 +1.366230578e+05 +1.5656e+00 -1.2578e-01 +1.6753e-01 -1.3247e+00 -4.4438e-01 +2.1092e-01 -1.0510e+00 +4.7570e-01 -5.0064e-01 -1.9169e-01
6 0 +3.707159746e+04 +3.720366746e+04 +3.720366746e+04 +4.2408e-01 -2.8508e-01 -5.7692e-01 +7.1168e-01 +1.1310e+00 +1.0313e+00 -7.3922e-01 -2.0921e-01 +4.3126e-01 +1.0755e+00
11 0 +5.701200035e+03 +5.833270035e+03 +5.833270035e+03 -1.3154e+00 -3.2065e-01 -2.4271e-01 -7.0228e-01 -6.1286e-02 +5.0405e-01 +1.9862e+00 +2.7458e-01 +3.5755e-01 +2.5554e-02
34 0 +1.701501380e+03 +1.833571380e+03 +1.833571380e+03 +8.7753e-02 -7.9725e-01 +1.7580e-01 -5.7716e-01 +1.0751e+00 -4.7057e-02 -7.2550e-01 -2.2139e-01 +5.1293e-01 -4.6372e-01
65 0 +5.373469219e+01 +1.858046922e+02 +1.858046922e+02 +9.7826e-02 -6.6777e-01 +3.0511e-01 +8.3210e-01 +7.1182e-01 +8.0294e-01 +4.2991e-01 -1.4835e-01 +1.9485e+00 +8.8094e-01
455 0 +5.125447346e+01 +1.833244735e+02 +1.833244735e+02 +3.2367e-02 +6.8749e-01 -6.7038e-01 +8.1841e-01 +1.2807e+00 +1.0345e+00 +6.0318e-01 -1.0151e+00 +9.9859e-01 +7.4855e-01
572 0 +3.483890166e+01 +1.669089017e+02 +1.669089017e+02 -1.2357e-01 +5.4925e-01 +2.6426e-01 +1.7941e-01 +1.2983e+00 -4.3633e-01 -3.7653e-02 -5.6357e-01 +9.2134e-02 -1.0529e-01
669 0 +3.069053683e+01 +1.627605368e+02 +1.627605368e+02 +8.9639e-02 +1.2526e+00 +4.5490e-01 -1.6562e-01 +2.1724e-01 +9.1342e-01 -2.5957e-01 +3.4129e-01 +4.1255e-01 -1.5527e-01
798 0 +2.899759626e+01 +1.610675963e+02 +1.610675963e+02 -2.1994e-01 +4.1830e-01 +1.5160e+00 -2.4675e-01 -1.0518e-01 -1.3334e-01 +7.5299e-01 +8.7014e-01 +1.0965e+00 +9.6502e-02
1208 0 +2.825841661e+01 +1.603284166e+02 +1.603284166e+02 -8.0327e-01 +5.7230e-01 +4.0142e-01 +1.2784e-01 +6.0523e-01 +4.6745e-02 +1.4773e+00 +1.5367e+00 +1.3119e+00 -6.4228e-01
1333 0 +2.727405828e+01 +1.593440583e+02 +1.593440583e+02 -7.4421e-01 +8.4383e-01 +5.2203e-01 -2.0611e-01 +8.3982e-02 -8.9560e-02 +1.4026e+00 +8.9546e-01 +2.4756e-01 -9.1819e-02
1341 0 +2.532538847e+01 +1.573953885e+02 +1.573953885e+02 -5.6659e-01 +1.6449e+00 +6.5249e-02 +6.0403e-02 +3.0913e-01 +2.4250e-01 +1.2976e+00 +1.0473e+00 +1.9890e-01 -2.7664e-01
1370 0 +2.435053740e+01 +1.564205374e+02 +1.564205374e+02 -4.8589e-01 +1.5404e+00 +1.2312e+00 -3.6662e-01 -1.2835e-01 +1.8724e-01 +1.2720e+00 +2.0525e+00 +1.1983e+00 -4.2192e-01
1407 0 +2.331753377e+01 +1.553875338e+02 +1.553875338e+02 -6.1564e-01 +1.1520e+00 +1.0325e+00 +7.4637e-01 +9.1466e-02 -7.2649e-02 +1.6074e+00 +1.1431e+00 +1.2643e+00 -9.0629e-01
1478 0 +2.262461818e+01 +1.546946182e+02 +1.546946182e+02 -7.4890e-01 +1.8355e+00 +7.3413e-01 +8.4797e-01 +6.3574e-01 +5.2024e-01 +1.2497e+00 +6.0713e-02 +7.8646e-01 -1.3546e-01
1496 0 +1.916635404e+01 +1.512363540e+02 +1.512363540e+02 -3.3868e-01 +2.6112e+00 +4.3187e-01 +3.9085e-01 +4.7558e-02 +5.0150e-01 +1.1731e+00 +8.1112e-01 +2.3446e-01 -7.4324e-01
1500 0 +1.111228735e+01 +1.431822873e+02 +1.431822873e+02 -1.0991e+00 +2.3606e+00 +9.6876e-01 +4.9369e-02 -5.1544e-01 -1.2518e-02 +1.2827e+00 +1.1272e+00 -6.1210e-01 -1.9183e+00
1834 0 +7.934341759e+00 +1.400043418e+02 +1.400043418e+02 -2.6109e+00 +3.6783e+00 +3.3048e+00 +5.2921e-01 -1.3113e+00 -5.6451e-01 +2.3274e+00 +8.5164e-01 -8.3578e-01 -3.9637e+00
1914 0 +7.290369121e+00 +1.393603691e+02 +1.393603691e+02 -1.2198e+00 +4.0779e+00 +1.5323e+00 -7.4967e-01 -6.9468e-01 +5.9585e-01 +2.1367e+00 +1.1392e-01 -2.6238e-01 -2.5309e+00
1942 0 +4.435459826e+00 +1.365054598e+02 +1.365054598e+02 -1.3560e+00 +3.6983e+00 +2.5450e+00 +6.2847e-01 -6.7779e-01 -4.1654e-02 +1.1058e+00 -1.0472e+00 -8.7893e-01 -3.0719e+00
1956 0 +4.291524072e+00 +1.363615241e+02 +1.363615241e+02 -1.3191e+00 +3.7294e+00 +2.3335e+00 +4.5591e-01 -3.4042e-01 +9.0200e-01 +7.5111e-01 -4.3835e-01 +3.6387e-02 -2.9000e+00
2101 0 +2.629001896e+00 +1.346990019e+02 +1.346990019e+02 -1.7814e+00 +4.2019e+00 +2.5571e+00 -1.0806e+00 -1.1947e-01 +1.3494e-01 +1.4298e+00 -1.1793e-01 -4.4896e-01 -3.0858e+00
2160 0 +1.762751963e+00 +1.338327520e+02 +1.338327520e+02 -2.5303e+00 +4.0727e+00 +3.2989e+00 -3.5064e-02 +3.0387e-01 -2.1971e-01 +1.8136e+00 +4.1220e-01 +1.9547e-01 -3.1853e+00
2391 0 +1.708679099e+00 +1.337786791e+02 +1.337786791e+02 -2.0110e+00 +4.1825e+00 +2.5125e+00 +2.0769e-01 -2.5501e-02 +9.9475e-01 +8.8001e-01 -2.4494e-02 -8.5776e-02 -3.1912e+00
2413 0 +1.707490841e+00 +1.337774908e+02 +1.337774908e+02 -2.7578e+00 +3.8308e+00 +2.5251e+00 +8.1982e-02 +1.0530e+00 +4.0406e-01 +9.8956e-01 -4.0256e-02 -1.9388e-01 -2.8052e+00
2414 0 +1.349024643e+00 +1.334190246e+02 +1.334190246e+02 -2.0469e+00 +3.7500e+00 +2.8055e+00 -5.4375e-01 +4.9478e-01 +4.6647e-01 +1.2232e+00 -3.3318e-01 +3.7548e-01 -2.6877e+00
2443 0 +1.272254340e+00 +1.333422543e+02 +1.333422543e+02 -2.0754e+00 +4.4357e+00 +3.0981e+00 -5.6691e-01 +5.5536e-02 +3.9469e-01 +1.4660e+00 -3.5925e-01 +1.5430e-02 -3.0180e+00
% f evaluations | g evaluations | best noise-free fitness - Fopt (9.725000000000e+01) + sum g_i+ | measured fitness | best measured fitness or single-digit g-values | x1 | x2...
1 0 +6.732509323e+05 +6.733481823e+05 +6.733481823e+05 +5.9671e-01 -3.8264e-02 +7.4769e-01 +1.6230e+00 -1.3415e-01 -1.3414e-01 +1.6792e+00 +8.6743e-01 -3.6947e-01 +6.4256e-01
3 0 +4.857483733e+05 +4.858456233e+05 +4.858456233e+05 +1.5656e+00 -1.2578e-01 +1.6753e-01 -1.3247e+00 -4.4438e-01 +2.1092e-01 -1.0510e+00 +4.7570e-01 -5.0064e-01 -1.9169e-01
4 0 +1.863674020e+05 +1.864646520e+05 +1.864646520e+05 -5.0171e-01 +1.9523e+00 +8.6503e-02 -9.5771e-01 +9.2254e-01 -1.1208e+00 +3.0886e-01 -1.8597e+00 -1.2282e+00 +2.9686e-01
10 0 +1.080543103e+05 +1.081515603e+05 +1.081515603e+05 +1.9708e-01 +1.0686e+00 -6.0205e-01 -2.2766e-01 -2.9211e-01 -1.3635e+00 +3.9612e-01 +3.6106e-01 +1.0511e-01 -1.3459e-01
11 0 +3.061842291e+04 +3.071567291e+04 +3.071567291e+04 -1.3154e+00 -3.2065e-01 -2.4271e-01 -7.0228e-01 -6.1286e-02 +5.0405e-01 +1.9862e+00 +2.7458e-01 +3.5755e-01 +2.5554e-02
47 0 +1.330748666e+04 +1.340473666e+04 +1.340473666e+04 +2.0647e+00 +1.3526e-01 -5.9973e-01 +3.1398e-01 -1.2328e-02 -1.2097e-01 +7.1417e-01 +8.5751e-01 -4.3050e-01 -4.7582e-01
61 0 +3.575779575e+03 +3.673029575e+03 +3.673029575e+03 +1.6112e+00 -3.7818e-01 -1.1901e+00 -3.8939e-02 +6.4938e-01 -8.9402e-01 -7.5061e-01 -5.7690e-01 -3.2626e-01 -1.9751e+00
75 0 +2.228334478e+03 +2.325584478e+03 +2.325584478e+03 +6.5815e-01 +8.3564e-01 +3.7979e-01 +5.0483e-01 +6.9650e-01 +4.5554e-01 -4.4940e-02 +3.2395e-01 -1.3701e-02 +5.2964e-01
78 0 +2.380312249e+02 +3.352812249e+02 +3.352812249e+02 -1.2118e+00 -9.8377e-02 -6.5767e-01 -5.8599e-01 +1.0025e+00 +1.0737e+00 -2.3641e+00 +3.5291e-01 +7.0535e-01 -4.7273e-01
87 0 +2.039469165e+02 +3.011969165e+02 +3.011969165e+02 -2.5647e+00 -2.0962e-01 -1.9150e+00 +1.1206e-01 -9.4246e-02 +3.6384e-01 +1.1562e+00 +5.0014e-01 +1.0403e+00 +8.7867e-01
88 0 +4.916628448e+01 +1.464162845e+02 +1.464162845e+02 -9.9330e-01 +5.5820e-01 -1.9814e+00 +1.1616e+00 -7.0833e-01 +7.6900e-01 +1.5303e+00 -3.4310e-01 +5.4086e-01 -7.5786e-01
176 0 +2.734177415e+01 +1.245917741e+02 +1.245917741e+02 -1.6201e+00 +3.5587e-01 +4.4014e-01 +1.9535e-01 +1.3179e+00 +1.2428e+00 +5.8007e-01 +2.2945e-01 -3.5928e-01 +8.3948e-01
792 0 +2.300570640e+01 +1.202557064e+02 +1.202557064e+02 +1.9145e+00 +1.7813e+00 +1.3830e+00 +1.2470e+00 +1.3382e+00 +4.5602e-01 +3.7017e-01 -1.5183e+00 -5.2234e-01 +1.9848e-01
859 0 +7.318121055e+00 +1.045681211e+02 +1.045681211e+02 -4.1380e-01 +1.2119e+00 +6.7674e-02 +1.0547e+00 +2.0263e+00 +2.1716e+00 +1.1701e+00 -2.1192e+00 -1.8205e+00 +1.0337e+00
1852 0 +7.148870186e+00 +1.043988702e+02 +1.043988702e+02 +1.8734e+00 +1.7898e+00 +8.6771e-01 -1.9993e-01 +1.8280e+00 +1.3588e+00 +1.3024e+00 -3.6333e+00 -2.1156e+00 +5.1266e-01
1858 0 +5.260253157e+00 +1.025102532e+02 +1.025102532e+02 +1.2343e+00 +4.8373e-01 +2.5333e-01 +2.5826e-01 +3.0322e+00 +1.9679e+00 +1.2126e+00 -2.9810e+00 -1.6576e+00 +1.7086e+00
1964 0 +3.463991921e+00 +1.007139919e+02 +1.007139919e+02 -4.1765e-02 +7.0290e-01 +1.8901e-03 -1.0797e+00 +2.5208e+00 +2.0203e+00 +5.7627e-01 -3.2384e+00 -2.6712e+00 +6.2265e-01
2081 0 +2.633442463e+00 +9.988344246e+01 +9.988344246e+01 +2.2858e-02 +7.0569e-01 +2.0274e-01 +5.4009e-01 +3.3731e+00 +2.4133e+00 +1.4555e+00 -3.6819e+00 -2.3135e+00 +1.1925e+00
2137 0 +2.517905514e+00 +9.976790551e+01 +9.976790551e+01 +6.4090e-01 +1.5208e+00 +5.5235e-01 +1.1831e+00 +2.8406e+00 +1.4941e+00 +7.6208e-01 -3.0555e+00 -2.5695e+00 +1.1049e+00
2191 0 +2.201355829e+00 +9.945135583e+01 +9.945135583e+01 +1.2698e+00 +1.2592e+00 +9.3314e-02 -6.7683e-02 +2.3599e+00 +1.3985e+00 +3.7329e-01 -3.4261e+00 -2.3873e+00 +5.6647e-01
2237 0 +2.155762449e+00 +9.940576245e+01 +9.940576245e+01 +1.1965e+00 +1.4719e+00 +1.0562e+00 +4.0182e-01 +2.5771e+00 +8.6484e-01 +1.0582e+00 -3.5386e+00 -1.6116e+00 +6.8115e-01
2257 0 +2.100790617e+00 +9.935079062e+01 +9.935079062e+01 +2.8951e-01 +4.5966e-01 -8.3609e-03 +5.0149e-01 +3.2458e+00 +1.0078e+00 +6.6958e-01 -3.3471e+00 -2.5220e+00 -1.8851e-02
2267 0 +1.881604933e+00 +9.913160493e+01 +9.913160493e+01 -3.3573e-01 +7.0200e-01 +2.7424e-01 +2.6545e-01 +3.4756e+00 +9.7053e-01 +9.1328e-01 -3.4349e+00 -2.3360e+00 +1.4156e+00
2271 0 +1.016015896e+00 +9.826601590e+01 +9.826601590e+01 +5.4920e-02 +1.0948e+00 +1.8418e-01 -1.4845e-01 +2.7607e+00 +9.3708e-01 +9.7525e-01 -3.8892e+00 -2.4273e+00 +5.1585e-01
2373 0 +7.407048371e-01 +9.799070484e+01 +9.799070484e+01 +7.0955e-01 +9.9991e-01 +5.0765e-01 -5.6923e-02 +2.8491e+00 +1.2220e+00 +1.1668e+00 -3.8267e+00 -1.9623e+00 +7.1502e-01
% f evaluations | g evaluations | best noise-free fitness - Fopt (-2.033000000000e+01) + sum g_i+ | measured fitness | best measured fitness or single-digit g-values | x1 | x2...
1 0 +2.814711601e+07 +2.814709568e+07 +2.814709568e+07 +5.9671e-01 -3.8264e-02 +7.4769e-01 +1.6230e+00 -1.3415e-01 -1.3414e-01 +1.6792e+00 +8.6743e-01 -3.6947e-01 +6.4256e-01
3 0 +2.728984832e+07 +2.728982799e+07 +2.728982799e+07 +1.5656e+00 -1.2578e-01 +1.6753e-01 -1.3247e+00 -4.4438e-01 +2.1092e-01 -1.0510e+00 +4.7570e-01 -5.0064e-01 -1.9169e-01
6 0 +2.425356646e+07 +2.425354613e+07 +2.425354613e+07 +4.2408e-01 -2.8508e-01 -5.7692e-01 +7.1168e-01 +1.1310e+00 +1.0313e+00 -7.3922e-01 -2.0921e-01 +4.3126e-01 +1.0755e+00
18 0 +2.211353518e+07 +2.211351485e+07 +2.211351485e+07 -7.8951e-01 -7.1581e-01 +2.2898e-02 +4.4115e-01 +3.7669e-01 +9.2718e-01 +1.1300e-01 +1.5535e+00 -1.6466e-01 +2.8202e+00
23 0 +2.126225833e+07 +2.126223800e+07 +2.126223800e+07 +2.4147e+00 -1.7673e+00 +7.8626e-01 -1.5127e+00 -3.7193e-01 +1.1890e+00 +1.6428e-01 -9.7774e-01 -6.1530e-01 +7.7960e-01
54 0 +1.041167596e+07 +1.041165563e+07 +1.041165563e+07 +2.5323e+00 -1.0775e+00 +5.4512e-01 +1.1244e+00 -6.1857e-01 +3.3679e-01 -2.4578e-01 +9.2214e-02 -3.5358e-01 +2.0595e+00
101 0 +1.569932484e+06 +1.569912154e+06 +1.569912154e+06 +3.7017e+00 -1.6124e+00 +3.0585e+00 +6.4165e-01 +3.0269e+00 -3.9912e-01 -7.7462e-01 -1.3349e+00 -2.6992e+00 +3.9398e+00
102 0 +1.431649620e+06 +1.431629290e+06 +1.431629290e+06 +4.4786e+00 -2.2907e+00 +2.0127e+00 -3.8876e-01 -1.9715e+00 +2.8262e+00 +1.1065e+00 +3.6169e+00 -1.9637e+00 +1.8965e+00
104 0 +1.388236685e+06 +1.388216355e+06 +1.388216355e+06 +2.8305e+00 -1.1659e+00 +6.0306e-01 +6.3700e-02 -7.9619e-01 +4.2722e+00 +7.6073e-01 +1.5591e+00 -2.6850e+00 +3.4485e+00
106 0 +1.094756219e+06 +1.094735889e+06 +1.094735889e+06 +3.3996e+00 -1.4449e+00 +3.9327e-01 +1.6475e+00 +2.8248e+00 +1.3429e+00 -1.4457e+00 +2.2545e+00 -1.1161e+00 +1.9435e+00
114 0 +6.058869311e+05 +6.058666011e+05 +6.058666011e+05 +4.2048e+00 -2.1506e+00 -2.8331e-01 +1.7680e+00 +1.5437e+00 +1.5945e+00 -1.9671e+00 +1.0630e+00 -5.6969e-01 +1.4563e+00
152 0 +8.403927930e+04 +8.401894930e+04 +8.401894930e+04 +3.9134e+00 -3.5084e+00 -4.5771e+00 +7.9387e-01 +3.6009e+00 +2.6565e+00 -1.3826e+00 +3.5708e+00 -2.4117e-01 +2.3496e+00
156 0 +2.692459411e+04 +2.690426411e+04 +2.690426411e+04 +6.7520e-01 -3.0716e+00 +3.3628e+00 +4.7770e+00 +4.8419e+00 +2.5012e+00 -2.1219e+00 -1.8560e+00 -6.1744e-01 +4.2860e+00
162 0 +1.993757602e+04 +1.991724602e+04 +1.991724602e+04 +3.0784e+00 -1.7016e+00 +2.6070e+00 +2.0075e+00 +3.7836e+00 +2.3771e+00 -1.2546e+00 +4.2688e-01 -3.1045e+00 +3.0651e+00
189 0 +7.845854020e+02 +7.642554020e+02 +7.642554020e+02 +4.8928e+00 -3.1857e+00 +6.9204e-01 -3.7842e-01 -9.6056e-01 +2.2360e+00 +3.4321e-01 +1.6738e+00 -3.0773e+00 +3.2503e+00
379 0 +4.999652870e+02 +4.796352870e+02 +4.796352870e+02 +2.5894e+00 -1.4967e+00 +1.7149e+00 +3.6841e-01 +3.9035e+00 +1.3417e+00 -2.4300e+00 +4.1207e+00 -2.3227e+00 +3.6094e+00
409 0 +1.294061960e+02 +1.090761960e+02 +1.090761960e+02 +3.5258e+00 -1.6747e+00 +3.9384e+00 +2.8919e+00 +3.6182e+00 +4.2315e+00 -1.2450e+00 -1.3019e+00 -1.0843e+00 +2.6877e+00
451 0 +4.124486863e+01 +2.091486863e+01 +2.091486863e+01 +2.8937e+00 -1.8866e+00 +3.5549e+00 +1.9736e+00 +2.1708e+00 +2.4756e+00 -1.1521e+00 +9.3047e-01 -2.1732e+00 +3.6011e+00
995 0 +4.117936007e+01 +2.084936007e+01 +2.084936007e+01 +3.5969e+00 -1.8143e+00 +2.5482e+00 +1.8184e+00 +2.6332e+00 +3.2104e+00 +4.1241e-03 +1.1754e+00 -1.9270e+00 +3.6044e+00
1023 0 +3.525777873e+01 +1.492777873e+01 +1.492777873e+01 +3.0001e+00 -9.5423e-01 +1.8816e+00 +1.1129e+00 +3.9147e+00 +3.4458e+00 -1.6617e+00 +1.3163e+00 -2.3072e+00 +3.4228e+00
1099 0 +2.446845022e+01 +4.138450222e+00 +4.138450222e+00 +2.7753e+00 -6.3537e-01 -5.8553e-01 +3.4880e+00 +3.5016e+00 +2.3192e+00 -3.2836e+00 +7.5414e-01 -1.0657e-01 +3.5319e+00
1167 0 +2.085241541e+01 +5.224154073e-01 +5.224154073e-01 +2.8047e+00 -9.6451e-01 +2.6853e+00 +2.7366e+00 +4.2808e+00 +3.5696e+00 -2.5647e+00 +9.4056e-01 -3.1611e-01 +3.1279e+00
1741 0 +2.049026113e+01 +1.602611296e-01 +1.602611296e-01 +4.3591e+00 -4.2795e-01 +1.8663e+00 +2.6707e+00 +3.4387e+00 +2.9072e+00 -1.5000e+00 +6.2721e-02 -1.4472e+00 +2.4803e+00
1859 0 +1.778980964e+01 -2.540190362e+00 -2.540190362e+00 +4.1149e+00 -4.3236e-01 +2.0166e+00 +2.9699e+00 +3.2981e+00 +3.4262e+00 -1.5904e+00 +5.0616e-01 +2.2613e-01 +3.4627e+00
1951 0 +1.654625529e+01 -3.783744705e+00 -3.783744705e+00 +4.1380e+00 -6.3485e-01 +1.3095e+00 +3.2347e+00 +3.4258e+00 +2.5266e+00 -2.1409e+00 +4.1022e-01 +2.4441e-01 +3.2592e+00
2020 0 +1.232610450e+01 -8.003895497e+00 -8.003895497e+00 +3.9547e+00 +7.4169e-01 +1.9214e+00 +3.3377e+00 +3.2378e+00 +1.9110e+00 -2.2459e+00 +4.8850e-01 -9.7411e-01 +3.4105e+00
2115 0 +1.189847424e+01 -8.431525757e+00 -8.431525757e+00 +4.1857e+00 +1.0756e+00 +9.5789e-01 +3.8549e+00 +2.8531e+00 +2.6058e+00 -1.9781e+00 +5.0912e-01 -1.3195e+00 +2.3580e+00
2123 0 +9.450350218e+00 -1.087964978e+01 -1.087964978e+01 +4.6043e+00 +1.2901e+00 +6.8484e-01 +4.2253e+00 +3.6213e+00 +3.6123e+00 -2.6871e+00 +1.6280e-01 +3.5086e-01 +1.9392e+00
2243 0 +6.000467562e+00 -1.432953244e+01 -1.432953244e+01 +4.2737e+00 +1.8058e+00 +2.7350e+00 +3.3401e+00 +1.5634e+00 +2.3933e+00 -3.4393e+00 +8.1153e-01 -1.2627e+00 +1.8786e+00
2304 0 +5.280980597e+00 -1.504901940e+01 -1.504901940e+01 +4.7088e+00 +3.5032e+00 +1.4221e+00 +4.4355e+00 +2.6519e+00 +3.0159e+00 -3.3982e+00 +6.3134e-01 -3.8023e-01 +1.9240e+00
2346 0 +4.430323535e+00 -1.589967646e+01 -1.589967646e+01 +4.3968e+00 +2.6212e+00 +1.9889e+00 +3.1358e+00 +1.6533e+00 +4.8602e+00 -2.9820e+00 +1.1634e+00 -7.7285e-02 +2.2069e+00
2456 0 +3.920586705e+00 -1.640941329e+01 -1.640941329e+01 +3.0983e+00 +2.4671e+00 +1.6439e+00 +3.4963e+00 +2.8164e+00 +3.3661e+00 -3.6928e+00 +2.4407e+00 -2.0008e-01 +2.9897e+00
% f evaluations | g evaluations | best noise-free fitness - Fopt (9.431000000000e+01) + sum g_i+ | measured fitness | best measured fitness or single-digit g-values | x1 | x2...
1 0 +1.950994288e+06 +1.951088598e+06 +1.951088598e+06 +5.9671e-01 -3.8264e-02 +7.4769e-01 +1.6230e+00 -1.3415e-01 -1.3414e-01 +1.6792e+00 +8.6743e-01 -3.6947e-01 +6.4256e-01
2 0 +8.980451868e+05 +8.981394968e+05 +8.981394968e+05 -3.6342e-01 -3.6573e-01 +3.4196e-01 -1.8133e+00 -1.6249e+00 -4.6229e-01 -9.1283e-01 +4.1425e-01 -8.0802e-01 -1.3123e+00
8 0 +2.762718679e+05 +2.763661779e+05 +2.763661779e+05 +4.6140e-01 +1.6380e+00 +6.4174e-02 +1.6646e+00 -2.5197e+00 +9.2190e-01 +1.8705e-01 -1.9901e-01 +1.9176e-01 -1.8876e+00
52 0 +4.296696730e+04 +4.306127730e+04 +4.306127730e+04 -7.9644e-01 +1.6044e+00 +1.7740e+00 +3.4874e-01 -1.6897e+00 +6.7257e-01 +5.3761e-01 +5.8379e-01 -2.7607e-01 -1.6692e+00
53 0 +1.542700669e+04 +1.552131669e+04 +1.552131669e+04 -2.6830e+00 +1.9202e+00 -7.0455e-01 +1.1530e+00 -1.1862e+00 +1.8031e-01 +1.1881e+00 -2.9282e+00 -1.0835e+00 -3.0240e-01
55 0 +6.222820808e+02 +7.165920808e+02 +7.165920808e+02 -1.2471e+00 -2.7998e-01 -4.6187e-01 -4.1341e-01 -1.2386e+00 +6.2728e-01 +7.1905e-01 +7.5233e-02 -1.0347e+00 -2.1597e+00
204 0 +4.353013495e+02 +5.296113495e+02 +5.296113495e+02 +7.0916e-01 -8.1638e-01 +9.4745e-01 +1.5613e+00 -4.8610e+00 +2.3418e+00 -5.4356e-01 -6.0475e-01 -3.3466e-02 -2.5638e+00
365 0 +2.922909037e+02 +3.866009037e+02 +3.866009037e+02 -2.6122e+00 +1.3451e+00 +1.4806e+00 -1.3228e+00 -4.9573e+00 -3.8758e+00 +1.1203e+00 +2.4495e+00 +2.0041e+00 +2.7341e+00
477 0 +2.568866025e+02 +3.511966025e+02 +3.511966025e+02 +1.5971e-01 -8.7496e-01 +3.4865e+00 +7.0791e-01 -2.2489e+00 +1.1468e-01 +2.6529e+00 -2.4370e+00 -1.4958e+00 +4.5085e+00
500 0 +1.788344614e+02 +2.731444614e+02 +2.731444614e+02 +1.4927e+00 +1.2918e+00 +3.3157e+00 -3.7854e-01 -3.3408e+00 -4.4108e-02 +5.7464e-01 +1.9896e+00 -6.7732e-01 +2.3240e+00
515 0 +1.111374605e+02 +2.054474605e+02 +2.054474605e+02 -3.8547e-01 +3.0012e+00 +2.3282e+00 -2.1817e+00 -3.2241e+00 +4.8858e-01 -1.2121e+00 +5.9660e-01 -1.0637e+00 +9.9850e-01
768 0 +7.562578924e+01 +1.699357892e+02 +1.699357892e+02 -3.1217e+00 +2.9477e+00 +1.5721e+00 -1.3970e+00 -6.1096e-01 -1.5364e+00 +1.3446e+00 +1.0009e+00 -8.9858e-01 +2.6160e+00
1324 0 +6.783388918e+01 +1.621438892e+02 +1.621438892e+02 -2.4167e+00 +3.2546e+00 +2.0748e+00 -2.6307e+00 +8.4763e-02 -1.2984e-01 +6.8238e-01 +3.6533e-01 -6.7320e-01 +7.9321e-01
1456 0 +6.182352647e+01 +1.561335265e+02 +1.561335265e+02 -2.3034e+00 +1.7391e+00 +3.2493e+00 -7.2654e-01 -4.8943e-01 -2.8294e-01 +1.8623e-01 +1.8417e+00 -5.9950e-01 -5.4706e-01
1501 0 +5.690617070e+01 +1.512161707e+02 +1.512161707e+02 -2.9859e+00 +1.8213e+00 +4.3898e+00 -9.5024e-01 +1.2516e+00 -1.8243e+00 +2.1192e+00 +1.8161e+00 -7.5918e-01 +2.3384e+00
1648 0 +5.074808946e+01 +1.450580895e+02 +1.450580895e+02 -4.0521e+00 +1.8630e+00 +2.8146e+00 -3.5745e+00 +2.2053e+00 -1.5527e+00 +7.8671e-01 -4.3096e-02 -6.5285e-01 -1.2318e+00
1657 0 +4.338995265e+01 +1.376999526e+02 +1.376999526e+02 -4.8239e+00 +2.8160e+00 +1.5033e+00 -1.6696e+00 +1.1504e+00 -7.0360e-01 -1.6217e-01 -1.0734e+00 -6.5128e-01 -2.7898e+00
1747 0 +4.338782222e+01 +1.376978222e+02 +1.376978222e+02 -7.4296e-01 +1.5774e+00 +2.6999e+00 -5.7381e-01 +2.7117e+00 +8.3539e-01 +1.6685e+00 -5.4788e-01 -1.8699e+00 -1.5159e+00
1753 0 +3.776932453e+01 +1.320793245e+02 +1.320793245e+02 -3.4063e+00 +1.0938e+00 +3.3604e+00 -8.9228e-01 +5.8385e-01 -3.5744e+00 -2.6065e-01 -4.4410e-01 -1.1073e+00 -2.4727e+00
1772 0 +3.666666499e+01 +1.309766650e+02 +1.309766650e+02 -4.8818e+00 +3.3791e+00 +4.3983e+00 -1.8551e+00 +2.5623e+00 -1.3782e+00 +6.0375e-01 +1.9122e+00 -1.0635e+00 +9.4289e-02
1837 0 +2.869126353e+01 +1.230012635e+02 +1.230012635e+02 -2.3619e+00 +4.7149e+00 +3.0013e+00 -1.1301e-01 +1.8549e+00 -2.1804e+00 +4.1889e-01 -2.1550e+00 -1.7795e+00 -9.9958e-01
1964 0 +2.761768101e+01 +1.219276810e+02 +1.219276810e+02 -6.2443e-02 +3.3216e+00 +2.4244e+00 +9.5192e-01 +2.2721e+00 -1.9546e+00 +2.2211e-01 +2.9194e+00 -3.3438e+00 -1.6327e+00
2037 0 +1.748208323e+01 +1.117920832e+02 +1.117920832e+02 -4.0989e+00 +3.0201e+00 +3.2071e+00 +3.4138e-01 +3.3954e+00 -2.8690e+00 +7.4326e-02 -1.2263e+00 -4.3423e+00 -3.2087e-01
2053 0 +1.372648169e+01 +1.080364817e+02 +1.080364817e+02 -3.1556e+00 +2.2202e+00 +4.0319e+00 +2.0687e+00 +2.0492e+00 -1.0384e+00 -1.7337e-02 -1.2150e+00 -3.6032e+00 -9.1450e-01
2136 0 +1.070154323e+01 +1.050115432e+02 +1.050115432e+02 -3.2877e+00 +1.8501e+00 +3.1686e+00 +1.2836e+00 +2.8830e+00 -1.6408e+00 +1.3953e-02 -1.7587e-01 -3.8357e+00 -1.8033e+00
2170 0 +5.873147689e+00 +1.001831477e+02 +1.001831477e+02 -3.0719e+00 +2.5701e+00 +3.8802e+00 +2.1965e+00 +4.2792e+00 -2.3738e+00 +7.9002e-01 +1.6539e-01 -3.4831e+00 -2.3664e+00
2363 0 +4.612662951e+00 +9.892266295e+01 +9.892266295e+01 -3.8822e+00 +4.2749e+00 +3.4045e+00 +2.1476e+00 +3.7899e+00 -3.5102e+00 +1.2977e-01 +2.2971e-01 -3.8700e+00 -1.4800e+00
2471 0 +3.461331503e+00 +9.777133150e+01 +9.777133150e+01 -2.7426e+00 +3.1446e+00 +4.3886e+00 +2.7846e+00 +4.1523e+00 -3.2344e+00 +2.3576e-01 +4.4602e-01 -4.2051e+00 -2.0898e+00
