% f evaluations | g evaluations | best noise-free fitness - Fopt (7.627000000000e+01) + sum g_i+ | measured fitness | best measured fitness or single-digit g-values | x1 | x2...
1 0 +7.735598947e+06 +7.735675217e+06 +7.735675217e+06 +5.9671e-01 -3.8264e-02 +7.4769e-01 +1.6230e+00 -1.3415e-01
3 0 +6.089780784e+05 +6.090543484e+05 +6.090543484e+05 -3.6342e-01 -3.6573e-01 +3.4196e-01 -1.8133e+00 -1.6249e+00
4 0 +5.714869104e+05 +5.715631804e+05 +5.715631804e+05 -4.6229e-01 -9.1283e-01 +4.1425e-01 -8.0802e-01 -1.3123e+00
25 0 +4.762531333e+05 +4.763294033e+05 +4.763294033e+05 +8.9103e-01 -8.0939e-01 +1.5028e+00 -1.3019e+00 +6.8686e-01
26 0 +2.848363709e+05 +2.849126409e+05 +2.849126409e+05 -1.1255e+00 -1.5995e+00 +7.5400e-01 -2.5099e+00 +1.4089e-01
32 0 +1.770291357e+02 +2.532991357e+02 +2.532991357e+02 +8.2539e-01 -1.1132e+00 +1.0658e+00 -2.2023e+00 -1.3507e+00
194 0 +4.958655052e+01 +1.258565505e+02 +1.258565505e+02 -2.4919e+00 -9.6070e-01 +2.8242e+00 -1.5731e-01 -2.7046e+00
303 0 +4.844550840e+01 +1.247155084e+02 +1.247155084e+02 -1.2086e+00 -6.8718e-01 +2.2726e+00 -1.8012e+00 -3.2645e-01
349 0 +2.555878923e+01 +1.018287892e+02 +1.018287892e+02 -2.6162e+00 -1.1451e+00 +2.2400e+00 -6.2864e-01 -1.0741e-01
364 0 +1.802086751e+01 +9.429086751e+01 +9.429086751e+01 -1.4698e+00 -1.6253e+00 +9.2937e-01 -8.5542e-01 -5.5650e-01
462 0 +1.690612507e+01 +9.317612507e+01 +9.317612507e+01 -1.9435e+00 -2.5456e+00 -6.5700e-01 -5.0245e-01 +1.7423e+00
629 0 +1.568918541e+01 +9.195918541e+01 +9.195918541e+01 -9.0273e-01 -1.9714e+00 -1.8396e+00 -2.4813e+00 +4.3994e-01
633 0 +1.059631572e+01 +8.686631572e+01 +8.686631572e+01 -1.9676e+00 -2.5257e+00 -2.2168e+00 -1.4143e+00 +3.1387e-01
676 0 +9.267034723e+00 +8.553703472e+01 +8.553703472e+01 -1.3697e+00 -2.0384e+00 -1.9441e+00 -1.8177e+00 -2.5477e+00
718 0 +4.382409863e+00 +8.065240986e+01 +8.065240986e+01 -9.6518e-01 -2.4887e+00 -1.7736e+00 -9.6093e-01 -2.4413e+00
863 0 +4.245521516e+00 +8.051552152e+01 +8.051552152e+01 -1.2150e+00 -2.3403e+00 -1.1489e+00 -9.6555e-01 -1.0535e+00
903 0 +3.528803005e+00 +7.979880301e+01 +7.979880301e+01 -1.2521e+00 -2.5925e+00 -1.6347e+00 -8.4162e-01 -9.2974e-01
909 0 +2.549024750e+00 +7.881902475e+01 +7.881902475e+01 -1.1540e+00 -2.6406e+00 -9.7885e-01 -8.9103e-02 -2.2326e+00
930 0 +1.034932508e+00 +7.730493251e+01 +7.730493251e+01 -1.1818e+00 -2.6831e+00 -5.4796e-01 +1.4593e-01 -1.2858e+00
993 0 +3.884844246e-01 +7.665848442e+01 +7.665848442e+01 -1.3370e+00 -3.2049e+00 -1.0763e+00 +8.8184e-01 -1.7754e+00
1095 0 +2.066450313e-01 +7.647664503e+01 +7.647664503e+01 -1.3492e+00 -3.0329e+00 -1.2389e+00 +4.4562e-01 -1.8034e+00
1153 0 +1.678540814e-01 +7.643785408e+01 +7.643785408e+01 -1.2109e+00 -3.0765e+00 -1.3878e+00 +4.0678e-01 -1.9156e+00
1171 0 +1.177385652e-01 +7.638773857e+01 +7.638773857e+01 -7.5649e-01 -3.2897e+00 -1.2333e+00 +7.5593e-01 -1.5868e+00
1196 0 +8.805348503e-02 +7.635805349e+01 +7.635805349e+01 -1.1356e+00 -3.0765e+00 -1.2019e+00 +5.2393e-01 -1.9334e+00
1210 0 +3.844719786e-02 +7.630844720e+01 +7.630844720e+01 -8.1906e-01 -3.0926e+00 -1.2237e+00 +4.3387e-01 -1.7697e+00
1216 0 +2.958136394e-02 +7.629958136e+01 +7.629958136e+01 -8.2096e-01 -3.2172e+00 -1.3063e+00 +6.1830e-01 -1.8063e+00
1244 0 +1.431641946e-02 +7.628431642e+01 +7.628431642e+01 -9.0125e-01 -3.1696e+00 -1.2323e+00 +5.7634e-01 -1.6604e+00
% f evaluations | g evaluations | best noise-free fitness - Fopt (-2.255000000000e+01) + sum g_i+ | measured fitness | best measured fitness or single-digit g-values | x1 | x2...
1 0 +1.027514579e+05 +1.027289079e+05 +1.027289079e+05 +5.9671e-01 -3.8264e-02 +7.4769e-01 +1.6230e+00 -1.3415e-01
5 0 +6.238600631e+04 +6.236345631e+04 +6.236345631e+04 +1.5656e+00 -1.2578e-01 +1.6753e-01 -1.3247e+00 -4.4438e-01
9 0 +5.734784290e+03 +5.712234290e+03 +5.712234290e+03 +8.3847e-01 +2.7137e-01 -1.5648e-02 -2.0110e-01 -1.3785e+00
83 0 +2.572634156e+03 +2.550084156e+03 +2.550084156e+03 +1.1024e+00 +7.4313e-01 +4.6098e-01 -2.4937e-01 -7.3426e-01
95 0 +9.694561666e+02 +9.469061666e+02 +9.469061666e+02 -2.1177e-02 +2.6948e+00 +5.5921e-01 +1.8273e-01 -1.8730e+00
136 0 +3.567071149e+02 +3.341571149e+02 +3.341571149e+02 -5.2762e-01 +2.7979e+00 +1.7157e+00 +8.7735e-01 -1.2946e+00
138 0 +5.828765242e+01 +3.573765242e+01 +3.573765242e+01 +1.4673e+00 +2.7238e+00 +8.0612e-01 +1.5430e+00 +5.9536e-01
141 0 +3.722911673e+01 +1.467911673e+01 +1.467911673e+01 +1.2780e+00 +1.6191e+00 +1.1212e+00 -7.6144e-02 +1.0655e-02
215 0 +2.126824791e+01 -1.281752094e+00 -1.281752094e+00 +8.8066e-01 +1.5463e+00 +9.7148e-01 +3.2912e-01 -4.5560e-01
309 0 +2.107699767e+01 -1.473002332e+00 -1.473002332e+00 +4.3496e-01 +1.3450e+00 +1.6035e+00 +3.2083e-02 -6.2650e-01
353 0 +1.771259721e+01 -4.837402785e+00 -4.837402785e+00 +5.9666e-01 +1.4591e+00 +1.6994e+00 -3.3272e-01 -4.6076e-01
393 0 +1.435653417e+01 -8.193465834e+00 -8.193465834e+00 +7.4755e-01 +1.0831e+00 +1.9468e+00 -6.6462e-01 -2.2625e-01
487 0 +1.364893744e+01 -8.901062555e+00 -8.901062555e+00 +7.3907e-01 +1.9425e+00 +1.6874e+00 -9.9532e-01 -4.6956e-01
514 0 +1.129833459e+01 -1.125166541e+01 -1.125166541e+01 +1.2666e+00 +2.1408e+00 +1.2907e+00 -1.0444e+00 -1.2900e-01
535 0 +7.787523595e+00 -1.476247641e+01 -1.476247641e+01 +1.4834e+00 +2.3220e+00 +1.9413e+00 -5.6588e-01 +7.9432e-01
551 0 +7.095861285e+00 -1.545413872e+01 -1.545413872e+01 +1.6931e+00 +2.3961e+00 +1.5867e+00 -9.7135e-01 +6.5920e-01
601 0 +7.069374641e+00 -1.548062536e+01 -1.548062536e+01 +2.2343e+00 +2.5416e+00 +2.2447e+00 -1.3078e+00 +1.7236e+00
621 0 +2.422653948e+00 -2.012734605e+01 -2.012734605e+01 +1.6258e+00 +2.5641e+00 +2.8277e+00 -1.9342e+00 +1.2306e+00
700 0 +1.394990676e+00 -2.115500932e+01 -2.115500932e+01 +1.8951e+00 +2.9008e+00 +3.0504e+00 -2.1316e+00 +1.6894e+00
800 0 +8.329254192e-01 -2.171707458e+01 -2.171707458e+01 +2.4250e+00 +2.1975e+00 +3.2301e+00 -3.1109e+00 +2.1058e+00
808 0 +7.001070736e-01 -2.184989293e+01 -2.184989293e+01 +2.1403e+00 +2.1674e+00 +3.0167e+00 -2.4092e+00 +1.8161e+00
855 0 +5.356989887e-01 -2.201430101e+01 -2.201430101e+01 +2.1759e+00 +2.3956e+00 +3.1526e+00 -2.8821e+00 +1.8323e+00
860 0 +1.376420735e-01 -2.241235793e+01 -2.241235793e+01 +2.6873e+00 +2.3339e+00 +2.5692e+00 -2.6385e+00 +2.0814e+00
944 0 +9.886159274e-02 -2.245113841e+01 -2.245113841e+01 +2.5089e+00 +2.4075e+00 +2.6474e+00 -2.9347e+00 +1.8377e+00
996 0 +9.544031533e-02 -2.245455968e+01 -2.245455968e+01 +2.5356e+00 +2.4650e+00 +2.7613e+00 -2.7533e+00 +2.0178e+00
1008 0 +8.409391489e-02 -2.246590609e+01 -2.246590609e+01 +2.6837e+00 +2.6537e+00 +2.3529e+00 -2.6176e+00 +1.9453e+00
1009 0 +5.693667537e-02 -2.249306332e+01 -2.249306332e+01 +2.6738e+00 +2.6059e+00 +2.5167e+00 -2.8014e+00 +1.9965e+00
1014 0 +4.887832592e-02 -2.250112167e+01 -2.250112167e+01 +2.5221e+00 +2.6472e+00 +2.3971e+00 -2.6823e+00 +1.7620e+00
1068 0 +4.227949983e-02 -2.250772050e+01 -2.250772050e+01 +2.5308e+00 +2.4335e+00 +2.6137e+00 -2.7939e+00 +1.8849e+00
1071 0 +3.986038820e-02 -2.251013961e+01 -2.251013961e+01 +2.5205e+00 +2.5205e+00 +2.4999e+00 -2.8783e+00 +1.7666e+00
1080 0 +3.310656339e-02 -2.251689344e+01 -2.251689344e+01 +2.5907e+00 +2.6381e+00 +2.4765e+00 -2.8179e+00 +1.8627e+00
1091 0 +1.642218831e-02 -2.253357781e+01 -2.253357781e+01 +2.5369e+00 +2.5136e+00 +2.5480e+00 -2.7087e+00 +1.8756e+00
1101 0 +1.376234113e-02 -2.253623766e+01 -2.253623766e+01 +2.5444e+00 +2.5133e+00 +2.5400e+00 -2.7398e+00 +1.8689e+00
1102 0 +1.262191179e-02 -2.253737809e+01 -2.253737809e+01 +2.5598e+00 +2.5243e+00 +2.4971e+00 -2.6674e+00 +1.8786e+00
1154 0 +1.114551849e-02 -2.253885448e+01 -2.253885448e+01 +2.5290e+00 +2.6650e+00 +2.4892e+00 -2.7321e+00 +1.8263e+00
1161 0 +7.293838038e-03 -2.254270616e+01 -2.254270616e+01 +2.5499e+00 +2.6107e+00 +2.5655e+00 -2.7097e+00 +1.9121e+00
1178 0 +5.279986054e-03 -2.254472001e+01 -2.254472001e+01 +2.5707e+00 +2.5990e+00 +2.4630e+00 -2.7504e+00 +1.8458e+00
1194 0 +3.610975943e-03 -2.254638902e+01 -2.254638902e+01 +2.5285e+00 +2.5938e+00 +2.5466e+00 -2.7260e+00 +1.8654e+00
1198 0 +2.789429811e-03 -2.254721057e+01 -2.254721057e+01 +2.5871e+00 +2.6097e+00 +2.4881e+00 -2.7298e+00 +1.8921e+00
1241 0 +1.992355148e-03 -2.254800764e+01 -2.254800764e+01 +2.5770e+00 +2.5498e+00 +2.4995e+00 -2.7211e+00 +1.8865e+00
% f evaluations | g evaluations | best noise-free fitness - Fopt (1.366000000000e+01) + sum g_i+ | measured fitness | best measured fitness or single-digit g-values | x1 | x2...
1 0 +3.421703209e+06 +3.421716869e+06 +3.421716869e+06 +5.9671e-01 -3.8264e-02 +7.4769e-01 +1.6230e+00 -1.3415e-01
2 0 +2.115595205e+06 +2.115608865e+06 +2.115608865e+06 -1.3414e-01 +1.6792e+00 +8.6743e-01 -3.6947e-01 +6.4256e-01
15 0 +2.517305733e+05 +2.517442333e+05 +2.517442333e+05 +4.6140e-01 +1.6380e+00 +6.4174e-02 +1.6646e+00 -2.5197e+00
32 0 +2.452540716e+05 +2.452677316e+05 +2.452677316e+05 -1.4136e+00 +1.3902e+00 +3.3695e-01 +2.0491e+00 -1.7759e+00
35 0 +1.396281208e+04 +1.397647208e+04 +1.397647208e+04 -6.3284e-01 +1.4424e+00 -1.2970e-01 +1.7168e+00 -9.4831e-01
36 0 +1.106023470e+03 +1.119683470e+03 +1.119683470e+03 -6.4511e-01 +1.1775e+00 +3.1476e+00 +1.7072e+00 -1.7206e+00
123 0 +2.383554600e+01 +3.749554600e+01 +3.749554600e+01 +1.9335e-01 -1.1115e-03 +5.7993e-02 +1.7237e+00 -4.0595e+00
142 0 +7.595546568e+00 +2.125554657e+01 +2.125554657e+01 -4.6532e-01 +1.5467e+00 +6.6625e-01 +1.6264e+00 -1.1663e+00
515 0 +6.456193698e+00 +2.011619370e+01 +2.011619370e+01 -1.2310e+00 +1.9680e+00 +1.5275e+00 +9.9394e-01 -6.3509e-01
522 0 +6.299933039e+00 +1.995993304e+01 +1.995993304e+01 -4.5216e-01 +1.6513e+00 +1.4730e+00 +2.0208e+00 -6.5138e-01
530 0 +6.021645409e+00 +1.968164541e+01 +1.968164541e+01 -4.7104e-01 +2.3368e+00 +1.4906e+00 +1.2246e+00 -1.3617e-01
539 0 +5.676993231e+00 +1.933699323e+01 +1.933699323e+01 -1.1822e+00 +2.2331e+00 +1.7407e+00 +8.4416e-01 -3.2691e-01
585 0 +3.411078265e+00 +1.707107827e+01 +1.707107827e+01 +9.0316e-03 +2.2486e+00 +2.0155e+00 +1.3296e+00 -4.0663e-01
702 0 +1.249097720e+00 +1.490909772e+01 +1.490909772e+01 -1.7864e-01 +1.5950e+00 +2.8243e+00 +6.9288e-01 -1.9987e+00
734 0 +1.182769859e+00 +1.484276986e+01 +1.484276986e+01 +6.5078e-01 +1.8587e+00 +2.9748e+00 +1.2608e+00 -1.4192e+00
802 0 +2.399038721e-01 +1.389990387e+01 +1.389990387e+01 +2.2421e-01 +2.4170e+00 +2.5878e+00 +2.8800e-01 -1.0954e+00
843 0 +7.478598871e-02 +1.373478599e+01 +1.373478599e+01 +2.3527e-01 +2.2311e+00 +2.5230e+00 +3.3591e-01 -1.3821e+00
931 0 +7.263350512e-02 +1.373263351e+01 +1.373263351e+01 +6.3280e-01 +2.3237e+00 +2.6240e+00 +3.9548e-01 -1.3445e+00
939 0 +6.034470639e-02 +1.372034471e+01 +1.372034471e+01 +5.3597e-01 +2.1972e+00 +2.5501e+00 +2.9958e-01 -1.6038e+00
951 0 +5.690727282e-02 +1.371690727e+01 +1.371690727e+01 +2.9946e-01 +2.2258e+00 +2.5502e+00 +4.4129e-01 -1.3294e+00
984 0 +2.814332460e-02 +1.368814332e+01 +1.368814332e+01 +3.8428e-01 +2.2605e+00 +2.5556e+00 +2.9558e-01 -1.4307e+00
1004 0 +2.227593489e-02 +1.368227593e+01 +1.368227593e+01 +3.9672e-01 +2.1563e+00 +2.6014e+00 +3.4722e-01 -1.5729e+00
1057 0 +3.095415613e-03 +1.366309542e+01 +1.366309542e+01 +3.7513e-01 +2.2094e+00 +2.6770e+00 +3.5898e-01 -1.4609e+00
1203 0 +2.676357852e-03 +1.366267636e+01 +1.366267636e+01 +4.3393e-01 +2.2423e+00 +2.6521e+00 +3.6400e-01 -1.4254e+00
1218 0 +1.464067877e-03 +1.366146407e+01 +1.366146407e+01 +4.1324e-01 +2.2306e+00 +2.6907e+00 +3.2871e-01 -1.4667e+00
1227 0 +9.053141676e-04 +1.366090531e+01 +1.366090531e+01 +4.2403e-01 +2.2294e+00 +2.6614e+00 +3.2785e-01 -1.4743e+00
1242 0 +5.302087102e-04 +1.366053021e+01 +1.366053021e+01 +4.3097e-01 +2.2171e+00 +2.6646e+00 +3.5759e-01 -1.4733e+00
% f evaluations | g evaluations | best noise-free fitness - Fopt (9.378400000000e+02) + sum g_i+ | measured fitness | best measured fitness or single-digit g-values | x1 | x2...
1 0 +2.638980435e+05 +2.648358835e+05 +2.648358835e+05 +5.9671e-01 -3.8264e-02 +7.4769e-01 +1.6230e+00 -1.3415e-01
2 0 +1.198176286e+05 +1.207554686e+05 +1.207554686e+05 -1.3414e-01 +1.6792e+00 +8.6743e-01 -3.6947e-01 +6.4256e-01
3 0 +2.838885257e+03 +3.776725257e+03 +3.776725257e+03 -3.6342e-01 -3.6573e-01 +3.4196e-01 -1.8133e+00 -1.6249e+00
28 0 +2.759902868e+02 +1.213830287e+03 +1.213830287e+03 -7.8555e-01 -9.2093e-02 +5.4114e-01 -4.0183e-01 +1.9305e+00
108 0 +5.487293326e+01 +9.927129333e+02 +9.927129333e+02 +3.8532e-01 -1.5478e-01 +6.5800e-01 +1.6367e-01 -2.4805e-01
211 0 +1.746699098e+01 +9.553069910e+02 +9.553069910e+02 +5.4364e-01 +7.8643e-01 +1.4968e+00 +1.4876e-01 -7.9770e-01
352 0 +1.459581738e+01 +9.524358174e+02 +9.524358174e+02 +8.9085e-01 +2.2713e+00 +1.6148e+00 +8.0066e-01 -1.3339e+00
444 0 +1.274592071e+01 +9.505859207e+02 +9.505859207e+02 -4.9825e-01 +3.2478e+00 +2.4077e+00 -4.9116e-01 +2.0649e-01
468 0 +9.742592005e+00 +9.475825920e+02 +9.475825920e+02 +9.8696e-01 +2.6166e+00 +2.6880e+00 +7.6046e-01 -1.2830e+00
482 0 +6.297287611e+00 +9.441372876e+02 +9.441372876e+02 -4.1906e-01 +2.6638e+00 +3.4612e+00 -1.0694e+00 -1.7715e-01
505 0 +6.208798824e+00 +9.440487988e+02 +9.440487988e+02 -6.4937e-01 +3.7128e+00 +3.5182e+00 -1.2451e+00 -3.8346e-01
524 0 +4.051124756e+00 +9.418911248e+02 +9.418911248e+02 -6.8898e-01 +2.7967e+00 +3.2271e+00 -1.1745e+00 +2.0516e-01
534 0 +3.702829015e+00 +9.415428290e+02 +9.415428290e+02 -1.7419e-01 +2.2716e+00 +4.0117e+00 -9.5994e-01 -1.7609e-01
618 0 +1.900856421e+00 +9.397408564e+02 +9.397408564e+02 -7.1288e-01 +3.9115e+00 +3.8294e+00 -1.4729e+00 -5.5030e-01
634 0 +6.063711701e-01 +9.384463712e+02 +9.384463712e+02 -1.7946e-01 +3.4664e+00 +3.7268e+00 -8.5804e-01 -7.7507e-01
726 0 +4.460085116e-01 +9.382860085e+02 +9.382860085e+02 -6.6750e-01 +3.5652e+00 +3.7322e+00 -1.6280e+00 -8.3019e-01
783 0 +2.462250047e-01 +9.380862250e+02 +9.380862250e+02 -1.8103e-01 +3.3994e+00 +4.1796e+00 -1.4838e+00 -1.6395e+00
863 0 +1.030664817e-01 +9.379430665e+02 +9.379430665e+02 -3.4196e-01 +3.8005e+00 +4.0663e+00 -1.4930e+00 -1.4681e+00
954 0 +9.864651162e-02 +9.379386465e+02 +9.379386465e+02 -2.3991e-01 +3.4456e+00 +3.8057e+00 -1.2733e+00 -1.3119e+00
959 0 +4.677478752e-02 +9.378867748e+02 +9.378867748e+02 -3.5271e-01 +3.6051e+00 +3.9894e+00 -1.5184e+00 -1.4211e+00
962 0 +3.708370026e-02 +9.378770837e+02 +9.378770837e+02 -3.5952e-01 +3.6378e+00 +3.8622e+00 -1.4649e+00 -1.3901e+00
963 0 +1.389987571e-02 +9.378538999e+02 +9.378538999e+02 -3.0706e-01 +3.5955e+00 +3.8785e+00 -1.3498e+00 -1.2984e+00
984 0 +1.086766995e-02 +9.378508677e+02 +9.378508677e+02 -2.5271e-01 +3.5414e+00 +3.9352e+00 -1.2966e+00 -1.2973e+00
1078 0 +1.055932763e-02 +9.378505593e+02 +9.378505593e+02 -3.3350e-01 +3.6057e+00 +3.8976e+00 -1.4113e+00 -1.3301e+00
1105 0 +9.611200416e-03 +9.378496112e+02 +9.378496112e+02 -3.2049e-01 +3.6318e+00 +3.9197e+00 -1.4020e+00 -1.3523e+00
1115 0 +1.353874689e-03 +9.378413539e+02 +9.378413539e+02 -2.8201e-01 +3.5801e+00 +3.9905e+00 -1.3627e+00 -1.3246e+00
1181 0 +1.136058322e-03 +9.378411361e+02 +9.378411361e+02 -3.0024e-01 +3.5681e+00 +3.9562e+00 -1.3682e+00 -1.2942e+00
1231 0 +1.026569156e-03 +9.378410266e+02 +9.378410266e+02 -2.9468e-01 +3.6017e+00 +3.9750e+00 -1.3628e+00 -1.3082e+00
% f evaluations | g evaluations | best noise-free fitness - Fopt (-7.872000000000e+01) + sum g_i+ | measured fitness | best measured fitness or single-digit g-values | x1 | x2...
1 0 +7.689970713e+05 +7.689183513e+05 +7.689183513e+05 +5.9671e-01 -3.8264e-02 +7.4769e-01 +1.6230e+00 -1.3415e-01
2 0 +2.208857419e+05 +2.208070219e+05 +2.208070219e+05 -1.3414e-01 +1.6792e+00 +8.6743e-01 -3.6947e-01 +6.4256e-01
12 0 +1.361710745e+05 +1.360923545e+05 +1.360923545e+05 +1.0313e+00 -7.3922e-01 -2.0921e-01 +4.3126e-01 +1.0755e+00
14 0 +1.150850683e+05 +1.150063483e+05 +1.150063483e+05 +1.4562e+00 +2.7990e-02 +1.1035e+00 +4.6164e-01 -5.4512e-01
19 0 +6.832691260e+04 +6.824819260e+04 +6.824819260e+04 +1.9708e-01 +1.0686e+00 -6.0205e-01 -2.2766e-01 -2.9211e-01
22 0 +5.480175509e+04 +5.472303509e+04 +5.472303509e+04 +5.0405e-01 +1.9862e+00 +2.7458e-01 +3.5755e-01 +2.5554e-02
27 0 +3.227427221e+04 +3.219555221e+04 +3.219555221e+04 -2.1762e-01 +1.7749e+00 +1.7909e+00 +1.5182e-01 +9.6417e-01
29 0 +1.094405742e+01 -6.777594258e+01 -6.777594258e+01 +2.6440e+00 +1.0599e+00 -1.0653e+00 +7.6197e-02 -9.6778e-01
241 0 +8.177208537e+00 -7.054279146e+01 -7.054279146e+01 +1.6340e+00 +5.0999e-02 -5.3243e-01 +4.4178e-01 -1.0299e+00
383 0 +6.905712548e+00 -7.181428745e+01 -7.181428745e+01 +2.0445e+00 -4.4026e-02 -8.0188e-01 +2.8962e-01 -7.9780e-01
416 0 +6.473924788e+00 -7.224607521e+01 -7.224607521e+01 +2.8335e+00 +8.8463e-02 -9.1270e-01 +1.9149e-01 -6.9991e-01
521 0 +5.904287606e+00 -7.281571239e+01 -7.281571239e+01 +2.5705e+00 +2.0674e-01 -1.9781e+00 -2.9880e-01 -2.8049e-01
537 0 +5.879312000e+00 -7.284068800e+01 -7.284068800e+01 +1.6526e+00 -5.7909e-01 -1.7259e+00 -6.0559e-02 -3.3691e-01
561 0 +3.906267583e+00 -7.481373242e+01 -7.481373242e+01 +2.3696e+00 -5.3324e-01 -1.5622e+00 +1.9479e-01 -1.0563e+00
604 0 +3.737821422e+00 -7.498217858e+01 -7.498217858e+01 +3.3082e+00 -7.1498e-02 -2.3747e+00 +1.3222e-01 -2.0030e+00
607 0 +2.621461180e+00 -7.609853882e+01 -7.609853882e+01 +3.3900e+00 -2.0939e-01 -2.0030e+00 +1.4521e-01 -1.5936e+00
656 0 +7.105055231e-01 -7.800949448e+01 -7.800949448e+01 +3.4955e+00 -2.2067e+00 -2.0844e+00 +4.6011e-01 -1.6934e+00
758 0 +6.479148752e-01 -7.807208512e+01 -7.807208512e+01 +3.2550e+00 -1.4192e+00 -1.7527e+00 +1.6346e-01 -7.6103e-01
789 0 +2.119390747e-01 -7.850806093e+01 -7.850806093e+01 +3.2448e+00 -1.6053e+00 -2.3976e+00 +2.1953e-01 -1.5326e+00
815 0 +1.160589797e-01 -7.860394102e+01 -7.860394102e+01 +3.3696e+00 -1.1771e+00 -2.0912e+00 +2.2830e-01 -1.4615e+00
917 0 +5.296441742e-02 -7.866703558e+01 -7.866703558e+01 +3.2416e+00 -1.3096e+00 -2.1273e+00 +2.6699e-01 -1.5508e+00
938 0 +2.424805494e-02 -7.869575195e+01 -7.869575195e+01 +3.3995e+00 -1.5238e+00 -2.0087e+00 +3.0357e-01 -1.4439e+00
1037 0 +1.176146077e-02 -7.870823854e+01 -7.870823854e+01 +3.4815e+00 -1.3892e+00 -2.1203e+00 +2.8264e-01 -1.5675e+00
1067 0 +7.322927921e-03 -7.871267707e+01 -7.871267707e+01 +3.3910e+00 -1.3503e+00 -2.0083e+00 +3.0001e-01 -1.5199e+00
1072 0 +6.971168541e-03 -7.871302883e+01 -7.871302883e+01 +3.4119e+00 -1.3732e+00 -2.0926e+00 +2.8880e-01 -1.5625e+00
1090 0 +4.377353488e-03 -7.871562265e+01 -7.871562265e+01 +3.3732e+00 -1.3816e+00 -2.0715e+00 +2.7377e-01 -1.4844e+00
1128 0 +2.479650185e-03 -7.871752035e+01 -7.871752035e+01 +3.4049e+00 -1.3853e+00 -2.0783e+00 +2.8310e-01 -1.5220e+00
1156 0 +1.465478173e-03 -7.871853452e+01 -7.871853452e+01 +3.3939e+00 -1.4155e+00 -2.0552e+00 +2.8328e-01 -1.4821e+00
1163 0 +1.270264582e-03 -7.871872974e+01 -7.871872974e+01 +3.4408e+00 -1.4134e+00 -2.0744e+00 +2.8395e-01 -1.5084e+00
1180 0 +5.253370636e-04 -7.871947466e+01 -7.871947466e+01 +3.4185e+00 -1.4331e+00 -2.0736e+00 +2.8751e-01 -1.5079e+00
1208 0 +4.610181459e-04 -7.871953898e+01 -7.871953898e+01 +3.4043e+00 -1.4128e+00 -2.0668e+00 +2.9144e-01 -1.5231e+00
1218 0 +1.812086697e-04 -7.871981879e+01 -7.871981879e+01 +3.4133e+00 -1.4191e+00 -2.0495e+00 +2.9195e-01 -1.5036e+00
% f evaluations | g evaluations | best noise-free fitness - Fopt (-4.151000000000e+01) + sum g_i+ | measured fitness | best measured fitness or single-digit g-values | x1 | x2...
1 0 +9.388282350e+05 +9.387867250e+05 +9.387867250e+05 +5.9671e-01 -3.8264e-02 +7.4769e-01 +1.6230e+00 -1.3415e-01
2 0 +1.480288100e+05 +1.479873000e+05 +1.479873000e+05 -1.3414e-01 +1.6792e+00 +8.6743e-01 -3.6947e-01 +6.4256e-01
9 0 +5.813112524e+04 +5.808961524e+04 +5.808961524e+04 +8.3847e-01 +2.7137e-01 -1.5648e-02 -2.0110e-01 -1.3785e+00
14 0 +2.106877194e+04 +2.102726194e+04 +2.102726194e+04 +1.4562e+00 +2.7990e-02 +1.1035e+00 +4.6164e-01 -5.4512e-01
18 0 +1.990425982e+04 +1.986274982e+04 +1.986274982e+04 -4.0176e-01 +1.0154e+00 +4.2875e-01 -4.2976e-01 +6.1327e-01
29 0 +3.160248562e+03 +3.118738562e+03 +3.118738562e+03 +1.1487e+00 -2.5081e-02 +8.1252e-01 -1.4432e-01 +4.1000e-01
58 0 +3.670101997e+01 -4.808980028e+00 -4.808980028e+00 +9.8821e-01 +1.2252e-01 +1.8055e-01 -6.9987e-02 -9.2850e-04
207 0 +3.620261572e+01 -5.307384285e+00 -5.307384285e+00 +2.8084e+00 -8.5006e-01 +6.7821e-01 +1.0638e+00 -7.8893e-01
256 0 +2.554578911e+01 -1.596421089e+01 -1.596421089e+01 +1.0323e+00 -1.2467e-01 -1.1414e+00 -3.4619e-01 -4.4762e-01
405 0 +1.915082412e+01 -2.235917588e+01 -2.235917588e+01 +4.6924e-02 +1.0211e+00 -3.0477e+00 -6.5488e-01 -2.2451e+00
449 0 +1.472772313e+01 -2.678227687e+01 -2.678227687e+01 +1.2340e+00 -3.9506e-01 -2.6051e+00 -5.8991e-01 -1.3610e+00
464 0 +1.323419644e+01 -2.827580356e+01 -2.827580356e+01 +3.5123e+00 -1.4838e+00 -2.6154e+00 +1.2660e+00 -2.4662e+00
487 0 +1.223817283e+01 -2.927182717e+01 -2.927182717e+01 +1.0666e+00 +4.2593e-01 -3.7689e+00 -1.2239e-01 -3.2128e+00
600 0 +1.025632172e+01 -3.125367828e+01 -3.125367828e+01 +2.4569e+00 -1.6777e-01 -2.3421e+00 +1.3115e+00 -2.9458e+00
623 0 +9.094124277e+00 -3.241587572e+01 -3.241587572e+01 +1.5564e+00 -2.1485e-01 -2.8231e+00 +1.4633e-01 -1.9623e+00
632 0 +9.030424312e+00 -3.247957569e+01 -3.247957569e+01 +7.8704e-01 -1.1209e-01 -3.7343e+00 -7.3649e-01 -1.6298e+00
636 0 +7.104280533e+00 -3.440571947e+01 -3.440571947e+01 +1.7859e+00 -4.2010e-01 -2.7852e+00 +3.4462e-01 -1.7454e+00
700 0 +2.521951124e+00 -3.898804888e+01 -3.898804888e+01 +2.3049e+00 -3.7890e-01 -3.0473e+00 +2.2618e-01 -3.7602e+00
906 0 +1.856164413e+00 -3.965383559e+01 -3.965383559e+01 +2.6662e+00 -8.7911e-01 -3.5519e+00 -3.5989e-01 -4.4797e+00
927 0 +1.855241474e+00 -3.965475853e+01 -3.965475853e+01 +2.3074e+00 -5.8541e-01 -3.4816e+00 -5.8514e-01 -4.5368e+00
951 0 +1.623940049e+00 -3.988605995e+01 -3.988605995e+01 +2.0419e+00 -7.6588e-01 -3.7950e+00 -1.4596e+00 -4.5998e+00
952 0 +6.566944213e-01 -4.085330558e+01 -4.085330558e+01 +2.2127e+00 -1.0838e+00 -3.5853e+00 -1.4413e+00 -4.0466e+00
996 0 +3.003117835e-01 -4.120968822e+01 -4.120968822e+01 +2.4008e+00 -1.0812e+00 -3.0307e+00 -1.1855e+00 -3.9803e+00
1105 0 +9.204943311e-02 -4.141795057e+01 -4.141795057e+01 +2.3336e+00 -1.1870e+00 -3.0184e+00 -1.4830e+00 -3.8823e+00
1231 0 +9.050964853e-02 -4.141949035e+01 -4.141949035e+01 +2.4359e+00 -1.1212e+00 -3.0685e+00 -9.8910e-01 -3.7097e+00
1239 0 +8.038139407e-02 -4.142961861e+01 -4.142961861e+01 +2.4807e+00 -1.3598e+00 -3.1388e+00 -1.2696e+00 -3.5756e+00
1242 0 +3.411804678e-02 -4.147588195e+01 -4.147588195e+01 +2.4296e+00 -1.2873e+00 -3.1853e+00 -1.2543e+00 -3.6369e+00
% f evaluations | g evaluations | best noise-free fitness - Fopt (1.320700000000e+02) + sum g_i+ | measured fitness | best measured fitness or single-digit g-values | x1 | x2...
1 0 +7.727138685e+06 +7.727270755e+06 +7.727270755e+06 +5.9671e-01 -3.8264e-02 +7.4769e-01 +1.6230e+00 -1.3415e-01
2 0 +2.334265506e+05 +2.335586206e+05 +2.335586206e+05 -1.3414e-01 +1.6792e+00 +8.6743e-01 -3.6947e-01 +6.4256e-01
4 0 +1.974097677e+05 +1.975418377e+05 +1.975418377e+05 -4.6229e-01 -9.1283e-01 +4.1425e-01 -8.0802e-01 -1.3123e+00
5 0 +1.788515125e+05 +1.789835825e+05 +1.789835825e+05 +1.5656e+00 -1.2578e-01 +1.6753e-01 -1.3247e+00 -4.4438e-01
7 0 +9.979845604e+04 +9.993052604e+04 +9.993052604e+04 -5.0171e-01 +1.9523e+00 +8.6503e-02 -9.5771e-01 +9.2254e-01
13 0 +3.517587893e+04 +3.530794893e+04 +3.530794893e+04 -3.7917e-01 -8.5659e-02 -1.0063e+00 -1.0962e+00 +9.1253e-01
21 0 +1.978150117e+03 +2.110220117e+03 +2.110220117e+03 -1.3154e+00 -3.2065e-01 -2.4271e-01 -7.0228e-01 -6.1286e-02
96 0 +1.810701581e+02 +3.131401581e+02 +3.131401581e+02 -1.1646e+00 -2.9079e-01 -5.1486e-01 -7.9608e-01 -7.3783e-01
154 0 +6.646714841e+01 +1.985371484e+02 +1.985371484e+02 -8.0642e-01 -6.3377e-02 -4.8593e-02 -8.0544e-01 +1.3301e+00
159 0 +2.744559077e+01 +1.595155908e+02 +1.595155908e+02 -5.6959e-01 +5.0297e-01 -2.3314e-01 -7.7167e-01 +1.5287e+00
208 0 +2.610358498e+01 +1.581735850e+02 +1.581735850e+02 -2.7283e-01 -4.4836e-02 +7.6198e-01 -1.1695e+00 -2.8898e-01
453 0 +1.979795962e+01 +1.518679596e+02 +1.518679596e+02 -1.4156e-01 +9.0346e-01 +1.3398e+00 -1.1192e+00 -3.6833e-01
551 0 +1.909545325e+01 +1.511654533e+02 +1.511654533e+02 +4.9679e-01 +1.5393e+00 +1.4694e+00 -1.1858e+00 +6.4112e-01
553 0 +1.890473800e+01 +1.509747380e+02 +1.509747380e+02 +5.5208e-01 +1.3959e+00 +1.8937e+00 -1.3367e+00 -4.5023e-01
566 0 +7.060286213e+00 +1.391302862e+02 +1.391302862e+02 -1.3556e-01 +3.3705e+00 +3.1567e+00 -8.6380e-01 +1.4348e-01
695 0 +6.798109066e+00 +1.388681091e+02 +1.388681091e+02 -2.7852e-01 +3.4730e+00 +3.4178e+00 -8.5380e-01 -3.6006e-01
701 0 +4.817415659e+00 +1.368874157e+02 +1.368874157e+02 -5.8487e-01 +4.3095e+00 +3.5699e+00 -5.6839e-01 +6.0238e-01
763 0 +3.755319845e+00 +1.358253198e+02 +1.358253198e+02 -1.3904e+00 +4.9036e+00 +3.8865e+00 -2.7062e-01 -1.2132e-01
795 0 +2.735440664e+00 +1.348054407e+02 +1.348054407e+02 -2.1719e+00 +4.9396e+00 +3.0773e+00 +1.4547e-01 +9.3560e-01
804 0 +2.421939045e+00 +1.344919390e+02 +1.344919390e+02 -1.7318e+00 +3.6084e+00 +3.3553e+00 -2.6935e-01 +6.0151e-01
841 0 +7.449250336e-01 +1.328149250e+02 +1.328149250e+02 -2.9385e+00 +4.0232e+00 +2.7069e+00 +2.7364e-01 +5.7735e-01
879 0 +4.282295601e-01 +1.324982296e+02 +1.324982296e+02 -2.2780e+00 +3.8972e+00 +3.6092e+00 -9.5611e-02 -2.8201e-03
943 0 +3.989487310e-01 +1.324689487e+02 +1.324689487e+02 -2.2112e+00 +3.4224e+00 +3.3482e+00 -1.4756e-01 +3.6568e-01
946 0 +3.953375455e-01 +1.324653375e+02 +1.324653375e+02 -1.9862e+00 +3.5725e+00 +3.0513e+00 -2.0132e-01 -1.0837e-01
952 0 +1.342275952e-01 +1.322042276e+02 +1.322042276e+02 -2.6585e+00 +3.7377e+00 +2.9405e+00 +6.3881e-02 -1.4847e-01
992 0 +4.598057441e-02 +1.321159806e+02 +1.321159806e+02 -2.4318e+00 +3.7860e+00 +3.1133e+00 +3.9876e-03 +2.7681e-01
1027 0 +4.387010510e-02 +1.321138701e+02 +1.321138701e+02 -2.6271e+00 +3.7022e+00 +3.0688e+00 +4.1210e-02 -5.2705e-02
1054 0 +3.870495281e-02 +1.321087050e+02 +1.321087050e+02 -2.4339e+00 +3.7955e+00 +3.0803e+00 -1.2197e-02 -6.9558e-02
1076 0 +2.201052042e-02 +1.320920105e+02 +1.320920105e+02 -2.4149e+00 +3.8152e+00 +3.0998e+00 -1.4862e-02 -2.9872e-02
1125 0 +1.738260793e-02 +1.320873826e+02 +1.320873826e+02 -2.4571e+00 +3.8388e+00 +3.1374e+00 +1.0566e-02 +1.4384e-01
1131 0 +1.412355083e-02 +1.320841236e+02 +1.320841236e+02 -2.5525e+00 +3.7818e+00 +3.0032e+00 +4.5643e-02 +1.2366e-01
1132 0 +6.900201458e-03 +1.320769002e+02 +1.320769002e+02 -2.4213e+00 +3.7224e+00 +3.0685e+00 -1.8324e-02 +7.3233e-02
1133 0 +6.631747076e-03 +1.320766317e+02 +1.320766317e+02 -2.4715e+00 +3.7205e+00 +3.1213e+00 -5.1943e-03 +9.3960e-02
1183 0 +2.633298716e-03 +1.320726333e+02 +1.320726333e+02 -2.4779e+00 +3.8017e+00 +3.0841e+00 +1.3451e-02 +9.0164e-02
1201 0 +1.267352385e-03 +1.320712674e+02 +1.320712674e+02 -2.4694e+00 +3.7547e+00 +3.0732e+00 +2.8988e-03 +7.2184e-02
% f evaluations | g evaluations | best noise-free fitness - Fopt (9.725000000000e+01) + sum g_i+ | measured fitness | best measured fitness or single-digit g-values | x1 | x2...
1 0 +1.329426951e+06 +1.329524201e+06 +1.329524201e+06 +5.9671e-01 -3.8264e-02 +7.4769e-01 +1.6230e+00 -1.3415e-01
2 0 +7.476824281e+05 +7.477796781e+05 +7.477796781e+05 -1.3414e-01 +1.6792e+00 +8.6743e-01 -3.6947e-01 +6.4256e-01
15 0 +3.833873350e+05 +3.834845850e+05 +3.834845850e+05 +4.6140e-01 +1.6380e+00 +6.4174e-02 +1.6646e+00 -2.5197e+00
22 0 +6.934652941e+04 +6.944377941e+04 +6.944377941e+04 +5.0405e-01 +1.9862e+00 +2.7458e-01 +3.5755e-01 +2.5554e-02
31 0 +8.198954411e+03 +8.296204411e+03 +8.296204411e+03 +3.1558e-01 +9.6379e-01 -8.3436e-01 +1.2913e+00 +1.3300e+00
35 0 +6.094764672e+02 +7.067264672e+02 +7.067264672e+02 +9.7693e-01 +2.0380e+00 -6.4776e-01 +3.7474e-01 +5.0232e-03
163 0 +2.969466753e+01 +1.269446675e+02 +1.269446675e+02 -4.1963e-01 +1.1398e+00 +1.0285e+00 +2.1886e+00 +6.1894e-01
298 0 +1.065996651e+01 +1.079099665e+02 +1.079099665e+02 +1.4339e-01 +1.5258e+00 +2.4237e+00 +1.4335e+00 +1.1608e+00
455 0 +5.308083813e+00 +1.025580838e+02 +1.025580838e+02 +2.1165e-01 +1.5888e+00 +4.9503e-01 +7.1611e-01 +1.3205e+00
558 0 +4.179530522e+00 +1.014295305e+02 +1.014295305e+02 -5.4191e-01 +1.3764e+00 +2.0006e-01 +1.0192e+00 +1.6933e+00
561 0 +3.917907714e+00 +1.011679077e+02 +1.011679077e+02 -4.1351e-01 +9.9437e-01 +4.8150e-01 +1.3816e+00 +1.9236e+00
563 0 +2.476723478e+00 +9.972672348e+01 +9.972672348e+01 -8.5096e-02 +1.5439e+00 -2.4576e-02 +2.3421e-01 +2.1522e+00
596 0 +1.389336021e+00 +9.863933602e+01 +9.863933602e+01 +1.0926e+00 +1.1081e+00 +5.8015e-01 +3.8372e-01 +2.2076e+00
753 0 +9.581207489e-01 +9.820812075e+01 +9.820812075e+01 +7.7666e-01 +8.1792e-01 +3.6389e-01 +1.3807e-01 +3.3041e+00
773 0 +6.816262216e-01 +9.793162622e+01 +9.793162622e+01 +2.4173e-01 +1.5147e+00 +1.0785e+00 -5.7221e-02 +2.8750e+00
790 0 +3.740375357e-01 +9.762403754e+01 +9.762403754e+01 +2.3846e-01 +1.1976e+00 +1.9948e-01 +2.3913e-01 +2.7033e+00
851 0 +2.989675856e-01 +9.754896759e+01 +9.754896759e+01 +6.8121e-01 +1.2902e+00 +3.8626e-01 -2.8948e-01 +3.0949e+00
855 0 +2.586935305e-01 +9.750869353e+01 +9.750869353e+01 +5.9305e-01 +1.2047e+00 +2.9087e-01 -2.2149e-01 +3.1856e+00
857 0 +2.309295263e-01 +9.748092953e+01 +9.748092953e+01 +6.9300e-01 +8.3604e-01 +8.0650e-01 +3.1118e-01 +3.2396e+00
869 0 +1.590925707e-01 +9.740909257e+01 +9.740909257e+01 +2.5138e-01 +1.2506e+00 +5.9205e-01 +1.1984e-01 +2.9295e+00
870 0 +1.497205765e-01 +9.739972058e+01 +9.739972058e+01 +6.2077e-01 +9.5701e-01 +3.6164e-01 +8.9952e-02 +3.2105e+00
894 0 +1.361276195e-01 +9.738612762e+01 +9.738612762e+01 +7.0078e-01 +1.0066e+00 +5.5510e-01 +2.2463e-01 +2.9249e+00
910 0 +8.446914188e-02 +9.733446914e+01 +9.733446914e+01 +7.0237e-01 +9.6914e-01 +4.4676e-01 +7.3357e-02 +3.1883e+00
940 0 +7.033986518e-02 +9.732033987e+01 +9.732033987e+01 +7.2756e-01 +9.3234e-01 +5.5489e-01 +1.7156e-01 +3.1365e+00
960 0 +6.062896976e-02 +9.731062897e+01 +9.731062897e+01 +6.4251e-01 +1.0368e+00 +7.5808e-01 +1.4515e-01 +3.1090e+00
992 0 +4.314212366e-02 +9.729314212e+01 +9.729314212e+01 +5.5792e-01 +1.1812e+00 +6.0315e-01 +1.2179e-01 +2.8525e+00
997 0 +3.528687811e-02 +9.728528688e+01 +9.728528688e+01 +6.1831e-01 +1.0554e+00 +6.5420e-01 +1.0987e-01 +3.1019e+00
1001 0 +1.930518324e-02 +9.726930518e+01 +9.726930518e+01 +5.4603e-01 +1.0970e+00 +6.2586e-01 +1.4685e-01 +3.0005e+00
1002 0 +1.777652111e-02 +9.726777652e+01 +9.726777652e+01 +5.2674e-01 +1.0723e+00 +4.4244e-01 +1.1454e-01 +3.0407e+00
1007 0 +2.887284401e-03 +9.725288728e+01 +9.725288728e+01 +5.6098e-01 +1.0568e+00 +5.5315e-01 +1.4413e-01 +3.0460e+00
1118 0 +4.390389085e-04 +9.725043904e+01 +9.725043904e+01 +5.6709e-01 +1.0730e+00 +5.6117e-01 +1.4224e-01 +3.0154e+00
1163 0 +4.189284378e-04 +9.725041893e+01 +9.725041893e+01 +5.6884e-01 +1.0757e+00 +5.5481e-01 +1.4258e-01 +3.0056e+00
1246 0 +3.790092973e-04 +9.725037901e+01 +9.725037901e+01 +5.9544e-01 +1.0730e+00 +5.5021e-01 +1.3653e-01 +2.9997e+00
% f evaluations | g evaluations | best noise-free fitness - Fopt (-2.033000000000e+01) + sum g_i+ | measured fitness | best measured fitness or single-digit g-values | x1 | x2...
1 0 +1.500255837e+05 +1.500052537e+05 +1.500052537e+05 +5.9671e-01 -3.8264e-02 +7.4769e-01 +1.6230e+00 -1.3415e-01
8 0 +6.846458017e+03 +6.826128017e+03 +6.826128017e+03 -1.1208e+00 +3.0886e-01 -1.8597e+00 -1.2282e+00 +2.9686e-01
12 0 +3.965149527e+03 +3.944819527e+03 +3.944819527e+03 +1.0313e+00 -7.3922e-01 -2.0921e-01 +4.3126e-01 +1.0755e+00
31 0 +2.509733435e+03 +2.489403435e+03 +2.489403435e+03 +5.8024e-01 +6.2958e-01 -3.0811e-01 +6.4445e-01 +3.1682e-01
72 0 +1.850418173e+03 +1.830088173e+03 +1.830088173e+03 +1.2123e-01 +6.6862e-01 +1.2695e+00 +1.2813e-01 +1.6707e+00
78 0 +3.361413295e+01 +1.328413295e+01 +1.328413295e+01 +9.0320e-01 -4.7293e-01 -4.6534e-02 +2.0768e-01 +1.3181e+00
174 0 +3.017701915e+01 +9.847019153e+00 +9.847019153e+00 +1.6880e+00 -8.9040e-01 +1.5530e-01 +1.6902e+00 -3.3123e-01
239 0 +2.743009714e+01 +7.100097143e+00 +7.100097143e+00 +1.1174e+00 +2.5389e-01 +7.9065e-01 +8.2712e-01 +1.2562e+00
285 0 +1.366529891e+01 -6.664701094e+00 -6.664701094e+00 +2.6281e+00 +4.5256e-01 +6.4268e-02 +2.1057e+00 +6.6060e-01
389 0 +1.220589857e+01 -8.124101428e+00 -8.124101428e+00 +1.7634e+00 +5.8465e-01 +2.1092e+00 +2.0295e+00 +9.3732e-01
457 0 +1.171827696e+01 -8.611723042e+00 -8.611723042e+00 +1.7993e+00 +9.1842e-01 +1.4816e+00 +2.1228e+00 +5.0052e-01
506 0 +1.088284286e+01 -9.447157135e+00 -9.447157135e+00 +1.6120e+00 +1.2204e+00 +2.0777e+00 +1.8118e+00 +1.3109e+00
520 0 +8.438407953e+00 -1.189159205e+01 -1.189159205e+01 +2.7074e+00 +1.1542e+00 +1.8847e+00 +2.1953e+00 +2.0743e+00
526 0 +6.185011295e+00 -1.414498870e+01 -1.414498870e+01 +2.8514e+00 +9.3889e-01 +2.4976e+00 +2.2493e+00 +2.5265e+00
593 0 +1.981640018e+00 -1.834835998e+01 -1.834835998e+01 +4.2596e+00 +3.1648e+00 +2.3862e+00 +3.5269e+00 +2.8502e+00
634 0 +1.115965758e+00 -1.921403424e+01 -1.921403424e+01 +3.8464e+00 +1.8079e+00 +1.2101e+00 +3.0379e+00 +1.9251e+00
760 0 +7.332693063e-01 -1.959673069e+01 -1.959673069e+01 +4.1603e+00 +1.9801e+00 +1.2376e+00 +3.3326e+00 +1.9087e+00
771 0 +7.229119792e-01 -1.960708802e+01 -1.960708802e+01 +4.4937e+00 +2.5422e+00 +1.8931e+00 +3.8867e+00 +1.9773e+00
781 0 +3.479708187e-01 -1.998202918e+01 -1.998202918e+01 +3.9411e+00 +3.0103e+00 +1.8171e+00 +3.5440e+00 +1.9052e+00
795 0 +2.888442593e-01 -2.004115574e+01 -2.004115574e+01 +3.8403e+00 +2.6250e+00 +1.7058e+00 +3.3298e+00 +1.9624e+00
830 0 +1.349360353e-01 -2.019506396e+01 -2.019506396e+01 +3.8491e+00 +2.4972e+00 +1.6491e+00 +3.2843e+00 +1.9816e+00
881 0 +3.790887452e-02 -2.029209113e+01 -2.029209113e+01 +3.9830e+00 +2.5476e+00 +1.9355e+00 +3.3697e+00 +2.2289e+00
978 0 +2.733650794e-02 -2.030266349e+01 -2.030266349e+01 +4.0377e+00 +2.6000e+00 +1.8918e+00 +3.4906e+00 +2.0680e+00
980 0 +1.661698168e-02 -2.031338302e+01 -2.031338302e+01 +3.9889e+00 +2.5032e+00 +1.9530e+00 +3.4121e+00 +2.1543e+00
985 0 +7.912525346e-03 -2.032208747e+01 -2.032208747e+01 +3.9288e+00 +2.4159e+00 +1.9566e+00 +3.3960e+00 +2.0692e+00
1109 0 +1.521082836e-03 -2.032847892e+01 -2.032847892e+01 +3.9117e+00 +2.5253e+00 +1.9212e+00 +3.4126e+00 +2.0236e+00
1149 0 +1.399877495e-03 -2.032860012e+01 -2.032860012e+01 +3.9460e+00 +2.5113e+00 +1.9102e+00 +3.4270e+00 +2.0357e+00
1225 0 +1.038534737e-03 -2.032896147e+01 -2.032896147e+01 +3.9304e+00 +2.4872e+00 +1.9236e+00 +3.4009e+00 +2.0632e+00
% f evaluations | g evaluations | best noise-free fitness - Fopt (9.431000000000e+01) + sum g_i+ | measured fitness | best measured fitness or single-digit g-values | x1 | x2...
1 0 +4.280837524e+06 +4.280931834e+06 +4.280931834e+06 +5.9671e-01 -3.8264e-02 +7.4769e-01 +1.6230e+00 -1.3415e-01
2 0 +1.344197137e+04 +1.353628137e+04 +1.353628137e+04 -1.3414e-01 +1.6792e+00 +8.6743e-01 -3.6947e-01 +6.4256e-01
18 0 +5.170541366e+01 +1.460154137e+02 +1.460154137e+02 -4.0176e-01 +1.0154e+00 +4.2875e-01 -4.2976e-01 +6.1327e-01
476 0 +4.558283904e+01 +1.398928390e+02 +1.398928390e+02 +7.1202e-02 +1.6202e+00 -5.3843e-02 +8.0826e-01 +3.1140e-01
501 0 +3.879685285e+01 +1.331068529e+02 +1.331068529e+02 -2.8700e-01 +1.6183e+00 +1.0832e+00 +2.1870e-01 +1.4919e+00
526 0 +1.765933340e+01 +1.119693334e+02 +1.119693334e+02 -1.6027e+00 +2.0194e+00 +1.1492e+00 +2.1203e+00 +2.2199e+00
564 0 +9.675227127e+00 +1.039852271e+02 +1.039852271e+02 -1.6801e+00 +2.2332e+00 +1.9776e+00 +2.2861e+00 +3.5302e+00
606 0 +8.220346289e+00 +1.025303463e+02 +1.025303463e+02 -3.0270e+00 +1.5945e+00 +3.1853e+00 +8.7990e-01 +4.4148e+00
615 0 +6.583067714e+00 +1.008930677e+02 +1.008930677e+02 -4.4122e+00 +1.6306e+00 +3.0486e+00 +2.2478e+00 +4.8154e+00
653 0 +5.598842797e+00 +9.990884280e+01 +9.990884280e+01 -2.9304e+00 +3.9241e+00 +4.3303e+00 +3.4078e+00 +4.8623e+00
699 0 +1.058831084e+00 +9.536883108e+01 +9.536883108e+01 -3.2206e+00 +3.2787e+00 +4.0770e+00 +2.1011e+00 +3.8490e+00
732 0 +1.024008020e+00 +9.533400802e+01 +9.533400802e+01 -3.7864e+00 +2.4436e+00 +3.5295e+00 +2.1416e+00 +4.2738e+00
754 0 +4.825437715e-01 +9.479254377e+01 +9.479254377e+01 -3.9852e+00 +2.8671e+00 +3.9300e+00 +2.4316e+00 +4.3388e+00
800 0 +4.639872860e-01 +9.477398729e+01 +9.477398729e+01 -3.3552e+00 +2.9124e+00 +3.7068e+00 +2.2725e+00 +4.0757e+00
822 0 +2.903906031e-01 +9.460039060e+01 +9.460039060e+01 -3.8075e+00 +3.0715e+00 +4.1416e+00 +2.0825e+00 +3.9681e+00
839 0 +2.276109470e-01 +9.453761095e+01 +9.453761095e+01 -3.5328e+00 +2.8712e+00 +3.9009e+00 +1.8824e+00 +3.8915e+00
840 0 +1.915664488e-01 +9.450156645e+01 +9.450156645e+01 -3.6454e+00 +3.1727e+00 +3.9910e+00 +2.2699e+00 +3.8192e+00
853 0 +9.609782182e-02 +9.440609782e+01 +9.440609782e+01 -3.8901e+00 +3.0493e+00 +4.0587e+00 +2.0956e+00 +3.8083e+00
881 0 +7.181695590e-02 +9.438181696e+01 +9.438181696e+01 -3.8569e+00 +3.0891e+00 +3.9822e+00 +2.2367e+00 +3.7823e+00
902 0 +5.809124084e-02 +9.436809124e+01 +9.436809124e+01 -3.8083e+00 +3.0111e+00 +3.9212e+00 +2.1022e+00 +3.6964e+00
933 0 +2.467609657e-02 +9.433467610e+01 +9.433467610e+01 -3.7885e+00 +2.9619e+00 +3.8827e+00 +2.1878e+00 +3.8606e+00
959 0 +8.033253943e-03 +9.431803325e+01 +9.431803325e+01 -3.8560e+00 +3.0184e+00 +3.9704e+00 +2.1621e+00 +3.8191e+00
992 0 +5.319564021e-03 +9.431531956e+01 +9.431531956e+01 -3.8195e+00 +3.0654e+00 +3.9455e+00 +2.2077e+00 +3.7532e+00
1123 0 +3.013861642e-03 +9.431301386e+01 +9.431301386e+01 -3.8494e+00 +3.0181e+00 +3.9232e+00 +2.1902e+00 +3.7694e+00
1129 0 +1.658243613e-03 +9.431165824e+01 +9.431165824e+01 -3.8193e+00 +3.0439e+00 +3.9369e+00 +2.2230e+00 +3.8051e+00
1148 0 +1.520644019e-03 +9.431152064e+01 +9.431152064e+01 -3.8481e+00 +3.0433e+00 +3.9279e+00 +2.2184e+00 +3.7601e+00
1152 0 +1.191392512e-03 +9.431119139e+01 +9.431119139e+01 -3.8449e+00 +3.0413e+00 +3.9389e+00 +2.2200e+00 +3.7909e+00
1186 0 +6.096107313e-04 +9.431060961e+01 +9.431060961e+01 -3.8117e+00 +3.0578e+00 +3.9435e+00 +2.2006e+00 +3.7628e+00
1230 0 +4.255376646e-04 +9.431042554e+01 +9.431042554e+01 -3.8241e+00 +3.0472e+00 +3.9413e+00 +2.2084e+00 +3.7831e+00
1237 0 +2.208431014e-04 +9.431022084e+01 +9.431022084e+01 -3.8298e+00 +3.0447e+00 +3.9308e+00 +2.2171e+00 +3.7754e+00
