% f evaluations | g evaluations | best noise-free fitness - Fopt (2.997000000000e+01) + sum g_i+ | measured fitness | best measured fitness or single-digit g-values | x1 | x2...
1 0 +2.108865901e+02 +2.408565901e+02 +2.408565901e+02 +5.9671e-01 -3.8264e-02
4 0 +1.362647300e+01 +4.359647300e+01 +4.359647300e+01 +1.6792e+00 +8.6743e-01
22 0 +4.776473493e+00 +3.474647349e+01 +3.474647349e+01 +1.2647e+00 -4.0690e-01
72 0 +4.758088310e+00 +3.472808831e+01 +3.472808831e+01 +1.3815e+00 -6.3186e-02
159 0 +4.756225826e+00 +3.472622583e+01 +3.472622583e+01 +1.4146e+00 +5.2376e-02
232 0 +4.749835712e+00 +3.471983571e+01 +3.471983571e+01 +1.4162e+00 +5.8200e-02
241 0 +4.587509713e+00 +3.455750971e+01 +3.455750971e+01 +1.4025e+00 +1.4494e-02
289 0 +4.537194170e+00 +3.450719417e+01 +3.450719417e+01 +1.4036e+00 +1.7239e-02
351 0 +4.511540709e+00 +3.448154071e+01 +3.448154071e+01 +1.3985e+00 -5.5106e-04
352 0 +4.464563463e+00 +3.443456346e+01 +3.443456346e+01 +1.3992e+00 +2.7573e-03
361 0 +4.373769619e+00 +3.434376962e+01 +3.434376962e+01 +1.3851e+00 -4.5102e-02
362 0 +4.363275447e+00 +3.433327545e+01 +3.433327545e+01 +1.3896e+00 -2.9463e-02
371 0 +3.881293218e+00 +3.385129322e+01 +3.385129322e+01 +1.3384e+00 -2.0042e-01
381 0 +3.651139728e+00 +3.362113973e+01 +3.362113973e+01 +1.2934e+00 -3.5227e-01
382 0 +3.628694132e+00 +3.359869413e+01 +3.359869413e+01 +1.2944e+00 -3.4844e-01
384 0 +3.506915185e+00 +3.347691518e+01 +3.347691518e+01 +1.2982e+00 -3.3391e-01
385 0 +3.069847242e+00 +3.303984724e+01 +3.303984724e+01 +1.2628e+00 -4.4922e-01
393 0 +2.643186900e+00 +3.261318690e+01 +3.261318690e+01 +1.2118e+00 -6.1759e-01
396 0 +2.413739858e+00 +3.238373986e+01 +3.238373986e+01 +1.1535e+00 -8.1165e-01
398 0 +2.274289718e+00 +3.224428972e+01 +3.224428972e+01 +1.1492e+00 -8.2429e-01
405 0 +1.923344049e+00 +3.189334405e+01 +3.189334405e+01 +1.0728e+00 -1.0758e+00
415 0 +1.673557047e+00 +3.164355705e+01 +3.164355705e+01 +9.5861e-01 -1.4502e+00
417 0 +1.316484587e+00 +3.128648459e+01 +3.128648459e+01 +9.6868e-01 -1.4125e+00
418 0 +7.700282488e-01 +3.074002825e+01 +3.074002825e+01 +9.9530e-01 -1.3177e+00
421 0 +2.693212471e-01 +3.023932125e+01 +3.023932125e+01 +9.3719e-01 -1.4972e+00
457 0 +5.872582708e-02 +3.002872583e+01 +3.002872583e+01 +8.8535e-01 -1.6677e+00
489 0 +6.609753990e-03 +2.997660975e+01 +2.997660975e+01 +8.7232e-01 -1.7107e+00
% f evaluations | g evaluations | best noise-free fitness - Fopt (-5.171000000000e+01) + sum g_i+ | measured fitness | best measured fitness or single-digit g-values | x1 | x2...
1 0 +1.691458385e+02 +1.174358385e+02 +1.174358385e+02 +5.9671e-01 -3.8264e-02
2 0 +7.744095480e+01 +2.573095480e+01 +2.573095480e+01 +7.4769e-01 +1.6230e+00
11 0 +3.916122069e+01 -1.254877931e+01 -1.254877931e+01 +7.1810e-01 +1.1078e+00
21 0 +3.830811438e+01 -1.340188562e+01 -1.340188562e+01 +9.3632e-01 +1.1438e+00
33 0 +2.297107129e+01 -2.873892871e+01 -2.873892871e+01 +1.1831e+00 +1.5904e+00
36 0 +1.230662493e+01 -3.940337507e+01 -3.940337507e+01 +1.4683e+00 +1.8607e+00
75 0 +6.969015182e+00 -4.474098482e+01 -4.474098482e+01 +1.8338e+00 +2.2469e+00
79 0 +2.355731763e+00 -4.935426824e+01 -4.935426824e+01 +2.4596e+00 +2.9497e+00
84 0 +2.354741893e+00 -4.935525811e+01 -4.935525811e+01 +2.3977e+00 +2.9186e+00
113 0 +1.233242823e+00 -5.047675718e+01 -5.047675718e+01 +2.4744e+00 +2.9763e+00
123 0 +7.535746813e-01 -5.095642532e+01 -5.095642532e+01 +2.5141e+00 +3.0248e+00
174 0 +3.875664696e-01 -5.132243353e+01 -5.132243353e+01 +2.4015e+00 +2.9041e+00
199 0 +2.221005551e-01 -5.148789944e+01 -5.148789944e+01 +2.5008e+00 +3.0150e+00
209 0 +1.037805177e-01 -5.160621948e+01 -5.160621948e+01 +2.5763e+00 +3.1024e+00
210 0 +3.021227004e-02 -5.167978773e+01 -5.167978773e+01 +2.5728e+00 +3.0977e+00
361 0 +2.235395868e-02 -5.168764604e+01 -5.168764604e+01 +2.5570e+00 +3.0796e+00
381 0 +1.509233517e-03 -5.170849077e+01 -5.170849077e+01 +2.5988e+00 +3.1269e+00
% f evaluations | g evaluations | best noise-free fitness - Fopt (-2.799500000000e+02) + sum g_i+ | measured fitness | best measured fitness or single-digit g-values | x1 | x2...
1 0 +4.960199121e+02 +2.160699121e+02 +2.160699121e+02 +5.9671e-01 -3.8264e-02
6 0 +4.913221097e+02 +2.113721097e+02 +2.113721097e+02 -3.6342e-01 -3.6573e-01
7 0 +1.756423407e+02 -1.043076593e+02 -1.043076593e+02 +3.4196e-01 -1.8133e+00
14 0 +9.104148993e+01 -1.889085101e+02 -1.889085101e+02 +6.9581e-01 -2.1847e+00
24 0 +8.803095585e+01 -1.919190442e+02 -1.919190442e+02 +2.1577e+00 -1.8854e+00
62 0 +5.787269500e+01 -2.220773050e+02 -2.220773050e+02 +4.6512e-01 -2.4234e+00
63 0 +3.812789622e+01 -2.418221038e+02 -2.418221038e+02 -3.4879e-01 -2.8548e+00
73 0 +1.140792891e+01 -2.685420711e+02 -2.685420711e+02 -1.9463e+00 -3.3446e+00
94 0 +8.100199435e+00 -2.718498006e+02 -2.718498006e+02 -2.9468e+00 -3.6869e+00
129 0 +4.885523592e+00 -2.750644764e+02 -2.750644764e+02 -3.6876e+00 -4.0092e+00
134 0 +4.738263723e-01 -2.794761736e+02 -2.794761736e+02 -3.8725e+00 -4.0519e+00
221 0 +3.176426638e-01 -2.796323573e+02 -2.796323573e+02 -3.9052e+00 -4.0625e+00
341 0 +2.914144224e-01 -2.796585856e+02 -2.796585856e+02 -3.9152e+00 -4.0658e+00
360 0 +2.525223971e-01 -2.796974776e+02 -2.796974776e+02 -3.9342e+00 -4.0722e+00
381 0 +1.713092748e-01 -2.797786907e+02 -2.797786907e+02 -3.8553e+00 -4.0441e+00
382 0 +1.588344593e-01 -2.797911655e+02 -2.797911655e+02 -3.8623e+00 -4.0467e+00
402 0 +1.265918632e-01 -2.798234081e+02 -2.798234081e+02 -3.8141e+00 -4.0298e+00
420 0 +1.088716621e-01 -2.798411283e+02 -2.798411283e+02 -3.8026e+00 -4.0257e+00
451 0 +1.019525409e-01 -2.798480475e+02 -2.798480475e+02 -3.8139e+00 -4.0296e+00
463 0 +8.141189335e-02 -2.798685881e+02 -2.798685881e+02 -3.7865e+00 -4.0198e+00
464 0 +8.025444408e-02 -2.798697456e+02 -2.798697456e+02 -3.7883e+00 -4.0205e+00
471 0 +7.879789184e-02 -2.798712021e+02 -2.798712021e+02 -3.5354e+00 -3.9312e+00
472 0 +2.016143602e-02 -2.799298386e+02 -2.799298386e+02 -3.6709e+00 -3.9788e+00
486 0 +1.266245377e-02 -2.799373375e+02 -2.799373375e+02 -3.5643e+00 -3.9411e+00
492 0 +1.151109091e-02 -2.799384889e+02 -2.799384889e+02 -3.5828e+00 -3.9477e+00
495 0 +8.538257597e-03 -2.799414617e+02 -2.799414617e+02 -3.6239e+00 -3.9623e+00
% f evaluations | g evaluations | best noise-free fitness - Fopt (9.319900000000e+02) + sum g_i+ | measured fitness | best measured fitness or single-digit g-values | x1 | x2...
1 0 +1.654486235e+02 +1.097438623e+03 +1.097438623e+03 +5.9671e-01 -3.8264e-02
2 0 +6.310683607e+01 +9.950968361e+02 +9.950968361e+02 +7.4769e-01 +1.6230e+00
4 0 +1.724242450e+01 +9.492324245e+02 +9.492324245e+02 +1.6792e+00 +8.6743e-01
21 0 +9.004129421e+00 +9.409941294e+02 +9.409941294e+02 +1.2828e+00 +9.7774e-01
41 0 +5.763129446e+00 +9.377531294e+02 +9.377531294e+02 +1.5684e+00 +7.4250e-01
53 0 +3.030435596e+00 +9.350204356e+02 +9.350204356e+02 +7.8218e-01 +1.1104e+00
73 0 +2.963759732e+00 +9.349537597e+02 +9.349537597e+02 +7.5390e-01 +1.1244e+00
93 0 +2.094499383e+00 +9.340844994e+02 +9.340844994e+02 +9.4601e-01 +1.0406e+00
109 0 +9.179631215e-01 +9.329079631e+02 +9.329079631e+02 +1.0014e+00 +1.0277e+00
139 0 +7.278099971e-01 +9.327178100e+02 +9.327178100e+02 +1.0215e+00 +1.0183e+00
214 0 +7.028219992e-01 +9.326928220e+02 +9.326928220e+02 +1.0169e+00 +1.0190e+00
225 0 +6.987164866e-01 +9.326887165e+02 +9.326887165e+02 +1.0079e+00 +1.0234e+00
232 0 +6.498380094e-01 +9.326398380e+02 +9.326398380e+02 +1.0295e+00 +1.0137e+00
243 0 +6.429927055e-01 +9.326329927e+02 +9.326329927e+02 +1.0205e+00 +1.0180e+00
261 0 +6.077593306e-01 +9.325977593e+02 +9.325977593e+02 +1.0279e+00 +1.0147e+00
271 0 +5.759518938e-01 +9.325659519e+02 +9.325659519e+02 +1.0837e+00 +9.8979e-01
281 0 +4.603639111e-01 +9.324503639e+02 +9.324503639e+02 +1.0685e+00 +9.9762e-01
289 0 +4.537392307e-01 +9.324437392e+02 +9.324437392e+02 +1.1181e+00 +9.7539e-01
292 0 +4.323927799e-01 +9.324223928e+02 +9.324223928e+02 +1.2009e+00 +9.3898e-01
294 0 +2.843705339e-01 +9.322743705e+02 +9.322743705e+02 +1.1489e+00 +9.6303e-01
303 0 +2.455227245e-01 +9.322355227e+02 +9.322355227e+02 +1.3114e+00 +8.9276e-01
304 0 +2.103899959e-01 +9.322003900e+02 +9.322003900e+02 +1.2934e+00 +9.0071e-01
305 0 +2.018619253e-01 +9.321918619e+02 +9.321918619e+02 +1.2675e+00 +9.1189e-01
321 0 +1.553650664e-01 +9.321453651e+02 +9.321453651e+02 +1.3097e+00 +8.9419e-01
322 0 +6.669347904e-02 +9.320566935e+02 +9.320566935e+02 +1.3009e+00 +8.9863e-01
360 0 +4.683786397e-02 +9.320368379e+02 +9.320368379e+02 +1.3437e+00 +8.8133e-01
370 0 +4.252026467e-02 +9.320325203e+02 +9.320325203e+02 +1.3057e+00 +8.9733e-01
372 0 +2.611922406e-03 +9.319926119e+02 +9.319926119e+02 +1.3476e+00 +8.7931e-01
418 0 +1.542531799e-03 +9.319915425e+02 +9.319915425e+02 +1.3265e+00 +8.8826e-01
431 0 +4.286418033e-04 +9.319904286e+02 +9.319904286e+02 +1.3347e+00 +8.8478e-01
452 0 +2.150335716e-04 +9.319902150e+02 +9.319902150e+02 +1.3418e+00 +8.8176e-01
466 0 +2.064016066e-04 +9.319902064e+02 +9.319902064e+02 +1.3421e+00 +8.8164e-01
% f evaluations | g evaluations | best noise-free fitness - Fopt (1.133100000000e+02) + sum g_i+ | measured fitness | best measured fitness or single-digit g-values | x1 | x2...
1 0 +6.738688349e+02 +7.871788349e+02 +7.871788349e+02 +5.9671e-01 -3.8264e-02
2 0 +2.724812241e+02 +3.857912241e+02 +3.857912241e+02 +7.4769e-01 +1.6230e+00
11 0 +7.084058177e+01 +1.841505818e+02 +1.841505818e+02 +2.2718e-01 +2.8102e+00
28 0 +1.817256536e+01 +1.314825654e+02 +1.314825654e+02 -4.0320e-01 +2.3830e+00
31 0 +1.023546456e+01 +1.235454646e+02 +1.235454646e+02 +2.6754e+00 +3.3782e+00
68 0 +8.885909943e+00 +1.221959099e+02 +1.221959099e+02 +9.3498e-04 +2.4881e+00
72 0 +8.164011323e+00 +1.214740113e+02 +1.214740113e+02 +1.1210e-01 +2.5238e+00
111 0 +6.507660183e+00 +1.198176602e+02 +1.198176602e+02 +6.5982e-01 +2.6811e+00
121 0 +3.234674277e+00 +1.165446743e+02 +1.165446743e+02 +1.0221e+00 +2.8141e+00
156 0 +3.157012405e+00 +1.164670124e+02 +1.164670124e+02 +8.3976e-01 +2.7491e+00
182 0 +3.113102115e+00 +1.164231021e+02 +1.164231021e+02 +8.2736e-01 +2.7455e+00
190 0 +2.468054671e+00 +1.157780547e+02 +1.157780547e+02 +9.8218e-01 +2.7977e+00
243 0 +2.449914836e+00 +1.157599148e+02 +1.157599148e+02 +9.2093e-01 +2.7766e+00
246 0 +2.282998926e+00 +1.155929989e+02 +1.155929989e+02 +9.5983e-01 +2.7892e+00
260 0 +2.217862849e+00 +1.155278628e+02 +1.155278628e+02 +1.1281e+00 +2.8409e+00
371 0 +1.979060659e+00 +1.152890607e+02 +1.152890607e+02 +1.0797e+00 +2.8270e+00
387 0 +1.947421911e+00 +1.152574219e+02 +1.152574219e+02 +1.1037e+00 +2.8345e+00
389 0 +1.747271237e+00 +1.150572712e+02 +1.150572712e+02 +1.1286e+00 +2.8429e+00
394 0 +1.612519530e+00 +1.149225195e+02 +1.149225195e+02 +1.2004e+00 +2.8655e+00
397 0 +1.526645838e+00 +1.148366458e+02 +1.148366458e+02 +1.2801e+00 +2.8905e+00
399 0 +1.390806078e+00 +1.147008061e+02 +1.147008061e+02 +1.2974e+00 +2.8964e+00
402 0 +9.786498173e-01 +1.142886498e+02 +1.142886498e+02 +1.6094e+00 +2.9951e+00
403 0 +6.761072484e-01 +1.139861072e+02 +1.139861072e+02 +1.4971e+00 +2.9613e+00
413 0 +5.853281259e-01 +1.138953281e+02 +1.138953281e+02 +1.5745e+00 +2.9858e+00
425 0 +5.832690502e-01 +1.138932691e+02 +1.138932691e+02 +1.9293e+00 +3.0976e+00
437 0 +4.424554974e-01 +1.137524555e+02 +1.137524555e+02 +1.8938e+00 +3.0869e+00
438 0 +2.259022660e-01 +1.135359023e+02 +1.135359023e+02 +1.9297e+00 +3.0992e+00
443 0 +1.936810439e-01 +1.135036810e+02 +1.135036810e+02 +1.8590e+00 +3.0769e+00
444 0 +1.827632832e-01 +1.134927633e+02 +1.134927633e+02 +1.8087e+00 +3.0610e+00
454 0 +1.764779003e-01 +1.134864779e+02 +1.134864779e+02 +1.9815e+00 +3.1158e+00
455 0 +1.278908334e-01 +1.134378908e+02 +1.134378908e+02 +1.9822e+00 +3.1170e+00
473 0 +7.481917458e-02 +1.133848192e+02 +1.133848192e+02 +2.2118e+00 +3.1904e+00
482 0 +6.638849673e-02 +1.133763885e+02 +1.133763885e+02 +2.2042e+00 +3.1875e+00
493 0 +1.950396682e-02 +1.133295040e+02 +1.133295040e+02 +2.2000e+00 +3.1863e+00
495 0 +4.027813394e-03 +1.133140278e+02 +1.133140278e+02 +2.1441e+00 +3.1685e+00
% f evaluations | g evaluations | best noise-free fitness - Fopt (2.849000000000e+01) + sum g_i+ | measured fitness | best measured fitness or single-digit g-values | x1 | x2...
1 0 +4.957258057e+02 +5.242158057e+02 +5.242158057e+02 +5.9671e-01 -3.8264e-02
3 0 +2.863554176e+02 +3.148454176e+02 +3.148454176e+02 -1.3415e-01 -1.3414e-01
6 0 +2.023796782e+02 +2.308696782e+02 +2.308696782e+02 -3.6342e-01 -3.6573e-01
8 0 +1.504163219e+02 +1.789063219e+02 +1.789063219e+02 -1.6249e+00 -4.6229e-01
9 0 +1.248820850e+02 +1.533720850e+02 +1.533720850e+02 -9.1283e-01 +4.1425e-01
10 0 +2.967901637e+00 +3.145790164e+01 +3.145790164e+01 -8.0802e-01 -1.3123e+00
100 0 +2.225021597e+00 +3.071502160e+01 +3.071502160e+01 -9.4940e-01 -8.4390e-01
131 0 +1.206335979e+00 +2.969633598e+01 +2.969633598e+01 -8.7828e-01 -1.0559e+00
192 0 +1.104493464e+00 +2.959449346e+01 +2.959449346e+01 -8.9178e-01 -1.0155e+00
199 0 +7.916320171e-01 +2.928163202e+01 +2.928163202e+01 -8.4441e-01 -1.1653e+00
200 0 +7.428508652e-01 +2.923285087e+01 +2.923285087e+01 -8.4441e-01 -1.1677e+00
251 0 +7.309568703e-01 +2.922095687e+01 +2.922095687e+01 -8.4224e-01 -1.1727e+00
252 0 +7.139815589e-01 +2.920398156e+01 +2.920398156e+01 -8.4450e-01 -1.1659e+00
265 0 +7.011884064e-01 +2.919118841e+01 +2.919118841e+01 -8.4099e-01 -1.1783e+00
273 0 +6.528753133e-01 +2.914287531e+01 +2.914287531e+01 -8.3495e-01 -1.1973e+00
287 0 +6.497213164e-01 +2.913972132e+01 +2.913972132e+01 -8.3692e-01 -1.1908e+00
309 0 +6.480251856e-01 +2.913802519e+01 +2.913802519e+01 -8.3796e-01 -1.1870e+00
310 0 +6.341318050e-01 +2.912413181e+01 +2.912413181e+01 -8.3788e-01 -1.1874e+00
311 0 +6.085463387e-01 +2.909854634e+01 +2.909854634e+01 -8.3397e-01 -1.1998e+00
344 0 +6.028195209e-01 +2.909281952e+01 +2.909281952e+01 -8.3373e-01 -1.2006e+00
351 0 +5.878512579e-01 +2.907785126e+01 +2.907785126e+01 -8.2691e-01 -1.2219e+00
352 0 +5.702667235e-01 +2.906026672e+01 +2.906026672e+01 -8.2773e-01 -1.2196e+00
361 0 +5.507737157e-01 +2.904077372e+01 +2.904077372e+01 -8.1623e-01 -1.2554e+00
362 0 +5.391388466e-01 +2.902913885e+01 +2.902913885e+01 -8.2002e-01 -1.2438e+00
371 0 +4.432939048e-01 +2.893329390e+01 +2.893329390e+01 -7.8014e-01 -1.3689e+00
381 0 +3.418035472e-01 +2.883180355e+01 +2.883180355e+01 -7.7559e-01 -1.3850e+00
385 0 +3.040505042e-01 +2.879405050e+01 +2.879405050e+01 -7.6620e-01 -1.4147e+00
388 0 +2.731454657e-01 +2.876314547e+01 +2.876314547e+01 -7.4841e-01 -1.4699e+00
394 0 +1.683497725e-01 +2.865834977e+01 +2.865834977e+01 -7.3572e-01 -1.5108e+00
398 0 +1.646003753e-01 +2.865460038e+01 +2.865460038e+01 -6.8953e-01 -1.6557e+00
400 0 +1.182991320e-01 +2.860829913e+01 +2.860829913e+01 -6.8738e-01 -1.6630e+00
406 0 +6.720387308e-02 +2.855720387e+01 +2.855720387e+01 -6.5213e-01 -1.7747e+00
416 0 +1.745969112e-02 +2.850745969e+01 +2.850745969e+01 -6.5616e-01 -1.7625e+00
453 0 +3.294594645e-03 +2.849329459e+01 +2.849329459e+01 -6.3208e-01 -1.8388e+00
486 0 +1.294869090e-03 +2.849129487e+01 +2.849129487e+01 -6.3029e-01 -1.8445e+00
% f evaluations | g evaluations | best noise-free fitness - Fopt (-7.405800000000e+02) + sum g_i+ | measured fitness | best measured fitness or single-digit g-values | x1 | x2...
1 0 +4.218598222e+02 -3.187201778e+02 -3.187201778e+02 +5.9671e-01 -3.8264e-02
3 0 +2.642354115e+02 -4.763445885e+02 -4.763445885e+02 -1.3415e-01 -1.3414e-01
6 0 +1.683223864e+02 -5.722576136e+02 -5.722576136e+02 -3.6342e-01 -3.6573e-01
7 0 +5.638588930e+01 -6.841941107e+02 -6.841941107e+02 +3.4196e-01 -1.8133e+00
18 0 +7.145914285e+00 -7.334340857e+02 -7.334340857e+02 -1.3634e+00 -3.4666e-01
31 0 +2.952939845e+00 -7.376270602e+02 -7.376270602e+02 -1.3510e+00 -3.1501e-01
44 0 +2.499286099e+00 -7.380807139e+02 -7.380807139e+02 -1.5179e+00 -2.1078e-01
122 0 +2.169056660e+00 -7.384109433e+02 -7.384109433e+02 -6.9327e-01 -8.2322e-01
173 0 +2.131200220e+00 -7.384487998e+02 -7.384487998e+02 -7.0273e-01 -8.1532e-01
183 0 +1.854099700e+00 -7.387259003e+02 -7.387259003e+02 -7.9780e-01 -7.4324e-01
193 0 +1.837954179e+00 -7.387420458e+02 -7.387420458e+02 -7.6787e-01 -7.6670e-01
217 0 +1.767113499e+00 -7.388128865e+02 -7.388128865e+02 -7.8057e-01 -7.5689e-01
231 0 +1.760608555e+00 -7.388193914e+02 -7.388193914e+02 -8.1402e-01 -7.3225e-01
238 0 +1.707040408e+00 -7.388729596e+02 -7.388729596e+02 -8.2315e-01 -7.2436e-01
249 0 +1.658352122e+00 -7.389216479e+02 -7.389216479e+02 -8.1976e-01 -7.2718e-01
332 0 +1.639178132e+00 -7.389408219e+02 -7.389408219e+02 -8.1780e-01 -7.2893e-01
350 0 +1.622073008e+00 -7.389579270e+02 -7.389579270e+02 -8.1780e-01 -7.2885e-01
372 0 +1.589251753e+00 -7.389907482e+02 -7.389907482e+02 -8.3166e-01 -7.1846e-01
381 0 +1.521602372e+00 -7.390583976e+02 -7.390583976e+02 -8.6266e-01 -6.9522e-01
382 0 +1.514759154e+00 -7.390652408e+02 -7.390652408e+02 -8.5057e-01 -7.0414e-01
391 0 +1.201761029e+00 -7.393782390e+02 -7.393782390e+02 -9.8398e-01 -6.0389e-01
401 0 +7.846673152e-01 -7.397953327e+02 -7.397953327e+02 -1.3986e+00 -2.9287e-01
413 0 +5.056050914e-01 -7.400743949e+02 -7.400743949e+02 -1.9855e+00 +1.5065e-01
417 0 +4.868462722e-01 -7.400931537e+02 -7.400931537e+02 -1.3910e+00 -2.9728e-01
427 0 +2.420844200e-01 -7.403379156e+02 -7.403379156e+02 -1.4370e+00 -2.6126e-01
434 0 +2.057173172e-01 -7.403742827e+02 -7.403742827e+02 -1.5054e+00 -2.0952e-01
439 0 +2.209913302e-02 -7.405579009e+02 -7.405579009e+02 -1.6950e+00 -6.6786e-02
451 0 +1.245329203e-02 -7.405675467e+02 -7.405675467e+02 -1.8331e+00 +3.7406e-02
% f evaluations | g evaluations | best noise-free fitness - Fopt (-5.177000000000e+01) + sum g_i+ | measured fitness | best measured fitness or single-digit g-values | x1 | x2...
1 0 +3.815212450e+02 +3.297512450e+02 +3.297512450e+02 +5.9671e-01 -3.8264e-02
2 0 +1.063019794e+02 +5.453197937e+01 +5.453197937e+01 +7.4769e-01 +1.6230e+00
14 0 +5.609619920e+01 +4.326199204e+00 +4.326199204e+00 +6.8510e-01 +2.2394e+00
15 0 +5.232485028e+01 +5.548502777e-01 +5.548502777e-01 +8.7110e-01 +2.2278e+00
16 0 +4.662873424e+01 -5.141265759e+00 -5.141265759e+00 -3.7752e-01 +1.7506e+00
54 0 +3.616126953e+01 -1.560873047e+01 -1.560873047e+01 +5.0465e-01 +2.0114e+00
63 0 +2.094040853e+01 -3.082959147e+01 -3.082959147e+01 -4.7456e-01 +1.8873e+00
76 0 +1.882096237e+01 -3.294903763e+01 -3.294903763e+01 -6.0332e-01 +1.8744e+00
81 0 +8.287221901e+00 -4.348277810e+01 -4.348277810e+01 -1.0833e+00 +1.8839e+00
95 0 +6.850829906e+00 -4.491917009e+01 -4.491917009e+01 -1.8502e+00 +1.7959e+00
129 0 +3.468633717e+00 -4.830136628e+01 -4.830136628e+01 -2.2485e+00 +1.7279e+00
132 0 +3.100809137e+00 -4.866919086e+01 -4.866919086e+01 -2.1058e+00 +1.7116e+00
146 0 +1.173062464e+00 -5.059693754e+01 -5.059693754e+01 -2.0399e+00 +1.7419e+00
153 0 +2.957449259e-01 -5.147425507e+01 -5.147425507e+01 -2.1154e+00 +1.7261e+00
198 0 +1.467838402e-01 -5.162321616e+01 -5.162321616e+01 -2.1816e+00 +1.7175e+00
248 0 +1.110962370e-01 -5.165890376e+01 -5.165890376e+01 -2.3810e+00 +1.6903e+00
252 0 +2.120449117e-02 -5.174879551e+01 -5.174879551e+01 -2.3708e+00 +1.6924e+00
265 0 +6.979827967e-03 -5.176302017e+01 -5.176302017e+01 -2.3717e+00 +1.6921e+00
334 0 +5.198188187e-03 -5.176480181e+01 -5.176480181e+01 -2.3800e+00 +1.6910e+00
343 0 +4.788403328e-03 -5.176521160e+01 -5.176521160e+01 -2.3481e+00 +1.6953e+00
344 0 +2.660784393e-03 -5.176733922e+01 -5.176733922e+01 -2.3445e+00 +1.6958e+00
373 0 +2.639390988e-03 -5.176736061e+01 -5.176736061e+01 -2.3400e+00 +1.6965e+00
390 0 +1.648107306e-03 -5.176835189e+01 -5.176835189e+01 -2.3554e+00 +1.6943e+00
393 0 +3.181945935e-04 -5.176968181e+01 -5.176968181e+01 -2.3448e+00 +1.6958e+00
424 0 +1.323593488e-04 -5.176986764e+01 -5.176986764e+01 -2.3405e+00 +1.6964e+00
445 0 +2.186699584e-05 -5.176997813e+01 -5.176997813e+01 -2.3410e+00 +1.6963e+00
% f evaluations | g evaluations | best noise-free fitness - Fopt (-2.229800000000e+02) + sum g_i+ | measured fitness | best measured fitness or single-digit g-values | x1 | x2...
1 0 +1.149971338e+02 -1.079828662e+02 -1.079828662e+02 +5.9671e-01 -3.8264e-02
11 0 +1.038096347e+02 -1.191703653e+02 -1.191703653e+02 +7.8860e-01 -2.0003e-02
12 0 +9.470850488e+01 -1.282714951e+02 -1.282714951e+02 +2.4760e-01 -3.7032e-01
14 0 +8.585350277e+01 -1.371264972e+02 -1.371264972e+02 +4.6247e-01 -7.3656e-01
17 0 +7.295625730e+01 -1.500237427e+02 -1.500237427e+02 +1.1732e+00 -6.8220e-01
21 0 +5.909815943e+01 -1.638818406e+02 -1.638818406e+02 +1.5590e+00 -5.6155e-01
22 0 +2.863746402e+01 -1.943425360e+02 -1.943425360e+02 +1.6141e+00 -2.8612e-01
31 0 +1.151613861e+01 -2.114638614e+02 -2.114638614e+02 +3.1504e+00 +2.1987e-02
33 0 +7.762105679e+00 -2.152178943e+02 -2.152178943e+02 +2.5175e+00 -4.6009e-02
51 0 +3.389274974e+00 -2.195907250e+02 -2.195907250e+02 +3.1746e+00 +9.4656e-02
101 0 +9.008738862e-01 -2.220791261e+02 -2.220791261e+02 +3.5364e+00 +1.9361e-01
156 0 +1.625482724e-01 -2.228174517e+02 -2.228174517e+02 +3.4728e+00 +1.8754e-01
214 0 +1.033579525e-01 -2.228766420e+02 -2.228766420e+02 +3.3990e+00 +1.7012e-01
222 0 +9.009039315e-02 -2.228899096e+02 -2.228899096e+02 +3.5389e+00 +2.0158e-01
223 0 +4.159684175e-02 -2.229384032e+02 -2.229384032e+02 +3.5231e+00 +1.9755e-01
244 0 +2.144861227e-02 -2.229585514e+02 -2.229585514e+02 +3.4568e+00 +1.8275e-01
280 0 +1.817925310e-02 -2.229618207e+02 -2.229618207e+02 +3.4926e+00 +1.9078e-01
289 0 +1.578865485e-02 -2.229642113e+02 -2.229642113e+02 +3.4974e+00 +1.9183e-01
310 0 +2.386967012e-03 -2.229776130e+02 -2.229776130e+02 +3.4612e+00 +1.8355e-01
351 0 +1.264802775e-03 -2.229787352e+02 -2.229787352e+02 +3.4434e+00 +1.7953e-01
% f evaluations | g evaluations | best noise-free fitness - Fopt (5.860000000000e+00) + sum g_i+ | measured fitness | best measured fitness or single-digit g-values | x1 | x2...
1 0 +6.958533709e+02 +7.017133709e+02 +7.017133709e+02 +5.9671e-01 -3.8264e-02
3 0 +5.598109264e+02 +5.656709264e+02 +5.656709264e+02 -1.3415e-01 -1.3414e-01
5 0 +5.483980158e+02 +5.542580158e+02 +5.542580158e+02 -3.6947e-01 +6.4256e-01
6 0 +5.112231977e+02 +5.170831977e+02 +5.170831977e+02 -3.6342e-01 -3.6573e-01
8 0 +2.940179272e+02 +2.998779272e+02 +2.998779272e+02 -1.6249e+00 -4.6229e-01
11 0 +1.170689030e+02 +1.229289030e+02 +1.229289030e+02 -3.5428e+00 -1.4889e+00
12 0 +9.789703792e+01 +1.037570379e+02 +1.037570379e+02 -3.3193e+00 -1.9010e+00
13 0 +9.063732008e+01 +9.649732008e+01 +9.649732008e+01 -2.8351e+00 -2.2709e+00
17 0 +1.829023244e+01 +2.415023244e+01 +2.415023244e+01 -3.6051e+00 +1.7853e+00
27 0 +1.230268555e+01 +1.816268555e+01 +1.816268555e+01 -4.0642e+00 +3.8446e+00
43 0 +1.056772693e+01 +1.642772693e+01 +1.642772693e+01 -3.5380e+00 +1.0092e+00
52 0 +6.871690607e+00 +1.273169061e+01 +1.273169061e+01 -3.5348e+00 +7.9925e-01
94 0 +2.839534469e+00 +8.699534469e+00 +8.699534469e+00 -3.7591e+00 +2.1621e+00
114 0 +2.682826090e-01 +6.128282609e+00 +6.128282609e+00 -3.7603e+00 +2.0641e+00
148 0 +1.881834274e-01 +6.048183427e+00 +6.048183427e+00 -3.7704e+00 +2.1379e+00
176 0 +1.793764888e-01 +6.039376489e+00 +6.039376489e+00 -3.7601e+00 +2.0662e+00
188 0 +3.341517391e-02 +5.893415174e+00 +5.893415174e+00 -3.7597e+00 +2.0703e+00
199 0 +1.006474294e-02 +5.870064743e+00 +5.870064743e+00 -3.7521e+00 +2.0243e+00
227 0 +9.489441626e-03 +5.869489442e+00 +5.869489442e+00 -3.7498e+00 +2.0111e+00
243 0 +6.853741939e-03 +5.866853742e+00 +5.866853742e+00 -3.7448e+00 +1.9812e+00
286 0 +3.685325639e-03 +5.863685326e+00 +5.863685326e+00 -3.7482e+00 +2.0015e+00
288 0 +3.229123684e-03 +5.863229124e+00 +5.863229124e+00 -3.7511e+00 +2.0186e+00
304 0 +1.912772125e-03 +5.861912772e+00 +5.861912772e+00 -3.7482e+00 +2.0014e+00
334 0 +1.354095608e-03 +5.861354096e+00 +5.861354096e+00 -3.7523e+00 +2.0258e+00
336 0 +8.278438170e-04 +5.860827844e+00 +5.860827844e+00 -3.7519e+00 +2.0231e+00
348 0 +6.575539804e-04 +5.860657554e+00 +5.860657554e+00 -3.7496e+00 +2.0096e+00
371 0 +4.231425386e-04 +5.860423143e+00 +5.860423143e+00 -3.7520e+00 +2.0239e+00
386 0 +2.749269828e-04 +5.860274927e+00 +5.860274927e+00 -3.7502e+00 +2.0130e+00
389 0 +1.205145272e-04 +5.860120515e+00 +5.860120515e+00 -3.7508e+00 +2.0165e+00
