% f evaluations | g evaluations | best noise-free fitness - Fopt (-6.211100000000e+02) + sum g_i+ | measured fitness | best measured fitness or single-digit g-values | x1 | x2...
1 0 +7.457005122e+07 +7.456943011e+07 +7.456943011e+07 +5.9671e-01 -3.8264e-02 +7.4769e-01 +1.6230e+00 -1.3415e-01 -1.3414e-01 +1.6792e+00 +8.6743e-01 -3.6947e-01 +6.4256e-01
3 0 +6.478858654e+07 +6.478796543e+07 +6.478796543e+07 +1.5656e+00 -1.2578e-01 +1.6753e-01 -1.3247e+00 -4.4438e-01 +2.1092e-01 -1.0510e+00 +4.7570e-01 -5.0064e-01 -1.9169e-01
4 0 +2.549752750e+07 +2.549690639e+07 +2.549690639e+07 -5.0171e-01 +1.9523e+00 +8.6503e-02 -9.5771e-01 +9.2254e-01 -1.1208e+00 +3.0886e-01 -1.8597e+00 -1.2282e+00 +2.9686e-01
51 0 +1.419216532e+07 +1.419154421e+07 +1.419154421e+07 -9.5698e-01 +4.1165e+00 -6.4112e-01 -1.7148e+00 -5.3159e-02 -4.7283e-01 +6.0610e-01 -3.8883e-01 +5.9812e-01 +2.2720e+00
101 0 +7.825039750e+06 +7.824418640e+06 +7.824418640e+06 -1.3877e+00 +2.7991e+00 +3.1533e-01 -2.4901e+00 +1.3800e+00 -8.0800e-01 +1.7877e+00 -1.2448e+00 +6.5421e-02 -3.2814e-01
268 0 +6.047466772e+06 +6.046845662e+06 +6.046845662e+06 -1.8549e+00 +2.6898e+00 -7.6406e-01 -3.2224e+00 +1.0472e+00 -7.6515e-01 +5.3934e-01 -2.1914e+00 +2.4115e+00 +3.6459e-01
301 0 +4.127761679e+06 +4.127140569e+06 +4.127140569e+06 -1.9859e+00 +4.4855e+00 +1.3705e+00 -3.4644e+00 +3.8095e-01 -2.1898e+00 +1.2715e+00 -2.5673e-01 +1.8202e+00 +3.1287e-02
501 0 +3.241879284e+06 +3.241258174e+06 +3.241258174e+06 +9.9095e-03 +3.8785e+00 -7.7515e-02 -4.0776e+00 +4.1835e-01 -1.8380e+00 +4.9076e-01 -1.5402e+00 +2.0684e+00 -8.6748e-01
651 0 +2.604593779e+06 +2.603972669e+06 +2.603972669e+06 -6.7917e-01 +3.8653e+00 -3.7172e-01 -3.5297e+00 -7.1284e-01 -2.6831e+00 +1.7580e+00 -8.4614e-01 +7.7595e-01 +1.0156e+00
723 0 +1.690900402e+06 +1.690279292e+06 +1.690279292e+06 -1.6267e+00 +4.0552e+00 -1.1922e-02 -2.9596e+00 +7.9634e-02 -1.2318e+00 +1.1514e+00 -5.8312e-02 +1.7145e+00 -1.2720e-01
851 0 +1.302245058e+06 +1.301623948e+06 +1.301623948e+06 -1.6194e+00 +3.8599e+00 +3.0493e-01 -3.6929e+00 +2.1176e-01 -1.3651e+00 +9.0753e-01 -1.2931e+00 +1.6854e+00 -2.5590e-01
874 0 +1.105480933e+06 +1.104859823e+06 +1.104859823e+06 -1.1129e+00 +4.0871e+00 -2.3652e-01 -3.8253e+00 +5.5693e-01 -1.2659e+00 +1.3507e+00 -5.0904e-01 +2.2541e+00 -8.2077e-01
951 0 +4.354947988e+05 +4.348736888e+05 +4.348736888e+05 -1.3186e+00 +4.0448e+00 +2.3209e-01 -3.8988e+00 -3.0017e-01 -1.8128e+00 +1.1094e+00 -1.1669e+00 +1.0742e+00 -2.8461e-01
1151 0 +3.522234040e+05 +3.516022940e+05 +3.516022940e+05 -1.1697e+00 +3.9557e+00 -3.3383e-01 -3.8172e+00 +8.0966e-01 -1.5039e+00 +1.0949e+00 -5.2955e-01 +1.7001e+00 -5.1924e-01
1251 0 +3.518843907e+05 +3.512632807e+05 +3.512632807e+05 -6.1152e-01 +4.2129e+00 +4.4716e-01 -3.6723e+00 -6.6196e-01 -2.4101e+00 +1.6313e+00 -1.0937e+00 +7.8253e-01 -2.2578e-01
1295 0 +9.651522188e+04 +9.589411188e+04 +9.589411188e+04 -9.1224e-01 +4.1111e+00 -9.9128e-02 -3.8957e+00 -3.0173e-01 -1.8793e+00 +1.2486e+00 -6.8159e-01 +1.2418e+00 -4.2415e-01
1458 0 +8.817169908e+04 +8.755058908e+04 +8.755058908e+04 -1.0712e+00 +3.9053e+00 -3.6200e-01 -3.3903e+00 +4.7655e-01 -1.9483e+00 +1.1494e+00 -6.8848e-01 +1.5115e+00 -2.3965e-01
1501 0 +4.134193671e+04 +4.072082671e+04 +4.072082671e+04 -9.3686e-01 +3.9801e+00 +2.3325e-02 -3.7774e+00 -3.4004e-01 -2.2629e+00 +1.3572e+00 -7.5895e-01 +1.2189e+00 -3.6921e-01
1601 0 +3.216730761e+04 +3.154619761e+04 +3.154619761e+04 -1.0392e+00 +3.9862e+00 -1.6946e-01 -3.7177e+00 -1.4147e-01 -2.0427e+00 +1.2864e+00 -6.9688e-01 +1.1743e+00 -2.5525e-01
1651 0 +2.882942521e+04 +2.820831521e+04 +2.820831521e+04 -9.0597e-01 +3.9226e+00 -6.1349e-03 -3.7804e+00 -3.0186e-01 -2.0407e+00 +1.4983e+00 -7.7571e-01 +1.2615e+00 -2.7297e-01
1681 0 +1.989395021e+04 +1.927284021e+04 +1.927284021e+04 -1.1127e+00 +4.0087e+00 -3.7838e-01 -3.4432e+00 +4.2948e-01 -1.7428e+00 +1.2113e+00 -8.0386e-01 +1.5376e+00 -3.2238e-01
1715 0 +1.873615343e+04 +1.811504343e+04 +1.811504343e+04 -1.0251e+00 +3.9940e+00 +7.4969e-02 -3.8040e+00 -3.0018e-01 -2.0154e+00 +1.3532e+00 -7.9481e-01 +1.2052e+00 -4.1016e-01
1826 0 +1.745522965e+04 +1.683411965e+04 +1.683411965e+04 -8.2156e-01 +3.9561e+00 +2.0215e-01 -3.9471e+00 -6.5551e-01 -2.2338e+00 +1.4790e+00 -7.0421e-01 +1.0373e+00 -2.5815e-01
1915 0 +1.190287336e+04 +1.128176336e+04 +1.128176336e+04 -8.0334e-01 +3.9878e+00 +2.9139e-01 -3.9483e+00 -7.2138e-01 -2.2318e+00 +1.5140e+00 -7.3231e-01 +1.0415e+00 -2.4032e-01
2080 0 +1.100244813e+04 +1.038133813e+04 +1.038133813e+04 -8.0114e-01 +3.9441e+00 +5.4762e-01 -4.0620e+00 -1.1511e+00 -2.3974e+00 +1.5207e+00 -7.1724e-01 +8.7630e-01 -2.3493e-01
2101 0 +9.547076460e+03 +8.925966460e+03 +8.925966460e+03 -7.3781e-01 +3.9813e+00 +4.5492e-01 -4.0038e+00 -8.9737e-01 -2.3664e+00 +1.5117e+00 -7.3264e-01 +8.9290e-01 -2.8020e-01
2136 0 +8.841017376e+03 +8.219907376e+03 +8.219907376e+03 -8.8785e-01 +4.0208e+00 +2.6000e-01 -3.7779e+00 -6.0018e-01 -2.1104e+00 +1.4071e+00 -7.6247e-01 +1.1273e+00 -2.7724e-01
2151 0 +8.140163964e+03 +7.519053964e+03 +7.519053964e+03 -8.8654e-01 +4.0220e+00 +2.3992e-01 -3.8573e+00 -5.0557e-01 -2.0934e+00 +1.4475e+00 -7.0194e-01 +1.1503e+00 -2.8553e-01
2201 0 +4.768896636e+03 +4.147786636e+03 +4.147786636e+03 -9.0771e-01 +3.9594e+00 +1.7488e-01 -3.7799e+00 -4.7698e-01 -2.1148e+00 +1.4387e+00 -7.0518e-01 +1.1411e+00 -3.0788e-01
2251 0 +4.331153714e+03 +3.710043714e+03 +3.710043714e+03 -8.7501e-01 +4.0006e+00 +3.0067e-01 -3.8587e+00 -6.4433e-01 -2.2054e+00 +1.4815e+00 -7.6730e-01 +1.0070e+00 -2.8226e-01
2333 0 +4.011551598e+03 +3.390441598e+03 +3.390441598e+03 -9.2457e-01 +4.0325e+00 +1.0228e-01 -3.7657e+00 -3.2213e-01 -2.0483e+00 +1.3204e+00 -7.6823e-01 +1.1853e+00 -3.0273e-01
2351 0 +1.756098566e+03 +1.134988566e+03 +1.134988566e+03 -8.7089e-01 +3.9568e+00 +2.3705e-01 -3.8667e+00 -5.8677e-01 -2.1561e+00 +1.4113e+00 -7.3511e-01 +1.0975e+00 -2.8832e-01
2401 0 +1.025370485e+03 +4.042604850e+02 +4.042604850e+02 -9.3433e-01 +3.9881e+00 +1.1637e-01 -3.7551e+00 -3.6698e-01 -2.0517e+00 +1.3609e+00 -7.6422e-01 +1.1835e+00 -3.2001e-01
% f evaluations | g evaluations | best noise-free fitness - Fopt (-2.548200000000e+02) + sum g_i+ | measured fitness | best measured fitness or single-digit g-values | x1 | x2...
1 0 +1.280983798e+08 +1.280981250e+08 +1.280981250e+08 +5.9671e-01 -3.8264e-02 +7.4769e-01 +1.6230e+00 -1.3415e-01 -1.3414e-01 +1.6792e+00 +8.6743e-01 -3.6947e-01 +6.4256e-01
3 0 +1.048446844e+08 +1.048444295e+08 +1.048444295e+08 +1.5656e+00 -1.2578e-01 +1.6753e-01 -1.3247e+00 -4.4438e-01 +2.1092e-01 -1.0510e+00 +4.7570e-01 -5.0064e-01 -1.9169e-01
17 0 +1.013525569e+08 +1.013523021e+08 +1.013523021e+08 -8.7468e-01 +8.8708e-01 +1.2586e+00 -7.2068e-01 +1.0634e+00 +5.1278e-01 +9.2206e-01 +1.9968e+00 -1.4539e-01 -6.5374e-01
21 0 +5.270304575e+07 +5.270279093e+07 +5.270279093e+07 +4.5779e-01 +6.6078e-01 +1.1831e+00 +1.1538e+00 -1.2777e+00 -8.3783e-01 +6.1504e-01 +6.1379e-01 +6.1505e-01 +3.9527e+00
51 0 +3.369718978e+07 +3.369693496e+07 +3.369693496e+07 +1.4110e+00 +3.0761e+00 +7.5651e-01 +1.1391e+00 +1.4995e+00 +5.2064e-01 +1.3075e+00 +1.4219e+00 +1.1481e+00 +8.6208e-01
73 0 +2.436412418e+07 +2.436386936e+07 +2.436386936e+07 +2.2818e+00 +2.1418e+00 -9.1116e-01 -1.1394e+00 -6.4858e-01 -1.1691e+00 -6.3813e-01 +3.7820e-01 +7.0804e-01 +1.0855e+00
101 0 +2.363241412e+07 +2.363215930e+07 +2.363215930e+07 +4.0720e+00 +2.3391e+00 +6.8455e-01 -5.6453e-01 +1.2249e+00 -6.8318e-01 +7.0433e-01 +2.1232e+00 +3.0460e-01 +2.4996e+00
125 0 +2.288238519e+07 +2.288213037e+07 +2.288213037e+07 +2.4380e+00 +3.2942e+00 +3.4500e+00 -2.6708e-01 -1.1436e+00 -1.9658e+00 +8.0862e-01 +2.3167e+00 +1.4680e+00 +4.9428e+00
145 0 +1.431727947e+07 +1.431702465e+07 +1.431702465e+07 +3.4119e+00 +3.9532e+00 -5.6550e-01 -4.0198e-01 -7.1376e-01 +2.8331e-01 -1.3411e+00 +1.5540e-01 +1.9268e+00 +1.5471e+00
201 0 +1.062482833e+07 +1.062457351e+07 +1.062457351e+07 +4.4040e+00 +3.1413e+00 -3.5082e-01 -3.8074e+00 -3.4227e+00 +1.4744e+00 -1.3703e+00 +2.9189e+00 -2.3468e-01 +2.2502e+00
301 0 +8.319379699e+06 +8.319124879e+06 +8.319124879e+06 +4.4369e+00 +3.9318e+00 +2.0016e-01 -5.8968e-01 -3.4233e+00 -9.1168e-01 +2.4539e-01 +1.3690e+00 +3.9062e-01 +1.7544e+00
424 0 +8.066496105e+06 +8.066241285e+06 +8.066241285e+06 +2.7137e+00 +4.1234e+00 -3.1555e-02 -1.4064e+00 -3.3142e+00 -1.7298e+00 +6.1311e-01 +2.6492e+00 +7.9001e-01 +2.6671e+00
451 0 +3.450822863e+06 +3.450568043e+06 +3.450568043e+06 +4.5515e+00 +4.1100e+00 +1.2124e-01 -6.9739e-01 -1.4976e+00 -1.1708e+00 -5.4963e-01 +1.8591e+00 +2.4730e-01 +2.9819e+00
501 0 +2.372514068e+06 +2.372259248e+06 +2.372259248e+06 +3.4169e+00 +3.3244e+00 +1.0725e+00 -4.0994e-01 -2.0143e+00 -8.2575e-01 -1.1389e+00 +1.9465e+00 +1.0557e+00 +2.7732e+00
651 0 +9.827110015e+05 +9.824561815e+05 +9.824561815e+05 +2.5401e+00 +3.7942e+00 +2.7968e-01 +2.5611e-01 -2.2535e+00 -8.1377e-01 -1.3857e+00 +2.7517e+00 +1.2297e+00 +2.9062e+00
876 0 +9.073008855e+05 +9.070460655e+05 +9.070460655e+05 +3.7785e+00 +4.1661e+00 -4.0344e-01 -1.4046e+00 -2.4892e+00 -1.5119e+00 -1.4868e+00 +2.2213e+00 +6.4537e-01 +3.0395e+00
930 0 +6.626978496e+05 +6.624430296e+05 +6.624430296e+05 +3.0628e+00 +3.9104e+00 +2.2458e-02 -1.1482e+00 -2.1875e+00 -1.1343e+00 -1.3906e+00 +2.9506e+00 +1.5140e+00 +3.0774e+00
977 0 +5.312284117e+05 +5.309735917e+05 +5.309735917e+05 +3.7077e+00 +3.6420e+00 -3.4308e-01 -1.2058e+00 -2.2139e+00 -1.3389e+00 -1.1763e+00 +2.7097e+00 +1.1187e+00 +2.6242e+00
1001 0 +2.527491718e+05 +2.524943518e+05 +2.524943518e+05 +3.9737e+00 +3.5071e+00 -5.1156e-01 -9.5398e-01 -2.6171e+00 -9.8889e-01 -1.5529e+00 +2.2632e+00 +1.0958e+00 +2.9723e+00
1122 0 +1.874980922e+05 +1.872432722e+05 +1.872432722e+05 +3.1384e+00 +4.0545e+00 +2.2766e-01 -6.8739e-01 -2.5179e+00 -1.4046e+00 -1.1280e+00 +2.9945e+00 +1.1459e+00 +2.9835e+00
1182 0 +1.520431137e+05 +1.517882937e+05 +1.517882937e+05 +3.5193e+00 +3.7853e+00 -8.3868e-02 -8.2425e-01 -2.6617e+00 -1.4298e+00 -1.2667e+00 +2.7869e+00 +9.2562e-01 +2.9466e+00
1201 0 +1.447814188e+05 +1.445265988e+05 +1.445265988e+05 +3.3327e+00 +4.2156e+00 -1.4647e-01 -7.6882e-01 -2.2732e+00 -1.0934e+00 -1.1821e+00 +2.8006e+00 +1.1155e+00 +2.9757e+00
1230 0 +8.523917419e+04 +8.498435419e+04 +8.498435419e+04 +4.3130e+00 +3.3600e+00 -3.8158e-02 -1.3691e+00 -2.6256e+00 -8.4466e-01 -1.5022e+00 +2.4417e+00 +9.9412e-01 +3.1941e+00
1251 0 +6.259406621e+04 +6.233924621e+04 +6.233924621e+04 +4.1316e+00 +3.6197e+00 -2.5146e-01 -1.2527e+00 -2.5064e+00 -9.0293e-01 -1.2565e+00 +2.6141e+00 +1.0426e+00 +3.2384e+00
1372 0 +4.937996110e+04 +4.912514110e+04 +4.912514110e+04 +3.8482e+00 +3.5856e+00 -2.2324e-01 -9.4690e-01 -2.5018e+00 -1.1708e+00 -1.3352e+00 +2.5176e+00 +1.0042e+00 +3.0236e+00
1401 0 +4.817416432e+04 +4.791934432e+04 +4.791934432e+04 +3.5542e+00 +3.8673e+00 -1.5304e-01 -8.6291e-01 -2.3911e+00 -1.1571e+00 -1.4230e+00 +2.5910e+00 +9.7306e-01 +2.9194e+00
1432 0 +3.775787335e+04 +3.750305335e+04 +3.750305335e+04 +3.3304e+00 +4.1668e+00 +1.2298e-01 -5.4200e-01 -2.3368e+00 -1.2066e+00 -1.2762e+00 +2.6335e+00 +1.0239e+00 +3.1057e+00
1451 0 +3.252394281e+04 +3.226912281e+04 +3.226912281e+04 +3.2505e+00 +4.0658e+00 +1.1759e-01 -5.4107e-01 -2.4513e+00 -1.2144e+00 -1.3827e+00 +2.6109e+00 +9.7531e-01 +2.9911e+00
1501 0 +1.178020280e+04 +1.152538280e+04 +1.152538280e+04 +3.6462e+00 +3.7861e+00 -9.5135e-02 -8.3321e-01 -2.4478e+00 -1.1025e+00 -1.3549e+00 +2.6764e+00 +1.0515e+00 +3.0779e+00
1651 0 +7.601655041e+03 +7.346835041e+03 +7.346835041e+03 +3.4151e+00 +3.9551e+00 -3.6519e-02 -7.3183e-01 -2.4055e+00 -1.1800e+00 -1.2568e+00 +2.6570e+00 +9.7051e-01 +3.0120e+00
1851 0 +6.622151848e+03 +6.367331848e+03 +6.367331848e+03 +3.5469e+00 +3.9068e+00 -5.3051e-02 -7.6574e-01 -2.4735e+00 -1.1300e+00 -1.3204e+00 +2.6731e+00 +1.0006e+00 +2.9887e+00
1896 0 +4.855571735e+03 +4.600751735e+03 +4.600751735e+03 +3.3482e+00 +3.9378e+00 +1.9770e-02 -6.2234e-01 -2.3775e+00 -1.2233e+00 -1.2931e+00 +2.6379e+00 +1.0204e+00 +3.0268e+00
1901 0 +2.916813586e+03 +2.661993586e+03 +2.661993586e+03 +3.4888e+00 +3.9027e+00 -1.7147e-02 -7.5063e-01 -2.4169e+00 -1.0985e+00 -1.3061e+00 +2.6339e+00 +9.6400e-01 +3.0492e+00
1983 0 +2.017295095e+03 +1.762475095e+03 +1.762475095e+03 +3.5883e+00 +3.8560e+00 -7.2905e-02 -8.3628e-01 -2.4551e+00 -1.0962e+00 -1.3252e+00 +2.5922e+00 +1.0065e+00 +3.0747e+00
2101 0 +1.508949300e+03 +1.254129300e+03 +1.254129300e+03 +3.6012e+00 +3.8313e+00 -6.4367e-02 -8.1677e-01 -2.4220e+00 -1.1010e+00 -1.3125e+00 +2.5888e+00 +1.0114e+00 +3.0548e+00
2140 0 +1.339695872e+03 +1.084875872e+03 +1.084875872e+03 +3.6554e+00 +3.8074e+00 -6.7062e-02 -8.5228e-01 -2.4580e+00 -1.0524e+00 -1.3182e+00 +2.6095e+00 +1.0121e+00 +3.0877e+00
2251 0 +1.199483839e+03 +9.446638391e+02 +9.446638391e+02 +3.5475e+00 +3.8746e+00 -5.8919e-02 -7.9131e-01 -2.4437e+00 -1.0853e+00 -1.2822e+00 +2.6229e+00 +1.0151e+00 +3.0386e+00
2301 0 +6.761424354e+02 +4.213224354e+02 +4.213224354e+02 +3.6477e+00 +3.8274e+00 -7.1474e-02 -8.3666e-01 -2.4785e+00 -1.0687e+00 -1.2939e+00 +2.6070e+00 +1.0297e+00 +3.0481e+00
2331 0 +5.617287446e+02 +3.069087446e+02 +3.069087446e+02 +3.5322e+00 +3.8776e+00 -2.7456e-02 -7.7314e-01 -2.4281e+00 -1.1240e+00 -1.2990e+00 +2.6453e+00 +1.0038e+00 +3.0602e+00
2351 0 +3.921898628e+02 +1.373698628e+02 +1.373698628e+02 +3.4795e+00 +3.9341e+00 +4.5365e-03 -7.0568e-01 -2.4102e+00 -1.1563e+00 -1.2798e+00 +2.6561e+00 +1.0178e+00 +3.0194e+00
2468 0 +3.397168972e+02 +8.489689716e+01 +8.489689716e+01 +3.5415e+00 +3.8673e+00 -3.5618e-02 -7.6838e-01 -2.4374e+00 -1.1231e+00 -1.3016e+00 +2.6336e+00 +1.0145e+00 +3.0452e+00
% f evaluations | g evaluations | best noise-free fitness - Fopt (5.661000000000e+01) + sum g_i+ | measured fitness | best measured fitness or single-digit g-values | x1 | x2...
1 0 +1.659942632e+08 +1.659943198e+08 +1.659943198e+08 +5.9671e-01 -3.8264e-02 +7.4769e-01 +1.6230e+00 -1.3415e-01 -1.3414e-01 +1.6792e+00 +8.6743e-01 -3.6947e-01 +6.4256e-01
6 0 +1.174264525e+08 +1.174265091e+08 +1.174265091e+08 +4.2408e-01 -2.8508e-01 -5.7692e-01 +7.1168e-01 +1.1310e+00 +1.0313e+00 -7.3922e-01 -2.0921e-01 +4.3126e-01 +1.0755e+00
12 0 +9.846818893e+07 +9.846824554e+07 +9.846824554e+07 -1.8188e+00 +7.3486e-02 +1.6023e-01 +2.5632e+00 -9.2361e-02 +4.0155e-01 +6.5288e-02 -1.0687e+00 +1.2428e+00 +8.5193e-01
18 0 +9.056003324e+07 +9.056008985e+07 +9.056008985e+07 -7.8951e-01 -7.1581e-01 +2.2898e-02 +4.4115e-01 +3.7669e-01 +9.2718e-01 +1.1300e-01 +1.5535e+00 -1.6466e-01 +2.8202e+00
27 0 +6.761160305e+07 +6.761165966e+07 +6.761165966e+07 -8.2693e-01 +4.0475e-02 -3.1413e+00 -9.2439e-01 -1.5257e-01 -1.1478e+00 +1.7324e+00 -1.3301e+00 -3.4004e-01 +2.3074e-01
44 0 +5.854768940e+07 +5.854774601e+07 +5.854774601e+07 -1.0833e+00 -1.9392e+00 -1.6941e-01 +8.1754e-01 +1.6024e+00 +1.7409e-01 +1.7286e+00 -1.2801e+00 -1.6034e+00 +4.4452e-02
51 0 +4.182614693e+07 +4.182620354e+07 +4.182620354e+07 -9.9105e-01 -1.6446e-02 -3.0745e+00 +7.8006e-01 +1.1239e+00 -8.7118e-01 +1.2038e+00 -1.9558e+00 +9.1924e-01 +1.7703e+00
73 0 +3.980192867e+07 +3.980198528e+07 +3.980198528e+07 -2.4146e+00 -6.4775e-01 -2.4858e+00 +2.5537e-01 +3.1882e-01 +3.3976e-01 +1.5172e+00 -3.3261e-01 +6.6538e-01 +1.6540e+00
96 0 +2.716181983e+07 +2.716187644e+07 +2.716187644e+07 -1.2322e+00 -2.4740e+00 -4.0001e+00 +5.6455e-01 -6.3407e-01 +1.0893e-01 +3.6641e+00 -2.1305e+00 +6.6369e-01 +7.4013e-01
101 0 +2.390725281e+07 +2.390730942e+07 +2.390730942e+07 -3.5449e+00 -1.9723e+00 -2.8256e+00 -9.0551e-01 -1.2262e+00 -1.2012e+00 +4.1441e-01 -1.3021e+00 +1.4966e+00 +1.1601e+00
124 0 +2.187174883e+07 +2.187180544e+07 +2.187180544e+07 -3.1578e+00 -2.4277e+00 -3.7884e+00 +9.1733e-01 -4.3698e-01 -2.9652e+00 +2.6427e+00 -1.0346e+00 +1.8297e+00 +2.8178e+00
233 0 +1.806134243e+07 +1.806139904e+07 +1.806139904e+07 -1.9945e+00 -3.9165e+00 -3.0223e+00 +1.4938e-01 -2.0841e+00 -2.4452e+00 +8.0425e-01 -3.4700e+00 +2.3013e+00 +2.3008e+00
279 0 +1.261182410e+07 +1.261188071e+07 +1.261188071e+07 -3.0441e+00 -5.9568e-01 -3.8563e+00 +9.9887e-01 -2.2776e+00 -3.5838e+00 +1.3187e+00 -2.5870e+00 -2.1466e+00 +1.2108e-02
351 0 +7.074522864e+06 +7.074579474e+06 +7.074579474e+06 -4.5240e+00 -2.1970e+00 -3.3017e+00 +1.0784e+00 -2.5697e+00 -2.1501e+00 +1.9070e+00 -2.7623e+00 +1.5316e+00 +1.7809e+00
451 0 +3.771052199e+06 +3.771108809e+06 +3.771108809e+06 -4.5555e+00 -2.3553e+00 -4.5541e+00 +1.4627e+00 -2.8325e+00 -2.1080e+00 +2.8627e+00 -4.3199e+00 -4.1750e-01 +2.9415e+00
601 0 +2.560798161e+06 +2.560854771e+06 +2.560854771e+06 -3.9202e+00 -8.0892e-01 -3.6049e+00 +6.7339e-01 -3.2786e+00 -2.0295e+00 +2.8390e+00 -2.9287e+00 -1.6650e+00 +2.1246e+00
651 0 +1.343238001e+06 +1.343294611e+06 +1.343294611e+06 -4.4919e+00 -2.8462e+00 -3.9961e+00 +1.3990e+00 -2.3212e+00 -3.2272e+00 +3.6925e+00 -2.0082e+00 -2.9568e+00 +8.6108e-01
777 0 +8.094014153e+05 +8.094580253e+05 +8.094580253e+05 -3.6112e+00 -2.1929e+00 -4.6449e+00 +1.3410e+00 -2.2892e+00 -2.9978e+00 +3.0508e+00 -2.3283e+00 -3.6080e+00 +1.3130e+00
901 0 +4.826866514e+05 +4.827432614e+05 +4.827432614e+05 -3.4886e+00 -2.3386e+00 -3.8586e+00 +6.2216e-01 -2.4762e+00 -2.4830e+00 +3.1133e+00 -3.1631e+00 -1.6770e+00 +2.1860e+00
951 0 +4.220542389e+05 +4.221108489e+05 +4.221108489e+05 -3.9200e+00 -2.1447e+00 -4.0551e+00 +9.3201e-01 -2.9710e+00 -2.7328e+00 +2.8509e+00 -3.4172e+00 -2.1832e+00 +1.4191e+00
1051 0 +3.655823002e+05 +3.656389102e+05 +3.656389102e+05 -4.0166e+00 -2.4162e+00 -3.8144e+00 +6.7913e-01 -2.7493e+00 -2.8156e+00 +3.1942e+00 -3.0688e+00 -1.4631e+00 +1.2970e+00
1069 0 +1.343761552e+05 +1.344327652e+05 +1.344327652e+05 -3.8188e+00 -2.0493e+00 -3.8225e+00 +2.2967e-01 -2.9304e+00 -2.3675e+00 +3.0214e+00 -3.5587e+00 -9.5896e-01 +2.2227e+00
1251 0 +1.266314202e+05 +1.266880302e+05 +1.266880302e+05 -3.8108e+00 -2.3882e+00 -4.1806e+00 +6.5386e-01 -2.9418e+00 -2.4293e+00 +3.0303e+00 -3.2098e+00 -1.4280e+00 +1.6747e+00
1331 0 +1.030182633e+05 +1.030748733e+05 +1.030748733e+05 -3.8466e+00 -2.1798e+00 -3.6650e+00 +7.3851e-01 -3.1291e+00 -2.4038e+00 +3.0574e+00 -3.5941e+00 -7.6477e-01 +1.9850e+00
1397 0 +6.002797073e+04 +6.008458073e+04 +6.008458073e+04 -3.9666e+00 -2.2611e+00 -3.5882e+00 +5.4834e-01 -3.0637e+00 -2.4680e+00 +3.0595e+00 -3.5228e+00 -9.2952e-01 +2.1929e+00
1477 0 +4.911344005e+04 +4.917005005e+04 +4.917005005e+04 -3.7450e+00 -2.3354e+00 -3.9673e+00 +7.8273e-01 -2.8486e+00 -2.4964e+00 +3.1471e+00 -3.1982e+00 -1.7775e+00 +1.5153e+00
1501 0 +3.155925761e+04 +3.161586761e+04 +3.161586761e+04 -3.7416e+00 -2.3977e+00 -3.9872e+00 +7.7716e-01 -2.8727e+00 -2.4821e+00 +3.0442e+00 -3.0593e+00 -1.7192e+00 +1.6246e+00
1601 0 +2.796842702e+04 +2.802503702e+04 +2.802503702e+04 -3.9312e+00 -2.4196e+00 -4.0454e+00 +7.9586e-01 -2.8605e+00 -2.4839e+00 +3.0853e+00 -3.0383e+00 -1.7823e+00 +1.7198e+00
1651 0 +1.158196942e+04 +1.163857942e+04 +1.163857942e+04 -3.8419e+00 -2.2819e+00 -3.9673e+00 +8.1003e-01 -2.8368e+00 -2.5635e+00 +3.1999e+00 -3.0890e+00 -1.8096e+00 +1.6894e+00
1701 0 +5.219774600e+03 +5.276384600e+03 +5.276384600e+03 -3.8138e+00 -2.3326e+00 -3.8282e+00 +7.2079e-01 -2.9320e+00 -2.4687e+00 +3.1086e+00 -3.2176e+00 -1.5291e+00 +1.7782e+00
1914 0 +4.229894534e+03 +4.286504534e+03 +4.286504534e+03 -3.8783e+00 -2.3501e+00 -3.9093e+00 +7.3451e-01 -2.9207e+00 -2.4508e+00 +3.0764e+00 -3.1989e+00 -1.5967e+00 +1.7492e+00
1951 0 +2.648911351e+03 +2.705521351e+03 +2.705521351e+03 -3.8489e+00 -2.3083e+00 -3.8738e+00 +6.9706e-01 -2.9458e+00 -2.4469e+00 +3.0690e+00 -3.1908e+00 -1.5192e+00 +1.8111e+00
1997 0 +1.416067934e+03 +1.472677934e+03 +1.472677934e+03 -3.8663e+00 -2.2311e+00 -3.8288e+00 +6.1232e-01 -2.9724e+00 -2.4311e+00 +3.0823e+00 -3.2958e+00 -1.3608e+00 +1.8607e+00
2151 0 +1.058645766e+03 +1.115255766e+03 +1.115255766e+03 -3.8728e+00 -2.3411e+00 -3.9121e+00 +7.6564e-01 -2.8911e+00 -2.5115e+00 +3.1157e+00 -3.1280e+00 -1.6898e+00 +1.6926e+00
2166 0 +1.012063241e+03 +1.068673241e+03 +1.068673241e+03 -3.8409e+00 -2.2115e+00 -3.8072e+00 +6.0494e-01 -2.9951e+00 -2.4384e+00 +3.0763e+00 -3.3036e+00 -1.3009e+00 +1.8729e+00
2201 0 +5.310578262e+02 +5.876678262e+02 +5.876678262e+02 -3.8585e+00 -2.2566e+00 -3.8564e+00 +6.7231e-01 -2.9212e+00 -2.4504e+00 +3.0831e+00 -3.2390e+00 -1.4369e+00 +1.8278e+00
2375 0 +4.239240334e+02 +4.805340334e+02 +4.805340334e+02 -3.8427e+00 -2.3027e+00 -3.8976e+00 +7.3291e-01 -2.9135e+00 -2.4842e+00 +3.0965e+00 -3.1852e+00 -1.5805e+00 +1.7733e+00
2451 0 +2.584695676e+02 +3.150795676e+02 +3.150795676e+02 -3.8462e+00 -2.2715e+00 -3.8469e+00 +6.5577e-01 -2.9513e+00 -2.4495e+00 +3.0705e+00 -3.2747e+00 -1.4122e+00 +1.8427e+00
% f evaluations | g evaluations | best noise-free fitness - Fopt (-1.810000000000e+01) + sum g_i+ | measured fitness | best measured fitness or single-digit g-values | x1 | x2...
1 0 +4.284287200e+07 +4.284285390e+07 +4.284285390e+07 +5.9671e-01 -3.8264e-02 +7.4769e-01 +1.6230e+00 -1.3415e-01 -1.3414e-01 +1.6792e+00 +8.6743e-01 -3.6947e-01 +6.4256e-01
12 0 +3.137919858e+07 +3.137918048e+07 +3.137918048e+07 -1.8188e+00 +7.3486e-02 +1.6023e-01 +2.5632e+00 -9.2361e-02 +4.0155e-01 +6.5288e-02 -1.0687e+00 +1.2428e+00 +8.5193e-01
51 0 +1.041608236e+07 +1.041606426e+07 +1.041606426e+07 -1.9510e+00 +5.5696e-01 +2.5366e+00 +3.3230e+00 +2.9093e+00 -6.2831e-01 +2.2158e+00 -1.1324e+00 +1.8311e+00 +7.0728e-01
76 0 +8.619248528e+06 +8.619230428e+06 +8.619230428e+06 +7.1339e-01 +8.6034e-01 +1.3640e+00 +2.8997e+00 +2.9100e+00 +4.1366e-01 +1.6619e+00 -1.3855e+00 +6.4980e-01 +1.4460e+00
351 0 +7.406689143e+06 +7.406671043e+06 +7.406671043e+06 -2.4504e+00 +4.7987e-01 +2.9242e+00 +2.1490e+00 +1.2064e+00 +1.7071e+00 +1.4833e+00 -2.8363e+00 +6.4461e-01 +2.4695e+00
386 0 +7.301246782e+06 +7.301228682e+06 +7.301228682e+06 -1.0408e+00 -9.9335e-02 +1.4181e+00 +3.1922e+00 +1.6233e-01 +2.4546e+00 +1.2175e+00 -1.9618e+00 +1.2591e+00 +3.3964e+00
401 0 +4.575256423e+06 +4.575238323e+06 +4.575238323e+06 -1.0157e+00 +2.8897e-01 +3.7422e+00 +3.0434e+00 +1.4948e+00 +9.4757e-01 +3.0139e+00 -3.3512e+00 +2.4567e+00 +2.6514e+00
501 0 +3.031961607e+06 +3.031943507e+06 +3.031943507e+06 -1.5515e+00 +3.9093e-01 +2.8811e+00 +2.7714e+00 +3.1136e+00 +7.3909e-01 +2.3898e+00 -1.8480e+00 +1.5942e+00 +3.0699e+00
529 0 +2.190436240e+06 +2.190418140e+06 +2.190418140e+06 -1.8714e-01 +1.0037e+00 +2.8983e+00 +2.7099e+00 +2.7106e+00 -2.3775e-02 +2.8180e+00 -2.6396e+00 +1.9570e+00 +3.1438e+00
601 0 +2.051983460e+06 +2.051965360e+06 +2.051965360e+06 -1.6379e+00 +7.0636e-01 +1.9761e+00 +3.5566e+00 +1.8572e+00 +1.4233e-01 +2.8765e+00 -3.0456e+00 +1.8218e+00 +3.6912e+00
665 0 +1.192112282e+06 +1.192094182e+06 +1.192094182e+06 -4.6195e-01 +1.0873e+00 +3.2982e+00 +3.5866e+00 +1.9357e+00 +1.3301e+00 +1.9360e+00 -2.7017e+00 +1.1393e+00 +2.6497e+00
801 0 +1.150894653e+06 +1.150876553e+06 +1.150876553e+06 -4.6939e-01 +4.3353e-01 +3.0311e+00 +3.2188e+00 +1.6187e+00 +1.5960e+00 +2.4091e+00 -2.4321e+00 +1.4520e+00 +2.9882e+00
874 0 +8.178695864e+05 +8.178514864e+05 +8.178514864e+05 -1.4527e+00 +9.9486e-01 +2.2509e+00 +3.0293e+00 +1.8400e+00 +1.2179e+00 +3.1096e+00 -2.1132e+00 +1.6867e+00 +3.8966e+00
951 0 +2.705948117e+05 +2.705767117e+05 +2.705767117e+05 -5.1844e-01 +4.3781e-01 +2.5557e+00 +3.1688e+00 +1.8281e+00 +6.1621e-01 +2.3954e+00 -2.2912e+00 +1.4221e+00 +2.9552e+00
1188 0 +2.169724137e+05 +2.169543137e+05 +2.169543137e+05 -5.0316e-01 +5.5918e-01 +3.2148e+00 +3.3214e+00 +1.8173e+00 +4.8131e-01 +2.0652e+00 -2.7006e+00 +1.2747e+00 +2.9661e+00
1201 0 +1.245609083e+05 +1.245428083e+05 +1.245428083e+05 -9.2621e-01 +7.6456e-01 +2.2928e+00 +3.0457e+00 +1.4597e+00 +8.1728e-01 +2.5306e+00 -2.2177e+00 +1.3604e+00 +3.3748e+00
1251 0 +8.674461248e+04 +8.672651248e+04 +8.672651248e+04 -3.7368e-01 +5.3274e-01 +3.1976e+00 +3.5803e+00 +2.4372e+00 +3.1067e-01 +2.0183e+00 -2.7938e+00 +1.1952e+00 +2.8978e+00
1351 0 +8.386928940e+04 +8.385118940e+04 +8.385118940e+04 -8.1157e-01 +7.8563e-01 +2.7974e+00 +3.4868e+00 +2.0342e+00 +4.3550e-01 +2.2977e+00 -2.3066e+00 +1.4304e+00 +3.2537e+00
1451 0 +4.214489969e+04 +4.212679969e+04 +4.212679969e+04 -5.6098e-01 +7.3148e-01 +3.0286e+00 +3.4672e+00 +2.1868e+00 +2.9880e-01 +1.9826e+00 -2.6831e+00 +1.2927e+00 +3.0021e+00
1495 0 +3.668088651e+04 +3.666278651e+04 +3.666278651e+04 -5.6846e-01 +6.7381e-01 +2.8924e+00 +3.3596e+00 +2.1171e+00 +4.5539e-01 +2.2928e+00 -2.5333e+00 +1.2414e+00 +3.1591e+00
1501 0 +3.076421932e+04 +3.074611932e+04 +3.074611932e+04 -6.6108e-01 +8.2290e-01 +2.8314e+00 +3.4645e+00 +2.0887e+00 +4.4448e-01 +2.2491e+00 -2.3968e+00 +1.4342e+00 +3.0851e+00
1601 0 +7.669493958e+03 +7.651393958e+03 +7.651393958e+03 -6.6347e-01 +7.1364e-01 +2.8503e+00 +3.4913e+00 +1.9915e+00 +5.6570e-01 +2.2835e+00 -2.5094e+00 +1.3708e+00 +3.1073e+00
1801 0 +6.694834477e+03 +6.676734477e+03 +6.676734477e+03 -7.3450e-01 +7.5827e-01 +2.7546e+00 +3.4326e+00 +1.9231e+00 +6.2162e-01 +2.3386e+00 -2.4609e+00 +1.3726e+00 +3.2126e+00
1951 0 +4.566801482e+03 +4.548701482e+03 +4.548701482e+03 -7.0284e-01 +7.2351e-01 +2.7668e+00 +3.3923e+00 +1.9467e+00 +5.2519e-01 +2.2724e+00 -2.5116e+00 +1.3915e+00 +3.0926e+00
2001 0 +2.756035268e+03 +2.737935268e+03 +2.737935268e+03 -6.8225e-01 +7.3180e-01 +2.8456e+00 +3.4302e+00 +2.0172e+00 +5.3569e-01 +2.2216e+00 -2.4631e+00 +1.3423e+00 +3.0971e+00
2155 0 +1.743898844e+03 +1.725798844e+03 +1.725798844e+03 -7.2965e-01 +7.3161e-01 +2.7690e+00 +3.4099e+00 +1.9003e+00 +5.7263e-01 +2.3372e+00 -2.4655e+00 +1.3500e+00 +3.1823e+00
2201 0 +8.778382990e+02 +8.597382990e+02 +8.597382990e+02 -7.0415e-01 +7.3191e-01 +2.7987e+00 +3.4113e+00 +1.9155e+00 +5.7379e-01 +2.3136e+00 -2.4781e+00 +1.3759e+00 +3.1141e+00
2266 0 +8.404068994e+02 +8.223068994e+02 +8.223068994e+02 -6.7797e-01 +7.3077e-01 +2.8114e+00 +3.4197e+00 +2.0058e+00 +5.2763e-01 +2.2728e+00 -2.4551e+00 +1.3596e+00 +3.0808e+00
2301 0 +2.528535684e+02 +2.347535684e+02 +2.347535684e+02 -7.1219e-01 +7.2692e-01 +2.7745e+00 +3.3993e+00 +1.9294e+00 +5.6974e-01 +2.3169e+00 -2.4710e+00 +1.3598e+00 +3.1296e+00
% f evaluations | g evaluations | best noise-free fitness - Fopt (3.777000000000e+01) + sum g_i+ | measured fitness | best measured fitness or single-digit g-values | x1 | x2...
1 0 +1.253869672e+08 +1.253870049e+08 +1.253870049e+08 +5.9671e-01 -3.8264e-02 +7.4769e-01 +1.6230e+00 -1.3415e-01 -1.3414e-01 +1.6792e+00 +8.6743e-01 -3.6947e-01 +6.4256e-01
2 0 +5.715896188e+07 +5.715899965e+07 +5.715899965e+07 -3.6342e-01 -3.6573e-01 +3.4196e-01 -1.8133e+00 -1.6249e+00 -4.6229e-01 -9.1283e-01 +4.1425e-01 -8.0802e-01 -1.3123e+00
4 0 +5.272125814e+07 +5.272129591e+07 +5.272129591e+07 -5.0171e-01 +1.9523e+00 +8.6503e-02 -9.5771e-01 +9.2254e-01 -1.1208e+00 +3.0886e-01 -1.8597e+00 -1.2282e+00 +2.9686e-01
10 0 +4.739683687e+07 +4.739687464e+07 +4.739687464e+07 +1.9708e-01 +1.0686e+00 -6.0205e-01 -2.2766e-01 -2.9211e-01 -1.3635e+00 +3.9612e-01 +3.6106e-01 +1.0511e-01 -1.3459e-01
17 0 +4.532272315e+07 +4.532276092e+07 +4.532276092e+07 -8.7468e-01 +8.8708e-01 +1.2586e+00 -7.2068e-01 +1.0634e+00 +5.1278e-01 +9.2206e-01 +1.9968e+00 -1.4539e-01 -6.5374e-01
20 0 +4.165397028e+07 +4.165400805e+07 +4.165400805e+07 -3.4651e-01 +9.5640e-01 +3.1409e-01 -1.1457e+00 +2.7318e-01 +4.8532e-01 -7.8386e-01 +2.5373e-01 +1.5821e-01 -1.0430e+00
29 0 +3.037172894e+07 +3.037176671e+07 +3.037176671e+07 +2.1352e-01 +7.6213e-01 +1.6860e+00 -1.1378e+00 +2.2330e+00 -1.8521e+00 -5.1785e-02 +6.8832e-01 +3.8099e-01 -5.2270e-01
51 0 +1.510604435e+07 +1.510608212e+07 +1.510608212e+07 -2.8216e+00 +1.9575e+00 +8.8156e-01 -1.3967e+00 +3.4054e+00 -2.9402e+00 -1.8831e+00 +6.9331e-01 -1.6567e-01 -1.1307e+00
101 0 +8.765825011e+06 +8.765862781e+06 +8.765862781e+06 +5.7251e-02 +2.7051e+00 +1.4892e+00 -9.9280e-01 +3.0705e+00 -2.6742e+00 -1.4823e+00 +2.9880e+00 -5.1348e-01 -3.4474e+00
201 0 +6.806794232e+06 +6.806832002e+06 +6.806832002e+06 -8.9406e-01 +2.1767e+00 -4.0170e-01 +6.8735e-01 +1.6021e-01 -3.8913e+00 -2.9285e+00 +2.0997e+00 +9.4989e-01 -2.0623e+00
351 0 +5.944967364e+06 +5.945005134e+06 +5.945005134e+06 -1.3251e+00 +2.6764e+00 +1.7373e+00 -3.4313e-01 +1.5461e+00 -3.5083e+00 -4.0373e+00 +2.6363e+00 -4.9476e-02 -4.6088e+00
401 0 +2.860264155e+06 +2.860301925e+06 +2.860301925e+06 -1.8461e+00 +1.9028e+00 -1.6159e-01 -5.8099e-01 +3.0899e+00 -2.8049e+00 -3.3269e+00 +1.5684e+00 -2.4154e+00 -3.4063e+00
451 0 +1.600102823e+06 +1.600140593e+06 +1.600140593e+06 -1.7578e+00 +2.7578e+00 -1.8673e-02 -2.9668e-01 +2.5053e+00 -3.2646e+00 -3.8838e+00 +2.6793e+00 -1.2721e+00 -3.3623e+00
551 0 +1.234765447e+06 +1.234803217e+06 +1.234803217e+06 -2.4460e+00 +2.5160e+00 +9.6577e-01 -3.7128e-01 +2.5599e+00 -2.5838e+00 -2.8455e+00 +2.6093e+00 -1.4403e+00 -4.3175e+00
632 0 +7.886201026e+05 +7.886578726e+05 +7.886578726e+05 -2.0453e+00 +2.0585e+00 +4.9298e-01 -8.1410e-01 +2.3324e+00 -2.5538e+00 -3.0929e+00 +1.7901e+00 -6.4631e-01 -4.2298e+00
728 0 +5.535299798e+05 +5.535677498e+05 +5.535677498e+05 -1.9629e+00 +2.1520e+00 +8.3873e-01 -4.4464e-01 +1.9771e+00 -3.0418e+00 -3.1151e+00 +1.8873e+00 -1.1153e+00 -3.3389e+00
851 0 +4.370183222e+05 +4.370560922e+05 +4.370560922e+05 -1.3274e+00 +2.2696e+00 +3.9233e-01 -6.3914e-01 +2.1920e+00 -3.4962e+00 -3.0953e+00 +1.9663e+00 -1.3463e+00 -3.5627e+00
974 0 +3.133071382e+05 +3.133449082e+05 +3.133449082e+05 -1.1396e+00 +2.2042e+00 +2.5116e-01 +4.1096e-01 +1.5038e+00 -3.6518e+00 -2.8062e+00 +3.1027e+00 -1.9956e-01 -2.2959e+00
1201 0 +2.982146569e+05 +2.982524269e+05 +2.982524269e+05 -1.5293e+00 +2.2578e+00 +7.2298e-01 -5.8913e-01 +2.3619e+00 -3.0753e+00 -3.2150e+00 +2.4711e+00 -1.1761e+00 -3.7502e+00
1251 0 +1.989707498e+05 +1.990085198e+05 +1.990085198e+05 -1.7471e+00 +2.2352e+00 +4.3387e-01 -6.7462e-01 +2.1047e+00 -2.7904e+00 -3.1905e+00 +1.9617e+00 -1.0506e+00 -3.6516e+00
1351 0 +1.532008908e+05 +1.532386608e+05 +1.532386608e+05 -1.7150e+00 +2.1509e+00 +4.0848e-01 -3.0972e-01 +2.1741e+00 -3.0543e+00 -3.0224e+00 +2.3278e+00 -9.4084e-01 -3.1621e+00
1401 0 +1.155719810e+05 +1.156097510e+05 +1.156097510e+05 -1.7011e+00 +2.3036e+00 +4.5261e-01 -6.1007e-01 +2.0984e+00 -3.0073e+00 -3.2391e+00 +2.3288e+00 -1.0175e+00 -3.5909e+00
1451 0 +1.142652442e+05 +1.143030142e+05 +1.143030142e+05 -1.4347e+00 +2.2119e+00 +3.7872e-01 -8.1717e-02 +1.7642e+00 -3.3047e+00 -2.9878e+00 +2.5083e+00 -7.3492e-01 -2.6489e+00
1474 0 +8.803853581e+04 +8.807630581e+04 +8.807630581e+04 -1.6724e+00 +2.2758e+00 +4.2924e-01 -4.2796e-01 +2.0913e+00 -2.7809e+00 -3.0666e+00 +2.2949e+00 -1.0603e+00 -3.7570e+00
1501 0 +4.926659555e+04 +4.930436555e+04 +4.930436555e+04 -1.4414e+00 +2.2714e+00 +4.4052e-01 -7.1347e-02 +1.8181e+00 -3.2077e+00 -3.0857e+00 +2.6179e+00 -9.5101e-01 -3.1350e+00
1610 0 +4.490755493e+04 +4.494532493e+04 +4.494532493e+04 -1.0931e+00 +1.9839e+00 +5.6290e-01 +2.3331e-01 +1.3644e+00 -3.7950e+00 -2.8854e+00 +2.8952e+00 -6.8355e-01 -2.1947e+00
1667 0 +2.907868012e+04 +2.911645012e+04 +2.911645012e+04 -1.2181e+00 +2.0856e+00 +5.1938e-01 +2.5296e-01 +1.5021e+00 -3.6074e+00 -2.9249e+00 +2.8681e+00 -8.0404e-01 -2.3901e+00
1716 0 +8.106827083e+03 +8.144597083e+03 +8.144597083e+03 -1.5559e+00 +2.2151e+00 +4.1989e-01 -2.6627e-01 +1.9706e+00 -3.2087e+00 -2.9279e+00 +2.4565e+00 -1.0991e+00 -3.3183e+00
2081 0 +6.181843863e+03 +6.219613863e+03 +6.219613863e+03 -7.4177e-01 +1.9702e+00 +4.7941e-01 +6.3927e-01 +1.0952e+00 -3.9681e+00 -2.7160e+00 +3.1681e+00 -4.5297e-01 -1.6865e+00
2251 0 +3.827049813e+03 +3.864819813e+03 +3.864819813e+03 -8.4160e-01 +2.0124e+00 +4.7142e-01 +5.2349e-01 +1.1527e+00 -3.8138e+00 -2.7443e+00 +3.0881e+00 -4.8955e-01 -1.8560e+00
2296 0 +3.745023298e+03 +3.782793298e+03 +3.782793298e+03 -6.5270e-01 +1.9891e+00 +4.7471e-01 +6.7399e-01 +9.6594e-01 -4.0231e+00 -2.6855e+00 +3.2720e+00 -3.5827e-01 -1.5059e+00
2332 0 +2.485812705e+03 +2.523582705e+03 +2.523582705e+03 -7.8346e-01 +2.0567e+00 +4.7788e-01 +5.4717e-01 +1.1086e+00 -3.8803e+00 -2.7805e+00 +3.1445e+00 -4.7283e-01 -1.7711e+00
2351 0 +2.407518239e+03 +2.445288239e+03 +2.445288239e+03 -8.9223e-01 +2.0683e+00 +4.8839e-01 +4.7345e-01 +1.2356e+00 -3.7854e+00 -2.8210e+00 +3.0621e+00 -5.3045e-01 -1.9336e+00
2401 0 +1.452116360e+03 +1.489886360e+03 +1.489886360e+03 -9.3802e-01 +2.0608e+00 +4.5473e-01 +4.3697e-01 +1.2555e+00 -3.7712e+00 -2.7981e+00 +3.0552e+00 -5.7586e-01 -2.0021e+00
2451 0 +1.056631672e+03 +1.094401672e+03 +1.094401672e+03 -8.4810e-01 +2.0431e+00 +4.7001e-01 +5.3462e-01 +1.1614e+00 -3.8740e+00 -2.7870e+00 +3.1483e+00 -5.0726e-01 -1.8257e+00
% f evaluations | g evaluations | best noise-free fitness - Fopt (-6.325500000000e+02) + sum g_i+ | measured fitness | best measured fitness or single-digit g-values | x1 | x2...
1 0 +4.896107132e+07 +4.896043877e+07 +4.896043877e+07 +5.9671e-01 -3.8264e-02 +7.4769e-01 +1.6230e+00 -1.3415e-01 -1.3414e-01 +1.6792e+00 +8.6743e-01 -3.6947e-01 +6.4256e-01
2 0 +4.625966434e+07 +4.625903179e+07 +4.625903179e+07 -3.6342e-01 -3.6573e-01 +3.4196e-01 -1.8133e+00 -1.6249e+00 -4.6229e-01 -9.1283e-01 +4.1425e-01 -8.0802e-01 -1.3123e+00
3 0 +2.790854354e+07 +2.790791099e+07 +2.790791099e+07 +1.5656e+00 -1.2578e-01 +1.6753e-01 -1.3247e+00 -4.4438e-01 +2.1092e-01 -1.0510e+00 +4.7570e-01 -5.0064e-01 -1.9169e-01
22 0 +1.797590115e+07 +1.797526860e+07 +1.797526860e+07 +6.7089e-01 +1.2356e+00 +1.0540e+00 +7.5139e-01 -2.1527e-01 +8.5897e-01 -6.7283e-01 -1.3682e-01 -3.8536e-01 +1.8187e-01
51 0 +1.406506348e+07 +1.406443093e+07 +1.406443093e+07 -5.4553e-01 +7.0854e-01 +1.6752e+00 +1.3693e+00 -1.4229e-01 +1.4412e+00 -4.1533e-02 +9.0873e-01 +1.4364e+00 +5.0004e-01
101 0 +1.144428122e+07 +1.144364867e+07 +1.144364867e+07 -5.9940e-01 +1.0023e+00 +1.1953e+00 +4.8902e-01 -3.6096e-01 +1.6650e+00 -7.8284e-01 +2.3293e+00 -6.8689e-02 +9.5437e-01
122 0 +3.234154436e+06 +3.233521886e+06 +3.233521886e+06 +9.2272e-02 +8.9624e-01 +2.4520e+00 +1.6799e+00 -8.1550e-01 +3.0661e+00 -1.2369e+00 +1.8771e+00 +8.0457e-01 -1.5912e+00
418 0 +1.804002171e+06 +1.803369621e+06 +1.803369621e+06 +2.2170e-01 +3.0460e-01 +3.0221e+00 +8.5538e-01 -1.1194e+00 +3.0384e+00 -2.8140e+00 +2.4451e+00 +3.7561e-01 -9.7811e-01
674 0 +1.281427492e+06 +1.280794942e+06 +1.280794942e+06 -6.8657e-01 +3.4620e-01 +2.5115e+00 +2.0712e+00 -1.9890e+00 +3.9951e+00 -1.2125e+00 +2.4004e+00 -9.4152e-01 -1.3885e-01
701 0 +1.148604350e+06 +1.147971800e+06 +1.147971800e+06 +6.1288e-02 -1.3280e-02 +2.3343e+00 +1.2404e+00 -1.3626e+00 +3.8907e+00 -1.9837e+00 +1.8204e+00 -5.6539e-01 -1.6210e-02
732 0 +7.755053037e+05 +7.748727537e+05 +7.748727537e+05 -1.9171e-01 -5.7500e-02 +2.1651e+00 +2.4984e+00 -2.2977e+00 +4.0088e+00 -1.1201e+00 +2.5235e+00 -7.4921e-01 +5.6580e-01
901 0 +3.417018155e+05 +3.410692655e+05 +3.410692655e+05 +2.7940e-01 +5.8599e-01 +2.4846e+00 +1.8340e+00 -1.5926e+00 +3.4553e+00 -1.9102e+00 +1.8086e+00 -3.0871e-01 +1.0951e-02
1027 0 +1.706365077e+05 +1.700039577e+05 +1.700039577e+05 +2.7979e-01 +3.6498e-01 +2.2016e+00 +1.6979e+00 -1.4655e+00 +3.6414e+00 -1.9000e+00 +1.8707e+00 -4.3419e-02 -2.1270e-01
1166 0 +9.977616393e+04 +9.914361393e+04 +9.914361393e+04 +6.2159e-01 +6.2501e-01 +2.4106e+00 +1.1840e+00 -9.9416e-01 +2.9981e+00 -2.4660e+00 +2.0597e+00 +1.9633e-01 -4.0346e-01
1401 0 +7.784680710e+04 +7.721425710e+04 +7.721425710e+04 +7.1442e-01 +6.8323e-01 +2.2350e+00 +1.3410e+00 -9.1978e-01 +3.1470e+00 -2.4653e+00 +2.0120e+00 +3.2399e-01 -4.3496e-01
1451 0 +6.879261132e+04 +6.816006132e+04 +6.816006132e+04 +6.9178e-01 +8.8630e-01 +2.0296e+00 +1.3794e+00 -9.7066e-01 +2.9797e+00 -2.5120e+00 +2.1410e+00 +3.5328e-01 -3.9422e-01
1501 0 +6.622549414e+04 +6.559294414e+04 +6.559294414e+04 +6.5146e-01 +6.7572e-01 +2.3517e+00 +1.5171e+00 -1.0155e+00 +2.9735e+00 -2.4742e+00 +2.1484e+00 +1.1606e-01 -2.8867e-01
1551 0 +4.398777865e+04 +4.335522865e+04 +4.335522865e+04 +8.0429e-01 +8.3891e-01 +2.1453e+00 +1.1913e+00 -9.0402e-01 +2.7953e+00 -2.5132e+00 +2.3160e+00 +3.2189e-01 -5.5967e-01
1572 0 +3.294139553e+04 +3.230884553e+04 +3.230884553e+04 +6.1942e-01 +6.5616e-01 +2.3369e+00 +1.3852e+00 -9.7683e-01 +3.1639e+00 -2.3143e+00 +2.2406e+00 +1.3702e-01 -4.1420e-01
1651 0 +2.585593247e+04 +2.522338247e+04 +2.522338247e+04 +5.5381e-01 +7.3871e-01 +2.2066e+00 +1.6080e+00 -1.0675e+00 +3.1918e+00 -2.1793e+00 +2.1617e+00 +1.2766e-01 -2.3301e-01
1701 0 +1.835408658e+04 +1.772153658e+04 +1.772153658e+04 +7.0249e-01 +8.1826e-01 +2.1516e+00 +1.3445e+00 -9.0876e-01 +2.9896e+00 -2.4396e+00 +2.1669e+00 +2.1880e-01 -3.9180e-01
1728 0 +1.109186828e+04 +1.045931828e+04 +1.045931828e+04 +8.2685e-01 +7.5027e-01 +2.1585e+00 +1.3373e+00 -8.7056e-01 +2.8156e+00 -2.4556e+00 +2.1039e+00 +2.3766e-01 -5.8444e-01
1750 0 +1.070700790e+04 +1.007445790e+04 +1.007445790e+04 +3.7793e-01 +5.0295e-01 +2.2449e+00 +1.7024e+00 -1.2445e+00 +3.4128e+00 -1.9480e+00 +2.1792e+00 -2.8097e-03 -1.9099e-01
1801 0 +7.375425763e+03 +6.742875763e+03 +6.742875763e+03 +8.0148e-01 +7.3370e-01 +2.1708e+00 +1.2755e+00 -9.1422e-01 +2.8322e+00 -2.4842e+00 +2.0923e+00 +2.2471e-01 -5.0273e-01
1901 0 +4.485863498e+03 +3.853313498e+03 +3.853313498e+03 +6.3830e-01 +7.0759e-01 +2.2388e+00 +1.4494e+00 -1.0033e+00 +3.0325e+00 -2.3439e+00 +2.1642e+00 +1.9198e-01 -3.9279e-01
1965 0 +3.344566031e+03 +2.712016031e+03 +2.712016031e+03 +6.8064e-01 +7.0671e-01 +2.2355e+00 +1.3675e+00 -1.0025e+00 +2.9762e+00 -2.2978e+00 +2.1727e+00 +1.9887e-01 -3.8284e-01
2029 0 +2.233833864e+03 +1.601283864e+03 +1.601283864e+03 +5.9457e-01 +6.3342e-01 +2.2542e+00 +1.5119e+00 -1.0743e+00 +3.1354e+00 -2.1676e+00 +2.1779e+00 +1.6240e-01 -3.2558e-01
2184 0 +1.999835483e+03 +1.367285483e+03 +1.367285483e+03 +7.0498e-01 +7.4697e-01 +2.1897e+00 +1.3675e+00 -9.3107e-01 +2.9353e+00 -2.3658e+00 +2.1450e+00 +2.4579e-01 -4.2564e-01
2201 0 +1.243766864e+03 +6.112168637e+02 +6.112168637e+02 +6.8758e-01 +7.0503e-01 +2.1882e+00 +1.3662e+00 -9.3109e-01 +2.9153e+00 -2.3910e+00 +2.1372e+00 +2.3376e-01 -4.3701e-01
2251 0 +6.313471479e+02 -1.202852053e+00 -1.202852053e+00 +6.9279e-01 +7.1384e-01 +2.1902e+00 +1.3575e+00 -9.3618e-01 +2.9421e+00 -2.3553e+00 +2.1398e+00 +1.9341e-01 -4.1815e-01
2288 0 +5.796335161e+02 -5.291648390e+01 -5.291648390e+01 +6.1287e-01 +6.7347e-01 +2.2222e+00 +1.4381e+00 -1.0233e+00 +3.0748e+00 -2.2286e+00 +2.1610e+00 +1.5908e-01 -3.8524e-01
2401 0 +5.210383867e+02 -1.115116133e+02 -1.115116133e+02 +6.3472e-01 +6.8544e-01 +2.2101e+00 +1.4152e+00 -9.8355e-01 +2.9941e+00 -2.2921e+00 +2.1466e+00 +1.7695e-01 -4.0559e-01
2447 0 +3.805415082e+02 -2.520084918e+02 -2.520084918e+02 +7.3549e-01 +7.4000e-01 +2.1712e+00 +1.3158e+00 -8.9668e-01 +2.8741e+00 -2.4028e+00 +2.1435e+00 +2.3115e-01 -4.7572e-01
2451 0 +3.716356791e+02 -2.609143209e+02 -2.609143209e+02 +6.9287e-01 +7.0237e-01 +2.1866e+00 +1.3815e+00 -9.6394e-01 +2.9602e+00 -2.3277e+00 +2.1545e+00 +1.9564e-01 -4.0541e-01
% f evaluations | g evaluations | best noise-free fitness - Fopt (-8.530000000000e+01) + sum g_i+ | measured fitness | best measured fitness or single-digit g-values | x1 | x2...
1 0 +5.553662950e+07 +5.553654420e+07 +5.553654420e+07 +5.9671e-01 -3.8264e-02 +7.4769e-01 +1.6230e+00 -1.3415e-01 -1.3414e-01 +1.6792e+00 +8.6743e-01 -3.6947e-01 +6.4256e-01
11 0 +4.877465245e+07 +4.877456715e+07 +4.877456715e+07 -1.3154e+00 -3.2065e-01 -2.4271e-01 -7.0228e-01 -6.1286e-02 +5.0405e-01 +1.9862e+00 +2.7458e-01 +3.5755e-01 +2.5554e-02
13 0 +4.339270581e+07 +4.339262051e+07 +4.339262051e+07 +8.9103e-01 -8.0939e-01 +1.5028e+00 -1.3019e+00 +6.8686e-01 +2.2905e+00 -8.9054e-01 -4.6630e-01 +1.9965e-01 -4.0348e-01
23 0 +3.982206492e+07 +3.982197962e+07 +3.982197962e+07 +2.4147e+00 -1.7673e+00 +7.8626e-01 -1.5127e+00 -3.7193e-01 +1.1890e+00 +1.6428e-01 -9.7774e-01 -6.1530e-01 +7.7960e-01
51 0 +1.077876004e+07 +1.077867474e+07 +1.077867474e+07 -1.6514e+00 -2.7949e-01 +9.5034e-01 -5.2298e-01 +8.3418e-01 +1.5705e+00 +2.6546e+00 +5.1886e-01 +1.7619e+00 -7.4013e-01
175 0 +1.050968111e+07 +1.050959581e+07 +1.050959581e+07 -3.1092e-01 -2.6526e+00 +3.1468e+00 -1.8679e+00 +5.2576e-01 +2.7598e+00 +3.1458e+00 -9.9155e-01 +4.4291e+00 -1.3733e+00
270 0 +8.140785528e+06 +8.140700228e+06 +8.140700228e+06 +2.4950e-01 +2.8268e-01 +3.4934e+00 -1.3015e+00 +3.5023e-01 +2.3310e+00 +2.6013e+00 +8.0172e-01 +2.3461e+00 -6.4801e-01
301 0 +8.066383046e+06 +8.066297746e+06 +8.066297746e+06 -1.3512e+00 +5.1445e-01 +3.6016e+00 +4.9044e-01 +3.7318e-01 +2.4903e+00 +4.0872e+00 -1.4782e+00 +1.8530e+00 -1.6500e+00
401 0 +3.589396644e+06 +3.589311344e+06 +3.589311344e+06 -1.4853e+00 -4.1109e-02 +3.3591e+00 -2.0918e-01 +1.0599e+00 +3.9724e+00 +3.5080e+00 -6.0859e-01 +4.0433e+00 -4.7321e-01
468 0 +3.487089040e+06 +3.487003740e+06 +3.487003740e+06 -1.3370e+00 -1.8483e+00 +3.0519e+00 +6.8467e-01 +1.8375e+00 +3.3983e+00 +2.6262e+00 -8.2562e-01 +3.4208e+00 -2.3498e+00
501 0 +2.326628991e+06 +2.326543691e+06 +2.326543691e+06 -1.0040e+00 -1.1374e+00 +2.5113e+00 -5.4845e-01 +1.4157e-01 +2.1206e+00 +2.7058e+00 -1.3903e+00 +2.9498e+00 -8.4483e-01
551 0 +1.681944068e+06 +1.681858768e+06 +1.681858768e+06 -8.8824e-01 -1.3840e+00 +2.1251e+00 -7.2636e-01 +8.2802e-01 +3.0888e+00 +2.4269e+00 -8.7565e-01 +2.7864e+00 -1.7783e+00
701 0 +1.066188979e+06 +1.066103679e+06 +1.066103679e+06 -1.5747e+00 -8.3066e-01 +3.2523e+00 -3.5446e-01 +1.0069e+00 +2.7256e+00 +2.4948e+00 -1.0687e+00 +3.1518e+00 -1.6937e+00
734 0 +8.678005784e+05 +8.677152784e+05 +8.677152784e+05 -8.3472e-01 -7.1378e-01 +2.3466e+00 -1.1694e+00 -3.8379e-01 +3.0705e+00 +2.6686e+00 -1.0650e+00 +2.3337e+00 -1.0793e+00
771 0 +7.115017844e+05 +7.114164844e+05 +7.114164844e+05 -4.5964e-01 -5.2872e-01 +2.6128e+00 -6.1053e-01 +4.2886e-01 +2.8119e+00 +2.3786e+00 -5.8867e-01 +2.8234e+00 -1.4186e+00
851 0 +4.103701790e+05 +4.102848790e+05 +4.102848790e+05 -9.9160e-01 -3.4407e-01 +2.2412e+00 -1.6295e-01 -4.3165e-02 +3.4635e+00 +2.6307e+00 -1.0771e+00 +2.8117e+00 -1.5369e+00
927 0 +3.985221180e+05 +3.984368180e+05 +3.984368180e+05 -2.8353e-01 -4.5980e-01 +2.5228e+00 -1.1378e+00 -6.4441e-01 +2.8324e+00 +2.7033e+00 -1.6677e+00 +2.3891e+00 -1.3390e+00
951 0 +3.629209471e+05 +3.628356471e+05 +3.628356471e+05 -8.2077e-01 -2.6309e-01 +2.4071e+00 -3.4293e-01 +1.5685e-01 +3.4560e+00 +2.8433e+00 -1.2376e+00 +2.3748e+00 -1.6612e+00
1051 0 +2.203247021e+05 +2.202394021e+05 +2.202394021e+05 -1.2563e+00 -3.0041e-01 +2.7896e+00 +1.3417e-01 +1.0486e+00 +3.0192e+00 +2.7173e+00 -1.0411e+00 +3.5369e+00 -1.5913e+00
1101 0 +2.176567813e+05 +2.175714813e+05 +2.175714813e+05 -8.5839e-01 -1.8279e-01 +2.3366e+00 -6.2138e-01 +1.1359e-01 +3.3237e+00 +2.6924e+00 -1.1575e+00 +3.1923e+00 -1.8409e+00
1251 0 +1.593336179e+05 +1.592483179e+05 +1.592483179e+05 -8.0068e-01 -4.4954e-01 +2.6248e+00 -7.4294e-01 +1.3323e-01 +3.0830e+00 +2.7093e+00 -1.1396e+00 +2.6159e+00 -1.8215e+00
1327 0 +1.464269226e+05 +1.463416226e+05 +1.463416226e+05 -1.0170e+00 -4.5468e-01 +2.5595e+00 -3.9378e-01 +1.0943e+00 +3.0211e+00 +2.7042e+00 -1.1121e+00 +3.2325e+00 -1.5878e+00
1358 0 +8.329097171e+04 +8.320567171e+04 +8.320567171e+04 -1.2029e+00 -2.6262e-01 +2.7479e+00 -1.7266e-01 +1.1245e+00 +3.1228e+00 +2.6822e+00 -1.1064e+00 +3.1937e+00 -1.7774e+00
1498 0 +5.189057656e+04 +5.180527656e+04 +5.180527656e+04 -9.0458e-01 -3.0332e-01 +2.4711e+00 -6.4934e-01 +4.4972e-01 +3.2476e+00 +2.7749e+00 -1.0995e+00 +2.9640e+00 -1.6828e+00
1601 0 +2.454901816e+04 +2.446371816e+04 +2.446371816e+04 -5.0730e-01 -2.9437e-01 +2.3809e+00 -7.1955e-01 -2.3494e-01 +3.1630e+00 +2.7642e+00 -1.2741e+00 +2.6430e+00 -1.6206e+00
1751 0 +1.438061044e+04 +1.429531044e+04 +1.429531044e+04 -1.1290e+00 -2.9164e-01 +2.7498e+00 -1.6525e-01 +1.1441e+00 +3.1793e+00 +2.6618e+00 -9.8311e-01 +3.4522e+00 -1.6801e+00
1771 0 +1.390612244e+04 +1.382082244e+04 +1.382082244e+04 -8.4023e-01 -3.0490e-01 +2.4731e+00 -4.3586e-01 +3.0458e-01 +3.1380e+00 +2.7478e+00 -1.0492e+00 +3.0320e+00 -1.7074e+00
1878 0 +1.288511658e+04 +1.279981658e+04 +1.279981658e+04 -1.0750e+00 -3.3401e-01 +2.7064e+00 -3.2367e-01 +1.0687e+00 +3.1959e+00 +2.7013e+00 -9.5000e-01 +3.3196e+00 -1.6672e+00
1901 0 +9.611959324e+03 +9.526659324e+03 +9.526659324e+03 -5.9903e-01 -2.5081e-01 +2.4563e+00 -6.5120e-01 -7.1975e-02 +3.0925e+00 +2.8644e+00 -1.2542e+00 +2.7327e+00 -1.6277e+00
1951 0 +7.754540812e+03 +7.669240812e+03 +7.669240812e+03 -9.2334e-01 -2.4230e-01 +2.5787e+00 -4.2645e-01 +5.9659e-01 +3.1168e+00 +2.7158e+00 -1.0013e+00 +3.1599e+00 -1.6748e+00
2014 0 +4.807297805e+03 +4.721997805e+03 +4.721997805e+03 -6.9156e-01 -2.8739e-01 +2.4858e+00 -5.4088e-01 +2.5576e-01 +3.0985e+00 +2.7959e+00 -1.1276e+00 +2.8757e+00 -1.6805e+00
2101 0 +2.186704367e+03 +2.101404367e+03 +2.101404367e+03 -6.2256e-01 -3.1256e-01 +2.4117e+00 -6.8194e-01 -7.6692e-02 +3.0627e+00 +2.8391e+00 -1.2407e+00 +2.7065e+00 -1.6555e+00
2201 0 +1.512450004e+03 +1.427150004e+03 +1.427150004e+03 -6.0551e-01 -3.0022e-01 +2.3874e+00 -6.5176e-01 -5.6832e-02 +3.0627e+00 +2.8367e+00 -1.2028e+00 +2.7402e+00 -1.6603e+00
2251 0 +9.009631340e+02 +8.156631340e+02 +8.156631340e+02 -6.6018e-01 -2.8925e-01 +2.4136e+00 -6.3169e-01 +6.9398e-03 +3.0497e+00 +2.8231e+00 -1.1759e+00 +2.7672e+00 -1.6310e+00
2351 0 +6.237137908e+02 +5.384137908e+02 +5.384137908e+02 -6.9604e-01 -2.9674e-01 +2.4554e+00 -5.6777e-01 +1.7143e-01 +3.0861e+00 +2.8070e+00 -1.1533e+00 +2.8621e+00 -1.6505e+00
2451 0 +4.136617509e+02 +3.283617509e+02 +3.283617509e+02 -7.1286e-01 -3.0017e-01 +2.4744e+00 -5.7832e-01 +1.4247e-01 +3.0828e+00 +2.8061e+00 -1.1627e+00 +2.8424e+00 -1.6615e+00
% f evaluations | g evaluations | best noise-free fitness - Fopt (1.719500000000e+02) + sum g_i+ | measured fitness | best measured fitness or single-digit g-values | x1 | x2...
1 0 +1.347900069e+08 +1.347901788e+08 +1.347901788e+08 +5.9671e-01 -3.8264e-02 +7.4769e-01 +1.6230e+00 -1.3415e-01 -1.3414e-01 +1.6792e+00 +8.6743e-01 -3.6947e-01 +6.4256e-01
3 0 +9.210052900e+07 +9.210070095e+07 +9.210070095e+07 +1.5656e+00 -1.2578e-01 +1.6753e-01 -1.3247e+00 -4.4438e-01 +2.1092e-01 -1.0510e+00 +4.7570e-01 -5.0064e-01 -1.9169e-01
23 0 +8.651859190e+07 +8.651876385e+07 +8.651876385e+07 +2.4147e+00 -1.7673e+00 +7.8626e-01 -1.5127e+00 -3.7193e-01 +1.1890e+00 +1.6428e-01 -9.7774e-01 -6.1530e-01 +7.7960e-01
51 0 +5.187311045e+07 +5.187328240e+07 +5.187328240e+07 +6.5663e-01 -1.8290e-01 -7.3394e-01 -5.6452e-01 -1.0257e+00 -7.9751e-04 +1.3927e-01 -1.0823e+00 -6.5048e-01 +2.4125e+00
99 0 +5.103890235e+07 +5.103907430e+07 +5.103907430e+07 +1.0345e+00 -2.3787e-01 -9.0588e-02 +5.8106e-01 +3.8833e-01 +9.8305e-01 +8.0406e-01 -1.7158e-01 -2.9275e-02 +2.8634e+00
101 0 +2.323091541e+07 +2.323108736e+07 +2.323108736e+07 +2.4060e+00 +2.7950e+00 -1.7540e+00 -8.5061e-01 +3.2067e-01 +1.0542e+00 -8.1360e-02 +3.3281e-01 +1.7982e-01 +2.3449e+00
251 0 +1.742322955e+07 +1.742340150e+07 +1.742340150e+07 +2.4029e+00 +1.9990e+00 +8.8613e-01 -3.8533e-02 +2.1536e+00 +4.8313e+00 +4.3811e-01 -2.3742e+00 -3.2832e-01 +4.3840e+00
389 0 +8.046216073e+06 +8.046388023e+06 +8.046388023e+06 +2.4614e+00 +2.4787e+00 -7.1814e-01 -2.1100e+00 +2.9964e+00 +4.1522e+00 -2.6345e+00 -3.8722e+00 -1.2765e+00 +3.3279e+00
426 0 +4.945514895e+06 +4.945686845e+06 +4.945686845e+06 +3.0020e+00 +4.0584e+00 -1.5087e+00 -2.2983e+00 +1.9033e+00 +4.4720e+00 -2.5638e+00 -2.4894e+00 -1.5036e+00 +2.3742e+00
451 0 +4.802328696e+06 +4.802500646e+06 +4.802500646e+06 +2.8881e+00 +2.0559e+00 -3.1948e+00 -1.8746e+00 +1.0676e+00 +2.1028e+00 -3.7275e+00 -1.8177e+00 -1.1704e+00 +3.2472e+00
531 0 +2.400429236e+06 +2.400601186e+06 +2.400601186e+06 +3.1743e+00 +2.9841e+00 -2.6326e+00 -2.3554e+00 +2.1749e+00 +3.0580e+00 -2.3182e+00 -1.7609e+00 -1.8041e+00 +2.2147e+00
601 0 +2.209734882e+06 +2.209906832e+06 +2.209906832e+06 +2.5183e+00 +3.1194e+00 -1.6411e+00 -1.3282e+00 +1.0673e+00 +2.9258e+00 -2.7149e+00 -2.0244e+00 -1.2166e+00 +4.0434e+00
751 0 +1.743895944e+06 +1.744067894e+06 +1.744067894e+06 +3.8354e+00 +2.5427e+00 -2.6521e+00 -2.1879e+00 +9.0151e-01 +2.3803e+00 -3.9530e+00 -1.7816e+00 -2.1518e+00 +2.9958e+00
833 0 +1.387793890e+06 +1.387965840e+06 +1.387965840e+06 +3.4076e+00 +2.7380e+00 -2.1128e+00 -2.6435e+00 +6.7720e-01 +3.1072e+00 -2.2258e+00 -2.5784e+00 -1.7235e+00 +3.0115e+00
851 0 +7.249195717e+05 +7.250915217e+05 +7.250915217e+05 +2.9574e+00 +3.3890e+00 -1.8245e+00 -2.6598e+00 +5.1073e-01 +2.7816e+00 -3.2062e+00 -1.7802e+00 -2.0409e+00 +3.1993e+00
901 0 +3.186013708e+05 +3.187733208e+05 +3.187733208e+05 +4.0053e+00 +3.4683e+00 -2.5365e+00 -2.3604e+00 -3.7163e-01 +2.9276e+00 -3.7337e+00 -1.5320e+00 -2.0367e+00 +2.3159e+00
1251 0 +2.546788754e+05 +2.548508254e+05 +2.548508254e+05 +3.4706e+00 +3.2353e+00 -1.9971e+00 -1.8570e+00 +1.2078e+00 +2.9958e+00 -2.6072e+00 -2.1256e+00 -1.7078e+00 +2.7950e+00
1401 0 +1.923746128e+05 +1.925465628e+05 +1.925465628e+05 +3.3044e+00 +3.1253e+00 -2.2463e+00 -2.0174e+00 +1.2084e+00 +2.5969e+00 -2.8812e+00 -2.3114e+00 -1.5193e+00 +2.9692e+00
1451 0 +1.410176199e+05 +1.411895699e+05 +1.411895699e+05 +3.4322e+00 +3.3152e+00 -2.1638e+00 -2.1708e+00 +7.3462e-01 +3.1755e+00 -3.3608e+00 -1.9415e+00 -1.7186e+00 +2.7678e+00
1475 0 +1.024385487e+05 +1.026104987e+05 +1.026104987e+05 +3.5183e+00 +3.2457e+00 -2.5383e+00 -2.5015e+00 +1.7904e-01 +2.9088e+00 -3.6118e+00 -1.5493e+00 -1.9000e+00 +2.7717e+00
1501 0 +4.908874577e+04 +4.926069577e+04 +4.926069577e+04 +3.7662e+00 +3.3826e+00 -2.4133e+00 -2.4260e+00 -6.1355e-02 +3.0868e+00 -3.6645e+00 -1.7453e+00 -2.1018e+00 +2.6682e+00
1627 0 +3.397415151e+04 +3.414610151e+04 +3.414610151e+04 +3.7181e+00 +3.4690e+00 -2.3183e+00 -2.5796e+00 +4.9658e-02 +2.8683e+00 -3.8043e+00 -1.6962e+00 -2.1915e+00 +2.6281e+00
1781 0 +3.296244768e+04 +3.313439768e+04 +3.313439768e+04 +3.6436e+00 +3.3338e+00 -2.2734e+00 -2.3087e+00 +4.6235e-01 +2.8210e+00 -3.3971e+00 -1.9214e+00 -1.8959e+00 +2.7048e+00
1801 0 +3.195663341e+04 +3.212858341e+04 +3.212858341e+04 +3.6398e+00 +3.4405e+00 -2.3997e+00 -2.4332e+00 +3.8935e-01 +2.7974e+00 -3.5046e+00 -1.7478e+00 -1.9310e+00 +2.7293e+00
1851 0 +2.011024244e+04 +2.028219244e+04 +2.028219244e+04 +3.7185e+00 +3.3424e+00 -2.3249e+00 -2.4978e+00 +1.0756e-01 +2.8842e+00 -3.6994e+00 -1.7721e+00 -1.9903e+00 +2.6457e+00
1934 0 +1.590744160e+04 +1.607939160e+04 +1.607939160e+04 +3.5983e+00 +3.2740e+00 -2.3121e+00 -2.5182e+00 +2.8256e-01 +2.9443e+00 -3.6184e+00 -1.7151e+00 -1.9923e+00 +2.7101e+00
1951 0 +1.275904140e+04 +1.293099140e+04 +1.293099140e+04 +3.5732e+00 +3.3134e+00 -2.3287e+00 -2.3898e+00 +5.0621e-01 +2.8822e+00 -3.3632e+00 -1.8879e+00 -1.8725e+00 +2.7815e+00
1981 0 +1.081240975e+04 +1.098435975e+04 +1.098435975e+04 +3.6398e+00 +3.4403e+00 -2.4170e+00 -2.4967e+00 +1.3305e-01 +3.0051e+00 -3.6426e+00 -1.7144e+00 -1.9948e+00 +2.6966e+00
2001 0 +1.000920815e+04 +1.018115815e+04 +1.018115815e+04 +3.6766e+00 +3.4018e+00 -2.3022e+00 -2.5273e+00 +1.6886e-01 +3.0043e+00 -3.6033e+00 -1.7892e+00 -2.0145e+00 +2.6952e+00
2051 0 +9.061264209e+03 +9.233214209e+03 +9.233214209e+03 +3.7364e+00 +3.3852e+00 -2.4327e+00 -2.6048e+00 -3.3566e-02 +3.0100e+00 -3.8203e+00 -1.7336e+00 -2.1588e+00 +2.6802e+00
2127 0 +7.901682454e+03 +8.073632454e+03 +8.073632454e+03 +3.7037e+00 +3.4046e+00 -2.4595e+00 -2.5825e+00 -6.6856e-02 +2.9291e+00 -3.9020e+00 -1.6856e+00 -2.1670e+00 +2.6584e+00
2201 0 +3.923043223e+03 +4.094993223e+03 +4.094993223e+03 +3.6372e+00 +3.4249e+00 -2.4061e+00 -2.4816e+00 +2.0020e-01 +2.9198e+00 -3.6461e+00 -1.7578e+00 -2.0419e+00 +2.7219e+00
2301 0 +3.365006674e+03 +3.536956674e+03 +3.536956674e+03 +3.5509e+00 +3.3199e+00 -2.3235e+00 -2.4178e+00 +3.9234e-01 +2.9128e+00 -3.4926e+00 -1.7935e+00 -1.9438e+00 +2.7657e+00
2371 0 +1.373017918e+03 +1.544967918e+03 +1.544967918e+03 +3.6349e+00 +3.3456e+00 -2.3310e+00 -2.4616e+00 +2.7502e-01 +2.9550e+00 -3.5668e+00 -1.7910e+00 -1.9761e+00 +2.7619e+00
2401 0 +7.285563303e+02 +9.005063303e+02 +9.005063303e+02 +3.6551e+00 +3.3845e+00 -2.3738e+00 -2.4956e+00 +1.7443e-01 +2.9272e+00 -3.6655e+00 -1.7710e+00 -2.0403e+00 +2.7169e+00
% f evaluations | g evaluations | best noise-free fitness - Fopt (6.816000000000e+01) + sum g_i+ | measured fitness | best measured fitness or single-digit g-values | x1 | x2...
1 0 +8.121603092e+07 +8.121609908e+07 +8.121609908e+07 +5.9671e-01 -3.8264e-02 +7.4769e-01 +1.6230e+00 -1.3415e-01 -1.3414e-01 +1.6792e+00 +8.6743e-01 -3.6947e-01 +6.4256e-01
22 0 +5.728876382e+07 +5.728883198e+07 +5.728883198e+07 +6.7089e-01 +1.2356e+00 +1.0540e+00 +7.5139e-01 -2.1527e-01 +8.5897e-01 -6.7283e-01 -1.3682e-01 -3.8536e-01 +1.8187e-01
43 0 +4.812720169e+07 +4.812726985e+07 +4.812726985e+07 +2.1607e+00 +1.8553e+00 -1.4896e-01 +1.0716e+00 +7.4538e-01 +1.4686e+00 -8.6492e-01 +7.8605e-01 +1.1584e+00 -1.6587e+00
51 0 +3.622416882e+07 +3.622423698e+07 +3.622423698e+07 +1.9135e+00 +1.3370e+00 -7.0825e-01 +2.5676e+00 +9.0211e-01 +1.3237e+00 +1.7908e-01 -5.9272e-02 +9.3027e-01 +3.0641e-01
77 0 +3.257036995e+07 +3.257043811e+07 +3.257043811e+07 +1.9004e+00 +1.6449e+00 +1.3655e+00 +1.8588e+00 +2.4782e-01 +9.3954e-01 +1.5802e-01 +2.0010e-01 +8.8358e-01 +8.0233e-01
101 0 +2.514958145e+07 +2.514964961e+07 +2.514964961e+07 +3.2924e+00 +1.1378e+00 +2.0309e+00 +4.0314e+00 +4.3312e+00 +2.7704e+00 -2.3552e+00 +2.8749e+00 +1.5587e-01 +1.1981e+00
132 0 +2.226667493e+07 +2.226674309e+07 +2.226674309e+07 +4.8993e+00 +1.7795e+00 +7.4333e-01 +2.7755e+00 +5.2446e-01 +7.2067e-01 +2.6791e+00 +7.3274e-01 +7.8999e-01 +1.2787e+00
151 0 +1.109244966e+07 +1.109251782e+07 +1.109251782e+07 +4.6915e+00 +4.8326e+00 +1.3360e+00 +3.7285e+00 +4.4632e+00 +2.6026e+00 +2.3139e+00 +2.1087e+00 +6.5616e-01 +1.7360e+00
301 0 +1.081720748e+07 +1.081727564e+07 +1.081727564e+07 +3.8548e+00 +2.5773e+00 +1.3294e+00 +4.5630e+00 +3.5489e+00 +3.3532e+00 +3.6266e+00 +3.0243e+00 -2.1226e+00 +2.0092e+00
351 0 +9.392121816e+06 +9.392189976e+06 +9.392189976e+06 +2.6002e+00 +3.8960e+00 +2.8104e+00 +4.5123e+00 +4.6426e+00 +1.5585e+00 +2.7272e+00 +1.7519e+00 -3.7465e+00 +2.6527e+00
422 0 +7.171050377e+06 +7.171118537e+06 +7.171118537e+06 +2.7073e+00 +2.5221e+00 +2.1345e-01 +3.8656e+00 +1.7033e+00 +1.3861e+00 +1.3746e-01 +2.8816e+00 -1.9792e+00 +2.6065e+00
451 0 +2.756880167e+06 +2.756948327e+06 +2.756948327e+06 +3.2227e+00 +4.4343e+00 +2.2591e+00 +4.0399e+00 +2.6311e+00 +2.2866e+00 +1.4192e+00 +2.7635e+00 -2.1810e+00 +2.0953e+00
537 0 +1.273584404e+06 +1.273652564e+06 +1.273652564e+06 +3.0623e+00 +3.6884e+00 +1.8560e+00 +3.2516e+00 +2.8585e+00 +2.2874e+00 +1.5300e+00 +4.0063e+00 -2.1736e+00 +1.7999e+00
781 0 +1.207476760e+06 +1.207544920e+06 +1.207544920e+06 +3.1015e+00 +3.5928e+00 +1.5202e+00 +3.6065e+00 +2.8880e+00 +2.0331e+00 +1.8637e+00 +2.8416e+00 -2.3780e+00 +3.0338e+00
801 0 +1.060665235e+06 +1.060733395e+06 +1.060733395e+06 +3.3350e+00 +3.7442e+00 +1.8303e+00 +4.3116e+00 +2.4259e+00 +2.5090e+00 +1.0058e+00 +3.6626e+00 -1.2746e+00 +2.4245e+00
826 0 +7.267485624e+05 +7.268167224e+05 +7.268167224e+05 +2.4813e+00 +2.9279e+00 +1.6924e+00 +3.4815e+00 +3.2766e+00 +2.2557e+00 +1.9209e+00 +3.9986e+00 -2.0288e+00 +3.0402e+00
901 0 +4.861393320e+05 +4.862074920e+05 +4.862074920e+05 +4.0095e+00 +3.0731e+00 +1.3972e+00 +3.4227e+00 +2.6462e+00 +2.6531e+00 +1.5647e+00 +3.7222e+00 -9.1731e-01 +1.8592e+00
937 0 +3.824393090e+05 +3.825074690e+05 +3.825074690e+05 +3.6824e+00 +3.0307e+00 +1.7191e+00 +3.8311e+00 +3.0873e+00 +2.2724e+00 +1.3366e+00 +3.6618e+00 -1.4872e+00 +2.5424e+00
1040 0 +3.292171944e+05 +3.292853544e+05 +3.292853544e+05 +3.4794e+00 +3.2274e+00 +1.3621e+00 +3.5893e+00 +2.8840e+00 +2.0362e+00 +1.4721e+00 +3.1557e+00 -1.6436e+00 +2.5240e+00
1051 0 +3.154773086e+05 +3.155454686e+05 +3.155454686e+05 +3.2036e+00 +3.1762e+00 +1.4265e+00 +3.6837e+00 +2.4076e+00 +2.0140e+00 +1.5741e+00 +3.5572e+00 -1.2413e+00 +2.4067e+00
1093 0 +2.395492266e+05 +2.396173866e+05 +2.396173866e+05 +2.8751e+00 +3.1973e+00 +1.7020e+00 +4.0639e+00 +2.7871e+00 +2.2864e+00 +1.6110e+00 +3.8167e+00 -1.7660e+00 +2.3918e+00
1101 0 +1.492694746e+05 +1.493376346e+05 +1.493376346e+05 +2.6262e+00 +3.0670e+00 +1.8659e+00 +4.0349e+00 +3.3784e+00 +2.2590e+00 +1.3081e+00 +3.5642e+00 -2.5383e+00 +2.6365e+00
1151 0 +1.141014196e+05 +1.141695796e+05 +1.141695796e+05 +3.3917e+00 +3.2743e+00 +1.6973e+00 +3.8672e+00 +2.9846e+00 +2.3243e+00 +1.6993e+00 +3.3057e+00 -1.7081e+00 +2.3128e+00
1251 0 +7.738068400e+04 +7.744884400e+04 +7.744884400e+04 +2.6391e+00 +3.0419e+00 +1.8853e+00 +3.7811e+00 +3.4001e+00 +1.9322e+00 +1.5439e+00 +3.5966e+00 -2.3450e+00 +2.6650e+00
1301 0 +6.925976705e+04 +6.932792705e+04 +6.932792705e+04 +2.0792e+00 +3.1610e+00 +1.7763e+00 +3.8878e+00 +3.4319e+00 +1.9905e+00 +1.8125e+00 +3.5922e+00 -2.7421e+00 +2.7416e+00
1401 0 +4.554265959e+04 +4.561081959e+04 +4.561081959e+04 +2.8603e+00 +3.1218e+00 +1.8349e+00 +3.8164e+00 +3.0460e+00 +2.2093e+00 +1.5067e+00 +3.3318e+00 -1.8469e+00 +2.5202e+00
1501 0 +3.354738103e+04 +3.361554103e+04 +3.361554103e+04 +2.5887e+00 +3.0653e+00 +1.7344e+00 +3.9114e+00 +3.1894e+00 +2.0689e+00 +1.7136e+00 +3.5433e+00 -2.3029e+00 +2.6656e+00
1524 0 +2.336289666e+04 +2.343105666e+04 +2.343105666e+04 +2.6740e+00 +3.1436e+00 +1.7425e+00 +3.8377e+00 +3.0636e+00 +2.2330e+00 +1.5800e+00 +3.4289e+00 -2.0211e+00 +2.5124e+00
1551 0 +1.552942088e+04 +1.559758088e+04 +1.559758088e+04 +2.8164e+00 +3.1032e+00 +1.6850e+00 +3.7979e+00 +3.1553e+00 +2.1382e+00 +1.5388e+00 +3.4750e+00 -2.0985e+00 +2.4729e+00
1647 0 +8.873743945e+03 +8.941903945e+03 +8.941903945e+03 +2.3810e+00 +3.0693e+00 +1.8271e+00 +3.9219e+00 +3.3624e+00 +2.1139e+00 +1.5416e+00 +3.5933e+00 -2.6177e+00 +2.6712e+00
1730 0 +8.589183028e+03 +8.657343028e+03 +8.657343028e+03 +2.8011e+00 +3.0735e+00 +1.7394e+00 +3.8460e+00 +3.1672e+00 +2.1760e+00 +1.5279e+00 +3.4785e+00 -2.0649e+00 +2.5499e+00
1751 0 +4.554710009e+03 +4.622870009e+03 +4.622870009e+03 +3.0045e+00 +3.1629e+00 +1.6938e+00 +3.7980e+00 +2.9867e+00 +2.2931e+00 +1.5643e+00 +3.4574e+00 -1.8897e+00 +2.4852e+00
1951 0 +2.672328316e+03 +2.740488316e+03 +2.740488316e+03 +2.7130e+00 +3.0843e+00 +1.7713e+00 +3.8708e+00 +3.1625e+00 +2.1970e+00 +1.5408e+00 +3.4612e+00 -2.1915e+00 +2.5713e+00
2001 0 +1.938724108e+03 +2.006884108e+03 +2.006884108e+03 +2.4298e+00 +3.0840e+00 +1.7880e+00 +3.8847e+00 +3.3277e+00 +2.0497e+00 +1.5792e+00 +3.5233e+00 -2.5207e+00 +2.6734e+00
2055 0 +1.909841385e+03 +1.978001385e+03 +1.978001385e+03 +2.4489e+00 +3.0972e+00 +1.7981e+00 +3.8820e+00 +3.3240e+00 +2.0854e+00 +1.6026e+00 +3.5196e+00 -2.5282e+00 +2.6638e+00
2151 0 +9.003829504e+02 +9.685429504e+02 +9.685429504e+02 +2.6055e+00 +3.0886e+00 +1.7869e+00 +3.8625e+00 +3.2255e+00 +2.1372e+00 +1.5363e+00 +3.5134e+00 -2.3588e+00 +2.6120e+00
2251 0 +6.287080639e+02 +6.968680639e+02 +6.968680639e+02 +2.5975e+00 +3.1034e+00 +1.7699e+00 +3.8517e+00 +3.2124e+00 +2.1400e+00 +1.5388e+00 +3.4921e+00 -2.3259e+00 +2.6159e+00
2401 0 +5.939075339e+02 +6.620675339e+02 +6.620675339e+02 +2.6021e+00 +3.0877e+00 +1.7728e+00 +3.8651e+00 +3.2399e+00 +2.1416e+00 +1.5566e+00 +3.4918e+00 -2.3496e+00 +2.6122e+00
2451 0 +4.432354387e+02 +5.113954387e+02 +5.113954387e+02 +2.6174e+00 +3.0995e+00 +1.7816e+00 +3.8735e+00 +3.2218e+00 +2.1386e+00 +1.5494e+00 +3.5094e+00 -2.3346e+00 +2.6021e+00
2479 0 +4.300495470e+02 +4.982095470e+02 +4.982095470e+02 +2.7325e+00 +3.1106e+00 +1.7455e+00 +3.8585e+00 +3.1384e+00 +2.1852e+00 +1.5372e+00 +3.4725e+00 -2.1893e+00 +2.5529e+00
% f evaluations | g evaluations | best noise-free fitness - Fopt (1.000000000000e+03) + sum g_i+ | measured fitness | best measured fitness or single-digit g-values | x1 | x2...
1 0 +9.994469284e+07 +9.994569284e+07 +9.994569284e+07 +5.9671e-01 -3.8264e-02 +7.4769e-01 +1.6230e+00 -1.3415e-01 -1.3414e-01 +1.6792e+00 +8.6743e-01 -3.6947e-01 +6.4256e-01
2 0 +9.497028591e+07 +9.497128591e+07 +9.497128591e+07 -3.6342e-01 -3.6573e-01 +3.4196e-01 -1.8133e+00 -1.6249e+00 -4.6229e-01 -9.1283e-01 +4.1425e-01 -8.0802e-01 -1.3123e+00
4 0 +4.996018428e+07 +4.996118428e+07 +4.996118428e+07 -5.0171e-01 +1.9523e+00 +8.6503e-02 -9.5771e-01 +9.2254e-01 -1.1208e+00 +3.0886e-01 -1.8597e+00 -1.2282e+00 +2.9686e-01
51 0 +3.601635200e+07 +3.601735200e+07 +3.601735200e+07 -1.6560e+00 +7.3404e-01 +1.8187e-01 -4.7671e-01 -1.1531e-01 -6.9857e-01 -1.2091e+00 -3.1259e+00 -1.9141e-01 +9.2785e-01
101 0 +1.394945661e+07 +1.395045661e+07 +1.395045661e+07 -7.9945e-01 +3.5399e+00 +1.2202e+00 -2.3998e+00 -2.1801e+00 -1.4427e+00 -1.7519e+00 -3.3837e+00 -2.2244e+00 +3.2109e+00
127 0 +1.098326500e+07 +1.098426500e+07 +1.098426500e+07 -2.1171e+00 +1.7766e+00 +8.7412e-01 +6.2004e-01 -1.7560e+00 -2.0033e+00 -2.7988e+00 -1.4472e+00 -2.2885e+00 +4.6038e+00
225 0 +8.371787779e+06 +8.372787779e+06 +8.372787779e+06 -3.8405e+00 +2.1070e+00 -1.2467e-03 -4.3224e-01 -8.2428e-01 -3.2593e+00 -2.3598e+00 -3.0678e+00 -2.7820e+00 +2.1118e+00
351 0 +6.988656566e+06 +6.989656566e+06 +6.989656566e+06 -1.5287e+00 +3.9532e+00 +2.9257e+00 +7.5644e-01 -2.8677e+00 -2.7890e+00 -1.7693e+00 -2.8972e+00 -3.2322e+00 +2.8224e+00
401 0 +5.180318932e+06 +5.181318932e+06 +5.181318932e+06 -3.5921e+00 +2.5682e+00 +2.8305e+00 -4.3085e-01 -1.9217e+00 -2.5977e+00 -2.4513e+00 -3.2171e+00 -3.5251e+00 +2.5446e+00
501 0 +3.385426129e+06 +3.386426129e+06 +3.386426129e+06 -1.5004e+00 +2.2389e+00 +1.4123e+00 -9.7194e-01 -2.6231e+00 -2.7722e+00 -1.9912e+00 -3.5120e+00 -3.1198e+00 +3.6942e+00
551 0 +2.900963631e+06 +2.901963631e+06 +2.901963631e+06 -4.3432e+00 +1.6577e+00 +7.6213e-01 -1.7000e+00 -9.2586e-01 -4.2831e+00 -1.5432e+00 -4.3978e+00 -2.5465e+00 +3.5323e+00
601 0 +2.771850709e+06 +2.772850709e+06 +2.772850709e+06 -2.0643e+00 +3.4449e+00 +3.1291e+00 -1.3011e-01 -3.8811e+00 -3.5353e+00 -3.0237e+00 -2.4845e+00 -1.9297e+00 +3.4831e+00
701 0 +2.466817067e+06 +2.467817067e+06 +2.467817067e+06 -2.6723e+00 +2.8872e+00 +1.7684e+00 +7.3429e-01 -2.4611e+00 -4.5488e+00 -2.9425e+00 -3.0145e+00 -2.7891e+00 +3.1419e+00
751 0 +1.412580418e+06 +1.413580418e+06 +1.413580418e+06 -2.6239e+00 +2.2053e+00 +8.9221e-01 -5.3337e-01 -2.4608e+00 -2.7638e+00 -2.5024e+00 -3.6066e+00 -2.7868e+00 +3.6203e+00
801 0 +1.085122236e+06 +1.086122236e+06 +1.086122236e+06 -2.3434e+00 +3.4836e+00 +1.5805e+00 -3.6300e-01 -3.3094e+00 -3.5642e+00 -3.2520e+00 -3.5224e+00 -2.3673e+00 +2.9014e+00
851 0 +9.786204325e+05 +9.796204325e+05 +9.796204325e+05 -1.1287e+00 +4.4536e+00 +2.1692e+00 +5.8791e-01 -3.6727e+00 -3.8306e+00 -4.1004e+00 -2.1327e+00 -2.6536e+00 +2.5301e+00
927 0 +6.661696650e+05 +6.671696650e+05 +6.671696650e+05 -2.2366e+00 +2.7953e+00 +1.6274e+00 -2.5957e-01 -2.8561e+00 -3.4150e+00 -3.2403e+00 -3.7253e+00 -3.1886e+00 +3.3748e+00
1001 0 +5.632778609e+05 +5.642778609e+05 +5.642778609e+05 -8.0191e-01 +3.8651e+00 +2.1733e+00 +2.5460e-01 -4.4348e+00 -3.0072e+00 -4.7842e+00 -2.2975e+00 -3.2172e+00 +2.2744e+00
1025 0 +4.895134928e+05 +4.905134928e+05 +4.905134928e+05 -2.1237e+00 +3.2390e+00 +2.3153e+00 +6.5638e-02 -3.3732e+00 -3.4550e+00 -4.0476e+00 -2.9851e+00 -2.9350e+00 +3.3911e+00
1084 0 +4.525385715e+05 +4.535385715e+05 +4.535385715e+05 -1.1672e+00 +4.3268e+00 +2.4776e+00 -1.1542e-04 -3.9290e+00 -3.4435e+00 -4.5878e+00 -2.5004e+00 -3.1423e+00 +2.0017e+00
1183 0 +4.511318969e+05 +4.521318969e+05 +4.521318969e+05 -4.9320e-01 +3.8578e+00 +2.3485e+00 +6.4329e-01 -4.3435e+00 -3.6393e+00 -4.6806e+00 -2.2103e+00 -2.9185e+00 +2.4438e+00
1251 0 +2.356855442e+05 +2.366855442e+05 +2.366855442e+05 -9.8250e-01 +3.9068e+00 +2.4077e+00 +1.0735e-01 -4.0879e+00 -3.3332e+00 -4.2116e+00 -2.0926e+00 -2.7781e+00 +2.4410e+00
1351 0 +1.929584963e+05 +1.939584963e+05 +1.939584963e+05 -1.6859e+00 +3.5324e+00 +2.1274e+00 +1.2089e-01 -3.4379e+00 -3.3544e+00 -3.9279e+00 -2.8065e+00 -3.0914e+00 +2.5679e+00
1379 0 +1.602757659e+05 +1.612757659e+05 +1.612757659e+05 -3.8356e-01 +4.7837e+00 +2.7898e+00 +4.3753e-01 -4.7789e+00 -3.3473e+00 -4.9958e+00 -2.0841e+00 -3.0489e+00 +1.7519e+00
1422 0 +1.292122280e+05 +1.302122280e+05 +1.302122280e+05 -1.9618e+00 +3.4980e+00 +1.9657e+00 -2.0680e-01 -3.1127e+00 -3.4922e+00 -3.3002e+00 -3.0543e+00 -2.9449e+00 +3.0384e+00
1446 0 +9.228054411e+04 +9.328054411e+04 +9.328054411e+04 -1.2768e+00 +3.6001e+00 +2.3048e+00 +1.9961e-01 -3.7832e+00 -3.7285e+00 -3.9422e+00 -2.5142e+00 -2.8136e+00 +2.5859e+00
1550 0 +6.849972596e+04 +6.949972596e+04 +6.949972596e+04 -1.4616e+00 +3.5720e+00 +2.1660e+00 -2.1660e-01 -3.5939e+00 -3.5070e+00 -3.7911e+00 -2.6883e+00 -3.0818e+00 +2.7626e+00
1601 0 +6.148291581e+04 +6.248291581e+04 +6.248291581e+04 -1.4590e+00 +3.5094e+00 +2.0669e+00 -1.5692e-01 -3.5250e+00 -3.5368e+00 -3.7512e+00 -2.8541e+00 -2.8705e+00 +2.9359e+00
1651 0 +3.916815114e+04 +4.016815114e+04 +4.016815114e+04 -1.2841e+00 +3.8419e+00 +2.2765e+00 -6.5894e-02 -3.9239e+00 -3.5156e+00 -4.0643e+00 -2.5676e+00 -2.9145e+00 +2.6435e+00
1715 0 +2.960933460e+04 +3.060933460e+04 +3.060933460e+04 -1.3876e+00 +3.8415e+00 +2.3415e+00 +4.3139e-02 -3.9214e+00 -3.6018e+00 -3.9997e+00 -2.4950e+00 -2.9491e+00 +2.6115e+00
1777 0 +2.593539082e+04 +2.693539082e+04 +2.693539082e+04 -1.1852e+00 +3.7117e+00 +2.4250e+00 +4.6069e-02 -3.8988e+00 -3.5914e+00 -4.0358e+00 -2.5612e+00 -2.9674e+00 +2.6556e+00
1801 0 +1.801070153e+04 +1.901070153e+04 +1.901070153e+04 -1.2759e+00 +3.7242e+00 +2.2788e+00 +8.8691e-02 -3.7768e+00 -3.5293e+00 -3.9686e+00 -2.6674e+00 -2.8785e+00 +2.6276e+00
1851 0 +9.226921423e+03 +1.022692142e+04 +1.022692142e+04 -9.9485e-01 +4.0579e+00 +2.4421e+00 +2.2585e-01 -4.2218e+00 -3.5882e+00 -4.3831e+00 -2.4030e+00 -2.9691e+00 +2.2842e+00
1951 0 +7.508096963e+03 +8.508096963e+03 +8.508096963e+03 -1.4168e+00 +3.6949e+00 +2.3279e+00 +2.0408e-02 -3.7881e+00 -3.5425e+00 -3.9634e+00 -2.6433e+00 -2.9334e+00 +2.7198e+00
2051 0 +5.800259576e+03 +6.800259576e+03 +6.800259576e+03 -1.4006e+00 +3.6064e+00 +2.2882e+00 +1.7508e-02 -3.7840e+00 -3.5624e+00 -3.8921e+00 -2.6928e+00 -2.9870e+00 +2.6790e+00
2092 0 +3.270166626e+03 +4.270166626e+03 +4.270166626e+03 -1.5336e+00 +3.5515e+00 +2.2414e+00 +1.0945e-02 -3.6636e+00 -3.5231e+00 -3.7909e+00 -2.7150e+00 -3.0023e+00 +2.7805e+00
2180 0 +1.739460865e+03 +2.739460865e+03 +2.739460865e+03 -1.5226e+00 +3.6002e+00 +2.2680e+00 -2.4168e-02 -3.6915e+00 -3.5579e+00 -3.8243e+00 -2.6777e+00 -2.9634e+00 +2.7585e+00
2251 0 +1.693350254e+03 +2.693350254e+03 +2.693350254e+03 -1.5570e+00 +3.5339e+00 +2.2343e+00 -2.6884e-02 -3.6335e+00 -3.5400e+00 -3.7839e+00 -2.7599e+00 -2.9541e+00 +2.7732e+00
2311 0 +1.085109288e+03 +2.085109288e+03 +2.085109288e+03 -1.6956e+00 +3.4343e+00 +2.1716e+00 -5.8672e-02 -3.5019e+00 -3.5648e+00 -3.6766e+00 -2.7916e+00 -2.9337e+00 +2.9211e+00
2386 0 +8.984227674e+02 +1.898422767e+03 +1.898422767e+03 -1.6700e+00 +3.4747e+00 +2.1981e+00 -4.7105e-02 -3.5732e+00 -3.5581e+00 -3.7247e+00 -2.7654e+00 -2.9634e+00 +2.8809e+00
2451 0 +5.108542900e+02 +1.510854290e+03 +1.510854290e+03 -1.4972e+00 +3.5908e+00 +2.2547e+00 +1.2557e-02 -3.7216e+00 -3.5410e+00 -3.8409e+00 -2.6667e+00 -2.9523e+00 +2.7092e+00
