% f evaluations | g evaluations | best noise-free fitness - Fopt (1.000000000000e+03) + sum g_i+ | measured fitness | best measured fitness or single-digit g-values | x1 | x2...
1 0 +2.516949332e+02 +1.251694933e+03 +1.251694933e+03 +5.9671e-01 -3.8264e-02 +7.4769e-01 +1.6230e+00 -1.3415e-01
23 0 +2.356011973e+02 +1.235601197e+03 +1.235601197e+03 -1.8188e+00 +7.3486e-02 +1.6023e-01 +2.5632e+00 -9.2361e-02
28 0 +2.133744792e+02 +1.213374479e+03 +1.213374479e+03 -1.8914e+00 +1.7921e+00 -4.7981e-01 +1.7365e+00 +1.2640e-01
32 0 +1.847737839e+02 +1.184773784e+03 +1.184773784e+03 -2.6654e+00 -1.5062e-01 +1.4816e+00 +2.3860e+00 +7.5948e-02
35 0 +1.558800276e+02 +1.155880028e+03 +1.155880028e+03 -2.4452e+00 +3.8628e-01 +1.0589e+00 +1.9043e+00 +1.5255e+00
42 0 +1.363891222e+02 +1.136389122e+03 +1.136389122e+03 -4.7525e-01 -5.8325e-01 +9.8245e-01 +2.5435e+00 +2.8500e+00
52 0 +9.926099263e+01 +1.099260993e+03 +1.099260993e+03 -3.3045e-01 +3.2843e+00 +2.6961e+00 +4.8087e+00 +3.9366e-01
56 0 +7.318818605e+01 +1.073188186e+03 +1.073188186e+03 -2.5076e+00 +4.7017e-01 +3.5000e+00 +4.0203e+00 +2.7247e+00
61 0 +6.991452355e+01 +1.069914524e+03 +1.069914524e+03 -3.1132e+00 -1.0671e+00 +3.2511e+00 +2.8637e+00 +4.0459e+00
91 0 +4.061017167e+01 +1.040610172e+03 +1.040610172e+03 -4.8147e+00 +8.1378e-01 +3.6973e+00 +3.2351e+00 +3.6393e+00
178 0 +3.670149052e+01 +1.036701491e+03 +1.036701491e+03 -1.3429e+00 +2.4158e+00 +1.7054e+00 +3.2619e+00 +4.2004e+00
189 0 +2.972784731e+01 +1.029727847e+03 +1.029727847e+03 -2.2967e+00 +2.7040e+00 +3.9974e+00 +3.2291e+00 +1.9399e+00
254 0 +2.955405553e+01 +1.029554056e+03 +1.029554056e+03 -2.7456e+00 +2.9676e+00 +2.3198e+00 +3.3281e+00 +4.0282e+00
329 0 +2.517376238e+01 +1.025173762e+03 +1.025173762e+03 -3.0426e+00 +4.0494e+00 +2.4420e+00 +3.0209e+00 +2.7601e+00
404 0 +2.030856855e+01 +1.020308569e+03 +1.020308569e+03 -2.6699e+00 +4.4276e+00 +3.0611e+00 +3.1217e+00 +2.6737e+00
498 0 +1.611093536e+01 +1.016110935e+03 +1.016110935e+03 -3.0775e+00 +3.8312e+00 +3.3500e+00 +3.2139e+00 +2.2909e+00
562 0 +1.212894406e+01 +1.012128944e+03 +1.012128944e+03 -2.2362e+00 +2.9225e+00 +2.9065e+00 +3.7539e+00 +2.7545e+00
764 0 +9.946777033e+00 +1.009946777e+03 +1.009946777e+03 -2.2908e+00 +2.9372e+00 +2.9179e+00 +3.6703e+00 +2.8281e+00
909 0 +9.828544895e+00 +1.009828545e+03 +1.009828545e+03 -2.3074e+00 +2.9069e+00 +3.0103e+00 +3.7027e+00 +2.8485e+00
979 0 +2.801349801e+00 +1.002801350e+03 +1.002801350e+03 -2.2332e+00 +2.8279e+00 +2.9774e+00 +3.7267e+00 +2.8281e+00
1058 0 +2.715434611e+00 +1.002715435e+03 +1.002715435e+03 -2.2114e+00 +2.7974e+00 +2.9463e+00 +3.7136e+00 +2.8580e+00
1095 0 +2.488040362e+00 +1.002488040e+03 +1.002488040e+03 -2.2052e+00 +2.8401e+00 +2.9445e+00 +3.7331e+00 +2.8359e+00
1102 0 +2.316977841e+00 +1.002316978e+03 +1.002316978e+03 -2.2184e+00 +2.8405e+00 +2.9460e+00 +3.7316e+00 +2.8413e+00
1124 0 +2.241292994e+00 +1.002241293e+03 +1.002241293e+03 -2.2310e+00 +2.8034e+00 +2.9561e+00 +3.7267e+00 +2.8344e+00
% f evaluations | g evaluations | best noise-free fitness - Fopt (7.003000000000e+01) + sum g_i+ | measured fitness | best measured fitness or single-digit g-values | x1 | x2...
1 0 +2.796392344e+02 +3.496692344e+02 +3.496692344e+02 +5.9671e-01 -3.8264e-02 +7.4769e-01 +1.6230e+00 -1.3415e-01
2 0 +2.179509051e+02 +2.879809051e+02 +2.879809051e+02 -1.3414e-01 +1.6792e+00 +8.6743e-01 -3.6947e-01 +6.4256e-01
3 0 +1.287050132e+02 +1.987350132e+02 +1.987350132e+02 -3.6342e-01 -3.6573e-01 +3.4196e-01 -1.8133e+00 -1.6249e+00
8 0 +7.936462072e+01 +1.493946207e+02 +1.493946207e+02 -1.1208e+00 +3.0886e-01 -1.8597e+00 -1.2282e+00 +2.9686e-01
31 0 +4.302228612e+01 +1.130522861e+02 +1.130522861e+02 -2.8952e-01 -5.1049e-01 -3.5650e+00 -1.1233e+00 +8.5751e-01
65 0 +3.395896831e+01 +1.039889683e+02 +1.039889683e+02 -1.0055e+00 -1.7600e+00 -2.9674e+00 -7.4237e-01 +2.7004e-01
127 0 +3.325510769e+01 +1.032851077e+02 +1.032851077e+02 -4.9650e-01 -3.5063e+00 -4.7156e+00 -2.3530e+00 +3.0775e-01
155 0 +2.594354978e+01 +9.597354978e+01 +9.597354978e+01 -2.2068e+00 -3.5301e+00 -3.5852e+00 -1.8073e+00 -2.7178e+00
232 0 +2.001303501e+01 +9.004303501e+01 +9.004303501e+01 -1.8943e+00 -3.1787e+00 -4.5819e+00 -1.2083e+00 -2.1109e-01
301 0 +1.982086810e+01 +8.985086810e+01 +8.985086810e+01 -1.3130e+00 -3.5818e+00 -4.0818e+00 -1.7315e+00 -1.0980e+00
303 0 +8.608383636e+00 +7.863838364e+01 +7.863838364e+01 -1.2981e+00 -3.5022e+00 -4.0700e+00 -1.8820e+00 -1.0348e+00
% f evaluations | g evaluations | best noise-free fitness - Fopt (-4.822000000000e+01) + sum g_i+ | measured fitness | best measured fitness or single-digit g-values | x1 | x2...
1 0 +1.819632085e+02 +1.337432085e+02 +1.337432085e+02 +5.9671e-01 -3.8264e-02 +7.4769e-01 +1.6230e+00 -1.3415e-01
3 0 +1.201985012e+02 +7.197850120e+01 +7.197850120e+01 -3.6342e-01 -3.6573e-01 +3.4196e-01 -1.8133e+00 -1.6249e+00
4 0 +8.920711201e+01 +4.098711201e+01 +4.098711201e+01 -4.6229e-01 -9.1283e-01 +4.1425e-01 -8.0802e-01 -1.3123e+00
9 0 +7.764723882e+01 +2.942723882e+01 +2.942723882e+01 +8.3847e-01 +2.7137e-01 -1.5648e-02 -2.0110e-01 -1.3785e+00
26 0 +7.343506420e+01 +2.521506420e+01 +2.521506420e+01 -2.2766e+00 -1.5391e+00 -1.1351e+00 -1.8130e+00 -3.7153e+00
29 0 +6.706206322e+01 +1.884206322e+01 +1.884206322e+01 -3.0559e-01 +6.2566e-01 -1.0072e+00 +9.3475e-01 -2.6946e+00
31 0 +5.341414167e+01 +5.194141673e+00 +5.194141673e+00 -1.6070e+00 -1.6048e+00 -1.3865e+00 -1.1510e+00 -2.9556e+00
57 0 +1.880225007e+01 -2.941774993e+01 -2.941774993e+01 -2.9531e+00 -2.1327e+00 -1.1744e+00 +3.7698e-01 -3.6988e+00
325 0 +1.832851387e+01 -2.989148613e+01 -2.989148613e+01 -1.6576e+00 -1.7583e+00 -2.5778e+00 -5.7818e-01 -3.0074e+00
378 0 +1.320343017e+01 -3.501656983e+01 -3.501656983e+01 -1.1550e+00 -5.2189e-01 -1.7132e+00 +6.0155e-01 -3.7341e+00
640 0 +8.991860321e+00 -3.922813968e+01 -3.922813968e+01 -2.1872e+00 -7.5015e-01 -2.0964e+00 +3.7138e-01 -4.0078e+00
968 0 +7.202525069e+00 -4.101747493e+01 -4.101747493e+01 -1.7486e+00 -9.6780e-01 -2.2699e+00 +1.9078e-01 -3.6483e+00
% f evaluations | g evaluations | best noise-free fitness - Fopt (2.547000000000e+01) + sum g_i+ | measured fitness | best measured fitness or single-digit g-values | x1 | x2...
1 0 +2.393297054e+02 +2.647997054e+02 +2.647997054e+02 +5.9671e-01 -3.8264e-02 +7.4769e-01 +1.6230e+00 -1.3415e-01
2 0 +2.314253108e+02 +2.568953108e+02 +2.568953108e+02 -1.3414e-01 +1.6792e+00 +8.6743e-01 -3.6947e-01 +6.4256e-01
3 0 +9.568348786e+01 +1.211534879e+02 +1.211534879e+02 -3.6342e-01 -3.6573e-01 +3.4196e-01 -1.8133e+00 -1.6249e+00
4 0 +8.310632070e+01 +1.085763207e+02 +1.085763207e+02 -4.6229e-01 -9.1283e-01 +4.1425e-01 -8.0802e-01 -1.3123e+00
21 0 +6.797518596e+01 +9.344518596e+01 +9.344518596e+01 -1.3154e+00 -3.2065e-01 -2.4271e-01 -7.0228e-01 -6.1286e-02
33 0 +5.943292570e+01 +8.490292570e+01 +8.490292570e+01 -3.2569e+00 -1.8233e+00 -3.2180e-01 -1.2891e+00 -2.4361e-01
44 0 +4.520753588e+01 +7.067753588e+01 +7.067753588e+01 -3.7477e+00 -3.9620e-01 -2.1482e+00 -1.4178e+00 +3.3863e-01
92 0 +4.215101853e+01 +6.762101853e+01 +6.762101853e+01 -4.5434e+00 -2.2087e+00 -1.3265e+00 -4.3135e+00 -9.8516e-01
146 0 +3.624745221e+01 +6.171745221e+01 +6.171745221e+01 -2.7339e+00 -7.0404e-01 -7.6524e-01 -2.3546e+00 -1.1125e+00
285 0 +2.567714475e+01 +5.114714475e+01 +5.114714475e+01 -4.6011e+00 -2.7258e+00 -3.1064e-01 -3.1330e+00 -7.8939e-01
316 0 +1.852778040e+01 +4.399778040e+01 +4.399778040e+01 -3.0406e+00 -2.3432e+00 -1.4342e+00 -2.2056e+00 -3.0569e+00
503 0 +1.528300324e+01 +4.075300324e+01 +4.075300324e+01 -3.1038e+00 -1.9170e+00 -1.5264e+00 -2.4070e+00 -1.2941e+00
519 0 +1.044592865e+01 +3.591592865e+01 +3.591592865e+01 -3.3687e+00 -9.8503e-01 -1.5591e+00 -2.0277e+00 -1.4081e+00
685 0 +9.913997407e+00 +3.538399741e+01 +3.538399741e+01 -3.9994e+00 -1.8092e+00 -5.9486e-01 -2.5786e+00 -8.3938e-01
1024 0 +7.525475097e+00 +3.299547510e+01 +3.299547510e+01 -4.1608e+00 -1.8747e+00 -8.6155e-01 -2.1184e+00 -2.1478e+00
1079 0 +2.710772650e+00 +2.818077265e+01 +2.818077265e+01 -4.2558e+00 -1.9121e+00 -8.8133e-01 -2.1316e+00 -2.0897e+00
1101 0 +2.037489272e+00 +2.750748927e+01 +2.750748927e+01 -4.3105e+00 -1.9639e+00 -8.3694e-01 -2.1455e+00 -2.1334e+00
1215 0 +1.900987801e+00 +2.737098780e+01 +2.737098780e+01 -4.2638e+00 -1.9490e+00 -8.6572e-01 -2.1223e+00 -2.1250e+00
1229 0 +1.439594191e+00 +2.690959419e+01 +2.690959419e+01 -4.2781e+00 -1.9372e+00 -8.6447e-01 -2.1290e+00 -2.1211e+00
1233 0 +1.384121439e+00 +2.685412144e+01 +2.685412144e+01 -4.2694e+00 -1.9345e+00 -8.2988e-01 -2.1274e+00 -2.0950e+00
% f evaluations | g evaluations | best noise-free fitness - Fopt (-1.008100000000e+02) + sum g_i+ | measured fitness | best measured fitness or single-digit g-values | x1 | x2...
1 0 +8.164338892e+01 -1.916661108e+01 -1.916661108e+01 +5.9671e-01 -3.8264e-02 +7.4769e-01 +1.6230e+00 -1.3415e-01
6 0 +7.275719873e+01 -2.805280127e+01 -2.805280127e+01 +2.1092e-01 -1.0510e+00 +4.7570e-01 -5.0064e-01 -1.9169e-01
11 0 +7.126016172e+01 -2.954983828e+01 -2.954983828e+01 +4.2408e-01 -2.8508e-01 -5.7692e-01 +7.1168e-01 +1.1310e+00
12 0 +6.022188156e+01 -4.058811844e+01 -4.058811844e+01 +1.0313e+00 -7.3922e-01 -2.0921e-01 +4.3126e-01 +1.0755e+00
27 0 +5.801721622e+01 -4.279278378e+01 -4.279278378e+01 +6.3422e-01 +1.4891e+00 +1.1751e+00 +4.0954e-03 +2.3167e+00
29 0 +3.825864045e+01 -6.255135955e+01 -6.255135955e+01 +1.3339e+00 +1.2728e-01 +8.6084e-01 +6.5177e-01 +8.9761e-01
54 0 +3.410936777e+01 -6.670063223e+01 -6.670063223e+01 +1.7514e+00 +8.9242e-01 +1.1233e+00 +1.3993e+00 +2.5479e+00
132 0 +3.150280439e+01 -6.930719561e+01 -6.930719561e+01 +2.0155e+00 -6.3347e-01 +1.0282e+00 +5.8060e-01 +1.7356e+00
238 0 +2.216702730e+01 -7.864297270e+01 -7.864297270e+01 +4.7391e-01 +2.9075e-01 +6.1055e-01 +9.8376e-01 +2.3437e+00
546 0 +2.158795368e+01 -7.922204632e+01 -7.922204632e+01 +4.8961e-01 -1.4433e-01 +1.4608e+00 +2.5411e-01 +1.5673e+00
616 0 +1.785202726e+01 -8.295797274e+01 -8.295797274e+01 +4.5955e-01 -1.7639e-01 +8.1698e-01 +2.4350e-01 +1.8221e+00
733 0 +1.695854700e+01 -8.385145300e+01 -8.385145300e+01 +1.6058e-01 -3.4899e-01 +1.4009e+00 -1.7731e-01 +2.2171e+00
761 0 +1.638100191e+01 -8.442899809e+01 -8.442899809e+01 +6.5065e-01 +7.4879e-02 +1.7371e+00 +1.2790e-01 +2.7484e+00
886 0 +1.342362413e+01 -8.738637587e+01 -8.738637587e+01 +5.9766e-01 +5.2465e-01 +1.9635e+00 +1.9738e-01 +2.7662e+00
895 0 +1.072876821e+01 -9.008123179e+01 -9.008123179e+01 +5.9052e-01 +3.9144e-01 +1.8564e+00 +2.4349e-01 +2.7877e+00
1006 0 +7.998790868e+00 -9.281120913e+01 -9.281120913e+01 +6.1090e-01 +4.4468e-01 +1.9066e+00 +2.5831e-01 +2.8275e+00
1136 0 +3.792935970e+00 -9.701706403e+01 -9.701706403e+01 +4.8492e-01 +4.8952e-01 +1.9976e+00 +2.1812e-01 +2.8746e+00
% f evaluations | g evaluations | best noise-free fitness - Fopt (-3.531300000000e+02) + sum g_i+ | measured fitness | best measured fitness or single-digit g-values | x1 | x2...
1 0 +2.815370347e+02 -7.159296530e+01 -7.159296530e+01 +5.9671e-01 -3.8264e-02 +7.4769e-01 +1.6230e+00 -1.3415e-01
2 0 +1.908382621e+02 -1.622917379e+02 -1.622917379e+02 -1.3414e-01 +1.6792e+00 +8.6743e-01 -3.6947e-01 +6.4256e-01
3 0 +1.441667663e+02 -2.089632337e+02 -2.089632337e+02 -3.6342e-01 -3.6573e-01 +3.4196e-01 -1.8133e+00 -1.6249e+00
7 0 +1.284619969e+02 -2.246680031e+02 -2.246680031e+02 -5.0171e-01 +1.9523e+00 +8.6503e-02 -9.5771e-01 +9.2254e-01
8 0 +7.248974970e+01 -2.806402503e+02 -2.806402503e+02 -1.1208e+00 +3.0886e-01 -1.8597e+00 -1.2282e+00 +2.9686e-01
28 0 +5.911680807e+01 -2.940131919e+02 -2.940131919e+02 -3.5220e+00 -5.0248e-01 -7.2592e-01 -2.7037e+00 -1.5464e+00
71 0 +4.007114488e+01 -3.130588551e+02 -3.130588551e+02 -2.9432e+00 +1.0075e+00 -9.3450e-01 -3.9411e+00 +3.6207e-01
190 0 +3.895933129e+01 -3.141706687e+02 -3.141706687e+02 -2.3257e+00 +1.1432e+00 -3.4175e+00 -3.0196e+00 +2.8884e+00
251 0 +3.640284081e+01 -3.167271592e+02 -3.167271592e+02 -2.6453e+00 -4.6699e-02 -2.5128e+00 -3.5105e+00 -1.3132e+00
254 0 +3.220756291e+01 -3.209224371e+02 -3.209224371e+02 -1.0275e+00 +4.3767e-01 -8.7159e-01 -2.8558e+00 -1.3408e+00
262 0 +2.489779627e+01 -3.282322037e+02 -3.282322037e+02 -2.1625e+00 +6.3980e-01 -2.1523e+00 -3.7244e+00 -1.3537e+00
292 0 +2.155422136e+01 -3.315757786e+02 -3.315757786e+02 -1.4048e+00 +8.6001e-01 -1.6462e+00 -3.8740e+00 -8.4348e-01
300 0 +2.054997528e+01 -3.325800247e+02 -3.325800247e+02 -1.9715e+00 +2.9312e-01 -8.7727e-01 -4.8583e+00 -2.3360e+00
481 0 +1.981643711e+01 -3.333135629e+02 -3.333135629e+02 -2.4915e+00 +9.0702e-01 -2.2648e+00 -3.5626e+00 -1.3638e+00
598 0 +1.848378037e+01 -3.346462196e+02 -3.346462196e+02 -2.7429e+00 +7.5567e-01 -1.6194e+00 -2.9128e+00 -4.3095e-01
671 0 +1.744794001e+01 -3.356820600e+02 -3.356820600e+02 -1.8003e+00 -5.3893e-02 -1.8403e+00 -3.4378e+00 -2.0832e+00
676 0 +1.438569732e+01 -3.387443027e+02 -3.387443027e+02 -3.1123e+00 +1.0400e+00 -2.2444e+00 -2.8246e+00 -1.4324e+00
972 0 +1.149222863e+01 -3.416377714e+02 -3.416377714e+02 -2.6860e+00 +4.1998e-01 -2.4167e+00 -3.1175e+00 -1.0887e+00
1082 0 +9.882014055e+00 -3.432479859e+02 -3.432479859e+02 -2.4866e+00 +7.6323e-01 -1.9649e+00 -3.5782e+00 -4.7014e-01
% f evaluations | g evaluations | best noise-free fitness - Fopt (8.716000000000e+01) + sum g_i+ | measured fitness | best measured fitness or single-digit g-values | x1 | x2...
1 0 +1.942186532e+02 +2.813786532e+02 +2.813786532e+02 +5.9671e-01 -3.8264e-02 +7.4769e-01 +1.6230e+00 -1.3415e-01
11 0 +1.339182365e+02 +2.210782365e+02 +2.210782365e+02 +4.2408e-01 -2.8508e-01 -5.7692e-01 +7.1168e-01 +1.1310e+00
24 0 +1.130711647e+02 +2.002311647e+02 +2.002311647e+02 +4.0155e-01 +6.5288e-02 -1.0687e+00 +1.2428e+00 +8.5193e-01
35 0 +9.667303917e+01 +1.838330392e+02 +1.838330392e+02 +3.8062e-01 +1.8437e+00 -2.5433e+00 -2.7978e-01 +4.6505e-01
45 0 +6.731162096e+01 +1.544716210e+02 +1.544716210e+02 +3.0783e-01 +1.5623e+00 -1.0495e+00 +2.2762e+00 +2.2561e+00
51 0 +6.548184188e+01 +1.526418419e+02 +1.526418419e+02 +2.0941e-02 +5.0822e-01 -3.4677e+00 +2.3628e+00 +1.1149e+00
79 0 +4.438329955e+01 +1.315432995e+02 +1.315432995e+02 +1.2696e+00 +2.1475e+00 -1.6561e+00 +3.3453e+00 +1.7329e+00
86 0 +3.434628359e+01 +1.215062836e+02 +1.215062836e+02 +2.9421e+00 +3.4152e+00 -3.0260e+00 +3.2649e+00 +2.6235e-01
223 0 +3.253802945e+01 +1.196980294e+02 +1.196980294e+02 +1.8974e+00 +6.6907e-01 -2.4624e+00 +3.6223e+00 +1.8749e+00
268 0 +2.258490528e+01 +1.097449053e+02 +1.097449053e+02 +2.2340e+00 +2.1803e-01 -2.3934e+00 +4.9007e+00 +2.2060e+00
294 0 +1.872518545e+01 +1.058851854e+02 +1.058851854e+02 +1.6557e+00 +3.7640e-01 -2.2380e+00 +4.4779e+00 +9.6774e-01
299 0 +1.847567471e+01 +1.056356747e+02 +1.056356747e+02 +1.4195e+00 -4.7091e-02 -2.9636e+00 +3.6595e+00 +1.5177e+00
416 0 +1.629831857e+01 +1.034583186e+02 +1.034583186e+02 +9.4286e-01 +1.1658e+00 -2.6631e+00 +4.0855e+00 +1.5057e+00
476 0 +1.468984073e+01 +1.018498407e+02 +1.018498407e+02 +2.1623e+00 +8.1578e-01 -2.3365e+00 +3.8780e+00 +2.5157e+00
641 0 +1.327198298e+01 +1.004319830e+02 +1.004319830e+02 +2.2954e+00 +1.7498e-01 -2.2977e+00 +4.8961e+00 +2.3444e+00
% f evaluations | g evaluations | best noise-free fitness - Fopt (-3.475000000000e+01) + sum g_i+ | measured fitness | best measured fitness or single-digit g-values | x1 | x2...
1 0 +1.266744761e+02 +9.192447605e+01 +9.192447605e+01 +5.9671e-01 -3.8264e-02 +7.4769e-01 +1.6230e+00 -1.3415e-01
15 0 +6.223519419e+01 +2.748519419e+01 +2.748519419e+01 +4.6140e-01 +1.6380e+00 +6.4174e-02 +1.6646e+00 -2.5197e+00
42 0 +4.834337268e+01 +1.359337268e+01 +1.359337268e+01 +1.5479e+00 -2.0709e-01 -1.9599e+00 +1.9814e+00 -2.0833e+00
45 0 +4.108561211e+01 +6.335612108e+00 +6.335612108e+00 +1.2900e+00 +9.1514e-01 -2.0250e+00 +3.2814e+00 -1.5137e+00
49 0 +3.197278936e+01 -2.777210643e+00 -2.777210643e+00 +1.6053e-01 +2.2204e+00 -1.0554e+00 +1.8428e+00 -2.5370e+00
216 0 +2.110811750e+01 -1.364188250e+01 -1.364188250e+01 +2.4632e+00 +2.2290e+00 +7.2645e-01 +4.4874e+00 -2.4315e+00
492 0 +1.920935774e+01 -1.554064226e+01 -1.554064226e+01 +1.6927e+00 +1.9628e+00 -6.1026e-01 +3.0816e+00 -2.3722e+00
493 0 +1.686382145e+01 -1.788617855e+01 -1.788617855e+01 +1.5887e+00 +2.0898e+00 -5.7792e-01 +3.0654e+00 -2.5813e+00
590 0 +1.217020804e+01 -2.257979196e+01 -2.257979196e+01 +1.8248e+00 +2.1685e+00 -8.3836e-01 +2.3955e+00 -2.0056e+00
756 0 +1.023450742e+01 -2.451549258e+01 -2.451549258e+01 +1.6359e+00 +1.8535e+00 -7.8038e-01 +2.7286e+00 -2.0865e+00
780 0 +9.814266175e+00 -2.493573383e+01 -2.493573383e+01 +1.7261e+00 +1.9317e+00 -6.4969e-01 +2.7557e+00 -2.0116e+00
893 0 +8.917456574e+00 -2.583254343e+01 -2.583254343e+01 +1.7511e+00 +1.9382e+00 -7.0622e-01 +2.7826e+00 -2.1240e+00
895 0 +8.122425406e+00 -2.662757459e+01 -2.662757459e+01 +1.7326e+00 +1.8501e+00 -6.4454e-01 +2.7696e+00 -2.0730e+00
912 0 +7.608074040e+00 -2.714192596e+01 -2.714192596e+01 +1.6863e+00 +1.8300e+00 -7.2764e-01 +2.7638e+00 -2.0902e+00
918 0 +4.692331209e+00 -3.005766879e+01 -3.005766879e+01 +1.6421e+00 +1.8838e+00 -6.6128e-01 +2.7181e+00 -2.0830e+00
1014 0 +3.335416258e+00 -3.141458374e+01 -3.141458374e+01 +1.6878e+00 +1.8979e+00 -6.5356e-01 +2.7671e+00 -2.0905e+00
1043 0 +2.971176364e+00 -3.177882364e+01 -3.177882364e+01 +1.7143e+00 +1.9413e+00 -6.3558e-01 +2.7520e+00 -2.0839e+00
1065 0 +2.955332280e+00 -3.179466772e+01 -3.179466772e+01 +1.6785e+00 +1.9481e+00 -6.0719e-01 +2.7526e+00 -2.0718e+00
1097 0 +2.593348810e+00 -3.215665119e+01 -3.215665119e+01 +1.6910e+00 +1.9599e+00 -6.2109e-01 +2.7762e+00 -2.0641e+00
1109 0 +2.383222131e+00 -3.236677787e+01 -3.236677787e+01 +1.6649e+00 +1.9154e+00 -6.4242e-01 +2.7524e+00 -2.0603e+00
1115 0 +2.329142379e+00 -3.242085762e+01 -3.242085762e+01 +1.6959e+00 +1.9315e+00 -6.5226e-01 +2.7634e+00 -2.0796e+00
1137 0 +2.224736055e+00 -3.252526395e+01 -3.252526395e+01 +1.6979e+00 +1.9338e+00 -6.5008e-01 +2.7627e+00 -2.0743e+00
1157 0 +2.069547170e+00 -3.268045283e+01 -3.268045283e+01 +1.6943e+00 +1.9342e+00 -6.3743e-01 +2.7640e+00 -2.0745e+00
1162 0 +2.064272061e+00 -3.268572794e+01 -3.268572794e+01 +1.6805e+00 +1.9179e+00 -6.5051e-01 +2.7600e+00 -2.0719e+00
1187 0 +2.055049295e+00 -3.269495071e+01 -3.269495071e+01 +1.6788e+00 +1.9159e+00 -6.4704e-01 +2.7591e+00 -2.0719e+00
1213 0 +2.032855798e+00 -3.271714420e+01 -3.271714420e+01 +1.6795e+00 +1.9341e+00 -6.2383e-01 +2.7664e+00 -2.0715e+00
% f evaluations | g evaluations | best noise-free fitness - Fopt (-1.000000000000e+03) + sum g_i+ | measured fitness | best measured fitness or single-digit g-values | x1 | x2...
1 0 +1.904604462e+02 -8.095395538e+02 -8.095395538e+02 +5.9671e-01 -3.8264e-02 +7.4769e-01 +1.6230e+00 -1.3415e-01
2 0 +1.770739216e+02 -8.229260784e+02 -8.229260784e+02 -1.3414e-01 +1.6792e+00 +8.6743e-01 -3.6947e-01 +6.4256e-01
3 0 +1.185725897e+02 -8.814274103e+02 -8.814274103e+02 -3.6342e-01 -3.6573e-01 +3.4196e-01 -1.8133e+00 -1.6249e+00
4 0 +1.155066428e+02 -8.844933572e+02 -8.844933572e+02 -4.6229e-01 -9.1283e-01 +4.1425e-01 -8.0802e-01 -1.3123e+00
8 0 +1.123671134e+02 -8.876328866e+02 -8.876328866e+02 -1.1208e+00 +3.0886e-01 -1.8597e+00 -1.2282e+00 +2.9686e-01
21 0 +7.187331491e+01 -9.281266851e+02 -9.281266851e+02 -1.3154e+00 -3.2065e-01 -2.4271e-01 -7.0228e-01 -6.1286e-02
26 0 +5.524210454e+01 -9.447578955e+02 -9.447578955e+02 -1.2313e+00 -2.5841e+00 +3.6244e-01 +1.9818e-01 -1.0878e+00
85 0 +4.840943758e+01 -9.515905624e+02 -9.515905624e+02 -3.8786e+00 -1.5628e+00 -1.9088e-01 -2.6136e+00 -1.6469e+00
106 0 +4.354187956e+01 -9.564581204e+02 -9.564581204e+02 -3.6101e+00 -3.4182e+00 +1.8434e+00 -1.5872e+00 -1.3229e+00
109 0 +4.128026990e+01 -9.587197301e+02 -9.587197301e+02 -3.7991e+00 -1.5960e+00 -4.2371e-01 -2.9231e+00 -4.4162e-01
111 0 +1.834389738e+01 -9.816561026e+02 -9.816561026e+02 -4.1158e+00 -2.7279e+00 +1.1818e+00 -2.5788e+00 -1.1628e+00
427 0 +1.609693344e+01 -9.839030666e+02 -9.839030666e+02 -3.6146e+00 -3.5619e+00 +4.6424e-01 -1.5035e+00 -4.2564e-02
481 0 +1.598240191e+01 -9.840175981e+02 -9.840175981e+02 -3.1560e+00 -2.9709e+00 -4.6322e-02 -1.8447e+00 +2.0449e-01
778 0 +1.550699356e+01 -9.844930064e+02 -9.844930064e+02 -2.8467e+00 -3.6992e+00 +6.7782e-01 -1.8368e+00 -7.4996e-01
1245 0 +1.187307900e+01 -9.881269210e+02 -9.881269210e+02 -4.4102e+00 -4.3790e+00 -1.0865e-01 -2.3934e+00 -1.3234e-01
% f evaluations | g evaluations | best noise-free fitness - Fopt (-9.247000000000e+01) + sum g_i+ | measured fitness | best measured fitness or single-digit g-values | x1 | x2...
1 0 +1.395477877e+02 +4.707778766e+01 +4.707778766e+01 +5.9671e-01 -3.8264e-02 +7.4769e-01 +1.6230e+00 -1.3415e-01
3 0 +1.039786793e+02 +1.150867932e+01 +1.150867932e+01 -3.6342e-01 -3.6573e-01 +3.4196e-01 -1.8133e+00 -1.6249e+00
5 0 +9.011695911e+01 -2.353040886e+00 -2.353040886e+00 +1.5656e+00 -1.2578e-01 +1.6753e-01 -1.3247e+00 -4.4438e-01
14 0 +8.888543931e+01 -3.584560690e+00 -3.584560690e+00 +1.4562e+00 +2.7990e-02 +1.1035e+00 +4.6164e-01 -5.4512e-01
25 0 +7.947732932e+01 -1.299267068e+01 -1.299267068e+01 +8.9103e-01 -8.0939e-01 +1.5028e+00 -1.3019e+00 +6.8686e-01
26 0 +7.332797668e+01 -1.914202332e+01 -1.914202332e+01 +4.6448e-01 -1.0236e-01 +1.3607e+00 -1.1751e-01 +3.8748e-01
30 0 +6.794492264e+01 -2.452507736e+01 -2.452507736e+01 -3.3739e-01 -1.9863e+00 +5.1209e-01 -2.1430e+00 -5.4029e-01
32 0 +2.601698231e+01 -6.645301769e+01 -6.645301769e+01 +6.0674e-01 -3.6091e-02 +3.1108e+00 -5.4013e-01 +6.0821e-01
262 0 +1.955253683e+01 -7.291746317e+01 -7.291746317e+01 +3.2148e+00 -6.4873e-01 +2.7264e+00 +6.5136e-01 +5.8075e-01
441 0 +1.562307290e+01 -7.684692710e+01 -7.684692710e+01 +3.2780e+00 +3.4029e-01 +3.3632e+00 -7.0633e-01 +2.9825e-01
804 0 +1.526912210e+01 -7.720087790e+01 -7.720087790e+01 +3.0120e+00 -2.2063e-01 +2.9203e+00 -2.1610e-01 -1.5734e-01
859 0 +1.517757817e+01 -7.729242183e+01 -7.729242183e+01 +2.4862e+00 -2.6322e-01 +2.9477e+00 -3.9869e-01 +1.7099e-01
1135 0 +1.475400771e+01 -7.771599229e+01 -7.771599229e+01 +2.0798e+00 -5.4649e-01 +2.6333e+00 +2.2524e-02 +6.5807e-01
