% f evaluations | g evaluations | best noise-free fitness - Fopt (-1.000000000000e+03) + sum g_i+ | measured fitness | best measured fitness or single-digit g-values | x1 | x2...
1 0 +7.125699810e+01 -9.287430019e+02 -9.287430019e+02 +5.9671e-01 -3.8264e-02 +7.4769e-01 +1.6230e+00 -1.3415e-01 -1.3414e-01 +1.6792e+00 +8.6743e-01 -3.6947e-01 +6.4256e-01
6 0 +7.105190837e+01 -9.289480916e+02 -9.289480916e+02 +4.2408e-01 -2.8508e-01 -5.7692e-01 +7.1168e-01 +1.1310e+00 +1.0313e+00 -7.3922e-01 -2.0921e-01 +4.3126e-01 +1.0755e+00
30 0 +6.737530124e+01 -9.326246988e+02 -9.326246988e+02 -1.0812e-01 -3.9300e-01 -4.8936e-01 +9.4960e-01 +4.5702e-01 -5.9291e-01 +9.9960e-01 +4.0730e-01 +9.1286e-01 +7.2963e-01
38 0 +5.293221165e+01 -9.470677884e+02 -9.470677884e+02 +1.2451e-01 +5.9800e-01 +1.5511e+00 +1.0593e+00 +2.2532e+00 -6.6735e-01 +9.7232e-01 +2.8334e-01 +2.2898e+00 -7.0830e-01
51 0 +4.531823858e+01 -9.546817614e+02 -9.546817614e+02 -1.2472e-01 +5.5808e-01 -1.1250e-01 +2.8887e+00 +1.0566e+00 -4.0172e-02 +2.2301e+00 +1.2553e+00 +1.8212e+00 +3.7590e-01
52 0 +2.527480174e+01 -9.747251983e+02 -9.747251983e+02 -3.3613e-01 +8.1906e-01 +1.5128e+00 +3.7245e+00 +3.4920e+00 -1.5066e+00 +1.8755e+00 +2.6695e-01 +3.2770e+00 +1.2741e+00
113 0 +1.337285897e+01 -9.866271410e+02 -9.866271410e+02 +2.1512e+00 +9.9381e-01 +2.0808e-01 +2.1663e+00 +2.0999e+00 -1.6709e+00 +1.0784e+00 +2.9069e+00 +3.2909e+00 +1.1356e+00
352 0 +1.070328887e+01 -9.892967111e+02 -9.892967111e+02 +1.4205e+00 +1.3563e+00 +8.6347e-01 +3.7713e+00 +1.9869e+00 -1.1729e+00 +4.9136e-01 +2.1934e+00 +4.2320e+00 +1.6423e+00
353 0 +8.123449359e+00 -9.918765506e+02 -9.918765506e+02 +1.4536e+00 +1.4345e+00 +4.4021e-01 +3.2272e+00 +4.0222e+00 +1.8214e-01 +5.2854e-01 +3.0653e+00 +4.2368e+00 +1.5747e+00
493 0 +6.544495042e+00 -9.934555050e+02 -9.934555050e+02 +1.6234e+00 +7.9889e-02 +8.5145e-01 +3.0107e+00 +3.3042e+00 -9.8781e-01 +2.1718e-01 +2.0882e+00 +3.2940e+00 +5.4934e-01
545 0 +5.216838290e+00 -9.947831617e+02 -9.947831617e+02 +9.5202e-01 +4.1167e-01 +1.6955e-02 +4.1611e+00 +3.9724e+00 -1.6751e+00 +1.1848e-01 +2.8906e+00 +3.8361e+00 +1.0179e+00
666 0 +2.778202450e+00 -9.972217975e+02 -9.972217975e+02 +1.5471e+00 +6.1717e-01 +4.1742e-01 +3.5155e+00 +3.5583e+00 -8.2129e-01 +1.6990e+00 +2.8233e+00 +3.7502e+00 +7.2998e-01
777 0 +2.566570458e+00 -9.974334295e+02 -9.974334295e+02 +1.1391e+00 -5.5820e-01 +1.0843e-01 +3.3664e+00 +4.0617e+00 -1.4513e+00 +9.5131e-01 +2.2138e+00 +3.4862e+00 +1.2838e+00
815 0 +2.072148603e+00 -9.979278514e+02 -9.979278514e+02 +1.4505e+00 +2.3615e-01 -3.0026e-01 +3.7605e+00 +3.6605e+00 -1.0313e+00 +1.0539e+00 +2.8843e+00 +3.7299e+00 +1.1318e+00
923 0 +2.032197359e+00 -9.979678026e+02 -9.979678026e+02 +1.2153e+00 +3.7368e-01 +3.1778e-01 +3.2039e+00 +3.8156e+00 -1.0493e+00 +9.0631e-01 +2.7732e+00 +3.9777e+00 +1.3296e+00
1054 0 +1.996206825e+00 -9.980037932e+02 -9.980037932e+02 +1.1482e+00 +3.2697e-01 +3.0049e-01 +3.5364e+00 +3.6209e+00 -9.6513e-01 +1.1272e+00 +2.5895e+00 +3.8628e+00 +1.2282e+00
1169 0 +1.980274493e+00 -9.980197255e+02 -9.980197255e+02 +1.2116e+00 +2.6487e-01 +2.6420e-01 +3.5508e+00 +3.5416e+00 -1.1018e+00 +8.9865e-01 +2.7221e+00 +3.7482e+00 +1.2507e+00
1340 0 +1.975020350e+00 -9.980249797e+02 -9.980249797e+02 +1.1570e+00 +1.6350e-01 +1.6936e-01 +3.3879e+00 +3.6002e+00 -1.0450e+00 +9.9599e-01 +2.6480e+00 +3.5816e+00 +1.1320e+00
1463 0 +1.971644165e+00 -9.980283558e+02 -9.980283558e+02 +1.2571e+00 +3.5167e-01 +1.1491e-01 +3.5382e+00 +3.7194e+00 -1.2432e+00 +8.9523e-01 +2.6723e+00 +3.7173e+00 +1.1565e+00
1490 0 +1.970377359e+00 -9.980296226e+02 -9.980296226e+02 +1.0931e+00 +2.6743e-01 +2.7565e-01 +3.3865e+00 +3.6230e+00 -1.2245e+00 +9.8585e-01 +2.5183e+00 +3.6860e+00 +1.1564e+00
1523 0 +1.966896106e+00 -9.980331039e+02 -9.980331039e+02 +1.2381e+00 +3.4908e-01 +1.5199e-01 +3.4530e+00 +3.7324e+00 -1.2464e+00 +9.3043e-01 +2.5618e+00 +3.7633e+00 +1.1412e+00
1615 0 +1.965892004e+00 -9.980341080e+02 -9.980341080e+02 +1.2019e+00 +3.4971e-01 +2.2346e-01 +3.4648e+00 +3.7041e+00 -1.1598e+00 +1.0629e+00 +2.5757e+00 +3.7786e+00 +1.2069e+00
1633 0 +1.961740558e+00 -9.980382594e+02 -9.980382594e+02 +1.2341e+00 +2.9900e-01 +1.4421e-01 +3.4089e+00 +3.7158e+00 -1.1845e+00 +9.7117e-01 +2.6382e+00 +3.6720e+00 +1.1880e+00
1640 0 +1.961581814e+00 -9.980384182e+02 -9.980384182e+02 +1.1524e+00 +2.6635e-01 +9.6071e-02 +3.4854e+00 +3.6691e+00 -1.1484e+00 +1.0109e+00 +2.5786e+00 +3.7002e+00 +1.2212e+00
1645 0 +1.960446541e+00 -9.980395535e+02 -9.980395535e+02 +1.1270e+00 +3.6508e-01 +1.6594e-01 +3.4862e+00 +3.6313e+00 -1.1539e+00 +9.7669e-01 +2.6608e+00 +3.6687e+00 +1.1853e+00
1732 0 +1.957606673e+00 -9.980423933e+02 -9.980423933e+02 +1.2091e+00 +3.1059e-01 +1.3210e-01 +3.4745e+00 +3.6719e+00 -1.1556e+00 +9.3534e-01 +2.6282e+00 +3.6753e+00 +1.1083e+00
1744 0 +1.957288696e+00 -9.980427113e+02 -9.980427113e+02 +1.1565e+00 +2.6397e-01 +1.6612e-01 +3.5100e+00 +3.6789e+00 -1.1761e+00 +1.0185e+00 +2.6010e+00 +3.7073e+00 +1.1500e+00
1830 0 +1.956591682e+00 -9.980434083e+02 -9.980434083e+02 +1.1683e+00 +3.2034e-01 +1.4614e-01 +3.4871e+00 +3.7024e+00 -1.1359e+00 +9.6568e-01 +2.6210e+00 +3.7177e+00 +1.1433e+00
1864 0 +1.956212544e+00 -9.980437875e+02 -9.980437875e+02 +1.1906e+00 +3.2113e-01 +1.1023e-01 +3.4708e+00 +3.6979e+00 -1.1620e+00 +9.7754e-01 +2.5999e+00 +3.6937e+00 +1.1180e+00
1975 0 +1.956019555e+00 -9.980439804e+02 -9.980439804e+02 +1.1786e+00 +3.3087e-01 +1.4520e-01 +3.4899e+00 +3.6569e+00 -1.1551e+00 +9.8144e-01 +2.6539e+00 +3.6869e+00 +1.1394e+00
1993 0 +1.955995377e+00 -9.980440046e+02 -9.980440046e+02 +1.2080e+00 +3.2114e-01 +1.5559e-01 +3.4715e+00 +3.6854e+00 -1.1563e+00 +9.8430e-01 +2.6114e+00 +3.6895e+00 +1.1137e+00
1996 0 +1.955980434e+00 -9.980440196e+02 -9.980440196e+02 +1.1465e+00 +2.8132e-01 +1.4872e-01 +3.4454e+00 +3.6760e+00 -1.1509e+00 +9.9465e-01 +2.6130e+00 +3.6959e+00 +1.1121e+00
2008 0 +1.955864506e+00 -9.980441355e+02 -9.980441355e+02 +1.1652e+00 +2.8726e-01 +1.4213e-01 +3.4438e+00 +3.6772e+00 -1.1435e+00 +9.9450e-01 +2.6225e+00 +3.6630e+00 +1.1326e+00
2058 0 +1.955628583e+00 -9.980443714e+02 -9.980443714e+02 +1.1492e+00 +3.1244e-01 +1.6658e-01 +3.4804e+00 +3.6713e+00 -1.1339e+00 +9.8667e-01 +2.6213e+00 +3.6818e+00 +1.1371e+00
2109 0 +1.955564075e+00 -9.980444359e+02 -9.980444359e+02 +1.1571e+00 +3.0313e-01 +1.6325e-01 +3.4869e+00 +3.6842e+00 -1.1536e+00 +9.9947e-01 +2.6191e+00 +3.6748e+00 +1.1427e+00
2129 0 +1.955403881e+00 -9.980445961e+02 -9.980445961e+02 +1.1611e+00 +3.0467e-01 +1.5036e-01 +3.4650e+00 +3.6792e+00 -1.1780e+00 +1.0017e+00 +2.6195e+00 +3.7046e+00 +1.1349e+00
2143 0 +1.955283211e+00 -9.980447168e+02 -9.980447168e+02 +1.1606e+00 +3.2436e-01 +1.4294e-01 +3.4706e+00 +3.6669e+00 -1.1503e+00 +9.8772e-01 +2.6322e+00 +3.6800e+00 +1.1314e+00
2223 0 +1.955212444e+00 -9.980447876e+02 -9.980447876e+02 +1.1779e+00 +3.1908e-01 +1.4460e-01 +3.4693e+00 +3.6823e+00 -1.1608e+00 +9.9230e-01 +2.6257e+00 +3.6962e+00 +1.1178e+00
2265 0 +1.955114360e+00 -9.980448856e+02 -9.980448856e+02 +1.1627e+00 +3.0390e-01 +1.5262e-01 +3.4625e+00 +3.6732e+00 -1.1597e+00 +9.8803e-01 +2.6061e+00 +3.6857e+00 +1.1216e+00
2442 0 +1.955081660e+00 -9.980449183e+02 -9.980449183e+02 +1.1721e+00 +3.0777e-01 +1.4639e-01 +3.4691e+00 +3.6661e+00 -1.1653e+00 +9.9265e-01 +2.6191e+00 +3.6847e+00 +1.1188e+00
2477 0 +1.955077596e+00 -9.980449224e+02 -9.980449224e+02 +1.1705e+00 +3.0895e-01 +1.4949e-01 +3.4645e+00 +3.6683e+00 -1.1561e+00 +9.9485e-01 +2.6155e+00 +3.6962e+00 +1.1294e+00
% f evaluations | g evaluations | best noise-free fitness - Fopt (1.000000000000e+03) + sum g_i+ | measured fitness | best measured fitness or single-digit g-values | x1 | x2...
1 0 +8.057463111e+01 +1.080574631e+03 +1.080574631e+03 +5.9671e-01 -3.8264e-02 +7.4769e-01 +1.6230e+00 -1.3415e-01 -1.3414e-01 +1.6792e+00 +8.6743e-01 -3.6947e-01 +6.4256e-01
2 0 +7.874391375e+01 +1.078743914e+03 +1.078743914e+03 -3.6342e-01 -3.6573e-01 +3.4196e-01 -1.8133e+00 -1.6249e+00 -4.6229e-01 -9.1283e-01 +4.1425e-01 -8.0802e-01 -1.3123e+00
4 0 +7.827089646e+01 +1.078270896e+03 +1.078270896e+03 -5.0171e-01 +1.9523e+00 +8.6503e-02 -9.5771e-01 +9.2254e-01 -1.1208e+00 +3.0886e-01 -1.8597e+00 -1.2282e+00 +2.9686e-01
7 0 +7.728644497e+01 +1.077286445e+03 +1.077286445e+03 -3.7917e-01 -8.5659e-02 -1.0063e+00 -1.0962e+00 +9.1253e-01 +1.4562e+00 +2.7990e-02 +1.1035e+00 +4.6164e-01 -5.4512e-01
9 0 +7.573061017e+01 +1.075730610e+03 +1.075730610e+03 -1.1967e-01 +4.5711e-01 +1.5779e+00 -4.1827e-01 -7.0849e-01 -4.0176e-01 +1.0154e+00 +4.2875e-01 -4.2976e-01 +6.1327e-01
27 0 +7.238718238e+01 +1.072387182e+03 +1.072387182e+03 -8.2693e-01 +4.0475e-02 -3.1413e+00 -9.2439e-01 -1.5257e-01 -1.1478e+00 +1.7324e+00 -1.3301e+00 -3.4004e-01 +2.3074e-01
69 0 +7.185558302e+01 +1.071855583e+03 +1.071855583e+03 -2.6234e+00 +8.6900e-01 -5.2306e-01 -5.2629e-01 -2.4993e+00 -7.2448e-01 +1.6487e+00 -1.5058e+00 -7.6722e-02 +4.8809e-01
80 0 +7.116866501e+01 +1.071168665e+03 +1.071168665e+03 +1.8107e+00 +1.4012e-01 -3.4257e+00 -3.0139e+00 +8.4129e-01 +4.1622e-01 +2.6205e+00 +1.3348e+00 -7.6013e-01 +7.5184e-01
81 0 +6.919422950e+01 +1.069194229e+03 +1.069194229e+03 -8.1741e-01 +8.3887e-01 -2.0697e+00 -1.6467e-03 +1.6261e-01 -7.4487e-01 +1.6992e+00 -9.4855e-01 -1.3070e-02 -1.6540e+00
86 0 +6.857481195e+01 +1.068574812e+03 +1.068574812e+03 -1.4403e+00 +5.5100e-01 -3.3026e+00 -4.1986e-01 -6.6646e-01 -1.4638e+00 +6.6102e-02 -3.0559e-01 -6.3035e-01 -2.1936e-01
115 0 +5.526305040e+01 +1.055263050e+03 +1.055263050e+03 -1.1048e+00 +2.6097e+00 -2.9621e+00 -4.0986e-01 +9.1321e-01 +7.4675e-01 -5.0113e-02 +1.9152e+00 -2.1999e+00 +7.8595e-01
123 0 +4.184624338e+01 +1.041846243e+03 +1.041846243e+03 -1.2725e+00 +1.4038e+00 -4.1160e+00 -3.4592e+00 -1.0134e+00 -1.7650e-01 +6.7863e-01 +5.1545e-01 -3.7688e-01 -1.2473e+00
159 0 +1.389049891e+01 +1.013890499e+03 +1.013890499e+03 -2.2377e+00 +2.3680e+00 -4.1497e+00 -2.1080e+00 +6.2069e-01 -9.7254e-01 +1.2013e+00 +9.2828e-01 -3.0659e+00 -3.4674e+00
461 0 +1.257651968e+01 +1.012576520e+03 +1.012576520e+03 -1.7557e+00 +4.0482e+00 -4.9444e+00 -3.5936e+00 +1.6338e-01 +1.4344e+00 +9.1219e-01 -6.7220e-01 -3.0588e+00 -3.2922e+00
507 0 +9.580202675e+00 +1.009580203e+03 +1.009580203e+03 -1.6959e+00 +3.3261e+00 -4.0627e+00 -2.4342e+00 -4.0875e-01 +1.6948e+00 +1.3603e+00 -2.1489e-01 -1.4855e+00 -1.7141e+00
546 0 +6.160182912e+00 +1.006160183e+03 +1.006160183e+03 -1.8539e+00 +3.3859e+00 -4.3685e+00 -2.6380e+00 +7.9897e-01 +5.6953e-01 +1.6796e+00 +8.4704e-01 -2.0330e+00 -2.4259e+00
597 0 +5.134555682e+00 +1.005134556e+03 +1.005134556e+03 -2.3560e+00 +3.3304e+00 -4.6527e+00 -2.5577e+00 -1.9481e-01 +4.4420e-01 +1.8470e+00 -3.9800e-01 -2.1575e+00 -2.3862e+00
771 0 +5.016290214e+00 +1.005016290e+03 +1.005016290e+03 -3.0033e+00 +3.6544e+00 -4.6969e+00 -2.1321e+00 -3.3459e-01 +1.3171e-01 +2.5498e-01 +5.3915e-01 -2.7879e+00 -2.3566e+00
773 0 +4.356503321e+00 +1.004356503e+03 +1.004356503e+03 -2.2573e+00 +2.9025e+00 -4.5674e+00 -2.2434e+00 -1.1747e+00 +1.2272e+00 +1.1171e+00 +4.8115e-01 -2.9765e+00 -2.2887e+00
783 0 +3.977942051e+00 +1.003977942e+03 +1.003977942e+03 -2.2957e+00 +4.3246e+00 -4.4851e+00 -1.5901e+00 -2.2280e-01 +7.5025e-01 +6.3064e-01 +3.6411e-01 -2.4521e+00 -2.5175e+00
790 0 +3.971978533e+00 +1.003971979e+03 +1.003971979e+03 -2.0085e+00 +3.1746e+00 -4.1883e+00 -1.4710e+00 +3.3867e-01 +8.7022e-01 +1.0654e+00 +1.1789e+00 -2.1214e+00 -2.5000e+00
802 0 +2.342603597e+00 +1.002342604e+03 +1.002342604e+03 -1.9908e+00 +3.7128e+00 -4.2980e+00 -1.9409e+00 -6.4641e-01 +7.4974e-01 +9.7123e-01 +5.0724e-01 -2.8617e+00 -2.7479e+00
826 0 +2.061870614e+00 +1.002061871e+03 +1.002061871e+03 -2.2178e+00 +2.9706e+00 -4.9608e+00 -1.9820e+00 +7.0556e-02 +8.2200e-01 +1.2613e+00 +2.3055e-01 -2.9207e+00 -2.7140e+00
971 0 +2.028072304e+00 +1.002028072e+03 +1.002028072e+03 -2.3848e+00 +3.2655e+00 -4.4815e+00 -2.0352e+00 -6.6110e-02 +1.1358e+00 +1.2039e+00 +5.3530e-01 -2.5823e+00 -2.4429e+00
1011 0 +2.003901611e+00 +1.002003902e+03 +1.002003902e+03 -2.2994e+00 +3.4278e+00 -4.6268e+00 -1.9902e+00 +1.4328e-01 +8.5641e-01 +1.4370e+00 +3.7679e-01 -2.9809e+00 -2.8991e+00
1207 0 +1.996726446e+00 +1.001996726e+03 +1.001996726e+03 -2.3201e+00 +3.3811e+00 -4.6718e+00 -1.8926e+00 -1.1650e-01 +5.1944e-01 +1.1814e+00 +4.0562e-01 -2.8225e+00 -2.7844e+00
1258 0 +1.994733472e+00 +1.001994733e+03 +1.001994733e+03 -2.4308e+00 +3.3994e+00 -4.5998e+00 -1.8524e+00 -1.6668e-01 +7.7124e-01 +1.2349e+00 +2.4688e-01 -2.7210e+00 -2.9273e+00
1260 0 +1.989576563e+00 +1.001989577e+03 +1.001989577e+03 -2.2358e+00 +3.2286e+00 -4.6985e+00 -1.7609e+00 -9.3951e-02 +8.7146e-01 +1.2567e+00 +3.6374e-01 -2.7727e+00 -2.8815e+00
1337 0 +1.987947574e+00 +1.001987948e+03 +1.001987948e+03 -2.3754e+00 +3.3774e+00 -4.5491e+00 -1.8028e+00 -1.5936e-01 +8.6402e-01 +1.2931e+00 +4.5293e-01 -2.7615e+00 -2.6062e+00
1370 0 +1.984314941e+00 +1.001984315e+03 +1.001984315e+03 -2.1601e+00 +3.3016e+00 -4.8380e+00 -1.9931e+00 -1.1041e-01 +7.5753e-01 +1.1463e+00 +4.1800e-01 -2.7771e+00 -2.7339e+00
1394 0 +1.975576999e+00 +1.001975577e+03 +1.001975577e+03 -2.3011e+00 +3.3170e+00 -4.6846e+00 -2.1344e+00 -2.4472e-01 +8.8493e-01 +1.2357e+00 +3.9507e-01 -2.7436e+00 -2.5645e+00
1465 0 +1.967598577e+00 +1.001967599e+03 +1.001967599e+03 -2.3084e+00 +3.3352e+00 -4.6942e+00 -1.9228e+00 -1.3499e-01 +7.9264e-01 +1.2319e+00 +3.0225e-01 -2.7857e+00 -2.7601e+00
1487 0 +1.965807262e+00 +1.001965807e+03 +1.001965807e+03 -2.1948e+00 +3.3058e+00 -4.7443e+00 -2.0035e+00 -2.6656e-01 +8.9348e-01 +1.2916e+00 +4.1356e-01 -2.7834e+00 -2.6893e+00
1572 0 +1.965225534e+00 +1.001965226e+03 +1.001965226e+03 -2.2920e+00 +3.3608e+00 -4.6994e+00 -2.0007e+00 -1.4858e-01 +9.6432e-01 +1.4056e+00 +3.4754e-01 -2.8395e+00 -2.8081e+00
1573 0 +1.958476294e+00 +1.001958476e+03 +1.001958476e+03 -2.2738e+00 +3.4102e+00 -4.6902e+00 -1.9826e+00 -1.7362e-01 +8.4164e-01 +1.3574e+00 +3.6311e-01 -2.7657e+00 -2.7227e+00
1712 0 +1.957471129e+00 +1.001957471e+03 +1.001957471e+03 -2.2172e+00 +3.4245e+00 -4.6935e+00 -1.9842e+00 -1.3745e-01 +9.0277e-01 +1.3510e+00 +3.8749e-01 -2.7870e+00 -2.6664e+00
1812 0 +1.957336905e+00 +1.001957337e+03 +1.001957337e+03 -2.2358e+00 +3.4280e+00 -4.7084e+00 -1.9909e+00 -1.5334e-01 +8.5883e-01 +1.2998e+00 +3.6960e-01 -2.7823e+00 -2.6803e+00
1870 0 +1.956878778e+00 +1.001956879e+03 +1.001956879e+03 -2.2177e+00 +3.3592e+00 -4.6911e+00 -1.9527e+00 -1.4264e-01 +8.7680e-01 +1.3663e+00 +3.5477e-01 -2.7551e+00 -2.6594e+00
1926 0 +1.956629755e+00 +1.001956630e+03 +1.001956630e+03 -2.2538e+00 +3.3842e+00 -4.7141e+00 -1.9648e+00 -1.4190e-01 +8.9899e-01 +1.3310e+00 +4.0185e-01 -2.7796e+00 -2.6221e+00
1961 0 +1.956210081e+00 +1.001956210e+03 +1.001956210e+03 -2.2435e+00 +3.3561e+00 -4.7256e+00 -2.0113e+00 -1.3079e-01 +9.2182e-01 +1.3392e+00 +3.9013e-01 -2.7844e+00 -2.6559e+00
1968 0 +1.956124545e+00 +1.001956125e+03 +1.001956125e+03 -2.2478e+00 +3.3957e+00 -4.6756e+00 -1.9624e+00 -1.3678e-01 +8.8840e-01 +1.3599e+00 +3.8071e-01 -2.7865e+00 -2.6673e+00
2059 0 +1.956118401e+00 +1.001956118e+03 +1.001956118e+03 -2.2379e+00 +3.3838e+00 -4.6881e+00 -2.0127e+00 -1.6126e-01 +8.7174e-01 +1.3356e+00 +3.8005e-01 -2.7807e+00 -2.6899e+00
2108 0 +1.955861392e+00 +1.001955861e+03 +1.001955861e+03 -2.2446e+00 +3.3646e+00 -4.6950e+00 -1.9870e+00 -1.3974e-01 +8.6433e-01 +1.3253e+00 +3.7244e-01 -2.8083e+00 -2.6489e+00
2119 0 +1.955664164e+00 +1.001955664e+03 +1.001955664e+03 -2.2712e+00 +3.3882e+00 -4.6967e+00 -1.9953e+00 -1.4605e-01 +8.7445e-01 +1.3395e+00 +3.6115e-01 -2.7859e+00 -2.6682e+00
2120 0 +1.955530703e+00 +1.001955531e+03 +1.001955531e+03 -2.2553e+00 +3.3892e+00 -4.6910e+00 -1.9917e+00 -1.4381e-01 +8.9298e-01 +1.3135e+00 +3.6504e-01 -2.7879e+00 -2.6610e+00
2249 0 +1.955422602e+00 +1.001955423e+03 +1.001955423e+03 -2.2558e+00 +3.3673e+00 -4.7125e+00 -1.9725e+00 -1.5077e-01 +8.7696e-01 +1.3220e+00 +3.7074e-01 -2.7627e+00 -2.6724e+00
2286 0 +1.955339208e+00 +1.001955339e+03 +1.001955339e+03 -2.2385e+00 +3.3542e+00 -4.6961e+00 -1.9940e+00 -1.4043e-01 +8.9269e-01 +1.3406e+00 +3.7840e-01 -2.7676e+00 -2.6655e+00
2356 0 +1.955257904e+00 +1.001955258e+03 +1.001955258e+03 -2.2503e+00 +3.3676e+00 -4.6923e+00 -1.9770e+00 -1.2967e-01 +8.8687e-01 +1.3163e+00 +3.8166e-01 -2.7689e+00 -2.6812e+00
2367 0 +1.955149661e+00 +1.001955150e+03 +1.001955150e+03 -2.2573e+00 +3.3661e+00 -4.6957e+00 -1.9899e+00 -1.4351e-01 +8.9527e-01 +1.3403e+00 +3.7507e-01 -2.7764e+00 -2.6875e+00
2428 0 +1.955135386e+00 +1.001955135e+03 +1.001955135e+03 -2.2493e+00 +3.3750e+00 -4.6949e+00 -1.9898e+00 -1.3906e-01 +8.9284e-01 +1.3386e+00 +3.7354e-01 -2.7749e+00 -2.6759e+00
% f evaluations | g evaluations | best noise-free fitness - Fopt (-4.913000000000e+01) + sum g_i+ | measured fitness | best measured fitness or single-digit g-values | x1 | x2...
1 0 +8.346231079e+01 +3.433231079e+01 +3.433231079e+01 +5.9671e-01 -3.8264e-02 +7.4769e-01 +1.6230e+00 -1.3415e-01 -1.3414e-01 +1.6792e+00 +8.6743e-01 -3.6947e-01 +6.4256e-01
2 0 +8.216388633e+01 +3.303388633e+01 +3.303388633e+01 -3.6342e-01 -3.6573e-01 +3.4196e-01 -1.8133e+00 -1.6249e+00 -4.6229e-01 -9.1283e-01 +4.1425e-01 -8.0802e-01 -1.3123e+00
3 0 +8.141876268e+01 +3.228876268e+01 +3.228876268e+01 +1.5656e+00 -1.2578e-01 +1.6753e-01 -1.3247e+00 -4.4438e-01 +2.1092e-01 -1.0510e+00 +4.7570e-01 -5.0064e-01 -1.9169e-01
7 0 +8.080453584e+01 +3.167453584e+01 +3.167453584e+01 -3.7917e-01 -8.5659e-02 -1.0063e+00 -1.0962e+00 +9.1253e-01 +1.4562e+00 +2.7990e-02 +1.1035e+00 +4.6164e-01 -5.4512e-01
11 0 +7.963989013e+01 +3.050989013e+01 +3.050989013e+01 -1.3154e+00 -3.2065e-01 -2.4271e-01 -7.0228e-01 -6.1286e-02 +5.0405e-01 +1.9862e+00 +2.7458e-01 +3.5755e-01 +2.5554e-02
19 0 +7.816834160e+01 +2.903834160e+01 +2.903834160e+01 +7.2567e-01 -7.5716e-01 -9.7089e-01 +5.8247e-01 -1.2346e-01 +8.1400e-01 +5.7324e-01 +2.7171e-02 -7.4679e-01 -1.4148e+00
28 0 +7.246289379e+01 +2.333289379e+01 +2.333289379e+01 +1.5413e+00 -1.3359e+00 +1.2632e+00 +1.1023e-01 -8.8151e-01 +5.6210e-01 +2.9906e-01 -5.0022e-01 +1.6980e-01 -2.8531e-01
57 0 +6.975575250e+01 +2.062575250e+01 +2.062575250e+01 +1.2562e+00 -1.6450e+00 -2.5330e-04 +1.2523e+00 -2.3723e-01 +2.0621e-01 +1.1901e+00 +1.0546e+00 +1.3965e-01 -1.9664e-01
71 0 +3.256349361e+01 -1.656650639e+01 -1.656650639e+01 +2.2059e+00 -4.7216e-02 +6.6965e-01 +1.4176e+00 -1.0072e+00 +1.3620e+00 +6.9156e-01 -9.7288e-01 +3.5106e-01 +1.3270e+00
489 0 +2.373011014e+01 -2.539988986e+01 -2.539988986e+01 +2.0363e+00 -1.2628e+00 +1.1331e+00 +2.8807e+00 -1.6141e+00 +8.0796e-01 -1.2614e+00 -1.1889e-01 -7.4315e-01 +1.5106e+00
673 0 +1.765785255e+01 -3.147214745e+01 -3.147214745e+01 +3.0300e+00 -3.8679e+00 -1.2153e+00 -1.8499e+00 +6.6461e-01 +1.4881e+00 +1.1822e+00 +1.8205e+00 -1.0144e+00 +1.7271e+00
876 0 +1.481463649e+01 -3.431536351e+01 -3.431536351e+01 +3.6863e+00 -3.6341e+00 -1.1903e+00 -3.8324e-01 +6.9976e-01 +3.4362e-01 +1.1256e+00 +1.3654e+00 -5.5195e-01 +1.2289e+00
893 0 +1.403759410e+01 -3.509240590e+01 -3.509240590e+01 +4.0813e+00 -3.2081e+00 -1.9654e+00 -9.0144e-01 +1.1405e+00 +3.3000e-02 -2.3322e-01 +5.1447e-01 -8.8883e-01 +1.8030e+00
967 0 +9.619977711e+00 -3.951002229e+01 -3.951002229e+01 +4.2606e+00 -3.5810e+00 -1.2200e+00 -3.0910e-01 +1.4081e+00 +2.4351e-01 -3.8886e-02 +6.9933e-01 -1.4976e+00 +1.5973e+00
1062 0 +8.566021685e+00 -4.056397831e+01 -4.056397831e+01 +4.0880e+00 -4.4658e+00 -1.6318e+00 -1.5727e+00 +1.6444e+00 +5.4722e-01 +8.1153e-01 +9.0205e-01 -7.0018e-01 +3.0663e+00
1109 0 +8.456863368e+00 -4.067313663e+01 -4.067313663e+01 +3.8152e+00 -4.2778e+00 -1.5379e+00 -1.5232e+00 +1.7322e+00 +5.0336e-01 +4.8135e-01 +1.5206e+00 -1.2066e+00 +2.9168e+00
1177 0 +8.308314380e+00 -4.082168562e+01 -4.082168562e+01 +4.7866e+00 -4.1255e+00 -1.8875e+00 -1.6453e-01 +2.7151e+00 -1.4805e+00 +5.5228e-01 +7.8577e-01 -3.8955e-01 +2.2626e+00
1206 0 +8.035624242e+00 -4.109437576e+01 -4.109437576e+01 +3.9481e+00 -3.9441e+00 -2.9219e+00 -3.5651e-01 +2.3585e+00 -8.8653e-01 +2.0584e-01 +1.8817e-01 -9.2958e-01 +3.1770e+00
1323 0 +6.150690680e+00 -4.297930932e+01 -4.297930932e+01 +4.0693e+00 -3.8142e+00 -2.4676e+00 -5.1975e-01 +2.0060e+00 -2.1244e-01 -1.4608e+00 +6.3556e-02 -1.4140e+00 +3.6396e+00
1412 0 +5.042391056e+00 -4.408760894e+01 -4.408760894e+01 +4.2785e+00 -3.9820e+00 -2.4978e+00 -1.2161e+00 +2.4265e+00 +1.0151e+00 -1.6776e+00 +1.2658e+00 -1.8720e+00 +4.2914e+00
1454 0 +4.626486061e+00 -4.450351394e+01 -4.450351394e+01 +4.1934e+00 -4.1235e+00 -2.4128e+00 -1.4899e+00 +2.3789e+00 +5.5642e-01 -2.4870e-01 +1.3410e+00 -1.0580e+00 +3.7252e+00
1480 0 +4.586924996e+00 -4.454307500e+01 -4.454307500e+01 +4.0030e+00 -3.0717e+00 -3.2074e+00 -1.1845e+00 +2.4445e+00 -4.9879e-01 -6.5824e-01 +8.3478e-01 -1.1120e+00 +2.9177e+00
1533 0 +4.506954436e+00 -4.462304556e+01 -4.462304556e+01 +4.1335e+00 -4.0488e+00 -2.8401e+00 -1.1983e+00 +1.8188e+00 +1.0425e+00 -7.1364e-01 +9.0010e-01 -1.8783e+00 +4.3502e+00
1553 0 +4.308285064e+00 -4.482171494e+01 -4.482171494e+01 +4.4310e+00 -4.2841e+00 -2.0502e+00 -1.2276e+00 +2.1297e+00 +1.0526e+00 -2.2241e-01 +1.3589e+00 -1.4071e+00 +3.7824e+00
1582 0 +3.585350962e+00 -4.554464904e+01 -4.554464904e+01 +4.4947e+00 -3.4421e+00 -3.1130e+00 -1.0351e+00 +2.1848e+00 -2.0256e-01 -1.6981e+00 +7.4885e-01 -1.5061e+00 +3.3287e+00
1659 0 +3.431268332e+00 -4.569873167e+01 -4.569873167e+01 +4.9035e+00 -3.7122e+00 -2.9220e+00 -2.0165e+00 +3.0265e+00 +2.9877e-01 -3.7850e-01 +1.3130e+00 -7.7332e-01 +3.9537e+00
1682 0 +3.138769549e+00 -4.599123045e+01 -4.599123045e+01 +4.3657e+00 -4.0881e+00 -2.6066e+00 -1.2511e+00 +2.1902e+00 +9.0085e-01 -5.0697e-01 +1.2907e+00 -1.0887e+00 +3.8432e+00
1734 0 +2.494734556e+00 -4.663526544e+01 -4.663526544e+01 +4.3859e+00 -3.3848e+00 -3.2573e+00 -1.0349e+00 +2.4516e+00 +5.7883e-01 -1.4202e+00 +1.2616e+00 -8.6039e-01 +3.7336e+00
1773 0 +2.437122958e+00 -4.669287704e+01 -4.669287704e+01 +4.6224e+00 -3.4033e+00 -3.1975e+00 -8.9918e-01 +2.3740e+00 +4.8329e-01 -2.5163e+00 +8.6839e-01 -1.4710e+00 +3.6942e+00
1876 0 +2.151980355e+00 -4.697801965e+01 -4.697801965e+01 +4.4482e+00 -3.2134e+00 -3.6263e+00 -1.1517e+00 +2.4095e+00 +4.9843e-01 -2.3315e+00 +8.4853e-01 -1.3593e+00 +4.0831e+00
1921 0 +2.103975340e+00 -4.702602466e+01 -4.702602466e+01 +4.3375e+00 -3.1987e+00 -4.1223e+00 -1.4914e+00 +3.0464e+00 -2.6489e-01 -1.4420e+00 +7.9589e-01 -5.8866e-01 +4.5145e+00
1978 0 +2.003190974e+00 -4.712680903e+01 -4.712680903e+01 +4.7711e+00 -3.2303e+00 -4.1883e+00 -1.0934e+00 +3.3615e+00 -6.9393e-01 -2.5589e+00 +6.5900e-01 -9.7975e-01 +4.7769e+00
2269 0 +1.997804616e+00 -4.713219538e+01 -4.713219538e+01 +4.7526e+00 -3.2024e+00 -4.2241e+00 -1.2546e+00 +3.3409e+00 -6.5106e-01 -2.0975e+00 +6.1203e-01 -8.3922e-01 +4.6139e+00
2284 0 +1.997336297e+00 -4.713266370e+01 -4.713266370e+01 +4.6885e+00 -3.5853e+00 -4.0462e+00 -1.0694e+00 +3.0147e+00 -2.8010e-01 -2.1154e+00 +6.4718e-01 -9.4869e-01 +4.7089e+00
2362 0 +1.989941965e+00 -4.714005803e+01 -4.714005803e+01 +4.6666e+00 -3.3970e+00 -4.2127e+00 -1.1801e+00 +3.1355e+00 -3.9997e-01 -2.4528e+00 +5.0120e-01 -1.1760e+00 +4.9171e+00
2367 0 +1.987314317e+00 -4.714268568e+01 -4.714268568e+01 +4.6070e+00 -3.2080e+00 -4.1141e+00 -1.1658e+00 +3.0867e+00 -2.2825e-01 -2.7966e+00 +6.2530e-01 -1.1868e+00 +4.7555e+00
2419 0 +1.978138621e+00 -4.715186138e+01 -4.715186138e+01 +4.8042e+00 -3.3634e+00 -3.9188e+00 -1.5534e+00 +3.3225e+00 -1.9986e-01 -1.7667e+00 +1.0571e+00 -7.6328e-01 +4.6367e+00
% f evaluations | g evaluations | best noise-free fitness - Fopt (2.977300000000e+02) + sum g_i+ | measured fitness | best measured fitness or single-digit g-values | x1 | x2...
1 0 +7.130164596e+01 +3.690316460e+02 +3.690316460e+02 +5.9671e-01 -3.8264e-02 +7.4769e-01 +1.6230e+00 -1.3415e-01 -1.3414e-01 +1.6792e+00 +8.6743e-01 -3.6947e-01 +6.4256e-01
33 0 +6.575966579e+01 +3.634896658e+02 +3.634896658e+02 +1.9700e-01 +6.9516e-01 -7.1822e-01 +2.1924e+00 -9.0602e-01 -1.1142e+00 +1.2581e+00 +8.9166e-01 +7.2412e-01 +7.2835e-01
60 0 +6.476333430e+01 +3.624933343e+02 +3.624933343e+02 +1.1323e+00 -2.1014e-02 -5.8441e-01 +3.3936e+00 +1.7121e-01 +1.2574e+00 +1.1493e+00 +1.9791e+00 -1.2571e+00 +2.1212e+00
64 0 +6.339292585e+01 +3.611229258e+02 +3.611229258e+02 +1.0085e+00 +5.6570e-01 -2.2080e+00 +1.8517e+00 +5.8913e-01 -1.8741e+00 +1.5572e+00 +2.0524e+00 +1.0019e+00 +3.9419e-01
74 0 +5.480642221e+01 +3.525364222e+02 +3.525364222e+02 +1.5538e-01 +8.0676e-01 -7.2357e-01 +2.9826e+00 -6.3920e-01 +2.6886e-01 +1.9161e+00 +2.3943e+00 +1.5036e+00 +2.3623e-01
154 0 +5.424909893e+01 +3.519790989e+02 +3.519790989e+02 +3.3788e+00 -1.3037e+00 +3.1047e+00 -3.6501e+00 -2.0660e+00 +1.0835e-02 -2.9659e+00 +1.7382e+00 +1.4956e+00 +5.7239e-01
171 0 +5.414312655e+01 +3.518731265e+02 +3.518731265e+02 +3.8237e+00 +7.9805e-01 -1.2715e+00 +3.5344e+00 +9.2692e-01 -2.7751e+00 -3.2577e-01 +3.0054e+00 +2.0327e+00 +2.8216e+00
240 0 +4.092678597e+01 +3.386567860e+02 +3.386567860e+02 +1.0062e+00 +2.8173e+00 +1.9565e-01 +2.3788e+00 -1.4051e+00 +1.7364e+00 +1.0813e+00 +2.4495e+00 +1.9781e+00 +1.8787e+00
315 0 +2.750466934e+01 +3.252346693e+02 +3.252346693e+02 +1.2570e+00 +1.0306e-02 -2.7881e+00 +3.8215e+00 -1.0207e+00 -2.6682e+00 +2.5886e+00 +3.5080e+00 +7.8843e-01 +1.6693e+00
372 0 +2.134105317e+01 +3.190710532e+02 +3.190710532e+02 +2.2652e+00 +1.5150e-01 -1.9799e+00 +3.4258e+00 -1.3380e+00 -3.4740e+00 +1.3985e+00 +3.0421e+00 +1.2903e+00 +2.2493e+00
404 0 +1.358427172e+01 +3.113142717e+02 +3.113142717e+02 +1.5308e+00 +5.9654e-01 -2.5053e+00 +4.0388e+00 -1.0137e+00 -4.9660e+00 +1.6686e+00 +3.5573e+00 +1.2506e-01 +2.5038e+00
617 0 +1.168138147e+01 +3.094113815e+02 +3.094113815e+02 +2.1114e+00 +2.6609e-01 -2.1669e+00 +3.0719e+00 -1.5645e+00 -4.0972e+00 +2.2337e+00 +3.7354e+00 -1.5225e+00 +2.4127e+00
625 0 +8.099849740e+00 +3.058298497e+02 +3.058298497e+02 +2.4943e+00 +1.7973e-01 -2.2656e+00 +3.1109e+00 -1.2402e+00 -4.8176e+00 +1.1747e+00 +3.4463e+00 -9.3230e-01 +2.3041e+00
713 0 +7.199130441e+00 +3.049291304e+02 +3.049291304e+02 +1.8803e+00 +2.8193e-01 -1.9169e+00 +3.9724e+00 -8.7774e-01 -4.6985e+00 +1.3720e+00 +4.1818e+00 -7.8836e-01 +2.1594e+00
753 0 +7.153336744e+00 +3.048833367e+02 +3.048833367e+02 +1.9825e+00 -5.1674e-01 -1.2489e+00 +3.5365e+00 -1.5925e+00 -4.8702e+00 +1.3683e+00 +3.6763e+00 -8.5866e-01 +1.8152e+00
759 0 +6.806676905e+00 +3.045366769e+02 +3.045366769e+02 +2.4014e+00 -1.1064e-02 -1.5642e+00 +3.0969e+00 -1.4711e+00 -4.6642e+00 +1.0212e+00 +4.1448e+00 -5.6778e-01 +1.4735e+00
980 0 +6.187278763e+00 +3.039172788e+02 +3.039172788e+02 +2.4143e+00 -3.5321e-01 -1.8729e+00 +3.4595e+00 -1.1018e+00 -4.4338e+00 +6.8546e-01 +3.9909e+00 -5.6464e-01 +1.3087e+00
1097 0 +5.943893479e+00 +3.036738935e+02 +3.036738935e+02 +1.9993e+00 -3.2315e-01 -1.6893e+00 +3.5703e+00 -1.3375e+00 -4.5737e+00 +8.5753e-01 +4.0921e+00 -5.9375e-01 +1.8144e+00
1206 0 +5.894631513e+00 +3.036246315e+02 +3.036246315e+02 +1.8046e+00 -3.1774e-01 -1.9436e+00 +3.4605e+00 -1.0489e+00 -4.3954e+00 +8.5460e-01 +3.5716e+00 -1.0402e+00 +1.7313e+00
1211 0 +5.889461354e+00 +3.036194614e+02 +3.036194614e+02 +2.1266e+00 -3.6437e-01 -1.9083e+00 +3.7867e+00 -9.9798e-01 -4.5744e+00 +6.9462e-01 +3.5724e+00 -9.2990e-01 +1.5308e+00
1224 0 +5.861968870e+00 +3.035919689e+02 +3.035919689e+02 +1.7108e+00 -2.1262e-01 -1.7420e+00 +3.6726e+00 -9.3291e-01 -4.5285e+00 +8.2777e-01 +3.4491e+00 -1.0181e+00 +1.7305e+00
1289 0 +5.547963348e+00 +3.032779633e+02 +3.032779633e+02 +2.0934e+00 -3.4193e-01 -1.4069e+00 +3.4687e+00 -1.1644e+00 -4.4816e+00 +8.9445e-01 +3.6071e+00 -9.5552e-01 +1.6096e+00
1303 0 +5.385061050e+00 +3.031150611e+02 +3.031150611e+02 +2.0085e+00 -3.1889e-01 -1.7458e+00 +3.4673e+00 -8.3122e-01 -4.6628e+00 +8.3870e-01 +3.7512e+00 -6.4988e-01 +1.4898e+00
1477 0 +5.363739263e+00 +3.030937393e+02 +3.030937393e+02 +2.0562e+00 -3.3748e-01 -1.5291e+00 +3.7872e+00 -1.0180e+00 -4.4819e+00 +8.3784e-01 +3.6660e+00 -5.8109e-01 +1.8335e+00
1513 0 +5.218315903e+00 +3.029483159e+02 +3.029483159e+02 +1.9894e+00 -2.5286e-01 -1.7258e+00 +3.5337e+00 -1.1457e+00 -4.5273e+00 +9.5530e-01 +3.5547e+00 -7.2169e-01 +1.8140e+00
1555 0 +5.183778139e+00 +3.029137781e+02 +3.029137781e+02 +2.0776e+00 -3.1211e-01 -1.6842e+00 +3.4594e+00 -1.1376e+00 -4.5809e+00 +8.9364e-01 +3.7036e+00 -7.2607e-01 +1.7782e+00
1634 0 +5.172571380e+00 +3.029025714e+02 +3.029025714e+02 +2.0221e+00 -2.6013e-01 -1.7995e+00 +3.5235e+00 -1.0810e+00 -4.5127e+00 +8.2957e-01 +3.8031e+00 -7.0160e-01 +1.6192e+00
1748 0 +5.109014712e+00 +3.028390147e+02 +3.028390147e+02 +2.0285e+00 -1.9804e-01 -1.5573e+00 +3.5738e+00 -1.0201e+00 -4.6212e+00 +8.8190e-01 +3.7233e+00 -7.2284e-01 +1.6934e+00
1909 0 +5.095323008e+00 +3.028253230e+02 +3.028253230e+02 +1.9849e+00 -2.7070e-01 -1.6140e+00 +3.5389e+00 -1.0373e+00 -4.5642e+00 +8.5798e-01 +3.7059e+00 -7.0952e-01 +1.6392e+00
1989 0 +5.093264988e+00 +3.028232650e+02 +3.028232650e+02 +2.0251e+00 -2.5036e-01 -1.6400e+00 +3.5534e+00 -1.0290e+00 -4.5227e+00 +8.9351e-01 +3.7509e+00 -7.7898e-01 +1.6524e+00
1992 0 +5.092575348e+00 +3.028225753e+02 +3.028225753e+02 +2.0358e+00 -1.7448e-01 -1.6503e+00 +3.5827e+00 -1.0296e+00 -4.4937e+00 +8.8739e-01 +3.6592e+00 -7.2116e-01 +1.7309e+00
2011 0 +5.090149480e+00 +3.028201495e+02 +3.028201495e+02 +2.0575e+00 -2.1295e-01 -1.6097e+00 +3.5095e+00 -9.6788e-01 -4.5405e+00 +8.7773e-01 +3.7146e+00 -7.0518e-01 +1.6466e+00
2037 0 +5.086150159e+00 +3.028161502e+02 +3.028161502e+02 +2.0903e+00 -2.4894e-01 -1.6637e+00 +3.5684e+00 -1.0562e+00 -4.5303e+00 +8.7806e-01 +3.6869e+00 -6.5446e-01 +1.6682e+00
2068 0 +5.086075632e+00 +3.028160756e+02 +3.028160756e+02 +2.0306e+00 -1.9014e-01 -1.7175e+00 +3.5267e+00 -1.0231e+00 -4.5344e+00 +8.6817e-01 +3.6844e+00 -6.9831e-01 +1.6481e+00
2096 0 +5.079530987e+00 +3.028095310e+02 +3.028095310e+02 +2.1175e+00 -2.2169e-01 -1.6634e+00 +3.5356e+00 -1.0311e+00 -4.5327e+00 +9.4901e-01 +3.7296e+00 -7.0274e-01 +1.6857e+00
2191 0 +5.074802658e+00 +3.028048027e+02 +3.028048027e+02 +2.0589e+00 -2.2696e-01 -1.6462e+00 +3.5654e+00 -1.0508e+00 -4.5190e+00 +8.7547e-01 +3.7449e+00 -7.2734e-01 +1.6594e+00
2266 0 +5.070299280e+00 +3.028002993e+02 +3.028002993e+02 +2.0307e+00 -2.1161e-01 -1.6691e+00 +3.5290e+00 -1.0438e+00 -4.5373e+00 +9.0223e-01 +3.6989e+00 -7.4480e-01 +1.6884e+00
2370 0 +5.069305781e+00 +3.027993058e+02 +3.027993058e+02 +2.0300e+00 -2.1929e-01 -1.6669e+00 +3.5684e+00 -1.0188e+00 -4.5235e+00 +9.0898e-01 +3.6945e+00 -7.0862e-01 +1.6601e+00
2426 0 +5.067199401e+00 +3.027971994e+02 +3.027971994e+02 +2.0614e+00 -1.9744e-01 -1.6263e+00 +3.5517e+00 -1.0476e+00 -4.5292e+00 +8.9642e-01 +3.6991e+00 -7.2091e-01 +1.6783e+00
% f evaluations | g evaluations | best noise-free fitness - Fopt (5.157000000000e+01) + sum g_i+ | measured fitness | best measured fitness or single-digit g-values | x1 | x2...
1 0 +7.383174916e+01 +1.254017492e+02 +1.254017492e+02 +5.9671e-01 -3.8264e-02 +7.4769e-01 +1.6230e+00 -1.3415e-01 -1.3414e-01 +1.6792e+00 +8.6743e-01 -3.6947e-01 +6.4256e-01
4 0 +7.328528085e+01 +1.248552808e+02 +1.248552808e+02 -5.0171e-01 +1.9523e+00 +8.6503e-02 -9.5771e-01 +9.2254e-01 -1.1208e+00 +3.0886e-01 -1.8597e+00 -1.2282e+00 +2.9686e-01
11 0 +7.264223681e+01 +1.242122368e+02 +1.242122368e+02 -1.3154e+00 -3.2065e-01 -2.4271e-01 -7.0228e-01 -6.1286e-02 +5.0405e-01 +1.9862e+00 +2.7458e-01 +3.5755e-01 +2.5554e-02
13 0 +7.262591646e+01 +1.241959165e+02 +1.241959165e+02 +8.9103e-01 -8.0939e-01 +1.5028e+00 -1.3019e+00 +6.8686e-01 +2.2905e+00 -8.9054e-01 -4.6630e-01 +1.9965e-01 -4.0348e-01
16 0 +6.502896973e+01 +1.165989697e+02 +1.165989697e+02 +3.5049e-01 +4.4645e-01 -5.8002e-01 +3.3225e-01 +3.9307e-01 -6.1435e-01 +1.9658e+00 +5.7383e-01 -1.0913e+00 +7.5655e-01
27 0 +6.423922555e+01 +1.158092255e+02 +1.158092255e+02 -8.2693e-01 +4.0475e-02 -3.1413e+00 -9.2439e-01 -1.5257e-01 -1.1478e+00 +1.7324e+00 -1.3301e+00 -3.4004e-01 +2.3074e-01
78 0 +5.756687659e+01 +1.091368766e+02 +1.091368766e+02 -5.9685e-01 +3.7456e-01 -7.6308e-01 -1.6912e-01 +2.0103e-01 -1.2849e+00 +2.3635e+00 +8.4430e-02 -1.4958e+00 -8.0828e-02
113 0 +3.396172169e+01 +8.553172169e+01 +8.553172169e+01 -9.6947e-01 +1.2699e+00 -1.5549e+00 -6.4679e-01 -4.7975e-01 -1.7655e+00 +1.9221e+00 +1.0256e+00 -3.1477e+00 -9.1772e-01
172 0 +2.895313207e+01 +8.052313207e+01 +8.052313207e+01 -3.1456e+00 +9.8684e-01 -3.5367e+00 +1.1721e+00 -2.2813e+00 -1.0884e+00 +2.2109e+00 +1.5799e+00 -2.0938e+00 -1.9378e+00
258 0 +2.609189010e+01 +7.766189010e+01 +7.766189010e+01 -3.0252e+00 +9.6983e-02 -2.6198e+00 +1.0608e-01 -2.4185e+00 -2.6342e+00 +3.1323e+00 +1.5917e+00 -3.5439e+00 -3.0552e+00
282 0 +2.481453411e+01 +7.638453411e+01 +7.638453411e+01 -3.1821e+00 -5.3187e-01 -3.6600e+00 -7.4464e-01 -1.5931e+00 -2.4581e+00 +4.1638e+00 -4.8647e-02 -1.3101e+00 -2.9255e+00
455 0 +2.204888461e+01 +7.361888461e+01 +7.361888461e+01 -1.8336e+00 +6.1402e-01 -4.1869e+00 +1.6149e+00 -1.4334e+00 -1.7733e+00 +3.3093e+00 +2.6921e-01 -2.0922e+00 -2.7675e+00
530 0 +1.932003836e+01 +7.089003836e+01 +7.089003836e+01 -2.4766e+00 -4.4507e-01 -2.1678e+00 -1.3463e+00 -1.9109e+00 -4.2709e-01 +2.7029e+00 +2.2881e+00 -3.4742e+00 -8.1095e-01
556 0 +1.516478065e+01 +6.673478065e+01 +6.673478065e+01 -2.8108e+00 -8.3386e-01 -4.6351e+00 +6.5024e-01 -1.8875e+00 -7.2689e-01 +2.6584e+00 +1.6681e-01 -1.7894e+00 -1.7371e+00
603 0 +9.926189359e+00 +6.149618936e+01 +6.149618936e+01 -2.8908e+00 +8.0021e-01 -3.0707e+00 -5.9380e-01 -2.2514e+00 -2.1129e+00 +3.6935e+00 +3.3989e-01 -2.5005e+00 -2.4011e+00
672 0 +9.059298001e+00 +6.062929800e+01 +6.062929800e+01 -2.3116e+00 +5.8239e-01 -4.2675e+00 -1.0186e+00 -3.0741e+00 -1.1162e+00 +4.1018e+00 +1.5375e-01 -2.0509e+00 -2.0107e+00
722 0 +7.100686345e+00 +5.867068635e+01 +5.867068635e+01 -2.2474e+00 +5.6801e-01 -4.0469e+00 -7.2188e-01 -2.7247e+00 -1.4930e+00 +3.4779e+00 +2.5068e-01 -2.3589e+00 -1.8815e+00
1067 0 +6.625721921e+00 +5.819572192e+01 +5.819572192e+01 -2.3850e+00 +3.0430e-01 -4.3430e+00 -8.1129e-01 -2.1545e+00 -1.8890e+00 +3.6415e+00 +8.2090e-01 -2.4649e+00 -1.5044e+00
1213 0 +6.280293093e+00 +5.785029309e+01 +5.785029309e+01 -2.5169e+00 +2.6558e-01 -4.3067e+00 -4.7951e-01 -1.9749e+00 -1.7309e+00 +3.3983e+00 +4.6985e-01 -2.6740e+00 -2.5066e+00
1224 0 +5.673383538e+00 +5.724338354e+01 +5.724338354e+01 -2.0438e+00 +1.6606e-01 -4.4113e+00 -4.3318e-01 -1.8543e+00 -1.6231e+00 +3.6435e+00 +5.4277e-01 -2.5495e+00 -1.8319e+00
1309 0 +5.649681757e+00 +5.721968176e+01 +5.721968176e+01 -2.0121e+00 -2.9049e-01 -4.3015e+00 -5.8716e-01 -1.8147e+00 -1.9309e+00 +3.4080e+00 +3.5659e-01 -3.1220e+00 -2.0782e+00
1315 0 +5.647395461e+00 +5.721739546e+01 +5.721739546e+01 -2.5243e+00 +1.9196e-01 -4.3970e+00 -8.1381e-01 -2.1229e+00 -1.9045e+00 +3.4791e+00 +5.9039e-01 -2.9510e+00 -2.1152e+00
1420 0 +5.501212996e+00 +5.707121300e+01 +5.707121300e+01 -2.0016e+00 +1.7187e-01 -4.5264e+00 -6.8866e-01 -1.9261e+00 -1.8635e+00 +3.6680e+00 +3.1838e-01 -2.4630e+00 -2.0183e+00
1507 0 +5.477372188e+00 +5.704737219e+01 +5.704737219e+01 -1.9214e+00 +2.2400e-01 -4.3013e+00 -6.5849e-01 -1.8068e+00 -1.8021e+00 +3.5762e+00 +3.9587e-01 -2.6218e+00 -1.7469e+00
1512 0 +5.384062766e+00 +5.695406277e+01 +5.695406277e+01 -2.1167e+00 +1.7059e-01 -4.3580e+00 -5.7036e-01 -1.9177e+00 -1.8365e+00 +3.5324e+00 +4.4794e-01 -2.5139e+00 -1.9633e+00
1558 0 +5.268218024e+00 +5.683821802e+01 +5.683821802e+01 -2.0642e+00 -4.4765e-02 -4.2857e+00 -9.5396e-01 -1.7810e+00 -2.1652e+00 +3.5159e+00 +5.6574e-01 -3.0441e+00 -1.8419e+00
1595 0 +5.258462307e+00 +5.682846231e+01 +5.682846231e+01 -2.2056e+00 -9.6590e-02 -4.3826e+00 -8.5017e-01 -1.8725e+00 -2.0498e+00 +3.5167e+00 +3.7521e-01 -2.7763e+00 -1.9156e+00
1607 0 +5.163180793e+00 +5.673318079e+01 +5.673318079e+01 -2.1181e+00 +3.7028e-02 -4.3657e+00 -8.3551e-01 -1.8383e+00 -1.9773e+00 +3.4108e+00 +4.0890e-01 -2.9404e+00 -1.9603e+00
1722 0 +5.087079199e+00 +5.665707920e+01 +5.665707920e+01 -2.1998e+00 -7.5850e-02 -4.4400e+00 -8.6171e-01 -1.9247e+00 -1.9958e+00 +3.5224e+00 +3.9281e-01 -2.9799e+00 -1.9902e+00
2098 0 +5.079100586e+00 +5.664910059e+01 +5.664910059e+01 -2.1772e+00 -2.5389e-02 -4.4254e+00 -8.0474e-01 -1.9018e+00 -1.9919e+00 +3.5568e+00 +3.7775e-01 -2.9551e+00 -1.9710e+00
2150 0 +5.074509976e+00 +5.664450998e+01 +5.664450998e+01 -2.1448e+00 -9.0160e-03 -4.3835e+00 -8.3545e-01 -1.9455e+00 -1.9644e+00 +3.5187e+00 +4.0040e-01 -2.9437e+00 -1.9465e+00
2163 0 +5.069010053e+00 +5.663901005e+01 +5.663901005e+01 -2.1413e+00 -4.1593e-02 -4.4174e+00 -7.8543e-01 -1.9431e+00 -1.9492e+00 +3.5494e+00 +3.8893e-01 -2.9160e+00 -1.9658e+00
2222 0 +5.068626571e+00 +5.663862657e+01 +5.663862657e+01 -2.1497e+00 -3.7860e-02 -4.3916e+00 -8.2775e-01 -1.9083e+00 -1.9807e+00 +3.5540e+00 +4.2153e-01 -2.9101e+00 -1.9299e+00
2286 0 +5.068101655e+00 +5.663810166e+01 +5.663810166e+01 -2.1866e+00 -2.5526e-02 -4.3831e+00 -7.8112e-01 -1.9476e+00 -1.9466e+00 +3.5215e+00 +3.7409e-01 -2.8911e+00 -1.9631e+00
2296 0 +5.066553502e+00 +5.663655350e+01 +5.663655350e+01 -2.1779e+00 -3.9995e-02 -4.4084e+00 -8.0000e-01 -1.9446e+00 -1.9279e+00 +3.5203e+00 +3.8951e-01 -2.9164e+00 -1.9390e+00
2465 0 +5.065916898e+00 +5.663591690e+01 +5.663591690e+01 -2.1603e+00 -2.6393e-02 -4.4028e+00 -7.9354e-01 -1.9223e+00 -1.9662e+00 +3.5484e+00 +4.0570e-01 -2.8765e+00 -1.9489e+00
% f evaluations | g evaluations | best noise-free fitness - Fopt (1.527100000000e+02) + sum g_i+ | measured fitness | best measured fitness or single-digit g-values | x1 | x2...
1 0 +7.815228743e+01 +2.308622874e+02 +2.308622874e+02 +5.9671e-01 -3.8264e-02 +7.4769e-01 +1.6230e+00 -1.3415e-01 -1.3414e-01 +1.6792e+00 +8.6743e-01 -3.6947e-01 +6.4256e-01
4 0 +7.330495943e+01 +2.260149594e+02 +2.260149594e+02 -5.0171e-01 +1.9523e+00 +8.6503e-02 -9.5771e-01 +9.2254e-01 -1.1208e+00 +3.0886e-01 -1.8597e+00 -1.2282e+00 +2.9686e-01
10 0 +7.244868083e+01 +2.251586808e+02 +2.251586808e+02 +1.9708e-01 +1.0686e+00 -6.0205e-01 -2.2766e-01 -2.9211e-01 -1.3635e+00 +3.9612e-01 +3.6106e-01 +1.0511e-01 -1.3459e-01
16 0 +7.124201674e+01 +2.239520167e+02 +2.239520167e+02 +3.5049e-01 +4.4645e-01 -5.8002e-01 +3.3225e-01 +3.9307e-01 -6.1435e-01 +1.9658e+00 +5.7383e-01 -1.0913e+00 +7.5655e-01
27 0 +7.077845551e+01 +2.234884555e+02 +2.234884555e+02 -8.2693e-01 +4.0475e-02 -3.1413e+00 -9.2439e-01 -1.5257e-01 -1.1478e+00 +1.7324e+00 -1.3301e+00 -3.4004e-01 +2.3074e-01
89 0 +7.069687255e+01 +2.234068726e+02 +2.234068726e+02 -1.4958e+00 +1.9326e+00 -1.1510e+00 -3.4235e-01 +7.5659e-01 -1.1729e+00 +1.3190e+00 +1.4157e+00 +2.4881e-01 +9.7204e-01
91 0 +7.047292433e+01 +2.231829243e+02 +2.231829243e+02 -1.1651e+00 +1.2810e+00 +3.5162e-01 -5.8392e-01 +1.0865e+00 -3.1060e+00 +1.8959e+00 -3.2508e+00 +1.7487e+00 +1.1728e+00
119 0 +6.732724439e+01 +2.200372444e+02 +2.200372444e+02 +3.8371e-01 +6.9301e-02 -2.9539e+00 -6.2493e-01 +4.0095e-01 -1.1067e+00 +2.3737e-01 -3.5348e-04 -2.5133e+00 +1.0492e+00
141 0 +6.680682049e+01 +2.195168205e+02 +2.195168205e+02 +1.5370e+00 +2.2679e-01 +9.6156e-01 +1.1207e+00 +3.0579e+00 -3.1236e+00 -9.2103e-01 -3.5003e+00 +2.2812e-01 +5.3759e-01
162 0 +6.218965863e+01 +2.148996586e+02 +2.148996586e+02 +3.8105e+00 +1.6083e+00 -1.5162e+00 -1.1049e+00 -1.4017e+00 -3.5682e+00 +2.6079e+00 -1.5363e+00 -1.4263e+00 +2.1367e+00
237 0 +6.205415845e+01 +2.147641585e+02 +2.147641585e+02 +1.5606e+00 +2.4879e+00 +1.6889e+00 -4.0261e-01 +1.0770e+00 -2.8908e+00 +2.4718e+00 -2.5888e+00 -2.0767e+00 +4.0615e+00
263 0 +2.810780633e+01 +1.808178063e+02 +1.808178063e+02 +4.2891e+00 +2.6289e+00 +8.5783e-02 +1.2895e+00 +1.7566e+00 -2.6705e+00 +1.7086e+00 -4.4207e+00 -2.4669e+00 +2.2305e+00
514 0 +2.562628312e+01 +1.783362831e+02 +1.783362831e+02 +2.9866e+00 +2.2868e+00 -9.3598e-01 +7.9013e-01 -1.8427e+00 -2.3387e+00 +2.0291e+00 -2.1858e+00 -4.2269e+00 +2.7434e+00
556 0 +2.353228042e+01 +1.762422804e+02 +1.762422804e+02 +4.1834e+00 +2.3750e+00 -1.8434e+00 -2.4334e-01 -3.1158e+00 -4.8790e+00 +1.7026e+00 -4.8653e+00 -2.6202e+00 +1.7922e+00
574 0 +2.311039482e+01 +1.758203948e+02 +1.758203948e+02 +2.8188e+00 +3.4338e+00 -8.6893e-01 -2.4038e-01 +8.0250e-03 -3.8049e+00 +3.2952e+00 -2.9399e+00 -2.4410e+00 +3.1336e+00
580 0 +1.212894433e+01 +1.648389443e+02 +1.648389443e+02 +4.0223e+00 +2.9837e+00 +1.9459e-01 +5.4339e-01 -6.7674e-01 -2.2759e+00 +1.1042e+00 -3.1613e+00 -3.0021e+00 +3.8419e+00
665 0 +6.958174472e+00 +1.596681745e+02 +1.596681745e+02 +3.7718e+00 +2.2707e+00 -6.8145e-01 +2.5000e-01 -1.2933e+00 -2.9094e+00 +1.4551e+00 -3.1029e+00 -3.6506e+00 +3.0628e+00
666 0 +3.007360305e+00 +1.557173603e+02 +1.557173603e+02 +4.0689e+00 +3.8128e+00 -8.5849e-01 +6.4945e-01 -2.4428e+00 -2.7944e+00 +1.2246e+00 -4.6036e+00 -4.0759e+00 +2.5402e+00
874 0 +2.434793399e+00 +1.551447934e+02 +1.551447934e+02 +4.4936e+00 +2.8527e+00 -1.1106e+00 +4.6212e-01 -1.9031e+00 -3.2674e+00 +2.1492e+00 -4.8845e+00 -3.6954e+00 +2.7370e+00
876 0 +2.395082248e+00 +1.551050822e+02 +1.551050822e+02 +4.0305e+00 +3.9418e+00 -5.1960e-01 +4.3932e-02 -2.5512e+00 -3.8857e+00 +1.3214e+00 -4.4378e+00 -3.4521e+00 +3.0352e+00
903 0 +2.219859987e+00 +1.549298600e+02 +1.549298600e+02 +4.1126e+00 +3.1249e+00 -8.9522e-01 +5.9160e-01 -1.3145e+00 -2.7149e+00 +1.8755e+00 -4.9350e+00 -3.3667e+00 +2.6196e+00
910 0 +2.045009214e+00 +1.547550092e+02 +1.547550092e+02 +3.6266e+00 +3.2337e+00 -3.8291e-01 -3.0921e-02 -1.2806e+00 -3.1880e+00 +1.2640e+00 -3.6951e+00 -3.4452e+00 +2.8102e+00
965 0 +1.964537309e+00 +1.546745373e+02 +1.546745373e+02 +4.1729e+00 +3.0343e+00 -6.6357e-01 +6.8144e-01 -2.2506e+00 -3.7448e+00 +1.0663e+00 -4.7691e+00 -4.2069e+00 +3.3753e+00
1127 0 +1.875092969e+00 +1.545850930e+02 +1.545850930e+02 +4.4467e+00 +3.5643e+00 -1.4328e-01 +5.7702e-01 -1.8894e+00 -3.4030e+00 +1.4139e+00 -4.4923e+00 -3.9625e+00 +2.9898e+00
1136 0 +1.218859739e+00 +1.539288597e+02 +1.539288597e+02 +4.0807e+00 +3.4417e+00 -5.5018e-01 +4.8593e-01 -1.3194e+00 -3.9283e+00 +1.7786e+00 -4.7581e+00 -3.5436e+00 +2.9789e+00
1214 0 +1.158062469e+00 +1.538680625e+02 +1.538680625e+02 +4.0502e+00 +3.2923e+00 -6.0904e-01 +3.7743e-01 -1.2535e+00 -3.6591e+00 +1.6360e+00 -4.2716e+00 -3.5146e+00 +2.9958e+00
1329 0 +8.360081571e-01 +1.535460082e+02 +1.535460082e+02 +3.9839e+00 +3.1540e+00 -5.8459e-01 +5.1551e-01 -1.5630e+00 -3.4923e+00 +1.5283e+00 -4.8081e+00 -3.7706e+00 +3.0429e+00
1451 0 +8.276370715e-01 +1.535376371e+02 +1.535376371e+02 +3.9468e+00 +3.3153e+00 -4.7165e-01 +3.0736e-01 -1.7726e+00 -3.5241e+00 +1.2913e+00 -4.4895e+00 -3.8137e+00 +2.8944e+00
1531 0 +7.728568294e-01 +1.534828568e+02 +1.534828568e+02 +4.0562e+00 +3.2533e+00 -5.4678e-01 +3.8377e-01 -1.6483e+00 -3.6372e+00 +1.3557e+00 -4.7100e+00 -3.8121e+00 +2.9344e+00
1608 0 +7.727051953e-01 +1.534827052e+02 +1.534827052e+02 +3.9750e+00 +3.3105e+00 -6.2808e-01 +3.4807e-01 -1.5994e+00 -3.3890e+00 +1.3041e+00 -4.6785e+00 -3.6232e+00 +3.0827e+00
1622 0 +7.556162430e-01 +1.534656162e+02 +1.534656162e+02 +3.9535e+00 +3.3687e+00 -5.3427e-01 +4.5402e-01 -1.6171e+00 -3.5939e+00 +1.5330e+00 -4.6783e+00 -3.6160e+00 +2.9314e+00
1628 0 +7.458380005e-01 +1.534558380e+02 +1.534558380e+02 +4.0914e+00 +3.2141e+00 -5.3382e-01 +4.2714e-01 -1.5389e+00 -3.5975e+00 +1.4255e+00 -4.5418e+00 -3.7523e+00 +3.0500e+00
1637 0 +7.402452270e-01 +1.534502452e+02 +1.534502452e+02 +4.1264e+00 +3.2755e+00 -5.7509e-01 +3.8995e-01 -1.6353e+00 -3.5703e+00 +1.4305e+00 -4.6838e+00 -3.6338e+00 +2.8679e+00
1654 0 +7.373850785e-01 +1.534473851e+02 +1.534473851e+02 +3.9125e+00 +3.0665e+00 -4.4038e-01 +2.8486e-01 -1.5642e+00 -3.4742e+00 +1.4717e+00 -4.6605e+00 -3.6173e+00 +3.0182e+00
1660 0 +7.115231008e-01 +1.534215231e+02 +1.534215231e+02 +4.0079e+00 +3.1312e+00 -5.7080e-01 +3.7239e-01 -1.6016e+00 -3.6098e+00 +1.4299e+00 -4.6901e+00 -3.6938e+00 +3.0362e+00
1765 0 +7.079664554e-01 +1.534179665e+02 +1.534179665e+02 +3.9831e+00 +3.2547e+00 -5.3081e-01 +3.9423e-01 -1.5844e+00 -3.4580e+00 +1.3932e+00 -4.6317e+00 -3.5783e+00 +2.9507e+00
1892 0 +7.060240233e-01 +1.534160240e+02 +1.534160240e+02 +3.9753e+00 +3.2449e+00 -5.9763e-01 +3.4865e-01 -1.6647e+00 -3.5267e+00 +1.3777e+00 -4.6180e+00 -3.5858e+00 +2.9744e+00
1933 0 +6.965877721e-01 +1.534065878e+02 +1.534065878e+02 +3.9762e+00 +3.1840e+00 -4.8769e-01 +3.6212e-01 -1.6534e+00 -3.5029e+00 +1.3995e+00 -4.6208e+00 -3.6487e+00 +3.0025e+00
2107 0 +6.956150100e-01 +1.534056150e+02 +1.534056150e+02 +3.9958e+00 +3.1612e+00 -5.1511e-01 +3.4527e-01 -1.6043e+00 -3.5130e+00 +1.4214e+00 -4.5963e+00 -3.6409e+00 +3.0147e+00
2157 0 +6.952935371e-01 +1.534052935e+02 +1.534052935e+02 +3.9936e+00 +3.1914e+00 -5.3941e-01 +3.2998e-01 -1.6259e+00 -3.4764e+00 +1.4389e+00 -4.6401e+00 -3.6211e+00 +2.9896e+00
2233 0 +6.950645743e-01 +1.534050646e+02 +1.534050646e+02 +3.9573e+00 +3.2032e+00 -5.2556e-01 +3.6379e-01 -1.6575e+00 -3.4912e+00 +1.3980e+00 -4.6530e+00 -3.6263e+00 +2.9772e+00
2239 0 +6.940495101e-01 +1.534040495e+02 +1.534040495e+02 +3.9845e+00 +3.2066e+00 -5.3886e-01 +3.6546e-01 -1.6070e+00 -3.5176e+00 +1.4332e+00 -4.6156e+00 -3.6113e+00 +2.9913e+00
2341 0 +6.933703338e-01 +1.534033703e+02 +1.534033703e+02 +3.9844e+00 +3.1989e+00 -5.1998e-01 +3.5491e-01 -1.6220e+00 -3.5368e+00 +1.4289e+00 -4.6196e+00 -3.6353e+00 +2.9999e+00
2465 0 +6.928127832e-01 +1.534028128e+02 +1.534028128e+02 +3.9973e+00 +3.1748e+00 -5.2692e-01 +3.6470e-01 -1.6345e+00 -3.5144e+00 +1.3980e+00 -4.6426e+00 -3.6407e+00 +2.9912e+00
2489 0 +6.924126510e-01 +1.534024127e+02 +1.534024127e+02 +3.9932e+00 +3.1922e+00 -5.2818e-01 +3.5473e-01 -1.6274e+00 -3.5044e+00 +1.4152e+00 -4.6265e+00 -3.6431e+00 +2.9958e+00
% f evaluations | g evaluations | best noise-free fitness - Fopt (9.980000000000e+01) + sum g_i+ | measured fitness | best measured fitness or single-digit g-values | x1 | x2...
1 0 +7.630194997e+01 +1.761019500e+02 +1.761019500e+02 +5.9671e-01 -3.8264e-02 +7.4769e-01 +1.6230e+00 -1.3415e-01 -1.3414e-01 +1.6792e+00 +8.6743e-01 -3.6947e-01 +6.4256e-01
4 0 +7.124472023e+01 +1.710447202e+02 +1.710447202e+02 -5.0171e-01 +1.9523e+00 +8.6503e-02 -9.5771e-01 +9.2254e-01 -1.1208e+00 +3.0886e-01 -1.8597e+00 -1.2282e+00 +2.9686e-01
7 0 +6.778363538e+01 +1.675836354e+02 +1.675836354e+02 -3.7917e-01 -8.5659e-02 -1.0063e+00 -1.0962e+00 +9.1253e-01 +1.4562e+00 +2.7990e-02 +1.1035e+00 +4.6164e-01 -5.4512e-01
66 0 +5.270734823e+01 +1.525073482e+02 +1.525073482e+02 -4.1973e-01 +5.9581e-01 -1.8311e-01 +6.2817e-01 +1.8251e+00 +4.6178e-02 -9.6571e-01 +3.0615e+00 +1.0077e+00 -9.8569e-01
132 0 +5.202125601e+01 +1.518212560e+02 +1.518212560e+02 +1.0154e-01 -4.0707e-01 +1.4643e+00 +6.6488e-01 +2.6063e+00 +3.8648e-01 -8.2582e-01 +1.0696e+00 +1.9240e+00 -3.8479e-01
328 0 +4.944345415e+01 +1.492434542e+02 +1.492434542e+02 -1.3003e+00 +7.4179e-01 +2.4494e+00 +1.2548e+00 +3.3715e+00 +2.1990e-02 -1.3662e+00 +3.2537e+00 +1.3134e+00 -3.0870e-01
329 0 +3.923812575e+01 +1.390381257e+02 +1.390381257e+02 -6.3106e-01 +7.2447e-01 +2.4158e+00 -5.4328e-02 +3.1297e+00 -1.5911e+00 -1.8201e+00 +1.6965e+00 +2.2069e+00 -1.8114e+00
351 0 +3.052092147e+01 +1.303209215e+02 +1.303209215e+02 -8.5091e-01 +7.3989e-01 +1.7065e+00 +1.4859e+00 +2.2969e+00 -5.8916e-01 -1.9029e+00 +3.1544e+00 -7.6076e-02 -1.3177e+00
419 0 +2.689551646e+01 +1.266955165e+02 +1.266955165e+02 -1.2104e+00 +2.2716e-01 +2.5922e+00 +1.7795e+00 +1.8416e+00 -4.5788e-01 -2.9443e+00 +1.4861e+00 +1.8567e+00 -1.9519e+00
669 0 +2.554235007e+01 +1.253423501e+02 +1.253423501e+02 -9.4726e-01 -2.7363e-01 +1.3033e+00 +2.5970e+00 +2.5201e+00 -1.6303e-01 -3.6489e+00 +2.2214e+00 +1.2711e+00 -1.3193e+00
844 0 +2.524052172e+01 +1.250405217e+02 +1.250405217e+02 -1.1267e+00 +5.2098e-01 +1.9532e+00 +1.7000e+00 +1.8719e+00 +1.1339e-01 -2.6868e+00 +2.7497e+00 +7.6615e-01 -1.3912e+00
868 0 +2.500739285e+01 +1.248073928e+02 +1.248073928e+02 -1.1779e+00 -2.3155e-01 +2.2906e+00 +2.9172e+00 +3.3702e+00 -5.9838e-01 -3.7137e+00 +2.5299e+00 +5.9925e-01 -2.4171e+00
873 0 +2.371166186e+01 +1.235116619e+02 +1.235116619e+02 -1.3356e+00 +3.9349e-01 +2.4054e+00 +2.2248e+00 +2.2632e+00 -2.5625e-01 -3.8821e+00 +2.2704e+00 +4.3904e-01 -1.2805e+00
949 0 +2.280860844e+01 +1.226086084e+02 +1.226086084e+02 -9.9786e-01 +1.3230e-01 +2.5337e+00 +2.1238e+00 +2.6569e+00 -7.8816e-01 -3.1364e+00 +1.9929e+00 +9.5999e-01 -1.7893e+00
1060 0 +2.272937752e+01 +1.225293775e+02 +1.225293775e+02 -1.1912e+00 +1.1710e-01 +2.3587e+00 +1.6032e+00 +2.6829e+00 -6.2643e-01 -3.2345e+00 +2.4716e+00 +4.3962e-01 -2.3004e+00
1104 0 +2.271315464e+01 +1.225131546e+02 +1.225131546e+02 -1.1700e+00 -2.3228e-01 +2.2292e+00 +2.2314e+00 +2.6860e+00 -5.4552e-01 -3.2476e+00 +2.0809e+00 +5.9011e-01 -2.0630e+00
1122 0 +2.232381324e+01 +1.221238132e+02 +1.221238132e+02 -1.1775e+00 +4.6204e-01 +2.6155e+00 +2.0581e+00 +2.5494e+00 -4.4282e-01 -3.4559e+00 +2.0428e+00 +5.5548e-01 -1.8606e+00
1281 0 +2.219920676e+01 +1.219992068e+02 +1.219992068e+02 -1.1331e+00 -2.8589e-02 +2.3484e+00 +2.0195e+00 +2.8136e+00 -4.3755e-01 -3.2494e+00 +2.4275e+00 +5.4722e-01 -1.8282e+00
1325 0 +2.217044778e+01 +1.219704478e+02 +1.219704478e+02 -1.2762e+00 +2.1470e-01 +2.5655e+00 +2.1152e+00 +2.6251e+00 -6.0088e-01 -3.3959e+00 +2.1746e+00 +7.8239e-01 -1.8586e+00
1360 0 +2.198047496e+01 +1.217804750e+02 +1.217804750e+02 -1.0779e+00 +7.7462e-02 +2.2743e+00 +1.8143e+00 +2.7615e+00 -5.5975e-01 -3.1226e+00 +2.1238e+00 +8.0672e-01 -2.1208e+00
1455 0 +2.192920148e+01 +1.217292015e+02 +1.217292015e+02 -1.0125e+00 +1.4596e-01 +2.3512e+00 +1.7154e+00 +2.6836e+00 -3.2696e-01 -3.1238e+00 +2.1777e+00 +9.1605e-01 -1.7850e+00
1502 0 +2.187546689e+01 +1.216754669e+02 +1.216754669e+02 -1.2011e+00 +2.8628e-01 +2.5008e+00 +1.5445e+00 +2.7568e+00 -4.0920e-01 -3.0951e+00 +2.1792e+00 +7.1187e-01 -1.8462e+00
1635 0 +2.186674137e+01 +1.216667414e+02 +1.216667414e+02 -1.1491e+00 +2.2547e-01 +2.3724e+00 +1.6540e+00 +2.6990e+00 -4.0910e-01 -3.1598e+00 +2.3157e+00 +6.5128e-01 -1.8441e+00
1690 0 +2.185086942e+01 +1.216508694e+02 +1.216508694e+02 -1.0483e+00 +1.6985e-01 +2.3812e+00 +1.8163e+00 +2.5575e+00 -4.4242e-01 -3.0530e+00 +2.1987e+00 +7.4074e-01 -1.8921e+00
1719 0 +2.183287520e+01 +1.216328752e+02 +1.216328752e+02 -1.0974e+00 +1.9396e-01 +2.3267e+00 +1.8062e+00 +2.5993e+00 -3.9215e-01 -3.1957e+00 +2.1507e+00 +8.1884e-01 -1.8352e+00
1757 0 +2.183224045e+01 +1.216322405e+02 +1.216322405e+02 -1.1174e+00 +2.7158e-01 +2.3631e+00 +1.6287e+00 +2.6633e+00 -3.7243e-01 -3.1381e+00 +2.2085e+00 +8.2250e-01 -1.7880e+00
1878 0 +2.182705943e+01 +1.216270594e+02 +1.216270594e+02 -1.0609e+00 +2.4380e-01 +2.3832e+00 +1.6927e+00 +2.6078e+00 -3.3739e-01 -3.1035e+00 +2.1367e+00 +7.7442e-01 -1.8908e+00
1912 0 +2.182403268e+01 +1.216240327e+02 +1.216240327e+02 -1.1195e+00 +1.7727e-01 +2.4182e+00 +1.7131e+00 +2.7566e+00 -4.5561e-01 -3.0644e+00 +2.2025e+00 +7.4328e-01 -1.8861e+00
1930 0 +2.182386888e+01 +1.216238689e+02 +1.216238689e+02 -1.0710e+00 +2.3985e-01 +2.3492e+00 +1.7072e+00 +2.6631e+00 -3.3635e-01 -3.1567e+00 +2.1563e+00 +7.8223e-01 -1.7931e+00
1933 0 +2.181317619e+01 +1.216131762e+02 +1.216131762e+02 -1.0770e+00 +2.3055e-01 +2.4222e+00 +1.7661e+00 +2.5778e+00 -4.3593e-01 -3.0644e+00 +2.1111e+00 +8.0202e-01 -1.9609e+00
1934 0 +2.180771032e+01 +1.216077103e+02 +1.216077103e+02 -1.1749e+00 +1.9027e-01 +2.4055e+00 +1.7998e+00 +2.6486e+00 -3.6702e-01 -3.1925e+00 +2.2090e+00 +7.3636e-01 -1.8995e+00
1947 0 +2.180444364e+01 +1.216044436e+02 +1.216044436e+02 -1.1332e+00 +1.7985e-01 +2.3871e+00 +1.8278e+00 +2.7093e+00 -4.0285e-01 -3.1348e+00 +2.2113e+00 +7.2221e-01 -1.9113e+00
2052 0 +2.179516423e+01 +1.215951642e+02 +1.215951642e+02 -1.1120e+00 +1.8985e-01 +2.4389e+00 +1.7983e+00 +2.6573e+00 -4.3059e-01 -3.1604e+00 +2.1513e+00 +7.9270e-01 -1.9483e+00
2058 0 +2.178923853e+01 +1.215892385e+02 +1.215892385e+02 -1.0805e+00 +1.8951e-01 +2.4156e+00 +1.8215e+00 +2.6385e+00 -4.3508e-01 -3.1147e+00 +2.1584e+00 +7.8439e-01 -1.9412e+00
2120 0 +2.178787279e+01 +1.215878728e+02 +1.215878728e+02 -1.1286e+00 +1.8866e-01 +2.3991e+00 +1.7911e+00 +2.6784e+00 -4.1640e-01 -3.1035e+00 +2.1833e+00 +8.0804e-01 -1.9089e+00
2180 0 +2.178704197e+01 +1.215870420e+02 +1.215870420e+02 -1.1491e+00 +1.8221e-01 +2.3890e+00 +1.8229e+00 +2.6698e+00 -4.3782e-01 -3.1241e+00 +2.1829e+00 +7.8430e-01 -1.9138e+00
2280 0 +2.178637814e+01 +1.215863781e+02 +1.215863781e+02 -1.1490e+00 +1.7013e-01 +2.3757e+00 +1.8134e+00 +2.6607e+00 -4.5401e-01 -3.1039e+00 +2.2287e+00 +7.6973e-01 -1.9419e+00
2290 0 +2.178590787e+01 +1.215859079e+02 +1.215859079e+02 -1.1336e+00 +1.6265e-01 +2.4022e+00 +1.8517e+00 +2.6813e+00 -4.5214e-01 -3.1396e+00 +2.2014e+00 +7.5032e-01 -1.9546e+00
2336 0 +2.178532730e+01 +1.215853273e+02 +1.215853273e+02 -1.1425e+00 +2.1023e-01 +2.4111e+00 +1.7946e+00 +2.6492e+00 -4.5551e-01 -3.1237e+00 +2.2230e+00 +7.5113e-01 -1.9054e+00
2368 0 +2.178504415e+01 +1.215850442e+02 +1.215850442e+02 -1.1682e+00 +2.1220e-01 +2.4218e+00 +1.8157e+00 +2.6547e+00 -4.7180e-01 -3.1262e+00 +2.1944e+00 +7.3982e-01 -1.9604e+00
2375 0 +2.178469407e+01 +1.215846941e+02 +1.215846941e+02 -1.1543e+00 +1.8874e-01 +2.4203e+00 +1.8034e+00 +2.6448e+00 -4.6676e-01 -3.1120e+00 +2.2080e+00 +7.5583e-01 -1.9367e+00
2392 0 +2.178312550e+01 +1.215831255e+02 +1.215831255e+02 -1.1313e+00 +1.9365e-01 +2.3911e+00 +1.7876e+00 +2.6646e+00 -4.3986e-01 -3.0904e+00 +2.2061e+00 +7.5309e-01 -1.9292e+00
2487 0 +2.178293742e+01 +1.215829374e+02 +1.215829374e+02 -1.1309e+00 +2.2152e-01 +2.4211e+00 +1.7830e+00 +2.6720e+00 -4.2816e-01 -3.1404e+00 +2.1688e+00 +7.7505e-01 -1.9202e+00
% f evaluations | g evaluations | best noise-free fitness - Fopt (-1.194100000000e+02) + sum g_i+ | measured fitness | best measured fitness or single-digit g-values | x1 | x2...
1 0 +7.751724898e+01 -4.189275102e+01 -4.189275102e+01 +5.9671e-01 -3.8264e-02 +7.4769e-01 +1.6230e+00 -1.3415e-01 -1.3414e-01 +1.6792e+00 +8.6743e-01 -3.6947e-01 +6.4256e-01
6 0 +7.677999533e+01 -4.263000467e+01 -4.263000467e+01 +4.2408e-01 -2.8508e-01 -5.7692e-01 +7.1168e-01 +1.1310e+00 +1.0313e+00 -7.3922e-01 -2.0921e-01 +4.3126e-01 +1.0755e+00
17 0 +7.236273790e+01 -4.704726210e+01 -4.704726210e+01 -8.7468e-01 +8.8708e-01 +1.2586e+00 -7.2068e-01 +1.0634e+00 +5.1278e-01 +9.2206e-01 +1.9968e+00 -1.4539e-01 -6.5374e-01
18 0 +7.131435777e+01 -4.809564223e+01 -4.809564223e+01 -7.8951e-01 -7.1581e-01 +2.2898e-02 +4.4115e-01 +3.7669e-01 +9.2718e-01 +1.1300e-01 +1.5535e+00 -1.6466e-01 +2.8202e+00
24 0 +6.819395380e+01 -5.121604620e+01 -5.121604620e+01 -6.3037e-01 +3.1646e-01 +1.4557e-01 -5.5160e-01 +2.2439e+00 +7.3392e-01 -1.9251e+00 +2.8645e-01 -5.6179e-01 +9.5243e-01
53 0 +5.418500479e+01 -6.522499521e+01 -6.522499521e+01 -1.2519e+00 -5.7931e-01 +2.7671e+00 +9.4539e-02 +1.8373e+00 -1.0941e+00 -2.2273e+00 +3.2090e+00 +9.1431e-01 -5.7929e-01
55 0 +4.268951563e+01 -7.672048437e+01 -7.672048437e+01 -1.0532e+00 -1.1228e+00 +5.7159e-01 +3.6529e-01 +1.9704e+00 +6.0174e-01 -5.4178e-01 +3.7215e+00 -1.9853e-01 +2.3173e+00
257 0 +3.860374225e+01 -8.080625775e+01 -8.080625775e+01 -1.4247e+00 +8.5009e-01 +2.3175e+00 -1.0994e+00 +2.7951e+00 +2.2462e+00 -3.0644e+00 +4.0551e+00 -1.9341e+00 +2.7242e+00
271 0 +3.514178697e+01 -8.426821303e+01 -8.426821303e+01 -2.2204e+00 +2.9865e-01 +3.4933e+00 -6.9429e-01 +2.6241e+00 +4.3451e-01 -1.3419e+00 +4.9625e+00 -1.8234e+00 +2.8417e+00
312 0 +3.292306251e+01 -8.648693749e+01 -8.648693749e+01 -2.6201e-01 +1.1482e+00 +3.2701e+00 +4.0639e-01 +1.4899e+00 -1.1907e+00 -1.7154e+00 +4.3326e+00 -8.0818e-01 +2.6211e+00
315 0 +2.569104404e+01 -9.371895596e+01 -9.371895596e+01 -1.0690e+00 +8.8182e-01 +3.1703e+00 -5.2551e-01 +3.4534e+00 +1.3483e+00 -2.4702e+00 +3.5121e+00 -1.6725e+00 +2.7030e+00
467 0 +2.464257025e+01 -9.476742975e+01 -9.476742975e+01 -1.0163e+00 +2.2857e-01 +1.9701e+00 -7.0555e-01 +2.7087e+00 +7.7414e-01 -2.4870e+00 +2.9427e+00 -3.4016e-01 +2.2320e+00
536 0 +2.287140017e+01 -9.653859983e+01 -9.653859983e+01 -8.6742e-01 -3.9106e-01 +2.3178e+00 -1.6972e-01 +3.1164e+00 +6.9208e-01 -1.6979e+00 +4.2783e+00 +9.3362e-01 +3.6391e+00
557 0 +1.915187890e+01 -1.002581211e+02 -1.002581211e+02 -1.9996e-01 +7.0043e-01 +2.3929e+00 +1.6644e-01 +3.1077e+00 +5.1522e-01 -2.3291e+00 +4.2108e+00 -3.5038e-01 +1.5682e+00
612 0 +1.908669724e+01 -1.003233028e+02 -1.003233028e+02 +1.4156e-01 -1.5639e-01 +2.0266e+00 -5.1715e-01 +3.6009e+00 +6.5700e-01 -1.4520e+00 +4.8810e+00 +2.1929e-01 +2.8225e+00
701 0 +1.755942206e+01 -1.018505779e+02 -1.018505779e+02 -2.9837e-01 -6.2427e-02 +2.4091e+00 -7.1791e-01 +3.0674e+00 +3.7957e-01 -1.4376e+00 +4.2074e+00 -8.6772e-01 +2.8665e+00
799 0 +1.583998653e+01 -1.035700135e+02 -1.035700135e+02 -5.0246e-01 +6.1091e-02 +2.4522e+00 -3.2072e-01 +2.8866e+00 +3.9527e-01 -1.9113e+00 +4.2603e+00 -5.2351e-01 +2.5997e+00
805 0 +1.568468805e+01 -1.037253120e+02 -1.037253120e+02 -4.4179e-01 +3.1989e-01 +2.6147e+00 -2.4193e-01 +3.2600e+00 +5.8965e-01 -1.3755e+00 +4.5242e+00 +2.0340e-01 +2.5167e+00
926 0 +1.559641669e+01 -1.038135833e+02 -1.038135833e+02 -1.8449e-01 +7.5962e-02 +2.6088e+00 -1.7636e-01 +2.7229e+00 +3.3574e-01 -1.7125e+00 +4.1161e+00 +4.0049e-01 +2.8636e+00
979 0 +1.542670665e+01 -1.039832934e+02 -1.039832934e+02 -3.1614e-01 +1.7833e-01 +2.8588e+00 +4.0423e-01 +2.7333e+00 +5.3925e-01 -1.4084e+00 +4.0754e+00 +2.6859e-01 +2.5506e+00
1050 0 +1.529188092e+01 -1.041181191e+02 -1.041181191e+02 -1.9260e-01 +3.9688e-01 +2.5593e+00 +1.8042e-01 +2.5930e+00 +4.5281e-01 -1.6618e+00 +4.1572e+00 -2.6496e-01 +2.3690e+00
1076 0 +1.525740495e+01 -1.041525950e+02 -1.041525950e+02 -1.5482e-01 +4.5750e-02 +2.8176e+00 +1.2019e-01 +3.0865e+00 +5.0401e-01 -1.7834e+00 +4.1516e+00 -9.0039e-02 +2.7074e+00
1131 0 +1.510566785e+01 -1.043043322e+02 -1.043043322e+02 -1.2783e-01 +5.2146e-02 +2.5644e+00 +6.3193e-02 +2.8432e+00 +6.4605e-01 -1.4631e+00 +4.0912e+00 +1.6842e-01 +2.4604e+00
1198 0 +1.502069251e+01 -1.043893075e+02 -1.043893075e+02 -2.2017e-01 -1.3374e-01 +2.7525e+00 -5.4058e-02 +2.8681e+00 +3.8584e-01 -1.5413e+00 +4.3884e+00 +3.5478e-02 +2.5850e+00
1241 0 +1.501077618e+01 -1.043992238e+02 -1.043992238e+02 -1.5861e-01 +2.7991e-01 +2.6497e+00 +2.1748e-01 +2.7693e+00 +4.5359e-01 -1.5501e+00 +4.4264e+00 -2.0347e-01 +2.8357e+00
1250 0 +1.487118102e+01 -1.045388190e+02 -1.045388190e+02 -1.9355e-01 +2.4910e-01 +2.6284e+00 -1.9873e-01 +2.9787e+00 +6.6576e-01 -1.7209e+00 +4.2238e+00 +1.9484e-02 +2.9306e+00
1311 0 +1.485520329e+01 -1.045547967e+02 -1.045547967e+02 -9.4526e-02 +1.7574e-01 +2.6422e+00 +7.1802e-03 +2.7878e+00 +4.2078e-01 -1.5510e+00 +4.2772e+00 -2.2028e-01 +2.6512e+00
1329 0 +1.473678689e+01 -1.046732131e+02 -1.046732131e+02 -2.8185e-01 +1.7876e-01 +2.6824e+00 -2.2398e-02 +2.9574e+00 +4.6092e-01 -1.5928e+00 +4.3689e+00 -2.0549e-02 +2.7407e+00
1339 0 +1.471764899e+01 -1.046923510e+02 -1.046923510e+02 -1.0659e-01 +2.4049e-01 +2.6704e+00 +3.7528e-02 +2.9605e+00 +5.8353e-01 -1.6226e+00 +4.3191e+00 +2.9644e-02 +2.6935e+00
1462 0 +1.468708412e+01 -1.047229159e+02 -1.047229159e+02 -1.5998e-01 +1.4871e-01 +2.7583e+00 +1.1530e-01 +2.8141e+00 +5.5478e-01 -1.4887e+00 +4.2338e+00 +3.9148e-02 +2.6693e+00
1487 0 +1.466644715e+01 -1.047435528e+02 -1.047435528e+02 -1.9916e-01 +2.3690e-01 +2.6145e+00 +8.0462e-03 +2.8218e+00 +4.9752e-01 -1.5450e+00 +4.3356e+00 -2.9857e-02 +2.7088e+00
1556 0 +1.466503124e+01 -1.047449688e+02 -1.047449688e+02 -2.2874e-01 +1.9686e-01 +2.6228e+00 -1.2956e-01 +2.9983e+00 +5.3615e-01 -1.5342e+00 +4.3733e+00 -2.4928e-03 +2.7949e+00
1562 0 +1.465704977e+01 -1.047529502e+02 -1.047529502e+02 -1.1079e-01 +1.4316e-01 +2.7218e+00 -1.4094e-01 +2.9628e+00 +4.7930e-01 -1.6148e+00 +4.1906e+00 +6.0413e-02 +2.7079e+00
1603 0 +1.465070315e+01 -1.047592968e+02 -1.047592968e+02 -1.3756e-01 +1.1467e-01 +2.7115e+00 +9.7494e-03 +2.9602e+00 +5.3605e-01 -1.5572e+00 +4.2659e+00 +2.0729e-01 +2.7360e+00
1609 0 +1.461194271e+01 -1.047980573e+02 -1.047980573e+02 -1.7228e-01 +1.0141e-01 +2.7420e+00 +9.8279e-03 +2.8571e+00 +5.2637e-01 -1.5913e+00 +4.2598e+00 +2.4813e-02 +2.6847e+00
1724 0 +1.459955584e+01 -1.048104442e+02 -1.048104442e+02 -1.5933e-01 +1.4902e-01 +2.7336e+00 -5.3769e-02 +2.8846e+00 +4.8454e-01 -1.6028e+00 +4.2964e+00 +6.8253e-02 +2.7265e+00
1757 0 +1.459922299e+01 -1.048107770e+02 -1.048107770e+02 -1.7334e-01 +1.2263e-01 +2.7351e+00 -8.1930e-02 +2.9067e+00 +5.4828e-01 -1.5943e+00 +4.3140e+00 +6.2122e-02 +2.7516e+00
1860 0 +1.459690194e+01 -1.048130981e+02 -1.048130981e+02 -2.0799e-01 +1.2250e-01 +2.6598e+00 -9.0288e-02 +2.8901e+00 +5.4082e-01 -1.5899e+00 +4.2909e+00 +2.4307e-02 +2.7265e+00
1968 0 +1.459568369e+01 -1.048143163e+02 -1.048143163e+02 -1.8001e-01 +1.1850e-01 +2.6722e+00 -9.3141e-02 +2.9135e+00 +5.4622e-01 -1.5969e+00 +4.2776e+00 +4.8035e-02 +2.7633e+00
1969 0 +1.459475468e+01 -1.048152453e+02 -1.048152453e+02 -1.5046e-01 +1.6074e-01 +2.6649e+00 -1.5517e-02 +2.8627e+00 +5.0005e-01 -1.5793e+00 +4.2683e+00 +7.8604e-02 +2.7244e+00
1971 0 +1.459170598e+01 -1.048182940e+02 -1.048182940e+02 -1.7178e-01 +1.6169e-01 +2.6697e+00 -6.1159e-02 +2.9153e+00 +5.3746e-01 -1.5695e+00 +4.2746e+00 +8.6385e-02 +2.7342e+00
2031 0 +1.458900285e+01 -1.048209971e+02 -1.048209971e+02 -1.7516e-01 +1.4070e-01 +2.6933e+00 -6.1582e-02 +2.9080e+00 +5.3648e-01 -1.5613e+00 +4.2742e+00 +5.5822e-02 +2.7227e+00
2096 0 +1.458732073e+01 -1.048226793e+02 -1.048226793e+02 -1.6765e-01 +1.1961e-01 +2.6908e+00 -3.3385e-02 +2.8787e+00 +5.1727e-01 -1.5776e+00 +4.2751e+00 +8.5397e-02 +2.7226e+00
2223 0 +1.458708438e+01 -1.048229156e+02 -1.048229156e+02 -1.8861e-01 +1.3514e-01 +2.6917e+00 -4.1291e-02 +2.8813e+00 +5.3009e-01 -1.5633e+00 +4.2774e+00 +6.8248e-02 +2.7408e+00
2228 0 +1.458683118e+01 -1.048231688e+02 -1.048231688e+02 -1.8338e-01 +1.4967e-01 +2.6757e+00 -6.4379e-02 +2.9045e+00 +5.3254e-01 -1.5840e+00 +4.2772e+00 +6.4331e-02 +2.7337e+00
2256 0 +1.458624252e+01 -1.048237575e+02 -1.048237575e+02 -1.7043e-01 +1.5115e-01 +2.7013e+00 -5.0119e-02 +2.9005e+00 +5.2888e-01 -1.5930e+00 +4.2763e+00 +7.1971e-02 +2.7330e+00
2269 0 +1.458600831e+01 -1.048239917e+02 -1.048239917e+02 -1.8422e-01 +1.3251e-01 +2.6920e+00 -6.4114e-02 +2.8902e+00 +5.3199e-01 -1.5906e+00 +4.2741e+00 +5.9295e-02 +2.7115e+00
2431 0 +1.458560971e+01 -1.048243903e+02 -1.048243903e+02 -1.6770e-01 +1.4867e-01 +2.6849e+00 -6.0223e-02 +2.9041e+00 +5.2319e-01 -1.5922e+00 +4.2731e+00 +6.2530e-02 +2.7264e+00
2434 0 +1.458537420e+01 -1.048246258e+02 -1.048246258e+02 -1.8109e-01 +1.3252e-01 +2.6896e+00 -5.8120e-02 +2.8973e+00 +5.2978e-01 -1.5885e+00 +4.2707e+00 +6.1905e-02 +2.7192e+00
% f evaluations | g evaluations | best noise-free fitness - Fopt (1.077000000000e+01) + sum g_i+ | measured fitness | best measured fitness or single-digit g-values | x1 | x2...
1 0 +7.974913433e+01 +9.051913433e+01 +9.051913433e+01 +5.9671e-01 -3.8264e-02 +7.4769e-01 +1.6230e+00 -1.3415e-01 -1.3414e-01 +1.6792e+00 +8.6743e-01 -3.6947e-01 +6.4256e-01
4 0 +7.160999518e+01 +8.237999518e+01 +8.237999518e+01 -5.0171e-01 +1.9523e+00 +8.6503e-02 -9.5771e-01 +9.2254e-01 -1.1208e+00 +3.0886e-01 -1.8597e+00 -1.2282e+00 +2.9686e-01
51 0 +7.123246491e+01 +8.200246491e+01 +8.200246491e+01 +6.0787e-01 +2.1034e+00 -5.5114e-01 +1.0606e-01 +1.1351e+00 -2.1591e+00 -1.0692e+00 -1.6858e+00 -6.9072e-01 +8.3229e-01
52 0 +6.611109533e+01 +7.688109533e+01 +7.688109533e+01 +1.2815e+00 +1.8958e+00 -9.3360e-01 -1.8195e+00 -5.5475e-01 -4.8143e-01 +3.8917e-01 +3.3651e-01 -8.3869e-01 +1.3363e+00
55 0 +6.142736989e+01 +7.219736989e+01 +7.219736989e+01 +2.6898e-01 +2.6192e+00 -1.0544e+00 -4.4195e-01 -5.0952e-01 -2.5309e+00 +5.1117e-01 -9.2801e-01 -1.1056e+00 +1.7026e+00
114 0 +5.291860825e+01 +6.368860825e+01 +6.368860825e+01 +4.1881e-02 +3.0687e+00 -1.0208e+00 -2.8063e+00 -6.1407e-01 +1.8989e-01 +3.6891e+00 -1.6216e+00 -2.2529e+00 +2.4044e+00
145 0 +5.079127567e+01 +6.156127567e+01 +6.156127567e+01 +1.9841e+00 +1.6953e+00 -1.3743e+00 -2.4633e+00 +4.6590e-01 +9.5186e-02 +1.9740e+00 -1.9974e+00 -2.1738e+00 +1.2508e+00
217 0 +4.348483738e+01 +5.425483738e+01 +5.425483738e+01 +1.0206e-02 +3.4593e+00 -3.3365e+00 -3.5138e+00 +9.4439e-02 +5.5926e-03 +3.3348e+00 -2.8405e+00 -4.6663e+00 +2.7059e+00
357 0 +3.439276909e+01 +4.516276909e+01 +4.516276909e+01 -3.5058e+00 +2.0218e+00 -3.3456e+00 -1.1169e-01 +2.0558e+00 -3.4206e-01 +3.6165e+00 +2.2081e+00 -1.6491e+00 +2.7499e+00
556 0 +3.080493358e+01 +4.157493358e+01 +4.157493358e+01 -4.2988e+00 +3.0472e+00 -3.6056e+00 -1.5419e+00 +1.7661e+00 -5.8170e-01 +2.5863e+00 +2.2515e+00 -1.0828e+00 +1.3410e+00
571 0 +2.226044213e+01 +3.303044213e+01 +3.303044213e+01 -3.0364e+00 +1.6407e+00 -4.4390e+00 -6.2100e-01 +2.0716e+00 +4.2866e-02 +1.1421e+00 +3.1491e+00 -1.3692e+00 +2.8875e+00
777 0 +2.174287824e+01 +3.251287824e+01 +3.251287824e+01 -3.9901e+00 +1.6119e+00 -4.2679e+00 -6.6051e-01 +2.2300e+00 +6.8817e-01 +1.1289e+00 +1.6244e+00 -2.9314e+00 +2.8713e+00
808 0 +2.152900404e+01 +3.229900404e+01 +3.229900404e+01 -3.8113e+00 +2.1719e+00 -4.5720e+00 -6.2722e-01 +2.0090e+00 +8.7353e-03 +2.0856e+00 +2.4012e+00 -2.6932e+00 +4.0185e+00
827 0 +2.091013633e+01 +3.168013633e+01 +3.168013633e+01 -3.4384e+00 +1.2917e+00 -4.5813e+00 -1.5588e+00 +1.8114e+00 +5.7621e-01 +1.8709e+00 +2.5101e+00 -2.9465e+00 +3.3129e+00
828 0 +1.901592963e+01 +2.978592963e+01 +2.978592963e+01 -3.2207e+00 +1.9381e+00 -4.3539e+00 -8.6020e-01 +1.8249e+00 +1.6953e-01 +2.1278e+00 +2.0244e+00 -2.5106e+00 +3.0687e+00
894 0 +1.873525358e+01 +2.950525358e+01 +2.950525358e+01 -3.8848e+00 +1.6812e+00 -4.6689e+00 -1.9309e+00 +2.6136e+00 +5.6090e-01 +2.1161e+00 +1.9880e+00 -1.8981e+00 +2.3978e+00
901 0 +1.789624824e+01 +2.866624824e+01 +2.866624824e+01 -4.0029e+00 +2.3126e+00 -4.6208e+00 -1.6323e+00 +2.2175e+00 +7.9021e-02 +1.3128e+00 +1.9669e+00 -2.7316e+00 +2.0394e+00
967 0 +1.702995550e+01 +2.779995550e+01 +2.779995550e+01 -3.6987e+00 +1.8420e+00 -4.8922e+00 -1.5923e+00 +1.8634e+00 +2.6222e-01 +2.1174e+00 +2.5409e+00 -2.1097e+00 +2.0655e+00
1009 0 +1.624455366e+01 +2.701455366e+01 +2.701455366e+01 -4.0913e+00 +2.0579e+00 -4.2974e+00 -1.3173e+00 +1.9999e+00 +1.8599e-01 +2.0810e+00 +2.7975e+00 -2.0871e+00 +2.3779e+00
1168 0 +1.515289384e+01 +2.592289384e+01 +2.592289384e+01 -3.9794e+00 +2.1032e+00 -4.9709e+00 -1.3670e+00 +2.0595e+00 +3.8372e-01 +1.6388e+00 +2.5747e+00 -2.3324e+00 +2.4587e+00
1408 0 +1.486360054e+01 +2.563360054e+01 +2.563360054e+01 -3.8808e+00 +2.1972e+00 -4.8894e+00 -1.2514e+00 +2.1339e+00 +2.1279e-02 +1.6555e+00 +2.2824e+00 -2.3112e+00 +2.7515e+00
1473 0 +1.479278696e+01 +2.556278696e+01 +2.556278696e+01 -4.1108e+00 +2.1707e+00 -4.8931e+00 -1.3614e+00 +2.1437e+00 +1.8527e-01 +1.7187e+00 +2.3168e+00 -2.0845e+00 +2.6746e+00
1626 0 +1.476746850e+01 +2.553746850e+01 +2.553746850e+01 -3.8727e+00 +2.2197e+00 -4.6820e+00 -1.2289e+00 +2.2751e+00 +1.4429e-01 +1.7979e+00 +2.5741e+00 -2.1977e+00 +2.7408e+00
1673 0 +1.469509821e+01 +2.546509821e+01 +2.546509821e+01 -4.0000e+00 +2.2762e+00 -4.7766e+00 -1.3668e+00 +2.2478e+00 +2.0773e-01 +1.6564e+00 +2.5219e+00 -2.1221e+00 +2.6564e+00
1804 0 +1.467407288e+01 +2.544407288e+01 +2.544407288e+01 -3.9669e+00 +2.1904e+00 -4.7727e+00 -1.2931e+00 +2.2475e+00 +1.6870e-01 +1.6592e+00 +2.5866e+00 -2.2110e+00 +2.6189e+00
1896 0 +1.465556757e+01 +2.542556757e+01 +2.542556757e+01 -3.9352e+00 +2.2130e+00 -4.7369e+00 -1.3082e+00 +2.0326e+00 +1.3148e-01 +1.7794e+00 +2.4683e+00 -2.2071e+00 +2.6841e+00
1898 0 +1.462575360e+01 +2.539575360e+01 +2.539575360e+01 -3.9083e+00 +2.1598e+00 -4.7707e+00 -1.2449e+00 +2.1884e+00 +9.1474e-02 +1.7261e+00 +2.4318e+00 -2.2315e+00 +2.6326e+00
1927 0 +1.462021701e+01 +2.539021701e+01 +2.539021701e+01 -4.0262e+00 +2.1409e+00 -4.7715e+00 -1.2488e+00 +2.1396e+00 +1.7967e-01 +1.7374e+00 +2.4594e+00 -2.1385e+00 +2.6191e+00
1979 0 +1.461295888e+01 +2.538295888e+01 +2.538295888e+01 -4.0066e+00 +2.1922e+00 -4.8034e+00 -1.3033e+00 +2.1750e+00 +1.3182e-01 +1.6914e+00 +2.4325e+00 -2.0986e+00 +2.6585e+00
2030 0 +1.461241020e+01 +2.538241020e+01 +2.538241020e+01 -3.9916e+00 +2.1667e+00 -4.7335e+00 -1.2945e+00 +2.1111e+00 +2.0034e-01 +1.6706e+00 +2.4441e+00 -2.1215e+00 +2.6504e+00
2035 0 +1.461064487e+01 +2.538064487e+01 +2.538064487e+01 -3.9770e+00 +2.2003e+00 -4.7709e+00 -1.2572e+00 +2.1381e+00 +1.1308e-01 +1.7196e+00 +2.4877e+00 -2.2318e+00 +2.6775e+00
2166 0 +1.460667514e+01 +2.537667514e+01 +2.537667514e+01 -3.9885e+00 +2.2068e+00 -4.7533e+00 -1.3098e+00 +2.2027e+00 +1.3439e-01 +1.6572e+00 +2.4873e+00 -2.1709e+00 +2.6499e+00
2220 0 +1.460128999e+01 +2.537128999e+01 +2.537128999e+01 -3.9218e+00 +2.1793e+00 -4.7103e+00 -1.2933e+00 +2.1312e+00 +1.2888e-01 +1.6872e+00 +2.4811e+00 -2.1601e+00 +2.6170e+00
2265 0 +1.459770273e+01 +2.536770273e+01 +2.536770273e+01 -3.9761e+00 +2.1926e+00 -4.7369e+00 -1.2779e+00 +2.1513e+00 +1.2963e-01 +1.7103e+00 +2.4172e+00 -2.1984e+00 +2.6623e+00
2380 0 +1.459377537e+01 +2.536377537e+01 +2.536377537e+01 -3.9808e+00 +2.1883e+00 -4.7395e+00 -1.2747e+00 +2.1197e+00 +1.3008e-01 +1.6801e+00 +2.4574e+00 -2.1569e+00 +2.6253e+00
% f evaluations | g evaluations | best noise-free fitness - Fopt (2.137000000000e+01) + sum g_i+ | measured fitness | best measured fitness or single-digit g-values | x1 | x2...
1 0 +8.383956709e+01 +1.052095671e+02 +1.052095671e+02 +5.9671e-01 -3.8264e-02 +7.4769e-01 +1.6230e+00 -1.3415e-01 -1.3414e-01 +1.6792e+00 +8.6743e-01 -3.6947e-01 +6.4256e-01
2 0 +8.042922161e+01 +1.017992216e+02 +1.017992216e+02 -3.6342e-01 -3.6573e-01 +3.4196e-01 -1.8133e+00 -1.6249e+00 -4.6229e-01 -9.1283e-01 +4.1425e-01 -8.0802e-01 -1.3123e+00
17 0 +8.017889666e+01 +1.015488967e+02 +1.015488967e+02 -8.7468e-01 +8.8708e-01 +1.2586e+00 -7.2068e-01 +1.0634e+00 +5.1278e-01 +9.2206e-01 +1.9968e+00 -1.4539e-01 -6.5374e-01
29 0 +7.957236286e+01 +1.009423629e+02 +1.009423629e+02 +2.1352e-01 +7.6213e-01 +1.6860e+00 -1.1378e+00 +2.2330e+00 -1.8521e+00 -5.1785e-02 +6.8832e-01 +3.8099e-01 -5.2270e-01
45 0 +7.731561834e+01 +9.868561834e+01 +9.868561834e+01 +4.8407e-01 +6.7305e-02 -1.9674e+00 +1.0880e-02 -1.2045e+00 +7.6967e-01 +4.6660e-01 -8.3988e-01 -4.1387e-01 -9.5921e-01
61 0 +7.275617679e+01 +9.412617679e+01 +9.412617679e+01 +1.3599e+00 -2.4376e+00 -9.5985e-02 -7.7297e-01 -6.4038e-01 +6.4518e-01 +1.5205e+00 +1.7950e+00 -9.8080e-01 +5.1907e-01
63 0 +7.038519529e+01 +9.175519529e+01 +9.175519529e+01 +2.3222e+00 +1.8333e+00 -6.3873e-01 -1.3241e+00 +2.1592e-01 +5.2290e-01 +2.1951e-01 -2.6201e-01 -3.0179e-01 -2.6621e-01
124 0 +6.991151093e+01 +9.128151093e+01 +9.128151093e+01 +5.3616e-01 -1.2109e+00 +9.3887e-01 -1.8149e+00 +8.7985e-01 +6.3731e-01 +1.4075e+00 +9.2883e-01 +8.2221e-02 +1.3303e-01
159 0 +6.924084659e+01 +9.061084659e+01 +9.061084659e+01 +1.0458e+00 -1.5194e+00 +7.4153e-01 -3.6508e-02 +2.7352e+00 -7.9490e-01 +1.6776e+00 +2.8114e+00 +3.9548e-01 +1.2457e+00
160 0 +6.118901945e+01 +8.255901945e+01 +8.255901945e+01 +2.4245e+00 +2.3885e-01 -1.1274e+00 -4.7994e-01 +1.2309e-01 +6.8642e-01 +1.3384e+00 +9.6272e-02 -1.8170e+00 -1.3291e+00
205 0 +6.079611271e+01 +8.216611271e+01 +8.216611271e+01 -6.7324e-01 -3.7242e+00 +2.0974e+00 +2.4863e+00 +3.9861e+00 -6.4455e-01 +2.6764e+00 +3.4709e+00 +9.7418e-01 -6.6058e-01
316 0 +5.112565379e+01 +7.249565379e+01 +7.249565379e+01 +1.9081e+00 -4.3137e+00 +3.1594e+00 -8.4068e-01 +4.8321e+00 +1.0550e+00 +3.4738e+00 +1.9596e+00 +1.2502e-01 -4.6846e+00
354 0 +4.901445104e+01 +7.038445104e+01 +7.038445104e+01 +1.9726e+00 -4.1447e+00 +2.4124e+00 -1.4614e+00 +2.5384e+00 +2.8352e+00 +3.9463e+00 +2.4145e+00 +1.4138e+00 -1.5472e+00
420 0 +3.994867354e+01 +6.131867354e+01 +6.131867354e+01 -5.8270e-02 -1.5334e+00 +3.0250e+00 +7.7149e-01 +3.4403e+00 +3.9243e+00 +3.2189e+00 +1.4809e+00 +5.3683e-01 -3.7406e+00
592 0 +3.940734877e+01 +6.077734877e+01 +6.077734877e+01 +2.7035e+00 -2.7969e+00 +3.0327e+00 +1.7665e-01 +3.6196e+00 +3.7913e+00 +1.1394e+00 +1.8361e+00 +1.5493e-01 -3.2580e+00
629 0 +2.683661376e+01 +4.820661376e+01 +4.820661376e+01 +1.1319e+00 -3.4010e+00 +3.3341e+00 -2.9946e+00 +2.7877e+00 +4.0708e+00 +2.3229e+00 -3.8871e-01 +1.7285e+00 -3.7960e+00
802 0 +2.655422297e+01 +4.792422297e+01 +4.792422297e+01 +5.5548e-01 -2.8175e+00 +2.8393e+00 -4.8517e-02 +3.5792e+00 +3.1714e+00 +2.3767e+00 +1.3244e+00 +9.9169e-01 -4.8530e+00
807 0 +2.532607383e+01 +4.669607383e+01 +4.669607383e+01 +1.7190e+00 -2.3765e+00 +2.5467e+00 -2.3674e-01 +2.3003e+00 +4.2853e+00 +2.8301e+00 +1.0523e+00 +1.5279e+00 -3.1201e+00
856 0 +1.765171247e+01 +3.902171247e+01 +3.902171247e+01 +1.9766e+00 -3.4478e+00 +4.2839e+00 -6.4142e-01 +3.4453e+00 +4.7980e+00 +2.6419e+00 +9.7545e-01 +1.1102e+00 -4.4682e+00
868 0 +1.331603750e+01 +3.468603750e+01 +3.468603750e+01 +1.4540e+00 -4.1330e+00 +4.4534e+00 -1.5421e+00 +2.2440e+00 +4.2830e+00 +3.0491e+00 +4.3637e-01 +1.2699e+00 -4.2440e+00
1137 0 +1.287351311e+01 +3.424351311e+01 +3.424351311e+01 +1.7963e+00 -3.2195e+00 +4.0644e+00 -1.3673e+00 +3.3674e+00 +3.2028e+00 +3.3192e+00 +1.2628e+00 +1.2477e+00 -4.5453e+00
1146 0 +1.240047524e+01 +3.377047524e+01 +3.377047524e+01 +9.6283e-01 -3.4127e+00 +4.0707e+00 -1.2245e+00 +3.5366e+00 +3.5785e+00 +3.3972e+00 +5.0924e-01 +1.7234e+00 -4.7633e+00
1164 0 +1.148344716e+01 +3.285344716e+01 +3.285344716e+01 +1.1198e+00 -4.2513e+00 +4.1207e+00 -1.9918e+00 +2.8736e+00 +4.6103e+00 +4.0226e+00 -3.1769e-01 +1.9393e+00 -4.6507e+00
1176 0 +1.093055722e+01 +3.230055722e+01 +3.230055722e+01 +2.2357e+00 -3.7497e+00 +4.1749e+00 -1.7639e+00 +2.7946e+00 +3.3334e+00 +3.9906e+00 +6.9649e-01 +1.6405e+00 -3.9114e+00
1180 0 +1.066571944e+01 +3.203571944e+01 +3.203571944e+01 +1.4361e+00 -3.4154e+00 +4.1609e+00 -1.2513e+00 +3.5926e+00 +3.3643e+00 +3.8190e+00 +6.3207e-01 +1.4381e+00 -4.3404e+00
1310 0 +1.045063226e+01 +3.182063226e+01 +3.182063226e+01 +1.2671e+00 -3.8479e+00 +3.6046e+00 -9.9441e-01 +3.3076e+00 +3.8951e+00 +4.1375e+00 -1.4545e-01 +1.5010e+00 -4.6235e+00
1312 0 +9.883427323e+00 +3.125342732e+01 +3.125342732e+01 +1.7204e+00 -3.5700e+00 +3.8519e+00 -1.5566e+00 +3.0661e+00 +3.5261e+00 +4.3340e+00 -5.0972e-03 +1.6683e+00 -4.0019e+00
1368 0 +9.678130570e+00 +3.104813057e+01 +3.104813057e+01 +1.5067e+00 -4.0005e+00 +4.2438e+00 -2.0570e+00 +3.1166e+00 +4.2719e+00 +3.9097e+00 -8.2055e-02 +1.2833e+00 -4.5617e+00
1378 0 +9.553752106e+00 +3.092375211e+01 +3.092375211e+01 +1.8870e+00 -3.5959e+00 +3.7050e+00 -1.4307e+00 +2.8233e+00 +3.6330e+00 +4.1661e+00 -1.1656e-01 +1.2471e+00 -4.5455e+00
1486 0 +9.017886513e+00 +3.038788651e+01 +3.038788651e+01 +1.4684e+00 -3.9424e+00 +4.0508e+00 -1.9465e+00 +3.0982e+00 +3.8038e+00 +4.1214e+00 +1.7123e-01 +1.4449e+00 -4.6766e+00
1663 0 +8.936588739e+00 +3.030658874e+01 +3.030658874e+01 +1.5275e+00 -3.8568e+00 +3.9569e+00 -1.8238e+00 +2.8531e+00 +3.6494e+00 +4.0520e+00 +3.6933e-02 +1.3266e+00 -4.4429e+00
1665 0 +8.918187078e+00 +3.028818708e+01 +3.028818708e+01 +1.5760e+00 -4.0834e+00 +4.1465e+00 -1.8073e+00 +2.8863e+00 +3.9029e+00 +3.9517e+00 +9.6660e-02 +1.4103e+00 -4.6418e+00
1741 0 +8.915618076e+00 +3.028561808e+01 +3.028561808e+01 +1.5392e+00 -3.9607e+00 +3.9713e+00 -1.7149e+00 +3.1234e+00 +3.7919e+00 +3.8568e+00 +4.0390e-01 +1.2702e+00 -4.6317e+00
1790 0 +8.861958599e+00 +3.023195860e+01 +3.023195860e+01 +1.4605e+00 -3.9090e+00 +4.0431e+00 -1.7266e+00 +3.0681e+00 +3.7214e+00 +3.9076e+00 +3.6245e-02 +1.5317e+00 -4.5679e+00
1848 0 +8.815600405e+00 +3.018560041e+01 +3.018560041e+01 +1.4648e+00 -3.9093e+00 +4.0409e+00 -1.7620e+00 +2.9385e+00 +3.8125e+00 +3.9233e+00 -1.7479e-02 +1.3586e+00 -4.5417e+00
1896 0 +8.809435513e+00 +3.017943551e+01 +3.017943551e+01 +1.4078e+00 -3.9202e+00 +4.1096e+00 -1.6341e+00 +2.9951e+00 +3.8032e+00 +3.8259e+00 +1.7641e-01 +1.3738e+00 -4.4250e+00
1932 0 +8.798496299e+00 +3.016849630e+01 +3.016849630e+01 +1.6149e+00 -3.8438e+00 +3.9378e+00 -1.5311e+00 +2.9457e+00 +3.8098e+00 +3.8738e+00 +2.5939e-01 +1.3113e+00 -4.5748e+00
1991 0 +8.788360325e+00 +3.015836033e+01 +3.015836033e+01 +1.4959e+00 -3.8562e+00 +3.9324e+00 -1.6327e+00 +3.0364e+00 +3.6988e+00 +3.8073e+00 +2.9237e-01 +1.3816e+00 -4.4998e+00
2128 0 +8.782370078e+00 +3.015237008e+01 +3.015237008e+01 +1.4283e+00 -3.9467e+00 +3.9236e+00 -1.6085e+00 +2.9544e+00 +3.7548e+00 +3.9635e+00 +1.1037e-01 +1.3872e+00 -4.4914e+00
2133 0 +8.771565476e+00 +3.014156548e+01 +3.014156548e+01 +1.4276e+00 -3.8360e+00 +4.0316e+00 -1.6612e+00 +3.0199e+00 +3.8473e+00 +3.8298e+00 +1.0195e-01 +1.3865e+00 -4.5230e+00
2134 0 +8.757170602e+00 +3.012717060e+01 +3.012717060e+01 +1.4394e+00 -3.8962e+00 +3.9342e+00 -1.6360e+00 +2.9497e+00 +3.7580e+00 +3.8819e+00 +2.3417e-01 +1.3760e+00 -4.5238e+00
2322 0 +8.756257335e+00 +3.012625734e+01 +3.012625734e+01 +1.4591e+00 -3.8147e+00 +3.9719e+00 -1.6601e+00 +2.9319e+00 +3.7753e+00 +3.8816e+00 +1.5200e-01 +1.3835e+00 -4.5064e+00
2330 0 +8.755604384e+00 +3.012560438e+01 +3.012560438e+01 +1.4072e+00 -3.8170e+00 +3.9860e+00 -1.6464e+00 +2.9783e+00 +3.7825e+00 +3.9311e+00 +1.8167e-01 +1.3267e+00 -4.5163e+00
2339 0 +8.753652820e+00 +3.012365282e+01 +3.012365282e+01 +1.4343e+00 -3.8551e+00 +3.9717e+00 -1.5957e+00 +3.0343e+00 +3.7865e+00 +3.9047e+00 +1.6574e-01 +1.3643e+00 -4.5198e+00
2385 0 +8.751025434e+00 +3.012102543e+01 +3.012102543e+01 +1.4429e+00 -3.8880e+00 +3.9919e+00 -1.6512e+00 +3.0064e+00 +3.7900e+00 +3.9201e+00 +1.8394e-01 +1.4011e+00 -4.5393e+00
2402 0 +8.749392596e+00 +3.011939260e+01 +3.011939260e+01 +1.4669e+00 -3.8570e+00 +3.9426e+00 -1.6157e+00 +2.9690e+00 +3.7691e+00 +3.8737e+00 +1.3847e-01 +1.3629e+00 -4.5693e+00
2478 0 +8.747496746e+00 +3.011749675e+01 +3.011749675e+01 +1.4738e+00 -3.8541e+00 +4.0077e+00 -1.6104e+00 +3.0162e+00 +3.7804e+00 +3.8840e+00 +1.8514e-01 +1.3387e+00 -4.5428e+00
2495 0 +8.747112745e+00 +3.011711275e+01 +3.011711275e+01 +1.4935e+00 -3.8699e+00 +4.0133e+00 -1.6370e+00 +2.9959e+00 +3.7631e+00 +3.8883e+00 +1.9896e-01 +1.3443e+00 -4.5493e+00
2499 0 +8.746506964e+00 +3.011650696e+01 +3.011650696e+01 +1.4917e+00 -3.8623e+00 +4.0106e+00 -1.6255e+00 +2.9836e+00 +3.7992e+00 +3.8847e+00 +1.8858e-01 +1.3678e+00 -4.5065e+00
