% f evaluations | g evaluations | best noise-free fitness - Fopt (1.000000000000e+03) + sum g_i+ | measured fitness | best measured fitness or single-digit g-values | x1 | x2...
1 0 +2.984910205e+02 +1.298491020e+03 +1.298491020e+03 +5.9671e-01 -3.8264e-02 +7.4769e-01 +1.6230e+00 -1.3415e-01 -1.3414e-01 +1.6792e+00 +8.6743e-01 -3.6947e-01 +6.4256e-01
4 0 +2.938053637e+02 +1.293805364e+03 +1.293805364e+03 -5.0171e-01 +1.9523e+00 +8.6503e-02 -9.5771e-01 +9.2254e-01 -1.1208e+00 +3.0886e-01 -1.8597e+00 -1.2282e+00 +2.9686e-01
5 0 +2.686715148e+02 +1.268671515e+03 +1.268671515e+03 +8.3847e-01 +2.7137e-01 -1.5648e-02 -2.0110e-01 -1.3785e+00 -6.1984e-01 -3.6064e-01 +1.1571e+00 +4.4362e-01 -1.6630e+00
6 0 +2.376751905e+02 +1.237675191e+03 +1.237675191e+03 +4.2408e-01 -2.8508e-01 -5.7692e-01 +7.1168e-01 +1.1310e+00 +1.0313e+00 -7.3922e-01 -2.0921e-01 +4.3126e-01 +1.0755e+00
40 0 +2.070141682e+02 +1.207014168e+03 +1.207014168e+03 -7.9841e-01 +5.9192e-01 -1.2202e+00 +1.9315e+00 +1.2794e+00 -3.6918e-01 -1.6131e+00 +1.4539e+00 -1.4540e-02 +1.3378e+00
52 0 +2.041221179e+02 +1.204122118e+03 +1.204122118e+03 -1.0416e+00 +9.5370e-01 +3.1239e-01 +1.9650e-02 +5.9118e-02 -1.3378e+00 -7.7400e-01 -1.9877e-02 -1.2824e+00 -2.3814e-01
53 0 +1.984776490e+02 +1.198477649e+03 +1.198477649e+03 +8.0960e-01 +8.5026e-01 +8.8875e-01 +1.8835e+00 +2.2790e+00 -2.5659e+00 -3.9298e-01 +9.1192e-01 +7.5335e-01 +1.0600e+00
54 0 +1.925308063e+02 +1.192530806e+03 +1.192530806e+03 -2.2110e-01 -6.1904e-02 +6.0741e-01 +1.1395e+00 +1.4305e-01 -1.4548e+00 -2.7578e-02 +1.8383e+00 +4.6542e-01 -8.1501e-01
77 0 +1.793783597e+02 +1.179378360e+03 +1.179378360e+03 +4.9930e-01 +1.1863e+00 +1.6022e+00 +8.6512e-01 +1.0324e+00 -1.3374e+00 -1.2137e+00 -6.0586e-01 +5.0219e-01 +1.3175e-01
101 0 +1.384600437e+02 +1.138460044e+03 +1.138460044e+03 -5.3529e-01 +1.5933e+00 +1.1100e+00 +6.3909e-01 +1.3470e+00 -1.4432e+00 -1.3898e+00 -1.2548e+00 -3.0649e-01 +1.7444e+00
118 0 +1.327780034e+02 +1.132778003e+03 +1.132778003e+03 -2.0039e-01 +1.9277e+00 +2.2926e+00 +1.0363e+00 +8.7556e-01 -1.9546e+00 -1.6774e+00 +4.1286e-01 +5.9390e-01 +2.4448e+00
120 0 +1.181743308e+02 +1.118174331e+03 +1.118174331e+03 +1.6592e+00 +9.0872e-01 +1.9995e+00 +2.7583e+00 +2.3706e+00 -1.3065e+00 -1.2878e+00 -6.1562e-02 -2.2498e-01 -3.5113e-01
151 0 +1.017209069e+02 +1.101720907e+03 +1.101720907e+03 -1.5467e+00 +1.9868e+00 +4.5457e-01 +2.7849e+00 +1.5354e+00 -3.9022e+00 -1.8672e+00 +1.8559e-01 -1.3654e+00 +3.6684e-02
324 0 +9.725992441e+01 +1.097259924e+03 +1.097259924e+03 -2.5896e+00 +2.2791e+00 +3.5411e+00 +3.9496e+00 +1.7599e+00 -3.7432e+00 -8.6150e-01 -1.2545e+00 -3.7546e+00 -1.4618e+00
370 0 +9.517685616e+01 +1.095176856e+03 +1.095176856e+03 -1.4412e-01 +1.9399e+00 +1.2319e+00 +2.6778e+00 +7.7266e-01 -2.6621e+00 -6.0127e-01 +1.1891e+00 -1.0714e+00 +1.4978e+00
459 0 +7.514861337e+01 +1.075148613e+03 +1.075148613e+03 -1.1389e+00 +1.6309e+00 +2.6607e+00 +1.6325e+00 +1.5435e+00 -2.9219e+00 -1.6083e+00 +5.4450e-01 -3.1854e-01 +4.8257e-01
735 0 +6.911416412e+01 +1.069114164e+03 +1.069114164e+03 -2.6707e+00 +1.9553e+00 +3.2155e+00 +4.4900e+00 +9.1802e-01 -4.3960e+00 -1.5520e+00 +1.1635e+00 -2.3294e+00 -3.8090e-01
799 0 +6.664503099e+01 +1.066645031e+03 +1.066645031e+03 -2.2949e+00 +3.0173e+00 +4.3147e+00 +3.6705e+00 +3.5784e+00 -4.0990e+00 -1.5853e+00 +7.0157e-01 -2.2043e+00 -9.8389e-01
805 0 +6.306738159e+01 +1.063067382e+03 +1.063067382e+03 -2.2854e+00 +3.3928e+00 +3.6271e+00 +4.0037e+00 +3.0743e+00 -3.2233e+00 -1.7620e+00 +1.6031e-02 -1.2309e+00 -4.1444e-01
846 0 +5.305416880e+01 +1.053054169e+03 +1.053054169e+03 -3.2146e+00 +2.5869e+00 +3.6659e+00 +3.7218e+00 +1.8590e+00 -2.8882e+00 -1.7054e+00 +4.0743e-01 -2.6510e+00 -1.5019e-01
1137 0 +4.747109867e+01 +1.047471099e+03 +1.047471099e+03 -2.6108e+00 +2.4928e+00 +2.6572e+00 +3.2082e+00 +2.6896e+00 -3.5566e+00 -1.0815e+00 +2.1712e-01 -1.5660e+00 -4.4254e-01
1189 0 +4.441506726e+01 +1.044415067e+03 +1.044415067e+03 -2.8197e+00 +2.7364e+00 +2.8421e+00 +3.6776e+00 +2.8291e+00 -2.7758e+00 -1.7325e+00 +2.1462e-01 -2.0186e+00 -4.6699e-01
1532 0 +2.891640350e+01 +1.028916404e+03 +1.028916404e+03 -3.0841e+00 +3.1262e+00 +3.4781e+00 +3.5535e+00 +2.8496e+00 -3.2262e+00 -1.9185e+00 +4.1643e-01 -2.1507e+00 -1.1469e+00
% f evaluations | g evaluations | best noise-free fitness - Fopt (7.003000000000e+01) + sum g_i+ | measured fitness | best measured fitness or single-digit g-values | x1 | x2...
1 0 +4.690146268e+02 +5.390446268e+02 +5.390446268e+02 +5.9671e-01 -3.8264e-02 +7.4769e-01 +1.6230e+00 -1.3415e-01 -1.3414e-01 +1.6792e+00 +8.6743e-01 -3.6947e-01 +6.4256e-01
2 0 +4.259955140e+02 +4.960255140e+02 +4.960255140e+02 -3.6342e-01 -3.6573e-01 +3.4196e-01 -1.8133e+00 -1.6249e+00 -4.6229e-01 -9.1283e-01 +4.1425e-01 -8.0802e-01 -1.3123e+00
3 0 +3.624191263e+02 +4.324491263e+02 +4.324491263e+02 +1.5656e+00 -1.2578e-01 +1.6753e-01 -1.3247e+00 -4.4438e-01 +2.1092e-01 -1.0510e+00 +4.7570e-01 -5.0064e-01 -1.9169e-01
5 0 +3.389819524e+02 +4.090119524e+02 +4.090119524e+02 +8.3847e-01 +2.7137e-01 -1.5648e-02 -2.0110e-01 -1.3785e+00 -6.1984e-01 -3.6064e-01 +1.1571e+00 +4.4362e-01 -1.6630e+00
10 0 +3.239878079e+02 +3.940178079e+02 +3.940178079e+02 +1.9708e-01 +1.0686e+00 -6.0205e-01 -2.2766e-01 -2.9211e-01 -1.3635e+00 +3.9612e-01 +3.6106e-01 +1.0511e-01 -1.3459e-01
27 0 +2.355858842e+02 +3.056158842e+02 +3.056158842e+02 -8.2693e-01 +4.0475e-02 -3.1413e+00 -9.2439e-01 -1.5257e-01 -1.1478e+00 +1.7324e+00 -1.3301e+00 -3.4004e-01 +2.3074e-01
51 0 +1.235748641e+02 +1.936048641e+02 +1.936048641e+02 -6.0808e-01 -1.7143e+00 -3.3125e+00 -8.3945e-01 -7.8657e-01 -2.3648e+00 -9.7536e-01 +5.5134e-01 -3.6223e-01 +3.0032e-01
255 0 +1.086164662e+02 +1.786464662e+02 +1.786464662e+02 -5.7258e-01 -3.1160e+00 -4.1932e+00 -5.1118e-01 +3.0829e+00 -2.6198e+00 -2.3672e+00 +3.0630e+00 -1.8897e+00 +7.7184e-01
407 0 +9.754489257e+01 +1.675748926e+02 +1.675748926e+02 +4.8417e-02 -3.8739e+00 -3.2276e+00 -1.9606e+00 -4.8145e-01 -3.8657e+00 -4.1259e-01 -4.7515e-01 -4.3765e+00 +8.8760e-01
422 0 +9.524984845e+01 +1.652798485e+02 +1.652798485e+02 -1.7185e+00 -1.5139e+00 -4.1646e+00 +8.2539e-01 +1.3278e+00 -3.4910e+00 -2.4471e+00 +1.1373e+00 -2.1963e+00 +2.8903e-01
458 0 +9.109791317e+01 +1.611279132e+02 +1.611279132e+02 +1.9905e-01 -2.5262e+00 -3.3253e+00 -6.0483e-01 -9.5681e-01 -2.6227e+00 -1.8224e-01 +1.2235e+00 -2.7207e+00 -1.5954e-01
540 0 +8.873739992e+01 +1.587673999e+02 +1.587673999e+02 -1.6618e-02 -2.2194e+00 -4.5333e+00 -7.2572e-01 +1.7340e+00 -3.7170e+00 -2.0215e+00 +2.1733e+00 -1.3365e+00 +2.9100e-01
561 0 +8.400351999e+01 +1.540335200e+02 +1.540335200e+02 -9.2546e-01 -2.1340e+00 -3.2983e+00 -3.1078e+00 -1.5289e-01 -2.7248e+00 -7.8419e-01 +2.0052e+00 -4.9104e+00 +7.5776e-01
584 0 +5.995545183e+01 +1.299854518e+02 +1.299854518e+02 -6.3983e-01 -2.7567e+00 -3.3615e+00 -8.1661e-02 -9.9415e-02 -4.1037e+00 -1.3902e+00 +1.1104e+00 -3.1527e+00 +6.4451e-01
927 0 +5.871953533e+01 +1.287495353e+02 +1.287495353e+02 -1.6411e+00 -2.6381e+00 -4.8742e+00 -3.1190e+00 -2.6910e-01 -3.5634e+00 -2.0576e-01 -3.3581e-02 -3.2545e+00 +1.3328e+00
1265 0 +4.572722469e+01 +1.157572247e+02 +1.157572247e+02 -7.5452e-01 -2.0983e+00 -3.7413e+00 -1.7562e+00 -3.4598e-03 -4.9738e+00 -6.6843e-01 +1.5898e+00 -3.5492e+00 -5.5899e-02
1769 0 +3.941718613e+01 +1.094471861e+02 +1.094471861e+02 -6.8788e-01 -2.5313e+00 -4.7336e+00 -2.3869e+00 +1.8177e-01 -3.7745e+00 -7.4392e-01 +8.0358e-01 -3.7820e+00 +7.1981e-01
% f evaluations | g evaluations | best noise-free fitness - Fopt (-4.822000000000e+01) + sum g_i+ | measured fitness | best measured fitness or single-digit g-values | x1 | x2...
1 0 +5.985105985e+02 +5.502905985e+02 +5.502905985e+02 +5.9671e-01 -3.8264e-02 +7.4769e-01 +1.6230e+00 -1.3415e-01 -1.3414e-01 +1.6792e+00 +8.6743e-01 -3.6947e-01 +6.4256e-01
8 0 +5.062778837e+02 +4.580578837e+02 +4.580578837e+02 +4.6140e-01 +1.6380e+00 +6.4174e-02 +1.6646e+00 -2.5197e+00 +9.2190e-01 +1.8705e-01 -1.9901e-01 +1.9176e-01 -1.8876e+00
19 0 +4.842947987e+02 +4.360747987e+02 +4.360747987e+02 +7.2567e-01 -7.5716e-01 -9.7089e-01 +5.8247e-01 -1.2346e-01 +8.1400e-01 +5.7324e-01 +2.7171e-02 -7.4679e-01 -1.4148e+00
35 0 +4.522011048e+02 +4.039811048e+02 +4.039811048e+02 -7.2222e-01 +3.4369e-01 +3.4497e-01 -4.0694e-01 -3.7104e-01 +3.3205e-01 -1.3481e+00 -1.3075e+00 -6.1844e-01 -1.1345e-01
44 0 +4.333077766e+02 +3.850877766e+02 +3.850877766e+02 -1.0833e+00 -1.9392e+00 -1.6941e-01 +8.1754e-01 +1.6024e+00 +1.7409e-01 +1.7286e+00 -1.2801e+00 -1.6034e+00 +4.4452e-02
45 0 +4.321406550e+02 +3.839206550e+02 +3.839206550e+02 +4.8407e-01 +6.7305e-02 -1.9674e+00 +1.0880e-02 -1.2045e+00 +7.6967e-01 +4.6660e-01 -8.3988e-01 -4.1387e-01 -9.5921e-01
51 0 +3.395082334e+02 +2.912882334e+02 +2.912882334e+02 -2.0488e+00 -2.3120e+00 +5.1144e-02 +4.9197e-01 -1.5194e-01 -1.4462e-01 +5.9478e-01 -1.2659e-01 -3.0725e+00 -1.4459e-02
52 0 +2.901049466e+02 +2.418849466e+02 +2.418849466e+02 -1.4691e+00 -2.1178e-01 -1.6312e-01 -8.9968e-02 -6.0598e-01 +4.7459e-01 +4.2986e-01 -7.2772e-01 -1.5667e+00 +6.1556e-01
56 0 +2.562719101e+02 +2.080519101e+02 +2.080519101e+02 -6.3252e-01 +4.5042e-01 -2.4428e-02 +1.5221e+00 -2.5060e+00 +4.1651e-01 +6.3835e-01 -2.5222e-01 -1.5356e+00 +1.1760e+00
101 0 +2.269005547e+02 +1.786805547e+02 +1.786805547e+02 -3.6610e+00 -9.7965e-01 -3.5957e+00 +2.5761e+00 -2.0611e+00 +1.3296e+00 -2.5658e+00 +6.4540e-01 -1.5293e+00 +2.4919e-01
117 0 +2.053427382e+02 +1.571227382e+02 +1.571227382e+02 -8.6218e-01 -1.2819e+00 -3.3195e+00 +9.8940e-01 -2.0367e+00 +1.7980e+00 -1.5503e+00 -4.9659e-01 -2.5724e+00 +8.2547e-02
152 0 +1.951703203e+02 +1.469503203e+02 +1.469503203e+02 -3.9956e+00 -2.2233e-02 -2.5250e+00 +2.8314e+00 -2.0999e+00 +2.2704e+00 -2.5138e+00 +4.9557e-01 -3.6923e+00 +4.3197e+00
158 0 +1.743116054e+02 +1.260916054e+02 +1.260916054e+02 -4.7621e-01 -9.6766e-01 -1.0905e+00 -1.2480e-01 +3.1990e-02 +9.8262e-01 -3.6838e+00 -3.6381e-01 -4.3513e+00 +3.5911e+00
159 0 +1.459747584e+02 +9.775475839e+01 +9.775475839e+01 -9.1680e-01 -7.3329e-01 -1.1316e+00 +2.4014e+00 -1.6823e+00 +2.7289e+00 -2.3658e+00 +1.1250e+00 -4.8508e+00 +1.6586e+00
301 0 +1.341861342e+02 +8.596613424e+01 +8.596613424e+01 -1.8037e+00 -9.0961e-01 -3.9308e+00 -2.9312e-01 -3.1681e+00 +3.9314e+00 -1.7499e+00 +3.0337e+00 -2.0571e+00 +2.0706e+00
303 0 +1.145932368e+02 +6.637323684e+01 +6.637323684e+01 -2.8086e+00 -2.8481e+00 -2.2956e+00 +2.6680e-01 -3.4033e+00 +4.2520e+00 -8.5777e-01 +5.5360e-01 -1.9130e+00 +2.5596e+00
357 0 +1.058327657e+02 +5.761276566e+01 +5.761276566e+01 -1.2775e+00 -5.5549e-01 -2.2680e+00 +2.0381e+00 -4.2962e+00 +3.8265e+00 -4.3982e+00 +2.0342e+00 -1.5102e+00 +3.2935e+00
458 0 +1.019009351e+02 +5.368093515e+01 +5.368093515e+01 -3.7958e+00 -1.4848e+00 -1.6724e+00 +9.0103e-02 -4.2609e+00 +2.3526e+00 -3.2887e+00 +1.2971e+00 -4.8106e-01 +3.2190e+00
486 0 +1.016929841e+02 +5.347298414e+01 +5.347298414e+01 -1.8228e+00 +1.8617e-01 -4.4706e+00 -2.6207e-01 -2.6605e+00 +3.1676e+00 -4.2306e+00 +2.4492e+00 -3.2534e+00 +2.6755e+00
508 0 +7.422884772e+01 +2.600884772e+01 +2.600884772e+01 -1.9934e+00 -1.7654e+00 -1.8161e+00 +1.4957e+00 -2.1042e+00 +2.5888e+00 -4.1403e+00 +1.8629e+00 -3.6484e+00 +2.6881e+00
761 0 +7.144751804e+01 +2.322751804e+01 +2.322751804e+01 -2.9761e+00 -1.3787e+00 -2.6191e+00 +2.5400e-01 -3.9401e+00 +3.3895e+00 -2.4552e+00 +9.7864e-01 -1.4849e+00 +2.3622e+00
791 0 +6.388683327e+01 +1.566683327e+01 +1.566683327e+01 -2.1044e+00 -1.6773e+00 -2.7838e+00 +4.2885e-01 -3.4593e+00 +2.8748e+00 -2.8154e+00 +1.1758e+00 -2.3454e+00 +2.9678e+00
814 0 +5.954773430e+01 +1.132773430e+01 +1.132773430e+01 -1.8233e+00 -4.6913e-01 -2.8572e+00 -3.8125e-02 -4.0398e+00 +3.0240e+00 -3.9583e+00 +1.6273e+00 -2.1426e+00 +2.9540e+00
943 0 +5.831547298e+01 +1.009547298e+01 +1.009547298e+01 -2.2030e+00 -1.5097e+00 -3.0732e+00 +8.9432e-01 -3.9485e+00 +3.2722e+00 -3.6374e+00 +2.0254e+00 -1.4274e+00 +3.3682e+00
1240 0 +5.180596564e+01 +3.585965642e+00 +3.585965642e+00 -9.3254e-01 -9.9653e-01 -2.7563e+00 +1.6005e-01 -3.4788e+00 +3.9160e+00 -3.0423e+00 +1.3918e+00 -2.4167e+00 +2.5511e+00
1261 0 +4.325065180e+01 -4.969348202e+00 -4.969348202e+00 -1.4890e+00 -6.5207e-01 -1.5209e+00 +5.7201e-01 -3.1844e+00 +3.2420e+00 -3.1388e+00 +5.4553e-01 -2.7619e+00 +4.0223e+00
1510 0 +4.264387709e+01 -5.576122914e+00 -5.576122914e+00 -1.6741e+00 -5.6428e-01 -3.2354e+00 +8.3107e-01 -2.9303e+00 +3.3396e+00 -3.9264e+00 +1.1078e+00 -2.0773e+00 +4.2389e+00
% f evaluations | g evaluations | best noise-free fitness - Fopt (2.547000000000e+01) + sum g_i+ | measured fitness | best measured fitness or single-digit g-values | x1 | x2...
1 0 +4.380488020e+02 +4.635188020e+02 +4.635188020e+02 +5.9671e-01 -3.8264e-02 +7.4769e-01 +1.6230e+00 -1.3415e-01 -1.3414e-01 +1.6792e+00 +8.6743e-01 -3.6947e-01 +6.4256e-01
2 0 +2.529510905e+02 +2.784210905e+02 +2.784210905e+02 -3.6342e-01 -3.6573e-01 +3.4196e-01 -1.8133e+00 -1.6249e+00 -4.6229e-01 -9.1283e-01 +4.1425e-01 -8.0802e-01 -1.3123e+00
11 0 +2.305142672e+02 +2.559842672e+02 +2.559842672e+02 -1.3154e+00 -3.2065e-01 -2.4271e-01 -7.0228e-01 -6.1286e-02 +5.0405e-01 +1.9862e+00 +2.7458e-01 +3.5755e-01 +2.5554e-02
14 0 +2.216462330e+02 +2.471162330e+02 +2.471162330e+02 -1.4507e+00 +1.6856e-01 -9.6230e-01 +5.7359e-01 -8.1942e-01 +1.6499e+00 -6.8325e-01 -2.2206e-01 +9.1352e-01 -1.1309e+00
39 0 +2.079405809e+02 +2.334105809e+02 +2.334105809e+02 -7.3972e-01 -4.9939e-01 -2.0239e+00 -4.2576e-01 -6.5913e-01 +2.5039e-01 +4.4176e-01 +1.9762e+00 +1.0504e+00 -4.7690e-01
51 0 +2.076516529e+02 +2.331216529e+02 +2.331216529e+02 -2.4258e+00 -1.1802e+00 +1.1124e+00 -2.5904e-01 -1.4713e+00 -1.0364e+00 -7.0647e-01 +2.0407e+00 +8.0784e-01 -8.5123e-01
55 0 +1.548337822e+02 +1.803037822e+02 +1.803037822e+02 -2.7904e+00 -4.4111e-01 -2.0850e+00 +1.1049e+00 +1.0571e-01 -7.0982e-01 +3.7602e-02 +9.1702e-01 +1.0909e+00 -1.3831e+00
102 0 +1.446854989e+02 +1.701554989e+02 +1.701554989e+02 -4.1498e+00 -1.4458e+00 -2.7835e+00 -1.2554e+00 -2.6928e+00 +1.3128e-01 -6.5136e-01 -6.8024e-01 +4.1713e+00 -8.6417e-01
105 0 +9.195213754e+01 +1.174221375e+02 +1.174221375e+02 -4.0716e+00 -1.1322e+00 -1.1163e+00 +1.7555e-01 -2.8189e+00 +3.6003e-01 -9.1653e-01 +1.3695e-01 +3.2058e+00 -6.5904e-01
302 0 +8.939688140e+01 +1.148668814e+02 +1.148668814e+02 -3.9995e+00 -3.1119e+00 -1.1794e+00 -2.0298e+00 -9.5530e-01 -4.6393e-01 +3.4155e-02 -1.0179e-01 +1.3399e+00 -1.1158e+00
366 0 +8.922643165e+01 +1.146964317e+02 +1.146964317e+02 -3.6983e+00 -1.1096e-01 -1.7138e+00 +5.9295e-01 -3.6162e+00 -1.5182e+00 -5.4576e-01 -9.1710e-01 +1.9839e+00 -4.2687e-01
468 0 +8.718526177e+01 +1.126552618e+02 +1.126552618e+02 -3.5934e+00 -3.3057e+00 -9.0020e-01 -1.4735e+00 -2.2293e+00 -9.1079e-01 -1.6785e+00 +1.1514e-01 +2.2487e+00 -1.2873e+00
574 0 +8.408980192e+01 +1.095598019e+02 +1.095598019e+02 -4.1114e+00 -1.1125e+00 -1.5056e+00 -1.7500e+00 -2.7254e+00 -4.4242e-01 -1.7826e+00 -8.8492e-01 +2.8743e+00 -4.8339e-01
580 0 +8.077054511e+01 +1.062405451e+02 +1.062405451e+02 -4.6040e+00 -1.1474e+00 -4.7238e-01 -1.1572e+00 -3.1839e+00 -2.0533e-01 +1.8885e-01 -1.0116e+00 +3.6835e+00 -7.2683e-01
581 0 +7.067765151e+01 +9.614765151e+01 +9.614765151e+01 -4.0095e+00 -8.5880e-01 -8.7264e-01 -2.7058e+00 -2.5544e+00 +6.0816e-02 -4.0984e-01 +4.1405e-01 +2.0124e+00 +3.3170e-01
613 0 +6.810954735e+01 +9.357954735e+01 +9.357954735e+01 -4.6004e+00 -1.2372e+00 -5.4917e-01 -2.0122e+00 -2.4754e+00 -4.6897e-01 -1.0657e+00 -5.4423e-02 +3.4860e+00 -9.3239e-01
646 0 +4.988728766e+01 +7.535728766e+01 +7.535728766e+01 -4.2975e+00 -2.1383e+00 -7.7953e-01 -2.2532e+00 -1.8075e+00 +5.1752e-01 -1.5748e+00 -2.9251e-01 +2.7566e+00 -8.1458e-01
1574 0 +4.921066013e+01 +7.468066013e+01 +7.468066013e+01 -4.3941e+00 -1.9604e+00 -1.6191e+00 -1.6157e+00 -1.6457e+00 -7.2634e-01 -8.9166e-01 -5.5027e-01 +2.7727e+00 -1.2081e+00
2068 0 +4.311608109e+01 +6.858608109e+01 +6.858608109e+01 -4.1656e+00 -2.4862e+00 -7.6978e-01 -2.4839e+00 -8.3886e-01 +1.4131e-01 -1.7411e+00 -4.8388e-02 +3.3603e+00 -6.0598e-01
2072 0 +4.214906161e+01 +6.761906161e+01 +6.761906161e+01 -3.8192e+00 -1.9811e+00 -9.1413e-01 -2.1447e+00 -2.1273e+00 +4.5571e-01 -1.2849e+00 -9.1627e-02 +3.5233e+00 -6.1586e-01
% f evaluations | g evaluations | best noise-free fitness - Fopt (-1.008100000000e+02) + sum g_i+ | measured fitness | best measured fitness or single-digit g-values | x1 | x2...
1 0 +2.131168030e+02 +1.123068030e+02 +1.123068030e+02 +5.9671e-01 -3.8264e-02 +7.4769e-01 +1.6230e+00 -1.3415e-01 -1.3414e-01 +1.6792e+00 +8.6743e-01 -3.6947e-01 +6.4256e-01
3 0 +2.048179485e+02 +1.040079485e+02 +1.040079485e+02 +1.5656e+00 -1.2578e-01 +1.6753e-01 -1.3247e+00 -4.4438e-01 +2.1092e-01 -1.0510e+00 +4.7570e-01 -5.0064e-01 -1.9169e-01
6 0 +1.333763575e+02 +3.256635750e+01 +3.256635750e+01 +4.2408e-01 -2.8508e-01 -5.7692e-01 +7.1168e-01 +1.1310e+00 +1.0313e+00 -7.3922e-01 -2.0921e-01 +4.3126e-01 +1.0755e+00
57 0 +1.168206479e+02 +1.601064785e+01 +1.601064785e+01 +4.8207e-01 -4.8778e-01 +1.1275e+00 +5.4816e-01 -2.3414e-02 +5.2198e-01 -5.2407e-02 +9.9271e-01 -8.3851e-01 -4.5470e-01
60 0 +1.159772459e+02 +1.516724590e+01 +1.516724590e+01 +4.4703e-01 -1.8701e-01 +1.6489e-01 +3.2059e-01 +1.0166e+00 +5.0294e-01 -1.9363e-01 +9.4869e-01 -1.8735e+00 +8.7181e-01
69 0 +9.185715417e+01 -8.952845831e+00 -8.952845831e+00 +5.2656e-01 +3.3851e-01 +3.2547e-01 -7.3884e-01 +1.9944e+00 +9.4306e-01 +1.0573e+00 +1.5585e+00 -6.5166e-01 -4.4259e-01
425 0 +9.125284435e+01 -9.557155651e+00 -9.557155651e+00 +1.6609e+00 -7.6715e-01 +1.8937e+00 -7.8819e-01 +1.1142e+00 +2.6160e+00 +3.8738e-01 +2.2827e+00 -3.6734e+00 -2.1936e+00
455 0 +8.973837256e+01 -1.107162744e+01 -1.107162744e+01 +6.4716e-02 +2.1689e+00 +1.5038e+00 +1.1685e+00 +2.5300e+00 +1.8458e+00 +2.0393e-01 +1.4334e+00 -3.3991e+00 -1.0207e+00
470 0 +8.529399277e+01 -1.551600723e+01 -1.551600723e+01 +1.6928e+00 +1.2200e+00 +1.0442e-01 +1.4217e-01 +2.0757e+00 +7.3648e-01 +2.0051e-01 +1.8127e+00 -2.0949e+00 +3.6537e-02
471 0 +8.200477986e+01 -1.880522014e+01 -1.880522014e+01 +1.5610e+00 +1.4964e+00 +1.1100e+00 +7.1719e-01 +2.3315e+00 +4.9243e-01 +4.8079e-01 +5.5302e-01 -8.7503e-01 -5.2008e-01
474 0 +7.610670956e+01 -2.470329044e+01 -2.470329044e+01 +1.0947e+00 +6.6164e-01 +4.9700e-01 -3.8937e-01 +2.0303e+00 +1.4101e+00 +8.4984e-04 +2.0180e+00 -3.9886e+00 +5.0224e-01
566 0 +7.317773444e+01 -2.763226556e+01 -2.763226556e+01 +1.8135e+00 +9.7493e-01 +1.6208e+00 +1.3548e-01 +2.5032e+00 +2.2032e+00 -1.0884e+00 +1.3697e+00 -3.3689e+00 -5.7779e-01
591 0 +5.840292944e+01 -4.240707056e+01 -4.240707056e+01 +7.1434e-01 +6.7934e-01 +5.8267e-01 -3.2510e-01 +3.1799e+00 +2.1864e+00 +5.0730e-01 +1.4818e+00 -2.6190e+00 +3.1974e-01
655 0 +4.150375426e+01 -5.930624574e+01 -5.930624574e+01 +2.2105e+00 +1.5149e+00 +1.4237e+00 -5.5419e-01 +3.0347e+00 +9.3009e-01 +1.6413e-01 +1.6107e+00 -3.2166e+00 -4.7071e-01
1399 0 +4.054041646e+01 -6.026958354e+01 -6.026958354e+01 +8.0958e-01 +9.8936e-01 +4.8944e-01 +3.1496e-01 +2.5328e+00 +1.0907e+00 +2.2487e-01 +1.5818e+00 -3.5043e+00 +3.1717e-02
1478 0 +4.050169403e+01 -6.030830597e+01 -6.030830597e+01 +1.1853e+00 +4.6798e-01 +9.3762e-01 -2.3336e-01 +2.9148e+00 +1.4114e+00 +2.4992e-01 +1.3774e+00 -2.9250e+00 -9.2738e-01
% f evaluations | g evaluations | best noise-free fitness - Fopt (-3.531300000000e+02) + sum g_i+ | measured fitness | best measured fitness or single-digit g-values | x1 | x2...
1 0 +3.447623710e+02 -8.367629021e+00 -8.367629021e+00 +5.9671e-01 -3.8264e-02 +7.4769e-01 +1.6230e+00 -1.3415e-01 -1.3414e-01 +1.6792e+00 +8.6743e-01 -3.6947e-01 +6.4256e-01
2 0 +2.900329853e+02 -6.309701472e+01 -6.309701472e+01 -3.6342e-01 -3.6573e-01 +3.4196e-01 -1.8133e+00 -1.6249e+00 -4.6229e-01 -9.1283e-01 +4.1425e-01 -8.0802e-01 -1.3123e+00
3 0 +2.655766200e+02 -8.755338001e+01 -8.755338001e+01 +1.5656e+00 -1.2578e-01 +1.6753e-01 -1.3247e+00 -4.4438e-01 +2.1092e-01 -1.0510e+00 +4.7570e-01 -5.0064e-01 -1.9169e-01
7 0 +2.462419201e+02 -1.068880799e+02 -1.068880799e+02 -3.7917e-01 -8.5659e-02 -1.0063e+00 -1.0962e+00 +9.1253e-01 +1.4562e+00 +2.7990e-02 +1.1035e+00 +4.6164e-01 -5.4512e-01
18 0 +1.835908094e+02 -1.695391906e+02 -1.695391906e+02 -7.8951e-01 -7.1581e-01 +2.2898e-02 +4.4115e-01 +3.7669e-01 +9.2718e-01 +1.1300e-01 +1.5535e+00 -1.6466e-01 +2.8202e+00
53 0 +1.394048556e+02 -2.137251444e+02 -2.137251444e+02 -7.8552e-01 -3.1505e-02 -6.2274e-01 -2.2036e+00 -5.5406e-01 -1.9918e-02 -7.3807e-01 +2.7902e+00 +1.1697e+00 +5.8983e-01
127 0 +1.374922350e+02 -2.156377650e+02 -2.156377650e+02 -1.9682e+00 +8.6354e-01 -8.2096e-01 -1.7104e+00 -2.1296e+00 -1.4155e+00 -1.9041e-01 +1.5125e+00 -1.1748e-01 +1.0346e+00
151 0 +1.307081495e+02 -2.224218505e+02 -2.224218505e+02 -9.8815e-01 -1.1329e+00 -1.5397e+00 -4.2858e+00 -4.3160e-01 +1.4173e+00 -5.0827e-01 +3.7866e+00 +1.6618e+00 +4.2344e-01
157 0 +1.222346364e+02 -2.308953636e+02 -2.308953636e+02 -1.2528e+00 -1.4379e+00 -7.2169e-01 -3.6861e+00 -7.0775e-01 -1.2130e+00 -5.3503e-01 +1.4105e+00 -1.0887e-02 +2.2443e+00
162 0 +1.185490632e+02 -2.345809368e+02 -2.345809368e+02 -5.8593e-01 +2.9214e-01 -3.9623e-01 -1.5101e+00 -1.9645e+00 -8.1622e-01 -9.8519e-01 +1.0709e+00 +2.9262e+00 +2.0138e+00
254 0 +6.994837327e+01 -2.831816267e+02 -2.831816267e+02 -2.5660e+00 +7.1163e-01 +3.5016e-01 -4.6892e+00 -1.0043e+00 +1.1506e+00 -7.1989e-01 +2.9660e+00 +1.3746e+00 +2.8567e+00
642 0 +6.185555272e+01 -2.912744473e+02 -2.912744473e+02 -3.9437e+00 +3.2461e-02 -3.3724e-01 -3.0747e+00 -1.1639e-01 +1.0396e+00 -7.6865e-01 +2.5669e+00 +1.4532e+00 +3.4040e+00
709 0 +5.050119681e+01 -3.026288032e+02 -3.026288032e+02 -3.0844e+00 +3.8534e-01 -1.8594e+00 -3.5628e+00 -7.8522e-01 -6.2628e-01 -1.5789e+00 +3.1754e+00 +1.8117e+00 +1.9476e+00
817 0 +3.693221015e+01 -3.161977898e+02 -3.161977898e+02 -3.1099e+00 -1.3531e-01 -1.8272e+00 -3.6506e+00 -8.3534e-01 -1.0428e+00 -1.9308e+00 +2.2660e+00 +2.3220e+00 +2.2431e+00
% f evaluations | g evaluations | best noise-free fitness - Fopt (8.716000000000e+01) + sum g_i+ | measured fitness | best measured fitness or single-digit g-values | x1 | x2...
1 0 +3.064025736e+02 +3.935625736e+02 +3.935625736e+02 +5.9671e-01 -3.8264e-02 +7.4769e-01 +1.6230e+00 -1.3415e-01 -1.3414e-01 +1.6792e+00 +8.6743e-01 -3.6947e-01 +6.4256e-01
5 0 +2.847463446e+02 +3.719063446e+02 +3.719063446e+02 +8.3847e-01 +2.7137e-01 -1.5648e-02 -2.0110e-01 -1.3785e+00 -6.1984e-01 -3.6064e-01 +1.1571e+00 +4.4362e-01 -1.6630e+00
8 0 +2.176103578e+02 +3.047703578e+02 +3.047703578e+02 +4.6140e-01 +1.6380e+00 +6.4174e-02 +1.6646e+00 -2.5197e+00 +9.2190e-01 +1.8705e-01 -1.9901e-01 +1.9176e-01 -1.8876e+00
51 0 +1.750495244e+02 +2.622095244e+02 +2.622095244e+02 -4.8340e-01 +5.1501e-01 -1.9778e+00 +1.3159e+00 -4.5760e-01 +2.4515e-01 -4.5695e-01 +1.8695e+00 -2.9630e-01 +6.2303e-01
56 0 +1.518044709e+02 +2.389644709e+02 +2.389644709e+02 +6.4671e-01 +6.3054e-01 -2.1957e-01 +8.5071e-01 -2.5413e+00 -8.1935e-01 -8.7696e-01 +2.0287e+00 +7.2212e-01 -1.5767e-01
124 0 +1.397787518e+02 +2.269387518e+02 +2.269387518e+02 +1.2365e+00 +3.1754e+00 -2.0484e+00 +2.5075e+00 +8.4560e-02 -1.8391e+00 +1.5302e+00 +1.5234e+00 -7.7855e-01 -6.9939e-01
153 0 +1.375340324e+02 +2.246940324e+02 +2.246940324e+02 -4.6660e-01 +1.7216e+00 -4.0528e+00 +1.6477e+00 -4.8155e-01 +6.5328e-01 -3.7021e-01 +1.6660e+00 -1.5748e+00 -1.8416e-01
259 0 +1.319130199e+02 +2.190730199e+02 +2.190730199e+02 +1.1371e+00 +6.5461e-01 -2.9428e+00 +3.5824e+00 +1.1919e+00 -6.3721e-01 -2.1650e-01 +1.4662e+00 -1.6256e+00 +7.8635e-01
303 0 +1.314631678e+02 +2.186231678e+02 +2.186231678e+02 +4.3068e-01 +1.4497e+00 -1.5855e+00 +2.5522e+00 +7.4661e-01 -1.6305e+00 +1.0769e+00 +1.5553e+00 -3.4359e+00 +7.2056e-01
304 0 +1.051890249e+02 +1.923490249e+02 +1.923490249e+02 +2.2282e+00 +4.1861e-01 -3.4078e+00 +2.4624e+00 +2.2863e+00 -1.9069e+00 -1.5351e+00 +1.2071e+00 -1.7099e+00 -1.9202e+00
308 0 +7.114406299e+01 +1.583040630e+02 +1.583040630e+02 +2.6316e+00 +2.7672e-01 -2.9761e+00 +4.3331e+00 +8.7373e-02 -2.4262e+00 +3.7209e-01 +1.7184e+00 -2.3320e+00 +1.8362e+00
466 0 +6.660566795e+01 +1.537656679e+02 +1.537656679e+02 +6.6825e-01 -5.5082e-01 -2.1850e+00 +4.2065e+00 +6.6836e-01 -1.2140e-01 +1.2273e+00 +2.7950e+00 -2.9698e+00 +2.0601e+00
619 0 +6.300424925e+01 +1.501642493e+02 +1.501642493e+02 +2.0018e+00 +1.3447e-02 -3.4883e+00 +3.4075e+00 -2.0225e-01 -1.1227e+00 +1.0028e+00 +1.9429e+00 -1.9382e+00 +6.8312e-01
879 0 +5.377708940e+01 +1.409370894e+02 +1.409370894e+02 +1.6026e+00 +1.7071e+00 -1.8261e+00 +3.9401e+00 +2.0506e-01 -7.6275e-01 +1.2392e+00 +2.8153e+00 -2.9765e+00 -8.0426e-01
936 0 +5.251468378e+01 +1.396746838e+02 +1.396746838e+02 +2.8319e+00 +8.0231e-01 -3.0479e+00 +3.9492e+00 +1.6143e+00 -2.5492e+00 +1.8608e+00 +2.4878e+00 -2.2195e+00 -3.1842e-01
1142 0 +4.791445499e+01 +1.350744550e+02 +1.350744550e+02 +1.8732e+00 +8.0645e-01 -2.9419e+00 +3.6407e+00 +7.3441e-01 -1.2290e+00 +1.4682e+00 +2.4688e+00 -2.7030e+00 +5.7857e-01
1906 0 +3.521741727e+01 +1.223774173e+02 +1.223774173e+02 +2.5602e+00 +8.6534e-01 -2.8291e+00 +3.9138e+00 +6.5348e-01 -2.2805e+00 +1.3760e+00 +2.9531e+00 -2.1876e+00 +2.6856e-02
% f evaluations | g evaluations | best noise-free fitness - Fopt (-3.475000000000e+01) + sum g_i+ | measured fitness | best measured fitness or single-digit g-values | x1 | x2...
1 0 +4.898656078e+02 +4.551156078e+02 +4.551156078e+02 +5.9671e-01 -3.8264e-02 +7.4769e-01 +1.6230e+00 -1.3415e-01 -1.3414e-01 +1.6792e+00 +8.6743e-01 -3.6947e-01 +6.4256e-01
4 0 +3.640691597e+02 +3.293191597e+02 +3.293191597e+02 -5.0171e-01 +1.9523e+00 +8.6503e-02 -9.5771e-01 +9.2254e-01 -1.1208e+00 +3.0886e-01 -1.8597e+00 -1.2282e+00 +2.9686e-01
51 0 +2.754522773e+02 +2.407022773e+02 +2.407022773e+02 +3.3063e-01 +2.7786e+00 -1.6351e+00 +1.8324e+00 +2.0251e+00 -1.9863e+00 -6.1389e-02 -1.4626e+00 -1.5540e+00 +1.0271e+00
52 0 +2.743536875e+02 +2.396036875e+02 +2.396036875e+02 +8.6228e-01 +1.6543e+00 +5.6165e-01 +6.0070e-01 +9.2294e-01 -2.5550e+00 -2.1618e-01 -4.1804e-01 -1.0110e+00 +1.2301e-01
57 0 +2.701949198e+02 +2.354449198e+02 +2.354449198e+02 +7.4288e-01 +2.7907e+00 +4.6593e-01 +2.1049e-02 +1.1556e+00 -2.8632e+00 +1.0943e+00 +6.3389e-01 -2.6478e+00 -1.7874e+00
60 0 +2.462384680e+02 +2.114884680e+02 +2.114884680e+02 +1.6391e+00 +9.0869e-01 -1.0075e+00 +1.3632e+00 +7.4024e-01 -8.6900e-01 +2.1094e+00 -2.2836e+00 -2.2128e+00 -1.7861e-01
101 0 +1.202297974e+02 +8.547979737e+01 +8.547979737e+01 -5.1536e-01 +2.7946e+00 +7.6392e-01 +8.2070e-01 -2.5293e+00 -4.7575e+00 +1.4447e+00 -2.5726e+00 -2.4140e+00 +1.9220e+00
354 0 +8.074238571e+01 +4.599238571e+01 +4.599238571e+01 +2.0389e+00 +2.0982e+00 -1.3949e+00 +3.2414e+00 -7.8533e-01 -3.0384e+00 +1.5682e+00 -2.3465e+00 -3.7088e+00 +2.1788e+00
524 0 +7.873376302e+01 +4.398376302e+01 +4.398376302e+01 +2.1112e+00 +2.4648e+00 -1.5230e-01 +3.0595e+00 -3.1524e+00 -3.7184e+00 +1.2489e+00 -2.8499e+00 -4.2956e+00 +3.1992e+00
700 0 +7.290610643e+01 +3.815610643e+01 +3.815610643e+01 +1.8477e+00 +2.2661e+00 +3.6411e-02 +4.4031e+00 -2.9967e+00 -4.3233e+00 +3.3335e+00 -1.9306e+00 -4.7743e+00 +2.8129e+00
800 0 +6.218851068e+01 +2.743851068e+01 +2.743851068e+01 +1.2465e+00 +3.7213e+00 +2.7597e-02 +2.0776e+00 -1.1958e+00 -4.2203e+00 +1.3279e+00 -2.8919e+00 -2.5974e+00 +2.8013e+00
835 0 +6.138599600e+01 +2.663599600e+01 +2.663599600e+01 +1.0329e+00 +2.7094e+00 +4.4552e-01 +3.4189e+00 -1.7669e+00 -4.8421e+00 +1.5456e+00 -3.1204e+00 -3.9027e+00 +2.6490e+00
871 0 +5.581271586e+01 +2.106271586e+01 +2.106271586e+01 +1.2719e+00 +2.5997e+00 -5.4181e-02 +2.4044e+00 -1.7595e+00 -4.9104e+00 +1.0780e+00 -3.0758e+00 -4.0803e+00 +1.9094e+00
1092 0 +5.382499054e+01 +1.907499054e+01 +1.907499054e+01 +2.1822e+00 +1.5847e+00 +1.5095e-02 +4.1590e+00 -2.3220e+00 -3.5536e+00 +1.9129e+00 -2.8227e+00 -4.8327e+00 +3.1807e+00
1124 0 +5.042684787e+01 +1.567684787e+01 +1.567684787e+01 +2.5923e+00 +6.9545e-01 -3.3776e-01 +3.1957e+00 -1.4605e+00 -3.9368e+00 +1.8016e+00 -3.5429e+00 -4.3428e+00 +3.0037e+00
1322 0 +4.556404259e+01 +1.081404259e+01 +1.081404259e+01 +1.8141e+00 +1.7822e+00 -1.2078e-01 +3.1605e+00 -1.5368e+00 -3.7820e+00 +1.3801e+00 -2.7947e+00 -3.9355e+00 +2.4226e+00
1828 0 +4.064920917e+01 +5.899209169e+00 +5.899209169e+00 +1.3231e+00 +2.3295e+00 +2.4050e-01 +3.3114e+00 -1.8091e+00 -4.2825e+00 +1.4492e+00 -3.4555e+00 -4.2976e+00 +2.4734e+00
% f evaluations | g evaluations | best noise-free fitness - Fopt (-1.000000000000e+03) + sum g_i+ | measured fitness | best measured fitness or single-digit g-values | x1 | x2...
1 0 +3.737056854e+02 -6.262943146e+02 -6.262943146e+02 +5.9671e-01 -3.8264e-02 +7.4769e-01 +1.6230e+00 -1.3415e-01 -1.3414e-01 +1.6792e+00 +8.6743e-01 -3.6947e-01 +6.4256e-01
2 0 +2.602376507e+02 -7.397623493e+02 -7.397623493e+02 -3.6342e-01 -3.6573e-01 +3.4196e-01 -1.8133e+00 -1.6249e+00 -4.6229e-01 -9.1283e-01 +4.1425e-01 -8.0802e-01 -1.3123e+00
5 0 +2.085217722e+02 -7.914782278e+02 -7.914782278e+02 +8.3847e-01 +2.7137e-01 -1.5648e-02 -2.0110e-01 -1.3785e+00 -6.1984e-01 -3.6064e-01 +1.1571e+00 +4.4362e-01 -1.6630e+00
7 0 +1.879951466e+02 -8.120048534e+02 -8.120048534e+02 -3.7917e-01 -8.5659e-02 -1.0063e+00 -1.0962e+00 +9.1253e-01 +1.4562e+00 +2.7990e-02 +1.1035e+00 +4.6164e-01 -5.4512e-01
52 0 +1.541422208e+02 -8.458577792e+02 -8.458577792e+02 -1.2302e+00 -1.5866e+00 -5.5075e-01 -8.5500e-01 +1.6710e+00 -8.6217e-01 -8.8857e-01 +2.6105e+00 +1.2705e+00 -1.7588e+00
101 0 +1.533546487e+02 -8.466453513e+02 -8.466453513e+02 -2.4303e+00 -8.2853e-01 -1.2973e-01 -1.9606e+00 -3.6449e+00 -1.1605e+00 +1.6704e+00 +3.7689e+00 +2.3845e+00 -4.0009e+00
102 0 +1.524408150e+02 -8.475591850e+02 -8.475591850e+02 -4.3509e+00 -3.7186e+00 -3.8669e-01 -4.3503e+00 -1.5097e+00 -2.2368e+00 -2.2495e+00 +2.4892e+00 +3.3366e-01 -2.4271e+00
106 0 +1.507336233e+02 -8.492663767e+02 -8.492663767e+02 -1.8980e+00 -2.8025e+00 +4.4480e-02 -3.3366e+00 -4.4234e-01 -2.9380e+00 -5.7397e-02 +3.3646e+00 +1.5173e+00 +3.4860e-01
163 0 +1.490408291e+02 -8.509591709e+02 -8.509591709e+02 -3.4119e+00 -1.5152e+00 +1.5780e+00 -2.8832e+00 -1.6628e+00 -3.1038e+00 -1.4519e+00 +2.6326e+00 +1.5611e+00 -3.5187e+00
202 0 +1.197775538e+02 -8.802224462e+02 -8.802224462e+02 -2.6457e+00 -2.1805e+00 -4.8470e-01 -3.4920e+00 -1.8647e+00 -2.7932e+00 +1.2818e+00 +3.0276e+00 +4.9988e-01 -2.6737e+00
301 0 +1.063285415e+02 -8.936714585e+02 -8.936714585e+02 -4.6429e+00 -4.2268e+00 -1.6450e-01 -1.0642e+00 -6.9699e-01 -3.2322e+00 -1.6607e+00 +4.5694e+00 -5.6413e-01 -4.5730e+00
321 0 +1.062876931e+02 -8.937123069e+02 -8.937123069e+02 -1.7855e+00 -2.9930e+00 +2.7215e-01 -3.2270e+00 -1.0455e+00 -1.9653e+00 -1.4408e+00 +3.5069e+00 +2.1135e-01 -3.0949e+00
401 0 +1.030366536e+02 -8.969633464e+02 -8.969633464e+02 -4.7052e+00 -3.4539e+00 +1.3195e+00 -2.0662e+00 -2.4130e-01 -1.7797e+00 +6.0331e-01 +4.8262e+00 +1.1728e+00 -3.1239e+00
411 0 +1.022573380e+02 -8.977426620e+02 -8.977426620e+02 -4.2002e+00 -3.7011e+00 +1.0332e+00 -9.1723e-01 -1.5033e+00 -3.2563e+00 -1.6589e+00 +4.2494e+00 +3.0949e-01 -2.2720e+00
441 0 +1.002024930e+02 -8.997975070e+02 -8.997975070e+02 -4.5843e+00 -1.7111e+00 -9.1342e-02 -2.9718e+00 -1.2324e+00 -1.9743e+00 +7.8161e-01 +2.7264e+00 +1.6445e+00 -3.3242e+00
455 0 +9.264267328e+01 -9.073573267e+02 -9.073573267e+02 -4.0681e+00 -3.6187e+00 -1.0171e-01 -2.5100e+00 -7.1044e-01 -1.9856e+00 -3.1480e-01 +3.7650e+00 +1.8849e+00 -1.8801e+00
475 0 +8.577791496e+01 -9.142220850e+02 -9.142220850e+02 -3.0912e+00 -3.6311e+00 -7.5410e-01 -3.2458e+00 +9.8743e-01 -2.8635e+00 -1.1009e-01 +3.1626e+00 +2.9072e+00 -2.5773e+00
512 0 +7.729288922e+01 -9.227071108e+02 -9.227071108e+02 -2.3571e+00 -3.8273e+00 +8.3380e-02 -3.0563e+00 +1.2436e-01 -2.4534e+00 +1.2813e+00 +2.7563e+00 +1.8465e+00 -1.5515e+00
612 0 +6.435628003e+01 -9.356437200e+02 -9.356437200e+02 -3.0986e+00 -4.1535e+00 +7.6209e-02 -2.0172e+00 -6.4152e-01 -1.8595e+00 -4.1494e-01 +3.9650e+00 +2.9222e+00 -4.6183e+00
901 0 +6.390174118e+01 -9.360982588e+02 -9.360982588e+02 -2.2048e+00 -3.2633e+00 -8.5552e-01 -2.6832e+00 +1.6721e-01 -2.0823e+00 -1.0491e+00 +3.7937e+00 +1.5262e+00 -2.1151e+00
934 0 +5.903120765e+01 -9.409687923e+02 -9.409687923e+02 -3.6742e+00 -3.6214e+00 -2.5084e-01 -3.0375e+00 -8.8672e-01 -2.4315e+00 +5.0293e-01 +2.6238e+00 +1.4661e+00 -2.1404e+00
1043 0 +5.396279117e+01 -9.460372088e+02 -9.460372088e+02 -2.9861e+00 -3.2977e+00 -8.7051e-02 -2.6261e+00 -4.6995e-01 -1.8574e+00 -3.3181e-01 +3.8897e+00 +1.8089e+00 -2.1736e+00
1100 0 +5.142521806e+01 -9.485747819e+02 -9.485747819e+02 -3.7666e+00 -3.0134e+00 -4.6453e-01 -2.7534e+00 -3.3158e-01 -2.6046e+00 +2.0726e-02 +3.4224e+00 +2.3974e+00 -3.4117e+00
1119 0 +4.296604873e+01 -9.570339513e+02 -9.570339513e+02 -3.1408e+00 -2.8620e+00 -2.3522e-01 -2.5370e+00 -4.6271e-01 -2.7988e+00 +2.4950e-01 +3.6620e+00 +2.0573e+00 -2.5508e+00
2263 0 +3.978262745e+01 -9.602173725e+02 -9.602173725e+02 -2.7467e+00 -3.2719e+00 +6.7153e-03 -2.6310e+00 -5.0142e-02 -2.7627e+00 -7.6048e-01 +3.6692e+00 +2.0415e+00 -3.2341e+00
% f evaluations | g evaluations | best noise-free fitness - Fopt (-9.247000000000e+01) + sum g_i+ | measured fitness | best measured fitness or single-digit g-values | x1 | x2...
1 0 +3.191686658e+02 +2.266986658e+02 +2.266986658e+02 +5.9671e-01 -3.8264e-02 +7.4769e-01 +1.6230e+00 -1.3415e-01 -1.3414e-01 +1.6792e+00 +8.6743e-01 -3.6947e-01 +6.4256e-01
3 0 +3.149756393e+02 +2.225056393e+02 +2.225056393e+02 +1.5656e+00 -1.2578e-01 +1.6753e-01 -1.3247e+00 -4.4438e-01 +2.1092e-01 -1.0510e+00 +4.7570e-01 -5.0064e-01 -1.9169e-01
5 0 +2.258742292e+02 +1.334042292e+02 +1.334042292e+02 +8.3847e-01 +2.7137e-01 -1.5648e-02 -2.0110e-01 -1.3785e+00 -6.1984e-01 -3.6064e-01 +1.1571e+00 +4.4362e-01 -1.6630e+00
21 0 +2.109084952e+02 +1.184384952e+02 +1.184384952e+02 +4.5779e-01 +6.6078e-01 +1.1831e+00 +1.1538e+00 -1.2777e+00 -8.3783e-01 +6.1504e-01 +6.1379e-01 +6.1505e-01 +3.9527e+00
29 0 +2.067926124e+02 +1.143226124e+02 +1.143226124e+02 +2.1352e-01 +7.6213e-01 +1.6860e+00 -1.1378e+00 +2.2330e+00 -1.8521e+00 -5.1785e-02 +6.8832e-01 +3.8099e-01 -5.2270e-01
51 0 +2.067683171e+02 +1.142983171e+02 +1.142983171e+02 +8.5912e-01 +1.2552e+00 +1.4232e+00 +1.9276e+00 -1.0738e+00 -2.6123e+00 +8.0752e-01 +1.4027e+00 +2.4658e+00 +1.4958e-01
53 0 +1.360956030e+02 +4.362560295e+01 +4.362560295e+01 +4.3648e-01 +5.5179e-01 +1.7565e+00 +9.4268e-01 -3.8434e-01 -1.8652e+00 +3.0898e-01 +2.1458e+00 +1.5046e+00 +4.2159e-01
107 0 +1.235596828e+02 +3.108968279e+01 +3.108968279e+01 +2.8954e+00 -2.7219e-01 +2.4483e+00 +2.4534e+00 -1.2557e+00 -1.4215e+00 -2.6158e-01 +3.5664e-01 +3.7829e-01 +8.5017e-01
151 0 +1.198317775e+02 +2.736177750e+01 +2.736177750e+01 +3.8579e+00 -1.1000e+00 +4.2644e+00 -1.0329e+00 -8.0754e-01 -2.7066e+00 +1.5184e+00 +3.7971e+00 -1.2273e+00 +2.4786e+00
158 0 +1.087476468e+02 +1.627764683e+01 +1.627764683e+01 +4.1241e+00 +3.2003e-01 +2.0906e+00 +1.0246e+00 -1.5239e+00 -3.8281e+00 +2.7444e+00 +3.3187e+00 -5.2434e-01 +4.7558e-01
263 0 +1.078466885e+02 +1.537668845e+01 +1.537668845e+01 +1.1484e+00 -1.0669e+00 +9.3984e-01 -2.3982e-01 -3.7350e-03 -2.8366e+00 -2.4148e-01 +2.2555e+00 +2.5483e+00 -2.2761e-01
309 0 +9.881376524e+01 +6.343765242e+00 +6.343765242e+00 +2.5579e+00 -8.8128e-01 +1.4794e+00 +1.0227e+00 -1.8526e+00 -1.1150e+00 +4.3370e-01 +2.2533e+00 +1.6530e+00 +2.6995e+00
353 0 +8.695500625e+01 -5.514993753e+00 -5.514993753e+00 +3.3366e+00 -4.8447e-01 +3.4827e+00 +6.5902e-02 -1.3823e+00 -2.6120e+00 +5.1122e-01 +3.0592e+00 +6.6800e-01 +1.9802e+00
380 0 +7.430059263e+01 -1.816940737e+01 -1.816940737e+01 +3.1044e+00 +6.1689e-01 +1.4573e+00 +8.0754e-01 -1.9622e+00 -2.9670e+00 +1.7935e+00 +1.8928e+00 +1.7666e+00 +3.0510e+00
402 0 +6.318169119e+01 -2.928830881e+01 -2.928830881e+01 +1.9984e+00 +1.1219e+00 +4.1295e+00 +2.8354e-01 -3.2642e-01 -2.0227e+00 +1.0368e+00 +1.4292e+00 +4.7927e-01 +1.8865e+00
873 0 +5.425816916e+01 -3.821183084e+01 -3.821183084e+01 +2.7778e+00 -1.1460e+00 +2.5494e+00 +1.3040e-01 -5.5205e-01 -2.6359e+00 +4.6302e-02 +2.5378e+00 +1.0342e+00 +2.3959e+00
944 0 +5.285713214e+01 -3.961286786e+01 -3.961286786e+01 +2.6978e+00 -9.4280e-01 +1.9371e+00 +9.6836e-01 -2.0595e-01 -2.5883e+00 +1.1086e-02 +3.3636e+00 +1.3609e+00 +1.8172e+00
1262 0 +4.222882159e+01 -5.024117841e+01 -5.024117841e+01 +2.9407e+00 -6.1060e-01 +2.3534e+00 -4.9267e-01 +1.2449e-02 -3.2248e+00 +3.4065e-01 +2.2588e+00 +6.7758e-01 +1.8726e+00
1302 0 +3.293840037e+01 -5.953159963e+01 -5.953159963e+01 +3.3795e+00 -2.6300e-01 +2.9467e+00 +2.6538e-01 -4.4749e-01 -2.3608e+00 +5.3981e-01 +3.5685e+00 +3.1031e-01 +2.2338e+00
1418 0 +2.984047193e+01 -6.262952807e+01 -6.262952807e+01 +2.6591e+00 -5.6146e-01 +2.7680e+00 +8.5874e-02 -5.6165e-01 -2.6362e+00 +8.9122e-01 +2.6940e+00 +1.5965e-01 +2.1512e+00
