% f evaluations | g evaluations | best noise-free fitness - Fopt (-1.025500000000e+02) + sum g_i+ | measured fitness | best measured fitness or single-digit g-values | x1 | x2...
1 0 +1.776576610e+01 -8.478423390e+01 -8.478423390e+01 +5.9671e-01 -3.8264e-02
2 0 +1.172529817e+00 -1.013774702e+02 -1.013774702e+02 +7.4769e-01 +1.6230e+00
3 0 +4.001045955e-01 -1.021498954e+02 -1.021498954e+02 -1.3415e-01 -1.3414e-01
21 0 +1.911119687e-01 -1.023588880e+02 -1.023588880e+02 +4.7998e-01 +1.6021e-01
31 0 +5.441775348e-02 -1.024955822e+02 -1.024955822e+02 -2.8166e-01 +8.8904e-01
281 0 +3.453431869e-03 -1.025465466e+02 -1.025465466e+02 -1.1463e-01 +8.7556e-01
291 0 +3.605229108e-04 -1.025496395e+02 -1.025496395e+02 -1.1676e-01 +8.4168e-01
481 0 +3.259323241e-04 -1.025496741e+02 -1.025496741e+02 -1.0983e-01 +8.7799e-01
% f evaluations | g evaluations | best noise-free fitness - Fopt (7.169000000000e+01) + sum g_i+ | measured fitness | best measured fitness or single-digit g-values | x1 | x2...
1 0 +7.868505101e+00 +7.955850510e+01 +7.955850510e+01 +5.9671e-01 -3.8264e-02
2 0 +7.765803044e+00 +7.945580304e+01 +7.945580304e+01 +7.4769e-01 +1.6230e+00
3 0 +2.124021697e-01 +7.190240217e+01 +7.190240217e+01 -1.3415e-01 -1.3414e-01
11 0 +8.990609159e-02 +7.177990609e+01 +7.177990609e+01 -2.8711e-01 -2.4608e-02
21 0 +1.022037280e-03 +7.169102204e+01 +7.169102204e+01 -5.1761e-01 +1.8890e-01
91 0 +3.621803370e-04 +7.169036218e+01 +7.169036218e+01 -5.1592e-01 +1.8461e-01
121 0 +1.454876310e-04 +7.169014549e+01 +7.169014549e+01 -5.2792e-01 +1.9167e-01
181 0 +1.197758278e-04 +7.169011978e+01 +7.169011978e+01 -5.3309e-01 +1.9642e-01
211 0 +7.184538732e-05 +7.169007185e+01 +7.169007185e+01 -5.7376e-01 +2.3606e-01
221 0 +8.433173520e-06 +7.169000843e+01 +7.169000843e+01 -6.4515e-01 +2.9750e-01
231 0 +3.332968390e-08 +7.169000003e+01 +7.169000003e+01 -6.3613e-01 +2.9099e-01
361 0 +2.494907392e-08 +7.169000002e+01 +7.169000002e+01 -6.3874e-01 +2.9332e-01
401 0 +4.067175041e-09 +7.169000000e+01 +7.169000000e+01 -6.3988e-01 +2.9455e-01
% f evaluations | g evaluations | best noise-free fitness - Fopt (2.140100000000e+02) + sum g_i+ | measured fitness | best measured fitness or single-digit g-values | x1 | x2...
1 0 +1.147399126e+01 +2.254839913e+02 +2.254839913e+02 +5.9671e-01 -3.8264e-02
2 0 +1.080853948e+01 +2.248185395e+02 +2.248185395e+02 +7.4769e-01 +1.6230e+00
3 0 +2.094915846e+00 +2.161049158e+02 +2.161049158e+02 -1.3415e-01 -1.3414e-01
6 0 +1.288817147e+00 +2.152988171e+02 +2.152988171e+02 -3.6342e-01 -3.6573e-01
9 0 +1.210024576e+00 +2.152200246e+02 +2.152200246e+02 -9.1283e-01 +4.1425e-01
11 0 +4.402784421e-02 +2.140540278e+02 +2.140540278e+02 -4.7912e-01 +6.4427e-01
41 0 +1.606144133e-02 +2.140260614e+02 +2.140260614e+02 -9.6691e-01 +8.3457e-01
121 0 +6.291959127e-03 +2.140162920e+02 +2.140162920e+02 -4.8058e-01 +6.3900e-01
151 0 +2.081294724e-03 +2.140120813e+02 +2.140120813e+02 -4.9513e-01 +6.4664e-01
161 0 +1.427779607e-03 +2.140114278e+02 +2.140114278e+02 -5.1584e-01 +6.4811e-01
171 0 +2.890135302e-04 +2.140102890e+02 +2.140102890e+02 -4.7356e-01 +6.2847e-01
181 0 +7.610511994e-05 +2.140100761e+02 +2.140100761e+02 -3.3068e-01 +5.2167e-01
191 0 +4.523764716e-06 +2.140100045e+02 +2.140100045e+02 -4.2021e-01 +5.8445e-01
231 0 +3.884056582e-06 +2.140100039e+02 +2.140100039e+02 -4.5128e-01 +6.0896e-01
241 0 +1.641469112e-07 +2.140100002e+02 +2.140100002e+02 -4.0672e-01 +5.7561e-01
251 0 +5.436106676e-08 +2.140100001e+02 +2.140100001e+02 -4.1630e-01 +5.8297e-01
291 0 +5.383071766e-09 +2.140100000e+02 +2.140100000e+02 -4.1078e-01 +5.7897e-01
491 0 +6.821210263e-13 +2.140100000e+02 +2.140100000e+02 -4.0840e-01 +5.7727e-01
% f evaluations | g evaluations | best noise-free fitness - Fopt (-5.848000000000e+01) + sum g_i+ | measured fitness | best measured fitness or single-digit g-values | x1 | x2...
1 0 +1.652646373e+01 -4.195353627e+01 -4.195353627e+01 +5.9671e-01 -3.8264e-02
2 0 +1.207877199e+01 -4.640122801e+01 -4.640122801e+01 +7.4769e-01 +1.6230e+00
3 0 +3.501016422e-01 -5.812989836e+01 -5.812989836e+01 -1.3415e-01 -1.3414e-01
6 0 +2.678052680e-01 -5.821219473e+01 -5.821219473e+01 -3.6342e-01 -3.6573e-01
21 0 +1.989465453e-02 -5.846010535e+01 -5.846010535e+01 -4.6514e-01 +9.8824e-01
321 0 +1.500525909e-02 -5.846499474e+01 -5.846499474e+01 +1.0282e-01 -2.8105e-01
331 0 +1.210933252e-02 -5.846789067e+01 -5.846789067e+01 +1.1045e-01 -2.7939e-01
% f evaluations | g evaluations | best noise-free fitness - Fopt (-6.130800000000e+02) + sum g_i+ | measured fitness | best measured fitness or single-digit g-values | x1 | x2...
1 0 +1.514051599e+01 -5.979394840e+02 -5.979394840e+02 +5.9671e-01 -3.8264e-02
2 0 +2.825635634e+00 -6.102543644e+02 -6.102543644e+02 +7.4769e-01 +1.6230e+00
5 0 +3.037161942e-01 -6.127762838e+02 -6.127762838e+02 -3.6947e-01 +6.4256e-01
21 0 +2.362919497e-01 -6.128437081e+02 -6.128437081e+02 +5.8672e-01 +5.6968e-01
31 0 +1.791332209e-02 -6.130620867e+02 -6.130620867e+02 +8.9368e-01 +4.6530e-01
61 0 +1.018061655e-03 -6.130789819e+02 -6.130789819e+02 +5.5861e-01 +2.6130e-01
% f evaluations | g evaluations | best noise-free fitness - Fopt (6.189000000000e+01) + sum g_i+ | measured fitness | best measured fitness or single-digit g-values | x1 | x2...
1 0 +1.423629097e+01 +7.612629097e+01 +7.612629097e+01 +5.9671e-01 -3.8264e-02
3 0 +2.068488099e+00 +6.395848810e+01 +6.395848810e+01 -1.3415e-01 -1.3414e-01
9 0 +5.555382497e-01 +6.244553825e+01 +6.244553825e+01 -9.1283e-01 +4.1425e-01
11 0 +1.512793404e-01 +6.204127934e+01 +6.204127934e+01 -7.5529e-01 +9.1863e-02
21 0 +7.681674543e-02 +6.196681675e+01 +6.196681675e+01 -2.4037e-01 +1.1354e-01
41 0 +6.354155997e-02 +6.195354156e+01 +6.195354156e+01 -8.8339e-02 +1.6057e-01
51 0 +3.829914626e-02 +6.192829915e+01 +6.192829915e+01 -6.2592e-01 +8.9959e-03
81 0 +1.389047414e-03 +6.189138905e+01 +6.189138905e+01 -4.5479e-01 +7.6468e-02
101 0 +4.110598027e-06 +6.189000411e+01 +6.189000411e+01 -7.4623e-01 -1.7974e-02
231 0 +1.225742672e-06 +6.189000123e+01 +6.189000123e+01 -6.9828e-01 -1.4559e-03
241 0 +4.005208609e-08 +6.189000004e+01 +6.189000004e+01 -7.0621e-01 -3.1536e-03
261 0 +2.842449476e-08 +6.189000003e+01 +6.189000003e+01 -7.1093e-01 -4.8140e-03
281 0 +9.619085972e-09 +6.189000001e+01 +6.189000001e+01 -7.0973e-01 -4.4643e-03
431 0 +3.552713679e-14 +6.189000000e+01 +6.189000000e+01 -7.0711e-01 -3.6441e-03
% f evaluations | g evaluations | best noise-free fitness - Fopt (-8.456000000000e+01) + sum g_i+ | measured fitness | best measured fitness or single-digit g-values | x1 | x2...
1 0 +9.767867951e-01 -8.358321320e+01 -8.358321320e+01 +5.9671e-01 -3.8264e-02
2 0 +9.415760335e-01 -8.361842397e+01 -8.361842397e+01 +7.4769e-01 +1.6230e+00
3 0 +1.827482198e-01 -8.437725178e+01 -8.437725178e+01 -1.3415e-01 -1.3414e-01
11 0 +1.003137596e-01 -8.445968624e+01 -8.445968624e+01 +6.1490e-01 +8.5278e-01
81 0 +6.283286242e-02 -8.449716714e+01 -8.449716714e+01 +6.3199e-01 +8.6046e-01
261 0 +3.117358135e-02 -8.452882642e+01 -8.452882642e+01 +1.6520e-02 +7.1205e-01
271 0 +1.670633348e-02 -8.454329367e+01 -8.454329367e+01 -8.8262e-02 +4.5843e-01
% f evaluations | g evaluations | best noise-free fitness - Fopt (-2.602000000000e+01) + sum g_i+ | measured fitness | best measured fitness or single-digit g-values | x1 | x2...
1 0 +3.943406491e+00 -2.207659351e+01 -2.207659351e+01 +5.9671e-01 -3.8264e-02
2 0 +2.896176256e+00 -2.312382374e+01 -2.312382374e+01 +7.4769e-01 +1.6230e+00
3 0 +1.346647025e-01 -2.588533530e+01 -2.588533530e+01 -1.3415e-01 -1.3414e-01
11 0 +4.938797545e-02 -2.597061202e+01 -2.597061202e+01 +1.9705e-01 +1.7625e-01
191 0 +4.301557783e-02 -2.597698442e+01 -2.597698442e+01 +6.2197e-01 +5.2800e-01
291 0 +2.429869080e-02 -2.599570131e+01 -2.599570131e+01 +6.7279e-01 +3.5380e-01
301 0 +1.577914863e-02 -2.600422085e+01 -2.600422085e+01 +8.9043e-01 -1.3167e-01
% f evaluations | g evaluations | best noise-free fitness - Fopt (-3.015000000000e+01) + sum g_i+ | measured fitness | best measured fitness or single-digit g-values | x1 | x2...
1 0 +4.680805906e+00 -2.546919409e+01 -2.546919409e+01 +5.9671e-01 -3.8264e-02
2 0 +2.003875957e+00 -2.814612404e+01 -2.814612404e+01 +7.4769e-01 +1.6230e+00
9 0 +1.135502386e+00 -2.901449761e+01 -2.901449761e+01 -9.1283e-01 +4.1425e-01
11 0 +6.468256966e-02 -3.008531743e+01 -3.008531743e+01 +9.5602e-01 -9.5581e-02
81 0 +1.879470688e-02 -3.013120529e+01 -3.013120529e+01 -3.5132e-01 +1.3352e-01
341 0 +1.067845613e-02 -3.013932154e+01 -3.013932154e+01 -5.8104e-01 +9.7130e-02
491 0 +8.811701144e-03 -3.014118830e+01 -3.014118830e+01 -3.2237e-01 +1.5087e-01
% f evaluations | g evaluations | best noise-free fitness - Fopt (-1.000000000000e+03) + sum g_i+ | measured fitness | best measured fitness or single-digit g-values | x1 | x2...
1 0 +1.997847030e+00 -9.980021530e+02 -9.980021530e+02 +5.9671e-01 -3.8264e-02
11 0 +1.294187200e+00 -9.987058128e+02 -9.987058128e+02 +3.4820e-01 -9.0846e-01
21 0 +3.326393308e-01 -9.996673607e+02 -9.996673607e+02 +2.5392e-01 +5.5847e-01
31 0 +6.102058336e-02 -9.999389794e+02 -9.999389794e+02 +3.2700e-01 +6.7848e-02
41 0 +1.141953199e-02 -9.999885805e+02 -9.999885805e+02 +2.9689e-01 +6.6729e-02
51 0 +5.304045910e-03 -9.999946960e+02 -9.999946960e+02 +4.4544e-01 +3.9760e-03
91 0 +2.252513709e-03 -9.999977475e+02 -9.999977475e+02 +4.5440e-01 -3.3577e-03
161 0 +1.640710249e-03 -9.999983593e+02 -9.999983593e+02 +5.2912e-01 -5.0212e-02
181 0 +2.492199488e-04 -9.999997508e+02 -9.999997508e+02 +5.6766e-01 -6.2178e-02
191 0 +9.202509568e-05 -9.999999080e+02 -9.999999080e+02 +7.0034e-01 -1.4053e-01
221 0 +9.266951793e-06 -9.999999907e+02 -9.999999907e+02 +6.2962e-01 -9.7847e-02
251 0 +6.930936934e-06 -9.999999931e+02 -9.999999931e+02 +6.5095e-01 -1.0861e-01
261 0 +1.707240131e-06 -9.999999983e+02 -9.999999983e+02 +7.0881e-01 -1.4114e-01
281 0 +9.995151231e-07 -9.999999990e+02 -9.999999990e+02 +6.6303e-01 -1.1631e-01
291 0 +1.580710887e-07 -9.999999998e+02 -9.999999998e+02 +6.9859e-01 -1.3592e-01
311 0 +1.374985459e-08 -1.000000000e+03 -1.000000000e+03 +6.9806e-01 -1.3605e-01
361 0 +1.293619789e-08 -1.000000000e+03 -1.000000000e+03 +6.9080e-01 -1.3197e-01
381 0 +1.847297426e-09 -1.000000000e+03 -1.000000000e+03 +6.9442e-01 -1.3389e-01
