% f evaluations | g evaluations | best noise-free fitness - Fopt (-2.098800000000e+02) + sum g_i+ | measured fitness | best measured fitness or single-digit g-values | x1 | x2...
1 0 +3.881792436e+06 +3.881582556e+06 +3.881582556e+06 +5.9671e-01 -3.8264e-02 +7.4769e-01 +1.6230e+00 -1.3415e-01
2 0 +1.683626694e+06 +1.683416814e+06 +1.683416814e+06 -1.3414e-01 +1.6792e+00 +8.6743e-01 -3.6947e-01 +6.4256e-01
7 0 +1.022656255e+06 +1.022446375e+06 +1.022446375e+06 -5.0171e-01 +1.9523e+00 +8.6503e-02 -9.5771e-01 +9.2254e-01
11 0 +4.809329989e+05 +4.807231189e+05 +4.807231189e+05 +4.2408e-01 -2.8508e-01 -5.7692e-01 +7.1168e-01 +1.1310e+00
28 0 +2.717805222e+05 +2.715706422e+05 +2.715706422e+05 +3.2137e-01 +1.3326e+00 -9.0837e-01 +7.4200e-01 +2.2019e+00
31 0 +1.739902696e+05 +1.737803896e+05 +1.737803896e+05 -5.9525e-01 -1.4848e-01 -8.8070e-01 +1.1113e+00 +2.0835e+00
34 0 +1.323393773e+05 +1.321294973e+05 +1.321294973e+05 +7.3353e-02 +5.9515e-02 -6.7778e-01 +8.4873e-01 +1.6329e+00
69 0 +2.645182722e+04 +2.624194722e+04 +2.624194722e+04 +3.4308e-01 -2.7169e-01 +3.9548e+00 +1.4609e+00 +1.8148e+00
70 0 +2.465218727e+04 +2.444230727e+04 +2.444230727e+04 -8.7509e-01 +3.1964e+00 -2.4781e-01 +1.7931e+00 +1.7934e+00
150 0 +2.423382025e+04 +2.402394025e+04 +2.402394025e+04 -1.8843e+00 -1.9520e+00 +1.1926e+00 +3.2342e+00 +1.7885e+00
161 0 +2.297758539e+04 +2.276770539e+04 +2.276770539e+04 -2.1137e+00 -1.6051e+00 +1.4636e+00 +1.6486e+00 +1.8551e+00
165 0 +6.707662385e+03 +6.497782385e+03 +6.497782385e+03 -2.2243e+00 +1.9058e+00 +2.7723e+00 +2.6010e+00 +1.7105e+00
215 0 +6.068633052e+03 +5.858753052e+03 +5.858753052e+03 -2.2408e+00 +2.2216e+00 +3.5411e+00 +2.6842e+00 +1.7302e+00
240 0 +1.844055550e+03 +1.634175550e+03 +1.634175550e+03 -1.9177e+00 -1.2018e+00 +3.5258e+00 +2.1539e+00 +1.7907e+00
258 0 +1.383901306e+03 +1.174021306e+03 +1.174021306e+03 -1.2799e+00 +1.9489e+00 +3.4085e+00 +2.3842e+00 +1.8242e+00
301 0 +7.648195087e+02 +5.549395087e+02 +5.549395087e+02 -9.8204e-01 +3.0391e+00 +2.8129e+00 +2.3449e+00 +1.7879e+00
354 0 +3.890040029e+02 +1.791240029e+02 +1.791240029e+02 +8.8448e-01 +7.7999e-01 +3.3899e+00 +2.3603e+00 +1.7675e+00
405 0 +3.195925764e+02 +1.097125764e+02 +1.097125764e+02 +3.1081e-01 +1.0801e+00 +3.4987e+00 +2.2879e+00 +1.7899e+00
455 0 +5.901372918e+01 -1.508662708e+02 -1.508662708e+02 -6.2722e-01 +3.9590e-01 +3.6797e+00 +2.4222e+00 +1.7880e+00
588 0 +2.030087392e+01 -1.895791261e+02 -1.895791261e+02 -2.2633e-01 +4.0508e-01 +3.6257e+00 +2.3958e+00 +1.7824e+00
651 0 +1.566651116e+01 -1.942134888e+02 -1.942134888e+02 -4.9345e-02 +1.7383e-01 +3.4720e+00 +2.3786e+00 +1.7835e+00
686 0 +1.508589636e+01 -1.947941036e+02 -1.947941036e+02 +5.7773e-01 -6.3147e-02 +3.4921e+00 +2.3955e+00 +1.7864e+00
689 0 +8.270782843e-01 -2.090529217e+02 -2.090529217e+02 +1.3537e+00 +4.5438e-01 +3.5283e+00 +2.3845e+00 +1.7855e+00
806 0 +6.164127798e-01 -2.092635872e+02 -2.092635872e+02 +4.7232e-01 +4.0110e-01 +3.5448e+00 +2.3862e+00 +1.7855e+00
905 0 +5.616838991e-01 -2.093183161e+02 -2.093183161e+02 +4.7593e-01 +4.6101e-01 +3.5504e+00 +2.3877e+00 +1.7858e+00
914 0 +5.503247097e-01 -2.093296753e+02 -2.093296753e+02 +8.0738e-01 +4.2306e-01 +3.5417e+00 +2.3886e+00 +1.7857e+00
930 0 +4.980171484e-01 -2.093819829e+02 -2.093819829e+02 +5.8151e-01 +4.6396e-01 +3.5451e+00 +2.3848e+00 +1.7856e+00
934 0 +4.267845219e-01 -2.094532155e+02 -2.094532155e+02 +7.1953e-01 +4.3951e-01 +3.5438e+00 +2.3849e+00 +1.7857e+00
941 0 +3.558155482e-01 -2.095241845e+02 -2.095241845e+02 +6.9663e-01 +4.5718e-01 +3.5516e+00 +2.3851e+00 +1.7858e+00
955 0 +3.005799884e-01 -2.095794200e+02 -2.095794200e+02 +7.8138e-01 +4.9270e-01 +3.5513e+00 +2.3857e+00 +1.7857e+00
988 0 +2.600723853e-01 -2.096199276e+02 -2.096199276e+02 +8.5446e-01 +4.5761e-01 +3.5491e+00 +2.3865e+00 +1.7859e+00
989 0 +2.152685894e-01 -2.096647314e+02 -2.096647314e+02 +8.4599e-01 +4.5319e-01 +3.5501e+00 +2.3854e+00 +1.7858e+00
1044 0 +1.719254165e-01 -2.097080746e+02 -2.097080746e+02 +8.3816e-01 +4.6092e-01 +3.5535e+00 +2.3864e+00 +1.7855e+00
1050 0 +1.420146855e-01 -2.097379853e+02 -2.097379853e+02 +8.9241e-01 +4.7574e-01 +3.5538e+00 +2.3870e+00 +1.7856e+00
1171 0 +1.209044662e-01 -2.097590955e+02 -2.097590955e+02 +8.7841e-01 +4.5431e-01 +3.5536e+00 +2.3867e+00 +1.7857e+00
1178 0 +1.138969230e-01 -2.097661031e+02 -2.097661031e+02 +9.6760e-01 +4.3795e-01 +3.5471e+00 +2.3868e+00 +1.7857e+00
1201 0 +3.522837336e-02 -2.098447716e+02 -2.098447716e+02 +1.2130e+00 +4.7817e-01 +3.5521e+00 +2.3866e+00 +1.7856e+00
1205 0 +3.352047009e-02 -2.098464795e+02 -2.098464795e+02 +1.1489e+00 +4.3586e-01 +3.5505e+00 +2.3862e+00 +1.7857e+00
% f evaluations | g evaluations | best noise-free fitness - Fopt (-9.209000000000e+01) + sum g_i+ | measured fitness | best measured fitness or single-digit g-values | x1 | x2...
1 0 +3.580459808e+05 +3.579538908e+05 +3.579538908e+05 +5.9671e-01 -3.8264e-02 +7.4769e-01 +1.6230e+00 -1.3415e-01
5 0 +1.187055269e+05 +1.186134369e+05 +1.186134369e+05 +1.5656e+00 -1.2578e-01 +1.6753e-01 -1.3247e+00 -4.4438e-01
6 0 +6.687542995e+04 +6.678333995e+04 +6.678333995e+04 +2.1092e-01 -1.0510e+00 +4.7570e-01 -5.0064e-01 -1.9169e-01
21 0 +5.126596986e+04 +5.117387986e+04 +5.117387986e+04 -1.3154e+00 -3.2065e-01 -2.4271e-01 -7.0228e-01 -6.1286e-02
41 0 +4.218991625e+04 +4.209782625e+04 +4.209782625e+04 +2.3628e-02 +1.7866e-02 -2.1585e-01 -1.1461e+00 -2.7229e-01
49 0 +2.145560973e+04 +2.136351973e+04 +2.136351973e+04 -1.8599e+00 +1.1255e+00 -6.2721e-02 -1.2768e+00 -2.3180e-02
58 0 +1.961391965e+03 +1.869301965e+03 +1.869301965e+03 +5.9319e-01 +9.8218e-01 +2.0146e-01 -2.0485e+00 -1.3552e-01
122 0 +9.314776904e+02 +8.393876904e+02 +8.393876904e+02 -1.5200e-01 +7.7875e-01 +4.3963e-01 -1.6732e+00 -1.1906e-01
210 0 +4.093934023e+02 +3.173034023e+02 +3.173034023e+02 +7.1757e-01 +9.2912e-01 -5.8987e-02 -1.8536e+00 -1.0259e-01
253 0 +1.134402051e+02 +2.135020512e+01 +2.135020512e+01 +3.7521e-01 +1.3058e+00 +3.0529e-01 -1.8215e+00 -1.1825e-01
365 0 +4.757437682e+01 -4.451562318e+01 -4.451562318e+01 -1.2465e+00 +2.2265e+00 -5.1609e-02 -1.8192e+00 -1.1551e-01
459 0 +4.601140870e+01 -4.607859130e+01 -4.607859130e+01 -1.1295e+00 +2.7529e+00 +6.8974e-02 -1.7916e+00 -1.2222e-01
502 0 +3.175730127e+01 -6.033269873e+01 -6.033269873e+01 -1.0541e+00 +2.7177e+00 +2.4725e-01 -1.8169e+00 -1.2051e-01
546 0 +1.156346158e+01 -8.052653842e+01 -8.052653842e+01 -1.4005e+00 +2.4931e+00 +3.5811e-02 -1.8374e+00 -1.1915e-01
605 0 +8.012441714e+00 -8.407755829e+01 -8.407755829e+01 -8.3651e-01 +2.4504e+00 +3.6706e-02 -1.8314e+00 -1.1974e-01
637 0 +6.249555811e+00 -8.584044419e+01 -8.584044419e+01 -1.2260e+00 +2.7616e+00 +1.3041e-01 -1.8275e+00 -1.1965e-01
652 0 +4.521895947e+00 -8.756810405e+01 -8.756810405e+01 -5.0613e-01 +2.6766e+00 +7.0382e-02 -1.8304e+00 -1.1788e-01
700 0 +3.758475890e+00 -8.833152411e+01 -8.833152411e+01 -1.0816e+00 +2.5714e+00 +9.2180e-02 -1.8246e+00 -1.1934e-01
743 0 +2.830256835e+00 -8.925974316e+01 -8.925974316e+01 -3.1736e-01 +2.6237e+00 +7.8996e-02 -1.8315e+00 -1.2005e-01
835 0 +2.054502845e+00 -9.003549716e+01 -9.003549716e+01 -5.6883e-01 +2.6387e+00 +9.6461e-02 -1.8265e+00 -1.1903e-01
856 0 +1.827444871e+00 -9.026255513e+01 -9.026255513e+01 -4.0950e-01 +2.7260e+00 +8.8225e-02 -1.8265e+00 -1.1915e-01
882 0 +1.726970575e+00 -9.036302943e+01 -9.036302943e+01 -2.9270e-01 +2.6923e+00 +8.7453e-02 -1.8277e+00 -1.1849e-01
903 0 +1.279428944e+00 -9.081057106e+01 -9.081057106e+01 +5.7491e-02 +2.7527e+00 +1.0004e-01 -1.8235e+00 -1.1948e-01
919 0 +9.788254881e-01 -9.111117451e+01 -9.111117451e+01 +7.6216e-02 +2.6918e+00 +1.0249e-01 -1.8249e+00 -1.1968e-01
924 0 +9.253505670e-01 -9.116464943e+01 -9.116464943e+01 +1.1950e-01 +2.6564e+00 +1.1223e-01 -1.8275e+00 -1.1942e-01
954 0 +6.734059961e-01 -9.141659400e+01 -9.141659400e+01 +2.1676e-01 +2.6976e+00 +9.6558e-02 -1.8289e+00 -1.1946e-01
959 0 +5.476305581e-01 -9.154236944e+01 -9.154236944e+01 +2.8786e-01 +2.6739e+00 +8.4700e-02 -1.8290e+00 -1.1930e-01
982 0 +3.176833013e-01 -9.177231670e+01 -9.177231670e+01 +7.2719e-01 +2.7090e+00 +8.2193e-02 -1.8266e+00 -1.1930e-01
1028 0 +2.516669121e-01 -9.183833309e+01 -9.183833309e+01 +3.4546e-01 +2.6116e+00 +9.3913e-02 -1.8277e+00 -1.1937e-01
1058 0 +1.748299732e-01 -9.191517003e+01 -9.191517003e+01 +7.9212e-01 +2.5621e+00 +9.6748e-02 -1.8257e+00 -1.1906e-01
1069 0 +1.328296543e-01 -9.195717035e+01 -9.195717035e+01 +6.0744e-01 +2.6711e+00 +9.1107e-02 -1.8261e+00 -1.1934e-01
1080 0 +3.281597894e-02 -9.205718402e+01 -9.205718402e+01 +7.5233e-01 +2.6423e+00 +9.2101e-02 -1.8271e+00 -1.1921e-01
1159 0 +2.564970189e-02 -9.206435030e+01 -9.206435030e+01 +7.0109e-01 +2.6150e+00 +9.3656e-02 -1.8257e+00 -1.1920e-01
1229 0 +1.819336517e-02 -9.207180663e+01 -9.207180663e+01 +6.9083e-01 +2.6310e+00 +9.0082e-02 -1.8267e+00 -1.1911e-01
% f evaluations | g evaluations | best noise-free fitness - Fopt (-8.789000000000e+01) + sum g_i+ | measured fitness | best measured fitness or single-digit g-values | x1 | x2...
1 0 +8.944824187e+06 +8.944736297e+06 +8.944736297e+06 +5.9671e-01 -3.8264e-02 +7.4769e-01 +1.6230e+00 -1.3415e-01
3 0 +2.042668877e+06 +2.042580987e+06 +2.042580987e+06 -3.6342e-01 -3.6573e-01 +3.4196e-01 -1.8133e+00 -1.6249e+00
15 0 +8.090460595e+05 +8.089581695e+05 +8.089581695e+05 +4.6140e-01 +1.6380e+00 +6.4174e-02 +1.6646e+00 -2.5197e+00
26 0 +7.808590948e+04 +7.799801948e+04 +7.799801948e+04 +1.0889e+00 +6.5813e-01 -5.7110e-01 -1.0778e+00 -3.2734e+00
27 0 +6.279409344e+04 +6.270620344e+04 +6.270620344e+04 -1.1915e+00 -1.3604e+00 +4.1735e-01 -2.3567e+00 -2.8383e+00
28 0 +4.351296287e+04 +4.342507287e+04 +4.342507287e+04 +2.8853e-01 +1.1495e-01 -8.3757e-01 -1.0542e+00 -3.0681e+00
124 0 +3.636628216e+04 +3.627839216e+04 +3.627839216e+04 -1.6147e+00 -1.4232e-01 -3.2456e+00 -1.9164e+00 -3.2010e+00
156 0 +1.282171615e+04 +1.273382615e+04 +1.273382615e+04 -9.4654e-01 +2.6469e+00 +7.3800e-02 -1.9942e+00 -2.9854e+00
202 0 +9.230099286e+03 +9.142209286e+03 +9.142209286e+03 -4.4967e+00 +3.9049e+00 -1.4560e-01 -2.5706e+00 -3.0791e+00
233 0 +3.394807713e+03 +3.306917713e+03 +3.306917713e+03 -2.6293e+00 +1.0225e+00 +2.0812e-01 -2.1415e+00 -3.0386e+00
313 0 +3.182202707e+03 +3.094312707e+03 +3.094312707e+03 -4.8134e-01 +2.7701e+00 +4.4369e-01 -1.8852e+00 -3.0477e+00
376 0 +2.110059628e+03 +2.022169628e+03 +2.022169628e+03 -2.6139e+00 +3.2779e+00 +2.3195e-01 -1.9398e+00 -3.0944e+00
458 0 +1.139182940e+03 +1.051292940e+03 +1.051292940e+03 -1.2615e+00 +1.3120e+00 +1.9128e+00 -1.9838e+00 -3.0798e+00
489 0 +1.050671037e+03 +9.627810374e+02 +9.627810374e+02 -2.8016e+00 +1.9216e+00 +8.0083e-01 -2.1916e+00 -3.1061e+00
499 0 +9.784026921e+02 +8.905126921e+02 +8.905126921e+02 -2.3264e+00 +9.5722e-01 +1.0224e+00 -2.1464e+00 -3.0584e+00
505 0 +8.858458911e+02 +7.979558911e+02 +7.979558911e+02 -1.6203e+00 +7.2386e-01 +1.0876e+00 -1.9923e+00 -3.0705e+00
545 0 +6.719908268e+02 +5.841008268e+02 +5.841008268e+02 -2.4435e+00 +2.4236e+00 +9.1273e-01 -2.0877e+00 -3.1044e+00
567 0 +6.562474926e+02 +5.683574926e+02 +5.683574926e+02 -2.4271e+00 +2.2350e+00 +1.3940e+00 -1.9713e+00 -3.0828e+00
586 0 +6.072625674e+02 +5.193725674e+02 +5.193725674e+02 -3.2531e+00 +1.7972e+00 +1.2487e+00 -1.9851e+00 -3.0829e+00
600 0 +4.429982447e+02 +3.551082447e+02 +3.551082447e+02 -1.5672e+00 +1.3755e+00 +1.0128e+00 -2.1790e+00 -3.0725e+00
646 0 +2.169374632e+02 +1.290474632e+02 +1.290474632e+02 -2.7840e+00 +1.1516e+00 +1.2325e+00 -2.1294e+00 -3.0856e+00
653 0 +1.931871228e+02 +1.052971228e+02 +1.052971228e+02 -2.9926e+00 +2.0132e+00 +1.0177e+00 -2.0799e+00 -3.0845e+00
672 0 +6.067160235e+01 -2.721839765e+01 -2.721839765e+01 -4.1142e+00 +3.1563e+00 +1.1595e+00 -2.1155e+00 -3.0774e+00
782 0 +6.040012162e+01 -2.748987838e+01 -2.748987838e+01 -4.3343e+00 +3.0722e+00 +1.1926e+00 -2.1379e+00 -3.0835e+00
785 0 +4.544474657e+01 -4.244525343e+01 -4.244525343e+01 -3.7135e+00 +3.5010e+00 +1.1733e+00 -2.1367e+00 -3.0816e+00
796 0 +3.584260971e+01 -5.204739029e+01 -5.204739029e+01 -3.3193e+00 +3.3128e+00 +1.2009e+00 -2.1288e+00 -3.0803e+00
814 0 +1.640402336e+01 -7.148597664e+01 -7.148597664e+01 -3.2637e+00 +3.3203e+00 +1.2630e+00 -2.1070e+00 -3.0830e+00
901 0 +1.606622793e+01 -7.182377207e+01 -7.182377207e+01 -3.1364e+00 +3.4371e+00 +1.1955e+00 -2.1098e+00 -3.0832e+00
928 0 +1.214632089e+01 -7.574367911e+01 -7.574367911e+01 -2.3129e+00 +3.4143e+00 +1.2396e+00 -2.1195e+00 -3.0836e+00
938 0 +9.072916143e+00 -7.881708386e+01 -7.881708386e+01 -2.6471e+00 +3.4924e+00 +1.2575e+00 -2.1122e+00 -3.0827e+00
1034 0 +8.511854915e+00 -7.937814508e+01 -7.937814508e+01 -2.2337e+00 +3.4949e+00 +1.2277e+00 -2.1026e+00 -3.0822e+00
1036 0 +8.121831624e+00 -7.976816838e+01 -7.976816838e+01 -2.5601e+00 +3.5125e+00 +1.2404e+00 -2.1088e+00 -3.0822e+00
1063 0 +7.477326601e+00 -8.041267340e+01 -8.041267340e+01 -1.8325e+00 +3.4055e+00 +1.2734e+00 -2.1117e+00 -3.0832e+00
1076 0 +6.759494137e+00 -8.113050586e+01 -8.113050586e+01 -1.8873e+00 +3.6556e+00 +1.2828e+00 -2.1134e+00 -3.0815e+00
1078 0 +5.072506135e+00 -8.281749387e+01 -8.281749387e+01 -1.7618e+00 +3.6617e+00 +1.2230e+00 -2.1113e+00 -3.0820e+00
1080 0 +4.867115044e+00 -8.302288496e+01 -8.302288496e+01 -1.7781e+00 +3.7788e+00 +1.2416e+00 -2.1101e+00 -3.0820e+00
1120 0 +4.682118826e+00 -8.320788117e+01 -8.320788117e+01 -8.2804e-01 +3.7073e+00 +1.2417e+00 -2.1076e+00 -3.0842e+00
1127 0 +4.111886998e+00 -8.377811300e+01 -8.377811300e+01 -7.9690e-01 +3.5472e+00 +1.2460e+00 -2.1005e+00 -3.0824e+00
1159 0 +3.239422247e+00 -8.465057775e+01 -8.465057775e+01 -8.4257e-01 +3.5470e+00 +1.2535e+00 -2.1079e+00 -3.0811e+00
1177 0 +1.497961208e+00 -8.639203879e+01 -8.639203879e+01 +3.7897e-01 +3.6704e+00 +1.2585e+00 -2.1147e+00 -3.0817e+00
% f evaluations | g evaluations | best noise-free fitness - Fopt (3.201900000000e+02) + sum g_i+ | measured fitness | best measured fitness or single-digit g-values | x1 | x2...
1 0 +1.071916706e+07 +1.071948725e+07 +1.071948725e+07 +5.9671e-01 -3.8264e-02 +7.4769e-01 +1.6230e+00 -1.3415e-01
3 0 +3.068794891e+06 +3.069115081e+06 +3.069115081e+06 -3.6342e-01 -3.6573e-01 +3.4196e-01 -1.8133e+00 -1.6249e+00
10 0 +2.917830563e+06 +2.918150753e+06 +2.918150753e+06 -6.1984e-01 -3.6064e-01 +1.1571e+00 +4.4362e-01 -1.6630e+00
15 0 +1.052203239e+06 +1.052523429e+06 +1.052523429e+06 +4.6140e-01 +1.6380e+00 +6.4174e-02 +1.6646e+00 -2.5197e+00
27 0 +7.316002896e+05 +7.319204796e+05 +7.319204796e+05 -3.6146e-03 +9.8485e-01 -7.9431e-01 -6.0908e-01 -4.3610e+00
28 0 +1.308144487e+05 +1.311346387e+05 +1.311346387e+05 +1.3067e-01 -7.6578e-01 -2.5404e+00 -2.0852e+00 -3.2247e+00
29 0 +1.412926476e+04 +1.444945476e+04 +1.444945476e+04 -8.6849e-01 +4.5953e-01 -1.3127e+00 -1.3226e+00 -3.4711e+00
32 0 +9.843893161e+03 +1.016408316e+04 +1.016408316e+04 +1.5903e+00 +1.3216e+00 +3.9568e-01 -7.8245e-01 -3.3809e+00
99 0 +1.962306827e+03 +2.282496827e+03 +2.282496827e+03 +3.8294e-01 +1.2466e+00 +1.1523e+00 -1.0222e+00 -3.4471e+00
401 0 +1.719483022e+03 +2.039673022e+03 +2.039673022e+03 -2.5041e+00 +1.8109e+00 +1.9944e+00 -9.4148e-01 -3.4935e+00
506 0 +6.247109208e+02 +9.449009208e+02 +9.449009208e+02 -1.3521e+00 +3.7748e-01 +1.4640e+00 -8.0369e-01 -3.4855e+00
612 0 +5.850425591e+02 +9.052325591e+02 +9.052325591e+02 -3.0392e+00 +2.7997e-01 +1.5040e+00 -9.5310e-01 -3.4612e+00
659 0 +4.884311379e+02 +8.086211379e+02 +8.086211379e+02 -2.5172e+00 +7.8500e-01 +1.2810e+00 -9.0137e-01 -3.4802e+00
664 0 +3.865491440e+02 +7.067391440e+02 +7.067391440e+02 -2.7860e+00 +8.1278e-01 +1.5898e+00 -8.6727e-01 -3.4763e+00
687 0 +3.587162529e+02 +6.789062529e+02 +6.789062529e+02 -2.7274e+00 +8.8205e-01 +1.4422e+00 -8.5328e-01 -3.4631e+00
702 0 +3.304879702e+02 +6.506779702e+02 +6.506779702e+02 -2.9405e+00 +8.3659e-01 +1.3007e+00 -8.4037e-01 -3.4690e+00
705 0 +3.120905839e+02 +6.322805839e+02 +6.322805839e+02 -2.9756e+00 +7.0616e-01 +1.4712e+00 -8.5227e-01 -3.4657e+00
747 0 +3.064300674e+02 +6.266200674e+02 +6.266200674e+02 -2.3536e+00 +6.4965e-01 +1.5568e+00 -8.5181e-01 -3.4711e+00
753 0 +2.968909746e+02 +6.170809746e+02 +6.170809746e+02 -2.8300e+00 +6.0970e-01 +1.3709e+00 -8.6584e-01 -3.4657e+00
757 0 +2.801147702e+02 +6.003047702e+02 +6.003047702e+02 -2.1539e+00 +4.2849e-02 +1.3782e+00 -8.8175e-01 -3.4774e+00
772 0 +2.507888855e+02 +5.709788855e+02 +5.709788855e+02 -1.9126e+00 -1.6678e-01 +1.1973e+00 -8.7783e-01 -3.4649e+00
783 0 +2.374350927e+02 +5.576250927e+02 +5.576250927e+02 -2.6800e+00 -5.2016e-01 +1.1508e+00 -8.9806e-01 -3.4731e+00
805 0 +1.538333586e+02 +4.740233586e+02 +4.740233586e+02 -1.6787e+00 -6.3554e-01 +1.1476e+00 -8.5429e-01 -3.4669e+00
829 0 +1.357002477e+02 +4.558902477e+02 +4.558902477e+02 -5.4835e-01 -9.2648e-01 +1.4265e+00 -8.9701e-01 -3.4732e+00
859 0 +3.677764026e+01 +3.569676403e+02 +3.569676403e+02 -1.8516e-01 -1.9195e+00 +1.4206e+00 -8.8722e-01 -3.4709e+00
910 0 +3.218283668e+01 +3.523728367e+02 +3.523728367e+02 +1.2074e+00 -2.6912e+00 +1.2699e+00 -8.5511e-01 -3.4722e+00
958 0 +2.207438608e+01 +3.422643861e+02 +3.422643861e+02 +2.5255e+00 -2.7928e+00 +1.4442e+00 -8.6087e-01 -3.4675e+00
1062 0 +6.998618689e+00 +3.271886187e+02 +3.271886187e+02 +1.3429e+00 -2.5136e+00 +1.4331e+00 -8.5721e-01 -3.4712e+00
1160 0 +6.887644845e+00 +3.270776448e+02 +3.270776448e+02 +7.0270e-01 -2.2110e+00 +1.3352e+00 -8.6210e-01 -3.4695e+00
1188 0 +6.781861499e+00 +3.269718615e+02 +3.269718615e+02 +8.6890e-01 -2.5470e+00 +1.4251e+00 -8.5910e-01 -3.4678e+00
1189 0 +4.881409101e+00 +3.250714091e+02 +3.250714091e+02 +1.4659e+00 -2.3374e+00 +1.3821e+00 -8.5782e-01 -3.4686e+00
1197 0 +3.377126017e+00 +3.235671260e+02 +3.235671260e+02 +4.8221e-01 -2.4495e+00 +1.3854e+00 -8.6120e-01 -3.4709e+00
1213 0 +3.272923458e+00 +3.234629235e+02 +3.234629235e+02 +4.2667e-01 -2.5552e+00 +1.3925e+00 -8.6239e-01 -3.4703e+00
% f evaluations | g evaluations | best noise-free fitness - Fopt (-1.042400000000e+02) + sum g_i+ | measured fitness | best measured fitness or single-digit g-values | x1 | x2...
1 0 +1.555253018e+05 +1.554210618e+05 +1.554210618e+05 +5.9671e-01 -3.8264e-02 +7.4769e-01 +1.6230e+00 -1.3415e-01
6 0 +2.053525433e+04 +2.043101433e+04 +2.043101433e+04 +2.1092e-01 -1.0510e+00 +4.7570e-01 -5.0064e-01 -1.9169e-01
20 0 +1.963691347e+04 +1.953267347e+04 +1.953267347e+04 -1.3635e+00 +3.9612e-01 +3.6106e-01 +1.0511e-01 -1.3459e-01
21 0 +4.661114349e+03 +4.556874349e+03 +4.556874349e+03 -1.3154e+00 -3.2065e-01 -2.4271e-01 -7.0228e-01 -6.1286e-02
57 0 +2.703054994e+03 +2.598814994e+03 +2.598814994e+03 -1.6789e-03 +3.3057e-01 +3.2943e-01 -4.8244e-01 -9.1041e-02
66 0 +7.764222190e+02 +6.721822190e+02 +6.721822190e+02 +4.8574e-01 -4.3850e-02 +1.6818e+00 -5.7004e-01 -6.3035e-02
249 0 +7.405153148e+02 +6.362753148e+02 +6.362753148e+02 -5.1914e-02 +8.0689e-01 +1.1432e+00 -5.0352e-01 -6.1093e-02
277 0 +6.938913842e+02 +5.896513842e+02 +5.896513842e+02 +9.0915e-02 -1.7157e-02 +1.1261e+00 -5.5214e-01 -4.9797e-02
313 0 +6.654491569e+02 +5.612091569e+02 +5.612091569e+02 +1.4124e-01 +5.0532e-01 +1.3762e+00 -4.8689e-01 -6.4988e-02
338 0 +6.255654797e+02 +5.213254797e+02 +5.213254797e+02 -3.0841e-01 +1.8658e-01 +1.0149e+00 -4.9220e-01 -5.8220e-02
357 0 +6.157424088e+02 +5.115024088e+02 +5.115024088e+02 +2.7911e-01 +3.8352e-01 +1.1997e+00 -4.7290e-01 -5.7232e-02
388 0 +6.077148771e+02 +5.034748771e+02 +5.034748771e+02 -2.4969e-01 +3.6713e-01 +1.2604e+00 -4.7209e-01 -6.0962e-02
412 0 +5.560116391e+02 +4.517716391e+02 +4.517716391e+02 -8.8406e-02 +2.0356e-01 +1.4305e+00 -4.9419e-01 -5.6672e-02
430 0 +5.431779841e+02 +4.389379841e+02 +4.389379841e+02 -2.1322e-01 -5.3192e-02 +1.1039e+00 -4.5995e-01 -5.9119e-02
437 0 +5.080018502e+02 +4.037618502e+02 +4.037618502e+02 -2.0451e-01 +6.3660e-02 +1.3961e+00 -4.9645e-01 -5.7266e-02
464 0 +5.027272299e+02 +3.984872299e+02 +3.984872299e+02 -1.9965e-01 +6.4204e-02 +1.2865e+00 -5.0210e-01 -5.8542e-02
477 0 +4.934387528e+02 +3.891987528e+02 +3.891987528e+02 +3.3634e-02 -2.1695e-01 +1.1271e+00 -4.6909e-01 -5.4791e-02
488 0 +4.672510703e+02 +3.630110703e+02 +3.630110703e+02 -1.3709e-01 -3.8489e-01 +1.2870e+00 -5.3754e-01 -6.2433e-02
490 0 +4.101244849e+02 +3.058844849e+02 +3.058844849e+02 -1.4746e-01 -3.3342e-01 +1.2412e+00 -5.1490e-01 -5.7547e-02
501 0 +3.527306137e+02 +2.484906137e+02 +2.484906137e+02 -5.2670e-01 -1.6234e+00 +1.2251e+00 -5.0792e-01 -4.6200e-02
502 0 +3.442051869e+02 +2.399651869e+02 +2.399651869e+02 -4.8415e-01 -6.8889e-01 +1.2054e+00 -4.7403e-01 -5.5155e-02
505 0 +3.334732431e+02 +2.292332431e+02 +2.292332431e+02 -3.0369e-01 -6.5081e-01 +1.3922e+00 -4.7815e-01 -5.9574e-02
508 0 +2.897083741e+02 +1.854683741e+02 +1.854683741e+02 -2.2740e-01 -1.3151e+00 +1.4202e+00 -4.9471e-01 -6.5441e-02
530 0 +2.626100330e+02 +1.583700330e+02 +1.583700330e+02 -8.4199e-01 -1.1937e+00 +1.2714e+00 -4.7714e-01 -5.6251e-02
531 0 +1.870131944e+02 +8.277319444e+01 +8.277319444e+01 -8.1666e-01 -1.8749e+00 +1.5184e+00 -4.8165e-01 -6.0334e-02
577 0 +1.512759896e+02 +4.703598959e+01 +4.703598959e+01 -1.7400e+00 -3.0972e+00 +1.6034e+00 -4.9037e-01 -5.1781e-02
593 0 +1.224060818e+02 +1.816608176e+01 +1.816608176e+01 +7.2002e-01 -3.6289e+00 +1.3763e+00 -5.4118e-01 -6.4641e-02
644 0 +9.762391692e+01 -6.616083076e+00 -6.616083076e+00 +1.5398e+00 -2.3683e+00 +1.3733e+00 -4.6864e-01 -5.6743e-02
683 0 +9.292645892e+01 -1.131354108e+01 -1.131354108e+01 -9.0125e-01 -2.8251e+00 +1.1972e+00 -4.7586e-01 -5.3802e-02
690 0 +4.751676220e+01 -5.672323780e+01 -5.672323780e+01 -1.2881e+00 -4.1898e+00 +1.4223e+00 -4.8922e-01 -5.2926e-02
709 0 +2.314243076e+01 -8.109756924e+01 -8.109756924e+01 -6.3292e-01 -3.6514e+00 +1.2537e+00 -5.1002e-01 -6.1181e-02
729 0 +1.880924263e+01 -8.543075737e+01 -8.543075737e+01 -4.2717e-01 -4.0778e+00 +1.3622e+00 -4.8308e-01 -5.4944e-02
799 0 +7.927106160e+00 -9.631289384e+01 -9.631289384e+01 -2.0188e+00 -3.6761e+00 +1.3110e+00 -4.9326e-01 -5.9162e-02
804 0 +7.844724029e+00 -9.639527597e+01 -9.639527597e+01 -7.2231e-01 -3.6948e+00 +1.2557e+00 -4.9409e-01 -5.7024e-02
844 0 +7.839932690e+00 -9.640006731e+01 -9.640006731e+01 -1.3745e+00 -3.7830e+00 +1.2561e+00 -4.9099e-01 -5.9130e-02
856 0 +5.133274312e+00 -9.910672569e+01 -9.910672569e+01 -9.3874e-01 -3.6810e+00 +1.3021e+00 -4.8904e-01 -5.8934e-02
860 0 +4.954989711e+00 -9.928501029e+01 -9.928501029e+01 +1.7483e-01 -3.8916e+00 +1.2370e+00 -4.9337e-01 -5.8176e-02
870 0 +3.036018490e+00 -1.012039815e+02 -1.012039815e+02 -6.3695e-01 -3.8500e+00 +1.2752e+00 -4.9224e-01 -5.8666e-02
871 0 +1.756663108e+00 -1.024833369e+02 -1.024833369e+02 +1.6920e-01 -3.9377e+00 +1.2942e+00 -4.9041e-01 -5.9457e-02
944 0 +1.009906856e+00 -1.032300931e+02 -1.032300931e+02 -2.3330e-01 -3.7750e+00 +1.3118e+00 -4.9225e-01 -5.8474e-02
954 0 +9.449197097e-01 -1.032950803e+02 -1.032950803e+02 -4.1185e-01 -3.8297e+00 +1.3032e+00 -4.9413e-01 -5.8429e-02
1004 0 +7.915519238e-01 -1.034484481e+02 -1.034484481e+02 +2.1574e-01 -3.9619e+00 +1.3289e+00 -4.9206e-01 -5.9011e-02
1007 0 +4.494471618e-01 -1.037905528e+02 -1.037905528e+02 +1.7755e-01 -3.8883e+00 +1.3080e+00 -4.9343e-01 -5.8941e-02
1017 0 +3.689334952e-01 -1.038710665e+02 -1.038710665e+02 +3.6247e-01 -3.8564e+00 +1.3068e+00 -4.9129e-01 -5.8300e-02
1083 0 +3.577480424e-01 -1.038822520e+02 -1.038822520e+02 +8.6230e-02 -3.9547e+00 +1.3145e+00 -4.9147e-01 -5.8623e-02
1092 0 +1.931106825e-01 -1.040468893e+02 -1.040468893e+02 +3.6286e-01 -3.8448e+00 +1.3183e+00 -4.9326e-01 -5.8505e-02
1098 0 +1.379542293e-01 -1.041020458e+02 -1.041020458e+02 +3.4058e-01 -3.9671e+00 +1.3200e+00 -4.9325e-01 -5.8526e-02
1146 0 +9.709037606e-02 -1.041429096e+02 -1.041429096e+02 +2.9125e-01 -3.9303e+00 +1.3190e+00 -4.9310e-01 -5.8178e-02
1157 0 +6.090632118e-02 -1.041790937e+02 -1.041790937e+02 +1.8290e-01 -3.9166e+00 +1.3153e+00 -4.9299e-01 -5.8386e-02
% f evaluations | g evaluations | best noise-free fitness - Fopt (-6.785000000000e+01) + sum g_i+ | measured fitness | best measured fitness or single-digit g-values | x1 | x2...
1 0 +1.888040833e+06 +1.887972983e+06 +1.887972983e+06 +5.9671e-01 -3.8264e-02 +7.4769e-01 +1.6230e+00 -1.3415e-01
3 0 +7.904876169e+05 +7.904197669e+05 +7.904197669e+05 -3.6342e-01 -3.6573e-01 +3.4196e-01 -1.8133e+00 -1.6249e+00
4 0 +4.719640159e+05 +4.718961659e+05 +4.718961659e+05 -4.6229e-01 -9.1283e-01 +4.1425e-01 -8.0802e-01 -1.3123e+00
9 0 +3.230130970e+05 +3.229452470e+05 +3.229452470e+05 +8.3847e-01 +2.7137e-01 -1.5648e-02 -2.0110e-01 -1.3785e+00
10 0 +2.914170861e+05 +2.913492361e+05 +2.913492361e+05 -6.1984e-01 -3.6064e-01 +1.1571e+00 +4.4362e-01 -1.6630e+00
52 0 +1.656762118e+05 +1.656083618e+05 +1.656083618e+05 +1.0460e+00 +1.5128e+00 -6.1840e-01 +7.4705e-01 -1.4275e+00
58 0 +1.149723853e+05 +1.149045353e+05 +1.149045353e+05 -1.6757e+00 -1.4374e+00 -3.5781e-01 +1.5719e+00 -1.5286e+00
111 0 +8.283696574e+04 +8.276911574e+04 +8.276911574e+04 -1.1518e+00 +2.0888e-01 -1.4506e+00 +1.7916e+00 -1.4931e+00
135 0 +6.468111618e+04 +6.461326618e+04 +6.461326618e+04 -1.4666e+00 +5.0226e-02 +6.7107e-01 +2.2230e+00 -1.1472e+00
140 0 +1.390444477e+04 +1.383659477e+04 +1.383659477e+04 -1.6006e+00 +2.9422e-01 +1.3338e+00 +2.3119e+00 -1.3570e+00
153 0 +5.854086930e+02 +5.175586930e+02 +5.175586930e+02 -5.9991e-01 +1.0368e+00 +1.0171e+00 +3.0644e+00 -1.3424e+00
407 0 +3.929377764e+02 +3.250877764e+02 +3.250877764e+02 -9.1149e-01 +2.0480e+00 +1.5017e+00 +2.9904e+00 -1.3775e+00
487 0 +1.659175033e+02 +9.806750326e+01 +9.806750326e+01 -2.7236e+00 +1.8633e+00 +1.1410e+00 +3.0649e+00 -1.3687e+00
607 0 +1.493353528e+02 +8.148535277e+01 +8.148535277e+01 -1.0890e+00 +2.4234e+00 +1.4314e+00 +2.9645e+00 -1.3603e+00
644 0 +1.279083225e+02 +6.005832247e+01 +6.005832247e+01 -4.7693e-01 +2.9817e+00 +1.5785e+00 +3.0580e+00 -1.3574e+00
665 0 +9.238923495e+01 +2.453923495e+01 +2.453923495e+01 -9.3581e-01 +2.5065e+00 +1.4530e+00 +2.9899e+00 -1.3625e+00
679 0 +8.185029672e+01 +1.400029672e+01 +1.400029672e+01 +2.2558e+00 +3.5194e+00 +1.3413e+00 +3.0484e+00 -1.3701e+00
681 0 +8.024735470e+01 +1.239735470e+01 +1.239735470e+01 -2.0702e+00 +2.4288e+00 +1.3544e+00 +3.0208e+00 -1.3698e+00
686 0 +3.315806978e+01 -3.469193022e+01 -3.469193022e+01 -1.5503e+00 +3.2094e+00 +1.4004e+00 +3.0101e+00 -1.3599e+00
707 0 +2.086127099e+01 -4.698872901e+01 -4.698872901e+01 -1.7552e+00 +2.5908e+00 +1.2931e+00 +3.0392e+00 -1.3594e+00
782 0 +1.683262006e+01 -5.101737994e+01 -5.101737994e+01 -1.4113e+00 +2.6266e+00 +1.3418e+00 +3.0412e+00 -1.3630e+00
783 0 +1.400267997e+01 -5.384732003e+01 -5.384732003e+01 -1.0550e+00 +3.4192e+00 +1.3784e+00 +3.0313e+00 -1.3607e+00
803 0 +1.031527724e+01 -5.753472276e+01 -5.753472276e+01 -8.0175e-01 +3.1973e+00 +1.3360e+00 +3.0182e+00 -1.3623e+00
808 0 +3.828671474e+00 -6.402132853e+01 -6.402132853e+01 -5.4939e-01 +2.8834e+00 +1.3280e+00 +3.0312e+00 -1.3619e+00
883 0 +3.772353521e+00 -6.407764648e+01 -6.407764648e+01 -3.8202e-01 +2.9592e+00 +1.2665e+00 +3.0301e+00 -1.3620e+00
884 0 +3.576590881e+00 -6.427340912e+01 -6.427340912e+01 +2.6300e-01 +2.9718e+00 +1.2468e+00 +3.0316e+00 -1.3617e+00
950 0 +2.799104678e+00 -6.505089532e+01 -6.505089532e+01 -3.5262e-01 +2.9626e+00 +1.3083e+00 +3.0261e+00 -1.3611e+00
989 0 +2.356736072e+00 -6.549326393e+01 -6.549326393e+01 -4.3036e-01 +2.9364e+00 +1.3026e+00 +3.0285e+00 -1.3614e+00
1028 0 +2.161205259e+00 -6.568879474e+01 -6.568879474e+01 +1.1366e-01 +3.2334e+00 +1.2940e+00 +3.0295e+00 -1.3618e+00
1032 0 +1.460903612e+00 -6.638909639e+01 -6.638909639e+01 -1.8110e-01 +3.0510e+00 +1.3153e+00 +3.0306e+00 -1.3619e+00
1042 0 +1.002074942e+00 -6.684792506e+01 -6.684792506e+01 +1.2360e-01 +3.0119e+00 +1.3053e+00 +3.0313e+00 -1.3609e+00
1053 0 +3.930695289e-01 -6.745693047e+01 -6.745693047e+01 +4.7363e-01 +3.0809e+00 +1.3077e+00 +3.0290e+00 -1.3617e+00
1105 0 +2.095330860e-01 -6.764046691e+01 -6.764046691e+01 +8.3507e-01 +3.0719e+00 +1.3006e+00 +3.0314e+00 -1.3618e+00
1197 0 +2.060590602e-01 -6.764394094e+01 -6.764394094e+01 +5.8525e-01 +3.0480e+00 +1.3033e+00 +3.0313e+00 -1.3619e+00
% f evaluations | g evaluations | best noise-free fitness - Fopt (-3.639800000000e+02) + sum g_i+ | measured fitness | best measured fitness or single-digit g-values | x1 | x2...
1 0 +5.218023222e+06 +5.217659242e+06 +5.217659242e+06 +5.9671e-01 -3.8264e-02 +7.4769e-01 +1.6230e+00 -1.3415e-01
2 0 +3.323573765e+06 +3.323209785e+06 +3.323209785e+06 -1.3414e-01 +1.6792e+00 +8.6743e-01 -3.6947e-01 +6.4256e-01
7 0 +2.531586789e+06 +2.531222809e+06 +2.531222809e+06 -5.0171e-01 +1.9523e+00 +8.6503e-02 -9.5771e-01 +9.2254e-01
11 0 +1.424549748e+06 +1.424185768e+06 +1.424185768e+06 +4.2408e-01 -2.8508e-01 -5.7692e-01 +7.1168e-01 +1.1310e+00
26 0 +1.105403418e+06 +1.105039438e+06 +1.105039438e+06 +7.1240e-01 +1.7808e+00 +1.5837e-01 -1.4665e+00 +2.6618e+00
27 0 +6.089192019e+05 +6.085552219e+05 +6.085552219e+05 +5.4734e-01 +5.4483e-01 -2.0608e+00 +4.3130e-01 +2.6368e+00
28 0 +3.197737966e+05 +3.194098166e+05 +3.194098166e+05 +3.2137e-01 +1.3326e+00 -9.0837e-01 +7.4200e-01 +2.2019e+00
31 0 +2.507696966e+05 +2.504057166e+05 +2.504057166e+05 -5.9525e-01 -1.4848e-01 -8.8070e-01 +1.1113e+00 +2.0835e+00
61 0 +2.173203741e+05 +2.169563941e+05 +2.169563941e+05 +6.4586e-01 -8.3425e-02 +1.2666e+00 +1.3075e+00 +2.2843e+00
64 0 +2.091355944e+05 +2.087716144e+05 +2.087716144e+05 -5.5668e-01 +7.4456e-01 +2.5652e-01 +1.5292e+00 +2.3484e+00
67 0 +1.601347222e+05 +1.597707422e+05 +1.597707422e+05 +4.2544e-01 -1.5895e+00 +1.6567e+00 +1.7375e+00 +2.2709e+00
100 0 +1.033198085e+05 +1.029558285e+05 +1.029558285e+05 +4.6887e-01 -1.1916e+00 +2.6667e-02 +2.6482e+00 +2.3568e+00
131 0 +4.363632368e+04 +4.327234368e+04 +4.327234368e+04 -1.7577e+00 -1.8950e-02 +8.4938e-01 +3.9473e+00 +1.9711e+00
142 0 +1.588179629e+04 +1.551781629e+04 +1.551781629e+04 +2.2240e+00 -2.8295e+00 +7.7978e-01 +3.2942e+00 +2.1931e+00
186 0 +1.574062822e+04 +1.537664822e+04 +1.537664822e+04 +1.1104e-01 -1.7349e+00 +6.8367e-01 +3.2726e+00 +2.1774e+00
256 0 +1.128981166e+04 +1.092583166e+04 +1.092583166e+04 +2.7393e+00 -3.4405e+00 +3.2601e-01 +3.5565e+00 +2.1368e+00
286 0 +1.028259832e+04 +9.918618323e+03 +9.918618323e+03 -4.7844e-02 -5.8241e-02 +9.3021e-01 +3.8756e+00 +2.0769e+00
311 0 +6.654553905e+03 +6.290573905e+03 +6.290573905e+03 -1.9868e+00 +1.4542e+00 +1.9709e+00 +4.1989e+00 +2.2190e+00
315 0 +1.384440740e+03 +1.020460740e+03 +1.020460740e+03 -2.6152e-01 +2.1755e-01 +2.3741e+00 +3.7464e+00 +2.1764e+00
412 0 +7.341031120e+02 +3.701231120e+02 +3.701231120e+02 +9.5856e-01 -2.8627e-02 +2.0548e+00 +3.8503e+00 +2.1608e+00
486 0 +6.002931412e+02 +2.363131412e+02 +2.363131412e+02 -3.6736e-01 -1.7249e-01 +2.2835e+00 +3.9409e+00 +2.1757e+00
502 0 +4.828163559e+02 +1.188363559e+02 +1.188363559e+02 -8.2851e-01 +5.5526e-01 +2.6183e+00 +3.8122e+00 +2.1661e+00
628 0 +3.927992788e+02 +2.881927881e+01 +2.881927881e+01 -3.7408e-01 -2.9704e-02 +2.4096e+00 +3.8840e+00 +2.1682e+00
652 0 +3.927985081e+02 +2.881850807e+01 +2.881850807e+01 -7.5628e-01 -1.2936e-01 +2.4117e+00 +3.9025e+00 +2.1641e+00
669 0 +3.670067713e+02 +3.026771264e+00 +3.026771264e+00 -1.1249e+00 +1.2637e-01 +2.6414e+00 +3.9510e+00 +2.1613e+00
697 0 +3.320240296e+02 -3.195597043e+01 -3.195597043e+01 +1.2704e-01 +3.0390e-01 +2.8295e+00 +3.9166e+00 +2.1602e+00
698 0 +2.900160687e+02 -7.396393129e+01 -7.396393129e+01 -1.3949e+00 +3.0678e-01 +2.5045e+00 +3.9304e+00 +2.1682e+00
707 0 +2.706530537e+02 -9.332694627e+01 -9.332694627e+01 -1.0094e+00 +9.2478e-01 +2.8592e+00 +3.8859e+00 +2.1713e+00
708 0 +1.581962466e+02 -2.057837534e+02 -2.057837534e+02 -1.3265e+00 +1.0359e+00 +2.6408e+00 +3.9201e+00 +2.1650e+00
787 0 +1.171897275e+02 -2.467902725e+02 -2.467902725e+02 -7.7004e-01 +1.9658e+00 +2.7767e+00 +3.9020e+00 +2.1606e+00
827 0 +1.072366303e+02 -2.567433697e+02 -2.567433697e+02 -1.5145e+00 +2.2815e+00 +2.5711e+00 +3.8675e+00 +2.1630e+00
828 0 +6.525553879e+01 -2.987244612e+02 -2.987244612e+02 -1.5163e+00 +2.0906e+00 +2.5574e+00 +3.9022e+00 +2.1627e+00
903 0 +5.506504963e+01 -3.089149504e+02 -3.089149504e+02 -1.2110e+00 +3.0014e+00 +2.6484e+00 +3.9270e+00 +2.1597e+00
908 0 +1.258919458e+01 -3.513908054e+02 -3.513908054e+02 -8.6906e-03 +2.9556e+00 +2.5916e+00 +3.9018e+00 +2.1632e+00
971 0 +6.645666810e+00 -3.573343332e+02 -3.573343332e+02 +8.9778e-02 +2.8979e+00 +2.6002e+00 +3.9095e+00 +2.1650e+00
1003 0 +2.519782884e+00 -3.614602171e+02 -3.614602171e+02 +9.7853e-01 +3.2408e+00 +2.6198e+00 +3.9102e+00 +2.1643e+00
1073 0 +1.897002395e+00 -3.620829976e+02 -3.620829976e+02 +1.0743e+00 +3.1483e+00 +2.6340e+00 +3.9060e+00 +2.1663e+00
1105 0 +1.654644955e+00 -3.623253550e+02 -3.623253550e+02 +1.4757e+00 +3.3530e+00 +2.5901e+00 +3.9080e+00 +2.1653e+00
1108 0 +1.549220504e+00 -3.624307795e+02 -3.624307795e+02 +1.2671e+00 +3.3259e+00 +2.6272e+00 +3.9098e+00 +2.1648e+00
1182 0 +1.311355480e+00 -3.626686445e+02 -3.626686445e+02 +2.3773e+00 +3.2525e+00 +2.6078e+00 +3.9051e+00 +2.1654e+00
1187 0 +1.283435313e+00 -3.626965647e+02 -3.626965647e+02 +2.1552e+00 +3.0656e+00 +2.6101e+00 +3.9130e+00 +2.1661e+00
1223 0 +1.241255839e+00 -3.627387442e+02 -3.627387442e+02 +2.2524e+00 +3.1033e+00 +2.6393e+00 +3.9107e+00 +2.1653e+00
1225 0 +6.551744383e-01 -3.633248256e+02 -3.633248256e+02 +2.5050e+00 +3.1931e+00 +2.6239e+00 +3.9086e+00 +2.1654e+00
% f evaluations | g evaluations | best noise-free fitness - Fopt (-1.865000000000e+01) + sum g_i+ | measured fitness | best measured fitness or single-digit g-values | x1 | x2...
1 0 +8.225484417e+06 +8.225465767e+06 +8.225465767e+06 +5.9671e-01 -3.8264e-02 +7.4769e-01 +1.6230e+00 -1.3415e-01
3 0 +2.131658279e+06 +2.131639629e+06 +2.131639629e+06 -3.6342e-01 -3.6573e-01 +3.4196e-01 -1.8133e+00 -1.6249e+00
10 0 +1.966919310e+06 +1.966900660e+06 +1.966900660e+06 -6.1984e-01 -3.6064e-01 +1.1571e+00 +4.4362e-01 -1.6630e+00
15 0 +2.684494183e+05 +2.684307683e+05 +2.684307683e+05 +4.6140e-01 +1.6380e+00 +6.4174e-02 +1.6646e+00 -2.5197e+00
28 0 +2.290409486e+05 +2.290222986e+05 +2.290222986e+05 +1.3067e-01 -7.6578e-01 -2.5404e+00 -2.0852e+00 -3.2247e+00
32 0 +2.178519670e+05 +2.178333170e+05 +2.178333170e+05 +1.5903e+00 +1.3216e+00 +3.9568e-01 -7.8245e-01 -3.3809e+00
33 0 +1.399429344e+05 +1.399242844e+05 +1.399242844e+05 +2.8079e+00 +1.9513e+00 -8.4450e-01 -6.7688e-01 -3.3034e+00
34 0 +5.641547883e+04 +5.639682883e+04 +5.639682883e+04 +5.0195e-01 +2.2890e-01 +2.6630e-01 -8.3680e-01 -3.0358e+00
38 0 +4.411965539e+04 +4.410100539e+04 +4.410100539e+04 +1.3357e+00 +7.1683e-01 -1.0414e+00 +3.7554e-01 -2.7805e+00
39 0 +1.549770014e+04 +1.547905014e+04 +1.547905014e+04 +8.1335e-02 -3.0575e-01 +1.3978e+00 +4.1589e-01 -2.9882e+00
153 0 +8.609260003e+03 +8.590610003e+03 +8.590610003e+03 +1.5213e+00 +1.8612e+00 -6.6333e-01 +6.5901e-01 -3.0149e+00
185 0 +7.174544589e+03 +7.155894589e+03 +7.155894589e+03 +3.3188e+00 +7.8572e-01 -1.9856e+00 +7.6219e-01 -2.9611e+00
219 0 +2.991800382e+03 +2.973150382e+03 +2.973150382e+03 +1.7530e+00 +1.6261e+00 -9.9055e-01 +4.0733e-01 -2.9812e+00
303 0 +2.299471341e+03 +2.280821341e+03 +2.280821341e+03 +3.7816e+00 +7.2032e-01 -1.4319e+00 +1.5933e-01 -2.9744e+00
335 0 +2.072258664e+03 +2.053608664e+03 +2.053608664e+03 +2.5253e+00 +9.6086e-01 -1.3233e+00 +2.4281e-01 -2.9829e+00
374 0 +1.775226881e+03 +1.756576881e+03 +1.756576881e+03 +2.3307e+00 +2.0659e-01 -1.8753e+00 +1.2362e-01 -2.9843e+00
382 0 +4.541187355e+02 +4.354687355e+02 +4.354687355e+02 +2.5465e+00 +3.7766e-01 -2.3042e+00 +2.7646e-01 -2.9944e+00
429 0 +4.258875607e+02 +4.072375607e+02 +4.072375607e+02 +2.6783e+00 +5.6477e-01 -2.4294e+00 +2.4088e-01 -2.9880e+00
484 0 +3.908501381e+02 +3.722001381e+02 +3.722001381e+02 +2.4203e+00 +1.0142e+00 -2.3724e+00 +2.8865e-01 -2.9800e+00
532 0 +3.575808822e+02 +3.389308822e+02 +3.389308822e+02 +3.4099e+00 +7.0899e-01 -2.4719e+00 +3.3774e-01 -2.9864e+00
553 0 +2.105919467e+02 +1.919419467e+02 +1.919419467e+02 +3.8647e+00 -1.2408e-01 -2.4949e+00 +2.9395e-01 -2.9797e+00
666 0 +5.531864395e+01 +3.666864395e+01 +3.666864395e+01 +1.2761e+00 -1.5788e+00 -2.4080e+00 +3.2516e-01 -2.9857e+00
780 0 +4.240220832e+01 +2.375220832e+01 +2.375220832e+01 -2.0291e-01 -2.9806e+00 -2.4637e+00 +2.8818e-01 -2.9778e+00
806 0 +1.599833947e+01 -2.651660528e+00 -2.651660528e+00 -1.9988e-01 -2.9754e+00 -2.5058e+00 +3.1325e-01 -2.9832e+00
807 0 +8.705159412e+00 -9.944840588e+00 -9.944840588e+00 -1.6342e-01 -2.4390e+00 -2.5116e+00 +2.9026e-01 -2.9824e+00
890 0 +8.694017982e+00 -9.955982018e+00 -9.955982018e+00 +3.1749e-02 -2.0623e+00 -2.4670e+00 +3.0553e-01 -2.9814e+00
921 0 +7.247007917e+00 -1.140299208e+01 -1.140299208e+01 -3.2934e-01 -2.2819e+00 -2.4642e+00 +3.1058e-01 -2.9828e+00
962 0 +6.957272852e+00 -1.169272715e+01 -1.169272715e+01 -5.3871e-01 -2.4378e+00 -2.5154e+00 +3.0675e-01 -2.9833e+00
983 0 +6.094933899e+00 -1.255506610e+01 -1.255506610e+01 -3.0779e-01 -2.6365e+00 -2.4543e+00 +2.9792e-01 -2.9822e+00
995 0 +5.370656038e+00 -1.327934396e+01 -1.327934396e+01 +2.1722e-02 -2.6798e+00 -2.4693e+00 +3.0418e-01 -2.9835e+00
1040 0 +4.929707976e+00 -1.372029202e+01 -1.372029202e+01 -4.6394e-01 -2.5218e+00 -2.4501e+00 +3.0298e-01 -2.9822e+00
1052 0 +4.209289023e+00 -1.444071098e+01 -1.444071098e+01 -1.4826e-01 -2.6461e+00 -2.4768e+00 +3.0214e-01 -2.9827e+00
1060 0 +3.692971596e+00 -1.495702840e+01 -1.495702840e+01 -2.8010e-01 -2.5473e+00 -2.4882e+00 +3.0402e-01 -2.9823e+00
1113 0 +3.474829160e+00 -1.517517084e+01 -1.517517084e+01 -1.8592e-01 -2.4677e+00 -2.4737e+00 +3.0367e-01 -2.9819e+00
1144 0 +3.124326157e+00 -1.552567384e+01 -1.552567384e+01 +1.1260e-01 -2.5545e+00 -2.4586e+00 +3.0447e-01 -2.9822e+00
1146 0 +2.776093170e+00 -1.587390683e+01 -1.587390683e+01 +2.1994e-01 -2.5284e+00 -2.4547e+00 +3.0323e-01 -2.9822e+00
1162 0 +2.463742616e+00 -1.618625738e+01 -1.618625738e+01 +1.1303e-01 -2.4230e+00 -2.4828e+00 +3.0337e-01 -2.9820e+00
1171 0 +2.102414538e+00 -1.654758546e+01 -1.654758546e+01 +1.8708e-01 -2.4254e+00 -2.4895e+00 +3.0308e-01 -2.9822e+00
1203 0 +9.042401406e-01 -1.774575986e+01 -1.774575986e+01 +6.2815e-01 -2.4820e+00 -2.4708e+00 +3.0436e-01 -2.9822e+00
1206 0 +8.288002229e-01 -1.782119978e+01 -1.782119978e+01 +9.1964e-01 -2.5110e+00 -2.4648e+00 +3.0456e-01 -2.9827e+00
1222 0 +7.627246532e-01 -1.788727535e+01 -1.788727535e+01 +6.8932e-01 -2.4531e+00 -2.4709e+00 +3.0381e-01 -2.9827e+00
1239 0 +3.427630368e-01 -1.830723696e+01 -1.830723696e+01 +1.2343e+00 -2.4888e+00 -2.4712e+00 +3.0454e-01 -2.9824e+00
% f evaluations | g evaluations | best noise-free fitness - Fopt (1.749200000000e+02) + sum g_i+ | measured fitness | best measured fitness or single-digit g-values | x1 | x2...
1 0 +8.141879848e+06 +8.142054768e+06 +8.142054768e+06 +5.9671e-01 -3.8264e-02 +7.4769e-01 +1.6230e+00 -1.3415e-01
3 0 +1.854465442e+06 +1.854640362e+06 +1.854640362e+06 -3.6342e-01 -3.6573e-01 +3.4196e-01 -1.8133e+00 -1.6249e+00
15 0 +4.978638545e+05 +4.980387745e+05 +4.980387745e+05 +4.6140e-01 +1.6380e+00 +6.4174e-02 +1.6646e+00 -2.5197e+00
32 0 +1.213655174e+05 +1.215404374e+05 +1.215404374e+05 -8.6328e-01 +6.4045e-01 -2.9598e+00 +1.2804e-01 -2.9518e+00
66 0 +1.026713543e+05 +1.028462743e+05 +1.028462743e+05 -5.4408e-01 +6.0135e-01 -1.1804e+00 -3.7747e-01 -3.0381e+00
80 0 +3.295962983e+04 +3.313454983e+04 +3.313454983e+04 -1.4574e+00 +2.0544e+00 -1.0882e+00 -9.5605e-01 -2.9548e+00
119 0 +2.002073497e+04 +2.019565497e+04 +2.019565497e+04 -9.6547e-02 +1.3503e+00 -2.0138e+00 -1.5036e+00 -2.7480e+00
145 0 +8.866541533e+03 +9.041461533e+03 +9.041461533e+03 +2.3677e+00 -7.5661e-01 -1.2978e+00 -1.9305e+00 -2.9312e+00
151 0 +5.138184887e+03 +5.313104887e+03 +5.313104887e+03 -9.0985e-01 +1.3107e-01 -2.9861e+00 -1.6204e+00 -2.8089e+00
211 0 +1.049556150e+03 +1.224476150e+03 +1.224476150e+03 +2.1020e-01 -8.6608e-02 -3.3893e+00 -1.7275e+00 -2.8416e+00
260 0 +1.002768822e+03 +1.177688822e+03 +1.177688822e+03 -3.5600e-01 +6.1321e-01 -2.9473e+00 -1.9467e+00 -2.8585e+00
364 0 +8.344291584e+02 +1.009349158e+03 +1.009349158e+03 +1.1543e+00 -6.1971e-01 -3.0859e+00 -1.6900e+00 -2.8780e+00
465 0 +4.394588522e+02 +6.143788522e+02 +6.143788522e+02 -1.9207e+00 -2.2131e-01 -3.9032e+00 -1.7546e+00 -2.8626e+00
477 0 +1.977338031e+02 +3.726538031e+02 +3.726538031e+02 -1.2592e+00 -1.3708e+00 -3.7962e+00 -1.8167e+00 -2.8597e+00
516 0 +1.625676110e+02 +3.374876110e+02 +3.374876110e+02 -2.3139e+00 -1.1262e+00 -3.5986e+00 -1.7741e+00 -2.8705e+00
533 0 +9.027016002e+01 +2.651901600e+02 +2.651901600e+02 -1.7637e+00 -2.3937e+00 -3.4967e+00 -1.8138e+00 -2.8748e+00
567 0 +6.539971594e+01 +2.403197159e+02 +2.403197159e+02 -1.6959e+00 -2.6199e+00 -3.1968e+00 -1.8251e+00 -2.8671e+00
571 0 +4.159029224e+01 +2.165102922e+02 +2.165102922e+02 -3.1308e+00 -1.1411e+00 -3.5072e+00 -1.8355e+00 -2.8682e+00
652 0 +4.030596612e+01 +2.152259661e+02 +2.152259661e+02 -1.5156e+00 -9.2754e-01 -3.4757e+00 -1.8010e+00 -2.8644e+00
654 0 +3.617705504e+01 +2.110970550e+02 +2.110970550e+02 -2.5542e+00 -1.2464e+00 -3.3453e+00 -1.8061e+00 -2.8623e+00
699 0 +2.702487659e+01 +2.019448766e+02 +2.019448766e+02 -1.6553e+00 -1.0854e+00 -3.3208e+00 -1.8276e+00 -2.8665e+00
711 0 +8.612171436e+00 +1.835321714e+02 +1.835321714e+02 -3.0419e+00 -1.7437e+00 -3.4764e+00 -1.8181e+00 -2.8649e+00
754 0 +6.896680400e+00 +1.818166804e+02 +1.818166804e+02 -2.5767e+00 -1.8384e+00 -3.3717e+00 -1.8282e+00 -2.8643e+00
783 0 +5.485270065e+00 +1.804052701e+02 +1.804052701e+02 -2.3261e+00 -1.8118e+00 -3.3865e+00 -1.8249e+00 -2.8639e+00
825 0 +5.367013754e+00 +1.802870138e+02 +1.802870138e+02 -2.6584e+00 -1.7605e+00 -3.4390e+00 -1.8265e+00 -2.8648e+00
826 0 +2.809880749e+00 +1.777298807e+02 +1.777298807e+02 -1.7685e+00 -1.8117e+00 -3.3722e+00 -1.8269e+00 -2.8654e+00
863 0 +2.284603091e+00 +1.772046031e+02 +1.772046031e+02 -2.3219e+00 -1.7804e+00 -3.3878e+00 -1.8218e+00 -2.8654e+00
938 0 +1.731936796e+00 +1.766519368e+02 +1.766519368e+02 -1.4828e+00 -1.7071e+00 -3.3836e+00 -1.8184e+00 -2.8654e+00
945 0 +1.537364272e+00 +1.764573643e+02 +1.764573643e+02 -1.7296e+00 -1.9101e+00 -3.3779e+00 -1.8223e+00 -2.8653e+00
965 0 +1.073007930e+00 +1.759930079e+02 +1.759930079e+02 -1.3314e+00 -1.8630e+00 -3.3796e+00 -1.8227e+00 -2.8655e+00
980 0 +3.045995827e-01 +1.752245996e+02 +1.752245996e+02 -1.2004e+00 -1.9279e+00 -3.4059e+00 -1.8195e+00 -2.8654e+00
1093 0 +6.822445011e-02 +1.749882245e+02 +1.749882245e+02 -1.0500e+00 -1.8558e+00 -3.4072e+00 -1.8207e+00 -2.8658e+00
1185 0 +6.737829997e-02 +1.749873783e+02 +1.749873783e+02 -1.2422e+00 -1.8241e+00 -3.4090e+00 -1.8203e+00 -2.8658e+00
% f evaluations | g evaluations | best noise-free fitness - Fopt (-5.659600000000e+02) + sum g_i+ | measured fitness | best measured fitness or single-digit g-values | x1 | x2...
1 0 +1.154249746e+07 +1.154193150e+07 +1.154193150e+07 +5.9671e-01 -3.8264e-02 +7.4769e-01 +1.6230e+00 -1.3415e-01
3 0 +3.594165107e+06 +3.593599147e+06 +3.593599147e+06 -3.6342e-01 -3.6573e-01 +3.4196e-01 -1.8133e+00 -1.6249e+00
10 0 +3.555922469e+06 +3.555356509e+06 +3.555356509e+06 -6.1984e-01 -3.6064e-01 +1.1571e+00 +4.4362e-01 -1.6630e+00
15 0 +1.562717689e+06 +1.562151729e+06 +1.562151729e+06 +4.6140e-01 +1.6380e+00 +6.4174e-02 +1.6646e+00 -2.5197e+00
27 0 +5.975261394e+05 +5.969601794e+05 +5.969601794e+05 -3.6146e-03 +9.8485e-01 -7.9431e-01 -6.0908e-01 -4.3610e+00
28 0 +1.210276709e+05 +1.204617109e+05 +1.204617109e+05 +1.3067e-01 -7.6578e-01 -2.5404e+00 -2.0852e+00 -3.2247e+00
29 0 +2.001394324e+04 +1.944798324e+04 +1.944798324e+04 -8.6849e-01 +4.5953e-01 -1.3127e+00 -1.3226e+00 -3.4711e+00
191 0 +8.070148522e+03 +7.504188522e+03 +7.504188522e+03 -6.4456e-01 +1.9183e+00 -8.8116e-01 -2.2657e+00 -3.5597e+00
298 0 +1.971391856e+03 +1.405431856e+03 +1.405431856e+03 -1.5254e+00 +1.3079e+00 -1.2914e+00 -1.6468e+00 -3.5559e+00
413 0 +1.970201625e+03 +1.404241625e+03 +1.404241625e+03 -1.1976e+00 +3.3438e+00 -2.1846e+00 -2.0682e+00 -3.5709e+00
423 0 +3.011668341e+02 -2.647931659e+02 -2.647931659e+02 -5.1120e-01 +8.3888e-01 -1.6849e+00 -1.8245e+00 -3.5771e+00
455 0 +7.438730776e+01 -4.915726922e+02 -4.915726922e+02 -4.9011e-01 +9.8240e-01 -2.2685e+00 -1.8693e+00 -3.5704e+00
734 0 +4.255880273e+01 -5.234011973e+02 -5.234011973e+02 -1.4931e+00 -6.2172e-01 -2.0875e+00 -1.8607e+00 -3.5692e+00
780 0 +1.311117403e+01 -5.528488260e+02 -5.528488260e+02 -7.5862e-01 -6.1276e-02 -2.2090e+00 -1.8534e+00 -3.5671e+00
874 0 +6.465042913e+00 -5.594949571e+02 -5.594949571e+02 -1.3895e+00 +1.3797e-01 -2.1737e+00 -1.8519e+00 -3.5672e+00
897 0 +2.916204296e+00 -5.630437957e+02 -5.630437957e+02 -1.2148e+00 +1.9257e-01 -2.1757e+00 -1.8386e+00 -3.5658e+00
945 0 +1.206837916e+00 -5.647531621e+02 -5.647531621e+02 -1.8992e+00 +2.7539e-01 -2.1522e+00 -1.8405e+00 -3.5667e+00
1003 0 +9.766079835e-01 -5.649833920e+02 -5.649833920e+02 -1.8477e+00 +2.3169e-01 -2.1425e+00 -1.8361e+00 -3.5672e+00
1037 0 +8.051541103e-01 -5.651548459e+02 -5.651548459e+02 -1.4908e+00 +3.2881e-01 -2.1419e+00 -1.8413e+00 -3.5669e+00
1079 0 +7.376111424e-01 -5.652223889e+02 -5.652223889e+02 -7.3710e-01 +2.3105e-01 -2.1475e+00 -1.8420e+00 -3.5665e+00
1108 0 +2.643556786e-01 -5.656956443e+02 -5.656956443e+02 -1.3476e+00 +2.1641e-01 -2.1363e+00 -1.8393e+00 -3.5671e+00
1204 0 +2.187891814e-01 -5.657412108e+02 -5.657412108e+02 -1.2639e+00 +2.3243e-01 -2.1537e+00 -1.8404e+00 -3.5673e+00
1208 0 +1.019662820e-01 -5.658580337e+02 -5.658580337e+02 -1.2269e+00 +2.3051e-01 -2.1409e+00 -1.8391e+00 -3.5673e+00
1217 0 +6.035018381e-02 -5.658996498e+02 -5.658996498e+02 -1.0231e+00 +2.5829e-01 -2.1402e+00 -1.8399e+00 -3.5672e+00
