% f evaluations | g evaluations | best noise-free fitness - Fopt (-2.098800000000e+02) + sum g_i+ | measured fitness | best measured fitness or single-digit g-values | x1 | x2...
1 0 +4.145701426e+06 +4.145491546e+06 +4.145491546e+06 +5.9671e-01 -3.8264e-02 +7.4769e-01 +1.6230e+00 -1.3415e-01 -1.3414e-01 +1.6792e+00 +8.6743e-01 -3.6947e-01 +6.4256e-01
6 0 +3.310226671e+06 +3.310016791e+06 +3.310016791e+06 +4.2408e-01 -2.8508e-01 -5.7692e-01 +7.1168e-01 +1.1310e+00 +1.0313e+00 -7.3922e-01 -2.0921e-01 +4.3126e-01 +1.0755e+00
18 0 +3.854675092e+05 +3.852576292e+05 +3.852576292e+05 -7.8951e-01 -7.1581e-01 +2.2898e-02 +4.4115e-01 +3.7669e-01 +9.2718e-01 +1.1300e-01 +1.5535e+00 -1.6466e-01 +2.8202e+00
64 0 +2.993665467e+05 +2.991566667e+05 +2.991566667e+05 -3.2824e-01 +9.5139e-01 +8.3432e-01 +6.4299e-01 +9.8544e-01 +1.3005e+00 -1.5175e+00 -5.9306e-01 -4.4053e-01 +2.4407e+00
100 0 +2.873284621e+05 +2.871185821e+05 +2.871185821e+05 -2.4428e-01 -4.1404e-02 +4.0401e-01 +2.8817e+00 -1.8184e-01 +1.3614e+00 -1.2668e+00 +4.4744e-01 -1.9362e+00 +2.5009e+00
101 0 +1.440837660e+05 +1.438738860e+05 +1.438738860e+05 -1.0876e+00 -1.8297e+00 -1.0347e+00 +3.5994e+00 -6.7720e-01 +1.3573e+00 +2.8574e-01 -4.0289e-01 -5.1756e-01 +2.6166e+00
160 0 +1.120611115e+05 +1.118512315e+05 +1.118512315e+05 +1.3220e+00 -1.5349e+00 +4.2480e-01 -1.3330e-01 -5.5574e-01 +2.8252e+00 +1.7826e+00 -4.4240e-01 -1.7793e+00 +2.7472e+00
202 0 +6.901601589e+04 +6.880613589e+04 +6.880613589e+04 -6.1474e-01 -8.0734e-01 +3.0316e+00 +4.2316e-01 -1.3609e-01 +2.2281e+00 +3.4214e+00 -1.1014e+00 -1.0451e+00 +2.6646e+00
254 0 +6.470218086e+04 +6.449230086e+04 +6.449230086e+04 +4.6029e+00 +8.9231e-01 +2.3488e+00 +7.1806e-01 -1.2685e+00 -2.3804e-01 +1.6038e+00 +5.0157e-01 -1.0885e+00 +2.7483e+00
257 0 +5.145026287e+04 +5.124038287e+04 +5.124038287e+04 +4.8428e-01 -3.4373e-01 +5.9496e-01 -1.4253e+00 -2.1866e+00 +3.0496e+00 +2.3770e+00 +2.5595e-02 -1.1300e+00 +2.4048e+00
408 0 +3.299985789e+04 +3.278997789e+04 +3.278997789e+04 -2.2485e+00 -1.9917e+00 +2.1208e+00 -2.2013e-01 +2.0972e+00 +2.0455e+00 +2.7037e+00 -7.1152e-01 -1.0414e+00 +2.7166e+00
457 0 +3.050273131e+04 +3.029285131e+04 +3.029285131e+04 +8.2713e-01 +6.1144e-01 +2.0634e+00 +3.7831e+00 +6.4387e-01 +2.0644e+00 +1.6041e+00 -1.5525e-01 -1.3248e+00 +2.7211e+00
460 0 +2.826341996e+04 +2.805353996e+04 +2.805353996e+04 -2.8113e+00 -1.3712e+00 +8.5855e-02 +1.6298e+00 -6.7898e-01 +2.9197e+00 +1.7941e+00 +3.4720e-01 -1.1152e+00 +2.4856e+00
555 0 +1.445093753e+04 +1.424105753e+04 +1.424105753e+04 -1.9085e+00 +1.3417e+00 -1.3373e+00 +1.9901e+00 -4.5340e-01 +2.6293e+00 +1.2865e+00 -7.7049e-02 -1.1333e+00 +2.5810e+00
762 0 +1.113527429e+04 +1.092539429e+04 +1.092539429e+04 -3.0866e-01 +8.0984e-02 +9.4125e-01 +3.2211e-01 -3.9638e-01 +2.0361e+00 +1.7594e+00 +1.8754e-01 -1.1583e+00 +2.5817e+00
854 0 +8.883519839e+03 +8.673639839e+03 +8.673639839e+03 -2.7488e-01 +4.2238e-01 +2.1019e+00 +1.1952e+00 +1.0615e+00 +9.6717e-01 +2.4375e+00 -2.2808e-01 -1.1371e+00 +2.5980e+00
962 0 +3.799769748e+03 +3.589889748e+03 +3.589889748e+03 -1.1981e+00 +1.0540e+00 +1.6101e+00 +6.7487e-01 +6.9043e-01 +2.0505e+00 +2.1433e+00 -7.5565e-02 -1.0488e+00 +2.6333e+00
1208 0 +3.342880420e+03 +3.133000420e+03 +3.133000420e+03 +7.4897e-02 -1.6149e+00 +1.7219e+00 +1.0642e+00 +5.1356e-01 +2.3198e+00 +2.3370e+00 +1.0055e-01 -1.0951e+00 +2.5962e+00
1253 0 +1.230614328e+03 +1.020734328e+03 +1.020734328e+03 -6.3222e-01 +4.3719e-01 +1.0337e+00 +1.3798e+00 +7.2304e-01 +2.5400e+00 +2.3131e+00 -1.3242e-02 -1.1333e+00 +2.6106e+00
1416 0 +1.009907136e+03 +8.000271363e+02 +8.000271363e+02 -7.9240e-01 +1.2522e+00 +1.4881e+00 +1.1089e+00 +9.6504e-01 +3.0244e+00 +2.2968e+00 -6.3929e-02 -1.0978e+00 +2.5927e+00
1501 0 +8.987216558e+02 +6.888416558e+02 +6.888416558e+02 -3.4079e-01 +8.8978e-01 +1.7800e+00 +1.8725e+00 +1.4298e+00 +2.3658e+00 +2.4423e+00 -1.4817e-01 -1.1343e+00 +2.5942e+00
1526 0 +4.289878589e+02 +2.191078589e+02 +2.191078589e+02 -1.1083e+00 +1.8526e-01 +9.5081e-01 +1.4759e+00 +1.9628e+00 +2.4978e+00 +2.3508e+00 -7.2250e-02 -1.0968e+00 +2.6111e+00
1711 0 +4.002997406e+02 +1.904197406e+02 +1.904197406e+02 -1.2185e+00 -2.0579e-01 +1.2360e+00 +1.8749e+00 +1.6607e+00 +2.6866e+00 +2.2704e+00 -7.1237e-02 -1.1307e+00 +2.6149e+00
1852 0 +3.907707507e+02 +1.808907507e+02 +1.808907507e+02 -1.2861e-01 +1.0969e+00 +1.4210e+00 +1.9984e+00 +1.8106e+00 +2.9602e+00 +2.3007e+00 -7.3988e-02 -1.1278e+00 +2.6092e+00
1858 0 +3.449103109e+02 +1.350303109e+02 +1.350303109e+02 -1.0672e+00 +2.4914e-01 +1.4859e+00 +2.0299e+00 +2.0439e+00 +2.5872e+00 +2.2271e+00 -1.2472e-01 -1.0980e+00 +2.6071e+00
1860 0 +3.022741708e+02 +9.239417080e+01 +9.239417080e+01 -1.2271e+00 +1.0295e+00 +6.2533e-01 +2.3864e+00 +2.0428e+00 +2.8343e+00 +2.3776e+00 -9.3717e-02 -1.1062e+00 +2.6064e+00
1920 0 +2.830048193e+02 +7.312481934e+01 +7.312481934e+01 -1.3371e+00 +6.3808e-01 +5.3973e-01 +1.9682e+00 +1.5123e+00 +2.6657e+00 +2.2923e+00 -6.9814e-02 -1.1123e+00 +2.6013e+00
1925 0 +2.223586692e+02 +1.247866922e+01 +1.247866922e+01 -1.1011e+00 +6.9286e-01 +1.2824e+00 +2.2057e+00 +1.6755e+00 +2.7123e+00 +2.3866e+00 -8.5337e-02 -1.1196e+00 +2.5968e+00
1964 0 +1.934505293e+02 -1.642947070e+01 -1.642947070e+01 -1.8965e+00 +7.7437e-01 +1.0424e+00 +2.3655e+00 +1.7638e+00 +2.5643e+00 +2.3532e+00 -8.0056e-02 -1.1059e+00 +2.6049e+00
2055 0 +1.883668177e+02 -2.151318229e+01 -2.151318229e+01 -1.7179e+00 +9.3064e-01 +1.2374e+00 +1.9245e+00 +1.6321e+00 +2.7277e+00 +2.2887e+00 -9.7213e-02 -1.1149e+00 +2.6076e+00
2056 0 +1.866461891e+02 -2.323381094e+01 -2.323381094e+01 -2.0264e+00 +9.1111e-01 +8.4098e-01 +2.4994e+00 +1.8243e+00 +2.7113e+00 +2.3311e+00 -1.0510e-01 -1.1133e+00 +2.6074e+00
2086 0 +1.669134024e+02 -4.296659755e+01 -4.296659755e+01 -1.3023e+00 +6.9591e-01 +1.0876e+00 +1.9304e+00 +1.7495e+00 +2.7203e+00 +2.3303e+00 -9.3851e-02 -1.1041e+00 +2.6018e+00
2137 0 +1.381409797e+02 -7.173902035e+01 -7.173902035e+01 -1.8293e+00 +8.4859e-01 +1.1662e+00 +2.3478e+00 +1.7596e+00 +2.6649e+00 +2.3034e+00 -9.8399e-02 -1.1134e+00 +2.6023e+00
2215 0 +1.338107381e+02 -7.606926192e+01 -7.606926192e+01 -2.1560e+00 +5.8684e-01 +1.2714e+00 +2.4147e+00 +1.7150e+00 +2.7191e+00 +2.3166e+00 -9.2500e-02 -1.1146e+00 +2.6063e+00
2398 0 +1.280353380e+02 -8.184466199e+01 -8.184466199e+01 -1.9956e+00 +8.4258e-01 +1.6283e+00 +2.0641e+00 +1.6496e+00 +2.7010e+00 +2.3452e+00 -8.7696e-02 -1.1135e+00 +2.6060e+00
2461 0 +1.168202804e+02 -9.305971960e+01 -9.305971960e+01 -2.0724e+00 +4.8185e-01 +1.5917e+00 +2.1715e+00 +1.7720e+00 +2.7012e+00 +2.3215e+00 -9.5968e-02 -1.1146e+00 +2.6073e+00
% f evaluations | g evaluations | best noise-free fitness - Fopt (-9.209000000000e+01) + sum g_i+ | measured fitness | best measured fitness or single-digit g-values | x1 | x2...
1 0 +1.301407777e+06 +1.301315687e+06 +1.301315687e+06 +5.9671e-01 -3.8264e-02 +7.4769e-01 +1.6230e+00 -1.3415e-01 -1.3414e-01 +1.6792e+00 +8.6743e-01 -3.6947e-01 +6.4256e-01
6 0 +4.560874244e+05 +4.559953344e+05 +4.559953344e+05 +4.2408e-01 -2.8508e-01 -5.7692e-01 +7.1168e-01 +1.1310e+00 +1.0313e+00 -7.3922e-01 -2.0921e-01 +4.3126e-01 +1.0755e+00
40 0 +2.400470840e+05 +2.399549940e+05 +2.399549940e+05 -7.9841e-01 +5.9192e-01 -1.2202e+00 +1.9315e+00 +1.2794e+00 -3.6918e-01 -1.6131e+00 +1.4539e+00 -1.4540e-02 +1.3378e+00
59 0 +8.515504125e+04 +8.506295125e+04 +8.506295125e+04 -1.5290e+00 +1.4761e+00 -7.9007e-02 +2.4599e+00 -3.9592e-01 +8.0948e-02 -2.5090e-01 +7.7070e-01 +1.9202e-01 +1.5028e+00
86 0 +5.707169350e+04 +5.697960350e+04 +5.697960350e+04 -4.5296e-01 +3.1876e+00 +1.2298e-01 +7.0990e-02 -1.4178e+00 -7.1166e-01 +6.1780e-01 +8.0180e-01 +9.0521e-02 +1.7512e+00
363 0 +5.218313453e+04 +5.209104453e+04 +5.209104453e+04 -5.1391e-01 +1.2690e+00 +1.0201e+00 +2.6059e+00 -2.9224e+00 -1.2532e+00 +8.4681e-01 +8.8083e-01 +3.9902e-01 +1.8486e+00
420 0 +4.643353948e+04 +4.634144948e+04 +4.634144948e+04 -4.5573e-01 +1.7210e+00 +3.6525e+00 +1.9786e-01 -8.5332e-01 -2.8231e-01 +9.1428e-01 +1.0462e+00 +2.3223e-01 +1.6094e+00
579 0 +3.366189971e+04 +3.356980971e+04 +3.356980971e+04 -1.8440e+00 +1.6754e+00 +2.8071e+00 +1.3791e+00 -3.6158e-01 -1.8572e-01 +8.0151e-01 +9.5751e-01 +4.3090e-01 +1.6574e+00
745 0 +2.337532140e+04 +2.328323140e+04 +2.328323140e+04 -1.3100e+00 -2.1718e-01 -6.5353e-01 +1.6942e+00 +1.0225e+00 -1.8873e+00 +6.1502e-01 +8.8692e-01 +6.4781e-01 +1.6698e+00
779 0 +1.221790887e+04 +1.212581887e+04 +1.212581887e+04 +3.3484e-01 +9.2883e-01 +2.1144e+00 +1.2059e+00 -3.9107e-01 -2.2796e+00 -1.5921e-01 +8.4769e-01 +5.1307e-01 +1.6152e+00
993 0 +8.750488102e+03 +8.658398102e+03 +8.658398102e+03 -1.9065e+00 +2.3861e+00 +2.0780e+00 +2.0575e+00 -1.5821e+00 -4.3107e+00 +7.1445e-02 +6.6356e-01 +4.1333e-01 +1.7003e+00
994 0 +4.344821220e+03 +4.252731220e+03 +4.252731220e+03 -1.4790e+00 +8.1860e-01 +1.0554e+00 +6.0285e-01 +9.6363e-03 -2.9043e+00 -4.0659e-01 +1.0361e+00 +4.3801e-01 +1.6728e+00
1216 0 +3.503014297e+03 +3.410924297e+03 +3.410924297e+03 -5.0797e-01 +1.3859e+00 +2.0224e+00 +7.2834e-01 -1.8498e+00 -3.4469e+00 -8.5104e-02 +9.6395e-01 +4.0022e-01 +1.6647e+00
1320 0 +3.285600068e+03 +3.193510068e+03 +3.193510068e+03 -1.8612e+00 +1.4044e+00 +3.7207e-01 +2.4937e+00 -6.4147e-01 -3.7108e+00 +1.7527e-01 +9.8621e-01 +4.6279e-01 +1.7167e+00
1409 0 +2.135752472e+03 +2.043662472e+03 +2.043662472e+03 -4.7832e-01 +1.5398e+00 +1.6514e+00 -1.9368e+00 -6.7912e-01 -3.8420e+00 -1.4435e-01 +1.1101e+00 +4.9320e-01 +1.6977e+00
1425 0 +1.679663105e+03 +1.587573105e+03 +1.587573105e+03 -3.2229e+00 +2.8181e+00 -1.3860e-01 +2.1375e+00 +1.6607e-01 -3.8493e+00 +4.6469e-02 +1.0133e+00 +4.3872e-01 +1.6841e+00
1526 0 +1.397914502e+03 +1.305824502e+03 +1.305824502e+03 -1.1460e+00 +1.7536e+00 +1.1884e+00 -7.3633e-01 -1.3866e+00 -3.8275e+00 -7.3101e-02 +9.9116e-01 +4.3093e-01 +1.7017e+00
1561 0 +1.215103193e+03 +1.123013193e+03 +1.123013193e+03 -1.8206e+00 +1.6295e+00 +2.2855e+00 -2.3459e+00 +9.4084e-02 -3.5624e+00 +1.8652e-02 +1.0144e+00 +4.4687e-01 +1.7159e+00
1712 0 +6.234329125e+02 +5.313429125e+02 +5.313429125e+02 -6.6271e-01 +2.1110e+00 +1.0168e+00 -2.0737e+00 -2.1636e-01 -3.5418e+00 -1.1425e-01 +9.9573e-01 +4.2137e-01 +1.7005e+00
1716 0 +5.638537018e+02 +4.717637018e+02 +4.717637018e+02 -1.3917e+00 +2.6706e+00 -6.6160e-01 -3.2981e-01 -3.2515e-01 -3.6583e+00 -5.5241e-02 +1.0080e+00 +4.3509e-01 +1.6721e+00
1762 0 +4.308062856e+02 +3.387162856e+02 +3.387162856e+02 -2.2051e-01 +9.2277e-01 -1.5002e+00 -8.3008e-01 -6.6481e-01 -3.9442e+00 -1.8522e-02 +9.7940e-01 +4.4319e-01 +1.6878e+00
1969 0 +3.808497283e+02 +2.887597283e+02 +2.887597283e+02 -1.5705e+00 +1.8736e+00 -1.4545e+00 -1.0004e+00 -1.5689e-01 -3.9914e+00 +9.0888e-02 +1.0286e+00 +4.4484e-01 +1.6837e+00
1972 0 +3.512151834e+02 +2.591251834e+02 +2.591251834e+02 -1.2378e+00 +1.6509e+00 -1.0182e+00 -2.1955e+00 -1.9919e-01 -3.6130e+00 -6.3052e-02 +1.0155e+00 +4.1035e-01 +1.6847e+00
2007 0 +2.081628407e+02 +1.160728407e+02 +1.160728407e+02 -8.7733e-01 +1.0092e+00 -2.1615e+00 -1.8424e+00 -7.9395e-02 -3.6835e+00 +1.1795e-02 +1.0222e+00 +4.3602e-01 +1.6908e+00
2127 0 +1.933074105e+02 +1.012174105e+02 +1.012174105e+02 -9.5098e-01 +2.0089e+00 -5.4256e-01 -1.8085e+00 +1.8671e-01 -3.7648e+00 +1.0394e-01 +1.0029e+00 +4.3073e-01 +1.6949e+00
2130 0 +1.445908058e+02 +5.250080584e+01 +5.250080584e+01 -2.7134e-01 +1.4556e+00 -1.0697e+00 -1.7547e+00 -2.5110e-01 -3.8765e+00 -3.8504e-02 +9.7283e-01 +4.3494e-01 +1.6900e+00
2221 0 +1.112865528e+02 +1.919655282e+01 +1.919655282e+01 -1.2998e+00 +2.1043e+00 +5.4952e-01 -1.8000e+00 -6.9744e-02 -3.8733e+00 -2.8981e-02 +9.6416e-01 +4.2651e-01 +1.6861e+00
2270 0 +7.494190391e+01 -1.714809609e+01 -1.714809609e+01 -9.9349e-01 +1.2433e+00 -4.3044e-01 -1.6419e+00 -2.6433e-01 -3.7086e+00 -1.4790e-02 +9.8212e-01 +4.3985e-01 +1.6844e+00
2399 0 +5.681276000e+01 -3.527724000e+01 -3.527724000e+01 -1.0341e+00 +1.1993e+00 +3.7759e-01 -1.8583e+00 -1.5002e-01 -3.6864e+00 -3.5648e-03 +1.0036e+00 +4.3507e-01 +1.6843e+00
2410 0 +4.702430802e+01 -4.506569198e+01 -4.506569198e+01 -1.0406e+00 +1.2129e+00 -5.6045e-02 -1.6814e+00 -7.6981e-02 -3.7764e+00 +5.2995e-02 +9.7027e-01 +4.3925e-01 +1.6888e+00
% f evaluations | g evaluations | best noise-free fitness - Fopt (-8.789000000000e+01) + sum g_i+ | measured fitness | best measured fitness or single-digit g-values | x1 | x2...
1 0 +8.641551380e+06 +8.641463490e+06 +8.641463490e+06 +5.9671e-01 -3.8264e-02 +7.4769e-01 +1.6230e+00 -1.3415e-01 -1.3414e-01 +1.6792e+00 +8.6743e-01 -3.6947e-01 +6.4256e-01
6 0 +7.335848793e+06 +7.335760903e+06 +7.335760903e+06 +4.2408e-01 -2.8508e-01 -5.7692e-01 +7.1168e-01 +1.1310e+00 +1.0313e+00 -7.3922e-01 -2.0921e-01 +4.3126e-01 +1.0755e+00
18 0 +1.802348882e+06 +1.802260992e+06 +1.802260992e+06 -7.8951e-01 -7.1581e-01 +2.2898e-02 +4.4115e-01 +3.7669e-01 +9.2718e-01 +1.1300e-01 +1.5535e+00 -1.6466e-01 +2.8202e+00
113 0 +3.774835893e+05 +3.773956993e+05 +3.773956993e+05 -7.0926e-01 +7.0091e-01 +2.2586e+00 +4.5062e+00 +4.0613e-01 +1.9028e+00 -2.2181e+00 +2.8215e+00 -2.9728e+00 +2.9732e+00
149 0 +3.307754974e+05 +3.306876074e+05 +3.306876074e+05 -2.5644e+00 -2.8609e+00 -2.1239e+00 -8.2410e-01 -4.0641e-01 +2.1551e+00 +2.6459e-01 +8.6461e-01 -1.5894e+00 +3.3134e+00
165 0 +3.270167095e+05 +3.269288195e+05 +3.269288195e+05 -1.3129e+00 +2.9060e+00 +1.1477e+00 +3.0494e+00 +1.6478e-01 +1.3936e+00 -2.5157e+00 -3.9785e-01 -2.5528e+00 +3.8163e+00
172 0 +2.359861075e+05 +2.358982175e+05 +2.358982175e+05 -3.6579e-01 +9.0557e-01 -3.1885e+00 +8.8593e-01 +2.9271e+00 +8.0121e-01 -4.2794e+00 +2.1303e+00 -1.6722e+00 +3.6089e+00
240 0 +8.606143008e+04 +8.597354008e+04 +8.597354008e+04 -2.1005e-01 +7.8800e-01 +1.8526e+00 +4.1054e+00 -1.7437e+00 +3.2766e+00 -2.1505e+00 +2.4052e+00 -2.4404e+00 +3.4862e+00
296 0 +3.386726582e+04 +3.377937582e+04 +3.377937582e+04 -3.0432e+00 -1.9076e+00 +2.2139e+00 +1.1758e+00 -1.4891e+00 +6.6404e-01 -3.2071e+00 +8.5361e-01 -2.3167e+00 +3.4079e+00
635 0 +2.030921057e+04 +2.022132057e+04 +2.022132057e+04 -1.0564e+00 -8.2973e-01 +2.6358e+00 +3.0102e+00 +1.1383e+00 +7.9948e-01 -2.7451e+00 +1.7245e+00 -2.5051e+00 +3.4645e+00
935 0 +1.537167727e+04 +1.528378727e+04 +1.528378727e+04 -1.4027e+00 +8.6933e-01 +3.0067e+00 +1.6483e+00 +2.0855e-01 -2.5843e-01 -2.5169e+00 +1.3012e+00 -2.5401e+00 +3.3464e+00
971 0 +1.347553283e+04 +1.338764283e+04 +1.338764283e+04 -8.3981e-01 +1.4178e+00 +2.0414e+00 +1.2526e+00 +6.5316e-01 +3.6109e-02 -2.3648e+00 +1.4902e+00 -2.4912e+00 +3.4406e+00
1104 0 +1.330888528e+04 +1.322099528e+04 +1.322099528e+04 +1.3610e-01 +1.0105e+00 +1.9447e+00 +2.8119e-01 +2.7088e-01 -9.6410e-01 -3.2999e+00 +1.4879e+00 -2.4624e+00 +3.3543e+00
1163 0 +9.699895177e+03 +9.612005177e+03 +9.612005177e+03 +1.5684e+00 -4.5441e-01 +3.7546e+00 -1.0725e+00 -2.0609e+00 -5.6618e-01 -2.3691e+00 +1.6380e+00 -2.4180e+00 +3.4240e+00
1209 0 +8.296605795e+03 +8.208715795e+03 +8.208715795e+03 -1.2610e+00 +1.1896e+00 +2.8566e+00 +2.4031e+00 -1.4339e+00 -1.5197e+00 -3.1314e+00 +1.2716e+00 -2.4917e+00 +3.4528e+00
1330 0 +6.506958615e+03 +6.419068615e+03 +6.419068615e+03 -1.1995e-02 +4.3048e-01 +2.6699e+00 +1.4034e+00 -3.6692e-02 -1.0765e+00 -3.0879e+00 +1.3994e+00 -2.5757e+00 +3.4200e+00
1381 0 +2.867943691e+03 +2.780053691e+03 +2.780053691e+03 +9.2524e-01 +8.7425e-01 +1.8708e+00 +8.5287e-01 -3.0805e+00 -1.1865e-01 -3.1637e+00 +1.4487e+00 -2.5307e+00 +3.4600e+00
1501 0 +2.689097245e+03 +2.601207245e+03 +2.601207245e+03 -1.1952e+00 +5.7650e-01 +1.4773e+00 +1.0955e+00 -2.2932e+00 -2.6477e-01 -2.8111e+00 +1.4635e+00 -2.5854e+00 +3.4527e+00
1604 0 +1.810726274e+03 +1.722836274e+03 +1.722836274e+03 -1.1764e-01 +4.9099e-01 +3.4505e+00 +3.1486e-02 -2.8128e+00 -1.1299e+00 -2.9786e+00 +1.5201e+00 -2.5031e+00 +3.4277e+00
1725 0 +1.519013985e+03 +1.431123985e+03 +1.431123985e+03 +9.8235e-01 -7.9649e-02 +4.6811e+00 -4.3717e-01 -3.4526e+00 -4.3577e-01 -2.9304e+00 +1.4849e+00 -2.4888e+00 +3.4360e+00
1727 0 +1.412527813e+03 +1.324637813e+03 +1.324637813e+03 +5.5290e-01 +1.1405e+00 +2.0044e+00 -7.1251e-01 -2.0387e+00 -5.6841e-01 -2.9022e+00 +1.4815e+00 -2.5954e+00 +3.4341e+00
1794 0 +1.337617392e+03 +1.249727392e+03 +1.249727392e+03 +9.2740e-01 +5.0112e-01 +4.2176e+00 -1.3261e+00 -2.3249e+00 -4.6883e-01 -3.1145e+00 +1.4709e+00 -2.5759e+00 +3.4474e+00
1820 0 +1.291987258e+03 +1.204097258e+03 +1.204097258e+03 +2.5733e-01 +3.5332e-01 +2.9916e+00 +1.3294e-01 -2.6434e+00 -5.5655e-01 -3.0376e+00 +1.5529e+00 -2.5586e+00 +3.4196e+00
1841 0 +7.656279980e+02 +6.777379980e+02 +6.777379980e+02 +2.3955e+00 +3.9594e-01 +4.8599e+00 -2.5503e+00 -3.7628e+00 -5.0667e-01 -2.9983e+00 +1.4814e+00 -2.5557e+00 +3.4422e+00
1906 0 +3.976437623e+02 +3.097537623e+02 +3.097537623e+02 +1.5809e+00 +6.7223e-01 +1.2193e+00 -3.4694e-01 -2.7853e+00 -7.0889e-01 -2.9804e+00 +1.4881e+00 -2.5456e+00 +3.4304e+00
2164 0 +3.535795226e+02 +2.656895226e+02 +2.656895226e+02 +2.3662e+00 +1.1397e+00 +1.8418e+00 -1.2844e+00 -3.3363e+00 -7.4910e-01 -2.9590e+00 +1.4356e+00 -2.5715e+00 +3.4328e+00
2172 0 +3.466228519e+02 +2.587328519e+02 +2.587328519e+02 +8.3266e-01 +1.1560e+00 +2.6414e+00 -1.7138e+00 -3.3355e+00 -5.8625e-01 -2.9412e+00 +1.4723e+00 -2.5321e+00 +3.4429e+00
2204 0 +2.956824069e+02 +2.077924069e+02 +2.077924069e+02 +1.9913e+00 +8.2693e-01 +1.6102e+00 -2.3088e+00 -2.6523e+00 -4.3934e-01 -2.9667e+00 +1.4344e+00 -2.5347e+00 +3.4340e+00
2223 0 +2.483485176e+02 +1.604585176e+02 +1.604585176e+02 +1.2604e+00 +1.2780e+00 +2.1141e+00 -1.1028e+00 -3.1439e+00 -6.9172e-01 -2.9398e+00 +1.4818e+00 -2.5268e+00 +3.4274e+00
2301 0 +1.738815723e+02 +8.599157229e+01 +8.599157229e+01 +2.6332e+00 +1.4424e+00 +2.2798e+00 -2.5699e+00 -3.3757e+00 -7.1666e-01 -2.9298e+00 +1.4703e+00 -2.5400e+00 +3.4250e+00
2334 0 +1.483647039e+02 +6.047470393e+01 +6.047470393e+01 +1.3816e+00 +8.6382e-01 +1.8269e+00 -1.8160e+00 -3.2215e+00 -5.4697e-01 -2.9362e+00 +1.4957e+00 -2.5521e+00 +3.4252e+00
2373 0 +1.208534133e+02 +3.296341331e+01 +3.296341331e+01 +1.5855e+00 +1.3783e+00 +2.1815e+00 -2.5191e+00 -3.0885e+00 -5.4534e-01 -3.0085e+00 +1.4630e+00 -2.5460e+00 +3.4339e+00
% f evaluations | g evaluations | best noise-free fitness - Fopt (3.201900000000e+02) + sum g_i+ | measured fitness | best measured fitness or single-digit g-values | x1 | x2...
1 0 +3.086369922e+06 +3.086690112e+06 +3.086690112e+06 +5.9671e-01 -3.8264e-02 +7.4769e-01 +1.6230e+00 -1.3415e-01 -1.3414e-01 +1.6792e+00 +8.6743e-01 -3.6947e-01 +6.4256e-01
3 0 +2.421037403e+06 +2.421357593e+06 +2.421357593e+06 +1.5656e+00 -1.2578e-01 +1.6753e-01 -1.3247e+00 -4.4438e-01 +2.1092e-01 -1.0510e+00 +4.7570e-01 -5.0064e-01 -1.9169e-01
4 0 +1.701044438e+06 +1.701364628e+06 +1.701364628e+06 -5.0171e-01 +1.9523e+00 +8.6503e-02 -9.5771e-01 +9.2254e-01 -1.1208e+00 +3.0886e-01 -1.8597e+00 -1.2282e+00 +2.9686e-01
44 0 +9.630455032e+05 +9.633656932e+05 +9.633656932e+05 -1.0833e+00 -1.9392e+00 -1.6941e-01 +8.1754e-01 +1.6024e+00 +1.7409e-01 +1.7286e+00 -1.2801e+00 -1.6034e+00 +4.4452e-02
56 0 +6.133553386e+05 +6.136755286e+05 +6.136755286e+05 +7.7551e-01 -8.3908e-01 -9.3741e-01 -6.0102e-01 -6.2405e-02 -1.2396e+00 +3.0502e-01 -1.1725e+00 -2.0164e+00 -7.5893e-02
67 0 +1.820143203e+05 +1.823345103e+05 +1.823345103e+05 -1.7466e-01 -9.0154e-02 -4.8076e-02 +1.8678e-01 +5.3410e-01 -9.9665e-01 +8.4921e-01 -1.8634e+00 -3.4066e+00 -4.6833e-01
125 0 +1.454593756e+05 +1.457795656e+05 +1.457795656e+05 +1.7996e+00 +1.0997e+00 -3.4502e-02 +1.4556e+00 +3.4543e+00 -4.9470e-01 +6.5037e-01 -2.2507e+00 -3.9525e+00 -1.2474e-01
314 0 +1.247829516e+05 +1.251031416e+05 +1.251031416e+05 +1.0406e+00 -1.2105e-01 +3.9540e+00 +1.1502e+00 +3.0724e+00 -1.0944e+00 +4.0235e-01 -1.6229e+00 -3.7083e+00 -1.5314e-01
436 0 +9.396979811e+04 +9.428998811e+04 +9.428998811e+04 +1.3137e+00 -5.5669e-01 -2.7478e+00 +1.3465e+00 +1.5280e-01 +6.9437e-01 +1.8445e+00 -2.4939e+00 -3.9297e+00 -3.1526e-01
536 0 +8.354306506e+04 +8.386325506e+04 +8.386325506e+04 -4.7998e-01 -1.3970e+00 -3.0098e-01 +1.1576e+00 -2.9234e-01 +1.3415e+00 +7.0401e-01 -1.0531e+00 -3.5911e+00 -2.2065e-01
556 0 +4.810420515e+04 +4.842439515e+04 +4.842439515e+04 -7.0929e-01 +2.9183e-01 +1.1535e+00 +2.2177e+00 +1.9088e-01 +2.2763e-01 +1.9091e+00 -2.1809e+00 -3.6845e+00 -1.2505e-01
665 0 +1.938311165e+04 +1.970330165e+04 +1.970330165e+04 +3.3140e+00 +2.6285e-01 -1.1263e+00 +7.9894e-01 -5.2270e-01 +1.8917e+00 +3.1881e+00 -1.8296e+00 -3.7595e+00 -2.1739e-01
735 0 +9.482219342e+03 +9.802409342e+03 +9.802409342e+03 -2.4890e-01 -8.5928e-01 -3.7144e+00 +8.5305e-01 -4.1526e-01 +4.6117e+00 +3.0088e+00 -1.7106e+00 -3.6099e+00 -1.9827e-01
1039 0 +8.895112182e+03 +9.215302182e+03 +9.215302182e+03 +2.6551e+00 -2.8027e+00 -9.1327e-01 -3.5355e-01 -1.6117e+00 +2.8115e+00 +3.1696e+00 -1.9254e+00 -3.5488e+00 -1.2197e-01
1258 0 +6.395474082e+03 +6.715664082e+03 +6.715664082e+03 +7.0205e-01 -2.6218e+00 -3.3400e+00 +7.8098e-01 -1.4322e+00 +4.0864e+00 +3.1059e+00 -1.8862e+00 -3.5208e+00 -1.8133e-01
1298 0 +6.127837871e+03 +6.448027871e+03 +6.448027871e+03 +2.0386e+00 -1.5203e+00 +6.6962e-01 -2.6304e-01 -4.7075e+00 +3.2004e+00 +2.4988e+00 -1.8739e+00 -3.6874e+00 -2.3131e-01
1325 0 +4.110817175e+03 +4.431007175e+03 +4.431007175e+03 +1.5865e+00 -2.7814e+00 -2.2988e+00 +1.0257e+00 -3.3003e+00 +3.6622e+00 +2.3131e+00 -1.8851e+00 -3.6468e+00 -1.9594e-01
1380 0 +3.187484509e+03 +3.507674509e+03 +3.507674509e+03 +1.1019e+00 -2.4000e+00 -1.5137e+00 +1.2557e+00 -2.0896e+00 +3.4605e+00 +2.6107e+00 -1.8297e+00 -3.6299e+00 -1.4589e-01
1401 0 +2.733098280e+03 +3.053288280e+03 +3.053288280e+03 +1.4982e+00 -4.1068e+00 -2.1592e+00 -1.0192e+00 -2.3427e+00 +4.0489e+00 +2.7662e+00 -1.9049e+00 -3.6076e+00 -1.9693e-01
1452 0 +2.322375318e+03 +2.642565318e+03 +2.642565318e+03 -1.1956e-01 -3.1468e+00 -1.8606e-01 +2.2696e+00 -3.5256e+00 +3.8218e+00 +3.0325e+00 -1.8256e+00 -3.5597e+00 -1.8410e-01
1472 0 +1.776064873e+03 +2.096254873e+03 +2.096254873e+03 +1.3426e+00 -4.3985e+00 +1.2203e+00 -1.6040e+00 -1.7844e+00 +3.8378e+00 +2.6971e+00 -1.7879e+00 -3.6049e+00 -1.9462e-01
1528 0 +1.089881111e+03 +1.410071111e+03 +1.410071111e+03 +5.3078e-01 -1.0222e+00 -2.5488e-01 -1.4306e+00 -3.0878e+00 +3.5855e+00 +2.8334e+00 -1.6849e+00 -3.5897e+00 -1.6633e-01
1700 0 +7.149565434e+02 +1.035146543e+03 +1.035146543e+03 +1.9150e+00 -1.9331e+00 -2.2571e+00 +4.1585e-01 -3.1881e+00 +3.4743e+00 +2.7765e+00 -1.7569e+00 -3.6043e+00 -1.6940e-01
1857 0 +6.757134023e+02 +9.959034023e+02 +9.959034023e+02 +2.1265e+00 +7.0756e-01 -1.3148e+00 -4.4891e-01 -2.9470e+00 +3.3074e+00 +2.9367e+00 -1.7921e+00 -3.5906e+00 -1.7306e-01
1998 0 +5.936565282e+02 +9.138465282e+02 +9.138465282e+02 +1.1416e+00 +9.4207e-01 -1.9367e+00 -1.9258e+00 -3.9393e+00 +3.5472e+00 +2.7999e+00 -1.8158e+00 -3.6099e+00 -1.8697e-01
2164 0 +5.628934982e+02 +8.830834982e+02 +8.830834982e+02 +2.0239e+00 +1.2996e+00 -1.0111e+00 -1.6438e+00 -3.0713e+00 +3.3123e+00 +2.7956e+00 -1.7970e+00 -3.5718e+00 -1.8338e-01
2184 0 +5.542244102e+02 +8.744144102e+02 +8.744144102e+02 +1.3638e+00 +2.2759e+00 -1.5392e+00 -1.8257e+00 -3.8054e+00 +3.4320e+00 +2.7463e+00 -1.7971e+00 -3.5904e+00 -1.8900e-01
2190 0 +4.331170494e+02 +7.533070494e+02 +7.533070494e+02 +2.0773e+00 -4.1259e-01 -8.7519e-01 -1.2838e+00 -3.2665e+00 +3.5058e+00 +2.7666e+00 -1.7858e+00 -3.5807e+00 -1.7029e-01
2218 0 +4.240755186e+02 +7.442655186e+02 +7.442655186e+02 +2.7737e+00 +1.9798e+00 -1.5092e+00 -1.2671e+00 -3.3186e+00 +3.4770e+00 +2.7705e+00 -1.7946e+00 -3.6267e+00 -1.7825e-01
2260 0 +2.438835035e+02 +5.640735035e+02 +5.640735035e+02 +1.1638e+00 -3.9399e-01 +2.0199e-02 -7.7032e-01 -3.4645e+00 +3.5413e+00 +2.7728e+00 -1.7949e+00 -3.6291e+00 -1.8458e-01
% f evaluations | g evaluations | best noise-free fitness - Fopt (-1.042400000000e+02) + sum g_i+ | measured fitness | best measured fitness or single-digit g-values | x1 | x2...
1 0 +1.543313693e+07 +1.543303269e+07 +1.543303269e+07 +5.9671e-01 -3.8264e-02 +7.4769e-01 +1.6230e+00 -1.3415e-01 -1.3414e-01 +1.6792e+00 +8.6743e-01 -3.6947e-01 +6.4256e-01
2 0 +6.033538161e+06 +6.033433921e+06 +6.033433921e+06 -3.6342e-01 -3.6573e-01 +3.4196e-01 -1.8133e+00 -1.6249e+00 -4.6229e-01 -9.1283e-01 +4.1425e-01 -8.0802e-01 -1.3123e+00
5 0 +3.597190950e+06 +3.597086710e+06 +3.597086710e+06 +8.3847e-01 +2.7137e-01 -1.5648e-02 -2.0110e-01 -1.3785e+00 -6.1984e-01 -3.6064e-01 +1.1571e+00 +4.4362e-01 -1.6630e+00
43 0 +3.228620472e+06 +3.228516232e+06 +3.228516232e+06 +2.1607e+00 +1.8553e+00 -1.4896e-01 +1.0716e+00 +7.4538e-01 +1.4686e+00 -8.6492e-01 +7.8605e-01 +1.1584e+00 -1.6587e+00
51 0 +3.136526224e+06 +3.136421984e+06 +3.136421984e+06 +2.4787e+00 -1.3257e+00 +1.1660e+00 -1.8496e-01 +5.3851e-03 +1.4096e+00 +1.6622e-01 -1.4292e+00 -5.1724e-03 -3.3616e+00
55 0 +3.118582133e+06 +3.118477893e+06 +3.118477893e+06 +1.2858e+00 +2.0954e+00 +5.5359e-01 +2.3624e+00 -1.1790e+00 +1.5617e-01 -8.2898e-01 -1.1935e+00 -1.2237e-01 -2.9367e+00
57 0 +2.458158457e+06 +2.458054217e+06 +2.458054217e+06 +4.1088e-01 +1.3963e+00 -4.5165e-01 -1.4733e+00 +2.3522e-01 +5.2007e-01 -1.2135e+00 +1.7791e+00 -3.7972e-02 -3.5140e+00
59 0 +2.224311803e+06 +2.224207563e+06 +2.224207563e+06 +1.2436e+00 +1.1998e+00 +9.5999e-01 +6.0125e-01 -1.2653e+00 +2.2063e+00 -3.1974e+00 -9.0899e-01 +8.9919e-01 -3.1438e+00
63 0 +1.933259829e+06 +1.933155589e+06 +1.933155589e+06 -2.9266e-01 -8.4993e-01 +2.3447e-01 -2.7712e-01 -1.4376e+00 +1.2557e+00 +5.4231e-01 -7.4186e-01 +7.6209e-01 -3.0308e+00
64 0 +1.907846609e+06 +1.907742369e+06 +1.907742369e+06 +1.3400e+00 +9.2461e-01 -2.4073e-02 -4.0103e-01 +6.3706e-01 +4.9253e-01 +1.5904e+00 -9.7073e-01 +1.1960e+00 -3.4472e+00
67 0 +1.613927066e+06 +1.613822826e+06 +1.613822826e+06 +1.7245e+00 +1.5844e+00 +6.3186e-01 -2.4940e-01 +6.5120e-01 +7.1910e-01 -1.0279e+00 +2.2242e+00 +6.8163e-01 -3.5273e+00
71 0 +1.352177168e+06 +1.352072928e+06 +1.352072928e+06 +7.7205e-01 +1.1881e-01 +2.8597e-01 -1.5023e+00 -5.9686e-02 +7.5546e-01 -2.1109e-01 +6.6609e-01 +9.6848e-01 -3.0944e+00
84 0 +1.323166963e+06 +1.323062723e+06 +1.323062723e+06 +1.0712e+00 +2.0886e+00 -1.2286e+00 -1.3199e+00 -1.6172e+00 +8.4017e-01 +5.7578e-02 -7.6139e-01 +1.9390e+00 -2.5775e+00
88 0 +6.151317676e+05 +6.150275276e+05 +6.150275276e+05 -6.2122e-01 +2.0370e+00 +1.0606e+00 -1.5814e+00 -6.9991e-01 +1.3594e+00 +1.7689e-01 +9.4979e-01 +2.5496e+00 -3.4148e+00
124 0 +5.859397930e+05 +5.858355530e+05 +5.858355530e+05 +2.0710e+00 -6.3152e-01 +6.4788e-01 +9.5283e-01 +2.5398e-01 +1.7740e+00 -2.4102e-01 +3.2453e-01 +3.0606e+00 -3.0005e+00
133 0 +3.353498612e+05 +3.352456212e+05 +3.352456212e+05 -5.7574e-01 +2.1340e+00 +5.7533e-01 -7.9552e-01 +1.0107e+00 -8.4149e-01 +2.5381e+00 +2.2612e+00 +3.7302e+00 -2.6165e+00
222 0 +3.242701331e+05 +3.241658931e+05 +3.241658931e+05 +3.0392e+00 -1.5366e-01 +5.5486e-01 +2.3839e+00 -1.5145e+00 +1.7629e+00 -1.0822e+00 +3.2831e+00 +2.3975e+00 -3.1960e+00
234 0 +1.157729810e+05 +1.156687410e+05 +1.156687410e+05 -5.6957e-02 -3.4943e-01 -1.6695e-01 +9.8698e-01 +1.4375e+00 -1.4597e+00 +1.8341e+00 +2.9278e+00 +2.5216e+00 -2.8029e+00
460 0 +2.968045445e+04 +2.957621445e+04 +2.957621445e+04 -1.6185e+00 -2.3295e+00 -3.2986e+00 +9.6459e-01 +3.8482e+00 -2.8496e+00 +3.3604e+00 +3.9134e+00 +3.1426e+00 -2.9773e+00
936 0 +2.311940658e+04 +2.301516658e+04 +2.301516658e+04 -5.7166e-01 +5.2614e-01 -9.8247e-01 +4.7015e-01 +5.8284e-02 -7.1332e-01 +2.2354e+00 +3.5173e+00 +2.9110e+00 -2.9806e+00
1012 0 +1.698820794e+04 +1.688396794e+04 +1.688396794e+04 -3.5031e-01 -8.4890e-01 -1.7273e+00 +4.7720e-01 +1.2055e+00 -1.3924e+00 +2.7835e+00 +3.4088e+00 +2.9479e+00 -3.0447e+00
1066 0 +1.673870863e+04 +1.663446863e+04 +1.663446863e+04 +3.0939e-01 +1.5661e-01 -3.1987e+00 +1.5468e-01 +3.9408e-01 -2.8102e+00 +1.8955e+00 +3.5769e+00 +3.1318e+00 -3.0079e+00
1088 0 +1.634060933e+04 +1.623636933e+04 +1.623636933e+04 +5.5653e-01 -1.6570e+00 -2.4024e+00 +4.2336e-01 +1.2746e+00 -2.5757e+00 +2.5809e+00 +3.1046e+00 +2.8963e+00 -2.9168e+00
1100 0 +6.980392216e+03 +6.876152216e+03 +6.876152216e+03 -4.4043e-01 +5.8938e-01 -2.9275e+00 -6.6624e-01 +1.2078e+00 -2.9581e+00 +2.3617e+00 +3.2515e+00 +2.9206e+00 -2.9762e+00
1315 0 +5.231916581e+03 +5.127676581e+03 +5.127676581e+03 -2.4968e+00 -1.2796e+00 -9.6695e-01 +1.2558e+00 +1.0919e+00 -3.9041e+00 +2.2051e+00 +3.5381e+00 +2.9657e+00 -3.0078e+00
1466 0 +3.574094590e+03 +3.469854590e+03 +3.469854590e+03 -1.9091e+00 -1.9994e+00 -1.6858e+00 -1.4238e+00 +2.0725e+00 -4.1246e+00 +2.7125e+00 +3.3771e+00 +2.9287e+00 -3.0020e+00
1566 0 +3.538977452e+03 +3.434737452e+03 +3.434737452e+03 +1.1581e-01 -1.6691e+00 -2.3297e+00 +1.3664e+00 +1.6189e+00 -3.7422e+00 +3.0263e+00 +3.5248e+00 +3.0212e+00 -3.0065e+00
1672 0 +3.313493565e+03 +3.209253565e+03 +3.209253565e+03 -4.3004e-01 -1.9139e+00 -2.0540e+00 +2.5386e-01 +1.9132e+00 -3.8142e+00 +2.6980e+00 +3.4729e+00 +2.9845e+00 -2.9598e+00
1693 0 +9.770548976e+02 +8.728148976e+02 +8.728148976e+02 +1.1419e+00 -5.3923e-01 -1.7967e+00 -2.0992e-01 +4.5497e-01 -3.7073e+00 +2.6950e+00 +3.3825e+00 +2.9363e+00 -2.9826e+00
1986 0 +7.724192595e+02 +6.681792595e+02 +6.681792595e+02 +1.1936e+00 -1.3803e+00 -1.9426e+00 -1.8121e+00 -1.8262e-01 -3.5952e+00 +2.9293e+00 +3.4164e+00 +2.9877e+00 -2.9898e+00
2002 0 +3.758971660e+02 +2.716571660e+02 +2.716571660e+02 +2.1943e+00 -9.6195e-01 -1.7988e+00 -1.9056e-01 +1.8787e-01 -3.8661e+00 +2.7603e+00 +3.4452e+00 +2.9664e+00 -2.9936e+00
2244 0 +3.636673101e+02 +2.594273101e+02 +2.594273101e+02 -7.4974e-01 -1.8379e+00 -1.3923e-01 -1.7749e+00 +1.3587e-02 -3.7680e+00 +2.7728e+00 +3.4252e+00 +2.9831e+00 -2.9903e+00
2270 0 +3.048184005e+02 +2.005784005e+02 +2.005784005e+02 -8.4087e-01 -1.3194e+00 -3.7382e-01 -1.0398e+00 +7.6977e-02 -3.6421e+00 +2.9213e+00 +3.4163e+00 +2.9695e+00 -2.9916e+00
2314 0 +2.776595542e+02 +1.734195542e+02 +1.734195542e+02 +3.6694e-01 -1.5999e+00 -6.4344e-01 -9.8984e-01 -3.6197e-02 -3.5531e+00 +2.8148e+00 +3.4317e+00 +2.9791e+00 -3.0018e+00
2364 0 +2.734603355e+02 +1.692203355e+02 +1.692203355e+02 +5.4038e-01 -1.3702e+00 -6.4548e-01 -8.5265e-01 +2.2143e-01 -3.6495e+00 +2.7469e+00 +3.4059e+00 +2.9704e+00 -2.9977e+00
2408 0 +2.496271351e+02 +1.453871351e+02 +1.453871351e+02 +6.9021e-01 -9.0251e-01 -1.8916e-01 -1.1467e+00 -4.0773e-02 -3.5735e+00 +2.8558e+00 +3.4330e+00 +2.9741e+00 -3.0006e+00
2423 0 +2.285589413e+02 +1.243189413e+02 +1.243189413e+02 +7.6754e-01 -1.4817e+00 -1.2636e+00 -7.5228e-01 -2.3759e-01 -3.7690e+00 +2.8280e+00 +3.4373e+00 +2.9711e+00 -2.9890e+00
% f evaluations | g evaluations | best noise-free fitness - Fopt (-6.785000000000e+01) + sum g_i+ | measured fitness | best measured fitness or single-digit g-values | x1 | x2...
1 0 +7.213850516e+06 +7.213782666e+06 +7.213782666e+06 +5.9671e-01 -3.8264e-02 +7.4769e-01 +1.6230e+00 -1.3415e-01 -1.3414e-01 +1.6792e+00 +8.6743e-01 -3.6947e-01 +6.4256e-01
6 0 +6.467247029e+06 +6.467179179e+06 +6.467179179e+06 +4.2408e-01 -2.8508e-01 -5.7692e-01 +7.1168e-01 +1.1310e+00 +1.0313e+00 -7.3922e-01 -2.0921e-01 +4.3126e-01 +1.0755e+00
16 0 +6.259530542e+06 +6.259462692e+06 +6.259462692e+06 +3.5049e-01 +4.4645e-01 -5.8002e-01 +3.3225e-01 +3.9307e-01 -6.1435e-01 +1.9658e+00 +5.7383e-01 -1.0913e+00 +7.5655e-01
18 0 +1.407169100e+06 +1.407101250e+06 +1.407101250e+06 -7.8951e-01 -7.1581e-01 +2.2898e-02 +4.4115e-01 +3.7669e-01 +9.2718e-01 +1.1300e-01 +1.5535e+00 -1.6466e-01 +2.8202e+00
84 0 +1.394819633e+06 +1.394751783e+06 +1.394751783e+06 +1.5458e-01 +4.9407e-01 -1.9584e+00 +1.0825e-01 +1.3699e-01 -2.2844e+00 +4.2692e-02 +1.2904e+00 -9.9071e-01 +2.2399e+00
88 0 +1.242923011e+06 +1.242855161e+06 +1.242855161e+06 -6.8220e-01 +7.2140e-01 +1.4137e+00 -5.0407e-01 -1.2290e+00 +2.3054e-01 -7.1964e-01 -2.9365e-02 -4.9133e-01 +2.6848e+00
93 0 +9.332059100e+05 +9.331380600e+05 +9.331380600e+05 +1.8778e+00 +8.1659e-01 -1.0595e-01 +1.6567e+00 -2.7057e-01 -3.2469e-01 +7.0557e-01 +1.3334e+00 -1.3443e+00 +2.3743e+00
115 0 +3.018144544e+05 +3.017466044e+05 +3.017466044e+05 +1.9889e+00 -2.9869e+00 -4.4809e+00 +1.9281e+00 +1.0237e+00 +1.8628e+00 -1.7159e-01 +6.7168e-01 -2.5088e+00 +3.6326e+00
154 0 +1.402640926e+05 +1.401962426e+05 +1.401962426e+05 +4.0122e+00 +1.8316e+00 -2.6970e+00 +2.2714e+00 +1.6649e+00 -1.1438e+00 -1.1335e+00 +1.6360e+00 -2.9886e+00 +2.9949e+00
168 0 +8.590827843e+04 +8.584042843e+04 +8.584042843e+04 -9.8646e-01 +1.6005e+00 +1.1471e+00 +1.8056e+00 +1.8018e+00 +1.7723e-01 -3.1427e-01 +1.7582e+00 -2.9398e+00 +3.0933e+00
259 0 +8.329221498e+04 +8.322436498e+04 +8.322436498e+04 +1.9656e+00 +5.5763e-01 +3.1869e+00 +3.9962e+00 -1.6804e+00 +3.5606e+00 +8.5108e-01 +1.5554e+00 -2.5434e+00 +3.0113e+00
389 0 +4.966184629e+04 +4.959399629e+04 +4.959399629e+04 +1.2538e+00 -4.8455e-01 +1.0566e-01 +3.4238e+00 -9.2633e-01 +3.4849e+00 +1.0355e+00 +1.8803e+00 -2.4443e+00 +3.0860e+00
464 0 +4.095758157e+04 +4.088973157e+04 +4.088973157e+04 +1.2653e+00 +5.4533e-01 +4.3635e+00 -1.9194e-01 -1.5780e+00 +1.5816e+00 +8.5023e-01 +2.1802e+00 -2.4522e+00 +3.3338e+00
553 0 +3.118816868e+04 +3.112031868e+04 +3.112031868e+04 +2.2986e+00 +2.2493e+00 +2.1505e+00 +5.1026e-01 +8.0544e-01 +2.1247e+00 -1.9606e+00 +1.6989e+00 -2.4831e+00 +3.2185e+00
564 0 +1.534706763e+04 +1.527921763e+04 +1.527921763e+04 +3.7291e+00 +1.7584e+00 -2.3703e+00 -2.8721e-01 +2.9585e-01 +3.8724e+00 -1.1268e+00 +2.3023e+00 -2.3693e+00 +3.1808e+00
841 0 +1.113277284e+04 +1.106492284e+04 +1.106492284e+04 +1.9423e+00 +1.4402e+00 +1.2109e+00 -1.6390e+00 -3.7718e-01 +1.4694e+00 -4.4529e-01 +2.4793e+00 -2.3355e+00 +3.2188e+00
842 0 +8.863128126e+03 +8.795278126e+03 +8.795278126e+03 +1.4753e+00 +8.6314e-01 -8.6640e-02 +8.8618e-01 -3.3447e-01 +1.4279e+00 -5.8134e-01 +1.8281e+00 -2.4678e+00 +3.1647e+00
1072 0 +1.879926259e+03 +1.812076259e+03 +1.812076259e+03 +2.0364e+00 +4.4494e+00 +1.7499e+00 +1.1245e+00 -1.9507e+00 +2.1889e+00 -9.2989e-01 +2.0556e+00 -2.4091e+00 +3.1880e+00
1372 0 +1.523760404e+03 +1.455910404e+03 +1.455910404e+03 +2.5437e+00 +1.3830e+00 -1.3493e+00 +6.0457e-04 -9.7414e-01 +2.0929e+00 -6.4511e-01 +2.1691e+00 -2.4248e+00 +3.2055e+00
1821 0 +1.263587337e+03 +1.195737337e+03 +1.195737337e+03 +4.8001e+00 +2.5330e+00 -2.9458e+00 +1.3621e+00 -1.3309e+00 +1.9030e+00 -6.8672e-01 +2.1202e+00 -2.4480e+00 +3.1811e+00
1827 0 +9.977857537e+02 +9.299357537e+02 +9.299357537e+02 +3.9359e+00 +3.2004e+00 -2.5423e+00 +7.3920e-01 -1.0855e+00 +1.8570e+00 -7.1156e-01 +2.2007e+00 -2.4338e+00 +3.2034e+00
1865 0 +8.657393207e+02 +7.978893207e+02 +7.978893207e+02 +3.8373e+00 +2.7556e+00 -1.4069e+00 +1.3557e+00 -9.0848e-01 +1.8959e+00 -6.6657e-01 +2.1952e+00 -2.4158e+00 +3.1859e+00
2024 0 +5.413301449e+02 +4.734801449e+02 +4.734801449e+02 +4.6083e+00 +3.3839e+00 -2.9954e+00 +2.4039e+00 -1.6754e+00 +1.7257e+00 -7.8793e-01 +2.1597e+00 -2.4310e+00 +3.2016e+00
2165 0 +3.825392862e+02 +3.146892862e+02 +3.146892862e+02 +1.5868e+00 +2.7700e+00 -8.8381e-01 +2.5905e+00 -1.2280e+00 +1.8748e+00 -7.2826e-01 +2.0976e+00 -2.4246e+00 +3.1905e+00
2500 0 +2.602769459e+02 +1.924269459e+02 +1.924269459e+02 +1.4711e-01 +2.5942e+00 -3.5111e-01 +3.6589e+00 -1.6028e+00 +1.6936e+00 -7.8831e-01 +2.1428e+00 -2.4383e+00 +3.1907e+00
% f evaluations | g evaluations | best noise-free fitness - Fopt (-3.639800000000e+02) + sum g_i+ | measured fitness | best measured fitness or single-digit g-values | x1 | x2...
1 0 +1.720801611e+06 +1.720437631e+06 +1.720437631e+06 +5.9671e-01 -3.8264e-02 +7.4769e-01 +1.6230e+00 -1.3415e-01 -1.3414e-01 +1.6792e+00 +8.6743e-01 -3.6947e-01 +6.4256e-01
6 0 +9.191511204e+05 +9.187871404e+05 +9.187871404e+05 +4.2408e-01 -2.8508e-01 -5.7692e-01 +7.1168e-01 +1.1310e+00 +1.0313e+00 -7.3922e-01 -2.0921e-01 +4.3126e-01 +1.0755e+00
24 0 +7.957884518e+05 +7.954244718e+05 +7.954244718e+05 -6.3037e-01 +3.1646e-01 +1.4557e-01 -5.5160e-01 +2.2439e+00 +7.3392e-01 -1.9251e+00 +2.8645e-01 -5.6179e-01 +9.5243e-01
53 0 +3.037524736e+05 +3.033884936e+05 +3.033884936e+05 +1.6761e+00 -1.2386e+00 +6.3126e-01 +3.4178e-01 -4.5000e-01 +2.4185e+00 -1.5295e+00 +3.3000e-01 -2.4435e-01 +1.8091e+00
57 0 +1.755278559e+05 +1.751638759e+05 +1.751638759e+05 -1.9153e+00 +2.5198e+00 -1.5309e+00 +9.0553e-01 -1.3037e+00 -6.7018e-02 -4.9599e-01 -4.8697e-01 -5.0579e-01 +2.0094e+00
78 0 +1.180142564e+05 +1.176502764e+05 +1.176502764e+05 -3.8350e-01 -9.0887e-01 -1.1807e+00 -8.8221e-01 +1.0763e+00 -1.1896e+00 -5.6485e-01 -4.6787e-01 -1.3029e+00 +1.5113e+00
140 0 +8.001158578e+04 +7.964760578e+04 +7.964760578e+04 -9.8747e-01 -6.2135e-01 -1.9445e+00 -1.8182e+00 +4.5710e-01 +8.4037e-01 +1.0191e+00 -4.0806e-01 -1.2763e+00 +1.8899e+00
142 0 +6.041614248e+04 +6.005216248e+04 +6.005216248e+04 -7.2019e-01 -1.0545e+00 -5.3522e-01 +2.6504e+00 +2.0777e+00 +1.1079e+00 -5.9254e-01 -1.3120e+00 -1.3395e+00 +1.8497e+00
151 0 +5.893785232e+04 +5.857387232e+04 +5.857387232e+04 +1.3323e+00 +1.9295e+00 -2.7581e+00 +7.5335e-02 +2.7891e+00 +6.1375e-01 +1.5305e+00 -8.7954e-01 -9.0620e-01 +1.8896e+00
271 0 +1.063843948e+04 +1.027445948e+04 +1.027445948e+04 -1.1915e+00 -1.9191e+00 +1.8400e+00 +2.5402e+00 +1.0271e+00 -1.1513e+00 +5.0769e-01 -1.4111e+00 -1.0949e+00 +1.7953e+00
855 0 +1.008520600e+04 +9.721226004e+03 +9.721226004e+03 -4.5591e-02 +2.0367e-01 -4.7457e+00 +2.0416e+00 +1.7671e-01 -1.6267e+00 +1.9696e-02 -9.3709e-01 -9.8654e-01 +1.7276e+00
958 0 +8.691058975e+03 +8.327078975e+03 +8.327078975e+03 -2.1853e+00 +5.1446e-01 -2.2632e+00 +2.1998e+00 +2.3258e+00 -2.4403e+00 +1.1370e+00 -1.1931e+00 -1.0676e+00 +1.7264e+00
1022 0 +7.081594987e+03 +6.717614987e+03 +6.717614987e+03 -2.4936e+00 +1.4397e+00 -2.9069e+00 +4.3241e-01 +1.8231e+00 -1.8335e+00 +4.7161e-01 -1.1503e+00 -9.9044e-01 +1.7104e+00
1130 0 +6.393897892e+03 +6.029917892e+03 +6.029917892e+03 -2.7932e+00 +4.2811e-01 -1.1492e+00 +1.1257e+00 +9.5779e-01 -2.9670e+00 +2.5312e-01 -1.0095e+00 -9.8964e-01 +1.7238e+00
1150 0 +4.592279054e+03 +4.228299054e+03 +4.228299054e+03 -2.5380e+00 +7.6007e-01 -2.6224e+00 +7.9681e-02 +3.0166e+00 -1.7896e+00 +5.9881e-01 -1.0496e+00 -1.0035e+00 +1.7757e+00
1161 0 +2.550251900e+03 +2.186271900e+03 +2.186271900e+03 -1.8844e+00 +5.8656e-01 -1.1505e+00 +2.4239e+00 +2.0689e+00 -2.2072e+00 +6.7930e-01 -1.0180e+00 -1.0424e+00 +1.7882e+00
1184 0 +2.289735618e+03 +1.925755618e+03 +1.925755618e+03 -1.1270e+00 -1.0016e+00 -3.8331e+00 +2.6028e+00 +2.3105e+00 -2.4721e+00 +2.9902e-01 -1.0328e+00 -9.8167e-01 +1.7642e+00
1361 0 +1.146246176e+03 +7.822661764e+02 +7.822661764e+02 -2.8789e+00 -1.6166e-01 -4.8163e-01 +2.5987e+00 +2.4946e+00 -2.6541e+00 +3.1912e-01 -1.1119e+00 -1.0555e+00 +1.7926e+00
1749 0 +1.066048898e+03 +7.020688977e+02 +7.020688977e+02 -3.9812e+00 -2.5960e+00 +1.1118e+00 +2.4211e+00 +2.4613e+00 -2.5719e+00 +3.6771e-01 -1.1910e+00 -1.0807e+00 +1.7704e+00
1784 0 +6.609060329e+02 +2.969260329e+02 +2.969260329e+02 -4.6691e+00 -6.6285e-01 +4.7468e-01 +2.9717e+00 +2.1786e+00 -2.4034e+00 +5.2930e-01 -1.1316e+00 -1.0620e+00 +1.7763e+00
1976 0 +5.921886737e+02 +2.282086737e+02 +2.282086737e+02 -3.8958e+00 +7.0799e-01 -1.1949e+00 +3.0107e+00 +2.1766e+00 -2.4116e+00 +3.2756e-01 -1.0869e+00 -1.0640e+00 +1.7783e+00
2042 0 +5.657081448e+02 +2.017281448e+02 +2.017281448e+02 -3.3553e+00 +1.3062e+00 -1.8375e+00 +3.2700e+00 +2.2862e+00 -2.4202e+00 +3.6693e-01 -1.0860e+00 -1.0558e+00 +1.7685e+00
2056 0 +5.354546820e+02 +1.714746820e+02 +1.714746820e+02 -2.7912e+00 -3.6127e-01 +5.0716e-03 +3.4314e+00 +1.6060e+00 -2.3039e+00 +3.0609e-01 -1.1291e+00 -1.0520e+00 +1.7808e+00
2060 0 +3.928624889e+02 +2.888248889e+01 +2.888248889e+01 -2.5912e+00 +8.9727e-01 -6.5959e-01 +4.2984e+00 +2.2210e+00 -2.3585e+00 +3.3248e-01 -1.0910e+00 -1.0359e+00 +1.7774e+00
2256 0 +3.269949873e+02 -3.698501267e+01 -3.698501267e+01 -1.7388e+00 -2.1417e+00 +2.4297e+00 +4.6172e+00 +2.3046e+00 -2.3827e+00 +2.9823e-01 -1.0774e+00 -1.0583e+00 +1.7770e+00
2421 0 +2.745811182e+02 -8.939888183e+01 -8.939888183e+01 -3.2138e+00 -8.9487e-01 +2.5250e+00 +4.2680e+00 +2.0655e+00 -2.4671e+00 +2.5538e-01 -1.1051e+00 -1.0605e+00 +1.7672e+00
2443 0 +2.502512223e+02 -1.137287777e+02 -1.137287777e+02 -2.7038e+00 -1.3827e+00 +3.2892e+00 +4.0883e+00 +2.2897e+00 -2.3710e+00 +3.4975e-01 -1.0806e+00 -1.0473e+00 +1.7791e+00
2467 0 +9.532782356e+01 -2.686521764e+02 -2.686521764e+02 -3.6423e+00 +7.8656e-01 +2.8550e+00 +3.8189e+00 +2.1614e+00 -2.4630e+00 +3.4674e-01 -1.1338e+00 -1.0572e+00 +1.7725e+00
% f evaluations | g evaluations | best noise-free fitness - Fopt (-1.865000000000e+01) + sum g_i+ | measured fitness | best measured fitness or single-digit g-values | x1 | x2...
1 0 +6.012291346e+06 +6.012272696e+06 +6.012272696e+06 +5.9671e-01 -3.8264e-02 +7.4769e-01 +1.6230e+00 -1.3415e-01 -1.3414e-01 +1.6792e+00 +8.6743e-01 -3.6947e-01 +6.4256e-01
6 0 +3.836077404e+06 +3.836058754e+06 +3.836058754e+06 +4.2408e-01 -2.8508e-01 -5.7692e-01 +7.1168e-01 +1.1310e+00 +1.0313e+00 -7.3922e-01 -2.0921e-01 +4.3126e-01 +1.0755e+00
12 0 +3.455203448e+06 +3.455184798e+06 +3.455184798e+06 -1.8188e+00 +7.3486e-02 +1.6023e-01 +2.5632e+00 -9.2361e-02 +4.0155e-01 +6.5288e-02 -1.0687e+00 +1.2428e+00 +8.5193e-01
48 0 +8.723880343e+05 +8.723693843e+05 +8.723693843e+05 -1.7505e-01 -2.2019e+00 -1.4152e+00 +1.4669e+00 +1.7450e+00 -1.4904e-01 +6.7656e-01 +4.1125e-01 +3.1789e+00 +1.2196e+00
89 0 +5.899138958e+05 +5.898952458e+05 +5.898952458e+05 +3.8592e-01 -6.3432e-01 +2.5932e-01 +2.4367e+00 -1.4012e+00 -5.4691e-02 +2.4029e+00 +3.2432e-01 +2.9000e+00 +1.9802e+00
124 0 +4.737568303e+05 +4.737381803e+05 +4.737381803e+05 -6.3248e-01 -2.7171e+00 -3.6867e-01 +1.6640e+00 +9.5296e-01 +2.5540e+00 +9.0098e-01 +1.9215e+00 +4.7871e+00 +1.4553e+00
125 0 +2.833892784e+05 +2.833706284e+05 +2.833706284e+05 -1.5258e-01 -6.8404e-02 -4.0030e-01 +1.4721e+00 -2.3358e+00 +2.4626e+00 +3.3404e+00 +9.9716e-01 +3.5058e+00 +1.6796e+00
229 0 +2.230505084e+05 +2.230318584e+05 +2.230318584e+05 +2.9153e+00 -9.2697e-01 +9.9283e-01 +1.4969e+00 -1.0429e+00 +4.2799e+00 +1.1780e+00 +2.8941e+00 +3.8519e+00 +1.5192e+00
267 0 +2.048238794e+05 +2.048052294e+05 +2.048052294e+05 -2.0073e+00 -9.9811e-02 -1.9281e+00 +1.4991e+00 +9.1184e-02 +9.6182e-01 +4.9165e+00 +2.8766e+00 +3.8757e+00 +2.3267e+00
306 0 +1.826841348e+05 +1.826654848e+05 +1.826654848e+05 -5.8076e-02 -5.3394e-02 -3.9415e+00 +7.7588e-01 +5.0143e-01 +2.9611e+00 +1.6054e+00 +1.6981e+00 +4.2673e+00 +1.8827e+00
327 0 +6.613089636e+04 +6.611224636e+04 +6.611224636e+04 -1.9017e+00 -1.6678e+00 -1.9181e+00 -1.6010e-03 -1.8504e+00 +2.7372e+00 +4.1817e+00 +3.2229e+00 +4.3853e+00 +2.0002e+00
538 0 +6.570191494e+04 +6.568326494e+04 +6.568326494e+04 +3.1923e+00 +8.2526e-01 -1.8867e+00 -1.1660e+00 +2.7330e+00 +9.6515e-01 +3.9184e+00 +2.7038e+00 +4.3902e+00 +1.8584e+00
599 0 +5.882654279e+04 +5.880789279e+04 +5.880789279e+04 +2.4586e+00 -2.7562e+00 -2.2340e+00 +4.3520e+00 -2.7701e+00 +8.1065e-01 +2.1478e+00 +2.9493e+00 +3.5809e+00 +1.9007e+00
606 0 +4.360183483e+04 +4.358318483e+04 +4.358318483e+04 +3.1428e+00 -2.8947e+00 -3.9247e+00 +1.0315e+00 -3.4793e+00 -4.6008e-01 +4.0972e+00 +3.7684e+00 +3.7259e+00 +1.9427e+00
609 0 +3.939475301e+04 +3.937610301e+04 +3.937610301e+04 +3.1367e+00 -2.5002e-01 -2.3648e+00 +2.2958e+00 +5.0215e-01 +3.3244e+00 +4.6859e+00 +2.5998e+00 +4.0435e+00 +1.9175e+00
621 0 +3.625431745e+04 +3.623566745e+04 +3.623566745e+04 +1.5281e+00 -2.2003e+00 +2.4819e+00 +4.4721e+00 -1.6284e+00 +1.7259e+00 +4.0983e+00 +2.6974e+00 +3.5923e+00 +1.8952e+00
628 0 +3.269208051e+04 +3.267343051e+04 +3.267343051e+04 -9.3235e-01 +1.4473e+00 +1.3352e+00 -8.8463e-01 -1.3784e+00 -1.3342e+00 +4.4249e+00 +3.2416e+00 +3.7000e+00 +1.8452e+00
737 0 +1.827993186e+04 +1.826128186e+04 +1.826128186e+04 +2.6442e+00 -4.6476e-01 +1.5555e-01 +2.7740e+00 -2.5770e+00 +1.0540e+00 +4.4212e+00 +2.6126e+00 +4.0504e+00 +1.8728e+00
971 0 +1.127809041e+04 +1.125944041e+04 +1.125944041e+04 +2.1795e+00 +1.2533e-01 -5.6343e-01 -3.8951e-01 -1.1637e+00 +1.5686e+00 +3.4484e+00 +2.9236e+00 +4.1119e+00 +1.8800e+00
1034 0 +3.422298190e+03 +3.403648190e+03 +3.403648190e+03 +2.3393e+00 +4.2039e-01 -9.0471e-01 -3.5947e-01 -2.8812e+00 +1.2615e+00 +3.4935e+00 +3.0469e+00 +3.9715e+00 +1.9225e+00
1198 0 +2.924063415e+03 +2.905413415e+03 +2.905413415e+03 +3.7268e+00 -4.0195e-02 -4.1457e-01 -6.8312e-01 -2.3731e+00 +1.7794e+00 +3.7439e+00 +2.9050e+00 +3.9316e+00 +1.8569e+00
1260 0 +1.218348442e+03 +1.199698442e+03 +1.199698442e+03 +2.1943e+00 -1.9579e-01 -7.4938e-01 -1.0410e+00 -2.2269e+00 +8.6830e-01 +3.8712e+00 +3.0066e+00 +3.9071e+00 +1.8939e+00
1487 0 +7.797099436e+02 +7.610599436e+02 +7.610599436e+02 +2.4452e+00 +2.6152e+00 -1.5366e+00 +4.8263e-01 -4.0088e+00 +9.9515e-01 +3.7785e+00 +3.0379e+00 +3.9126e+00 +1.8857e+00
1571 0 +5.489122253e+02 +5.302622253e+02 +5.302622253e+02 +3.5529e+00 +9.3989e-01 -1.3293e+00 -1.0771e-01 -2.8376e+00 +9.2880e-01 +3.6366e+00 +3.1026e+00 +3.9336e+00 +1.8860e+00
1652 0 +5.421160810e+02 +5.234660810e+02 +5.234660810e+02 +2.1160e+00 +1.3216e+00 -5.1587e-01 -6.7428e-02 -3.6769e+00 +1.0670e+00 +3.7887e+00 +3.0001e+00 +3.9142e+00 +1.8723e+00
1661 0 +4.678438659e+02 +4.491938659e+02 +4.491938659e+02 +2.8603e+00 +9.5762e-01 -1.6138e+00 +6.4793e-01 -3.4739e+00 +1.2938e+00 +3.7011e+00 +3.0380e+00 +3.9000e+00 +1.8880e+00
1743 0 +2.839592121e+02 +2.653092121e+02 +2.653092121e+02 +1.8628e+00 +7.4185e-01 -1.0762e+00 +1.7180e-02 -3.1291e+00 +1.0606e+00 +3.7543e+00 +3.0144e+00 +3.9072e+00 +1.8862e+00
1789 0 +2.700651845e+02 +2.514151845e+02 +2.514151845e+02 +2.8282e+00 +1.2056e+00 -1.0862e+00 +2.9045e-01 -3.3829e+00 +1.0875e+00 +3.6953e+00 +3.0131e+00 +3.9176e+00 +1.8811e+00
1810 0 +2.456114219e+02 +2.269614219e+02 +2.269614219e+02 +3.0907e+00 +1.0081e+00 -5.4388e-01 +2.8465e-01 -3.2181e+00 +1.0625e+00 +3.6600e+00 +3.0207e+00 +3.9287e+00 +1.8792e+00
1818 0 +2.022649096e+02 +1.836149096e+02 +1.836149096e+02 +2.7207e+00 +4.5227e-01 -7.8880e-01 -1.8014e-01 -2.7377e+00 +1.1481e+00 +3.7148e+00 +3.0434e+00 +3.9349e+00 +1.8829e+00
1884 0 +1.476204543e+02 +1.289704543e+02 +1.289704543e+02 +3.1993e+00 +9.1201e-01 -1.4274e+00 -3.4193e-01 -2.9429e+00 +1.0535e+00 +3.7311e+00 +3.0518e+00 +3.9150e+00 +1.8758e+00
2025 0 +1.331850983e+02 +1.145350983e+02 +1.145350983e+02 +2.8349e+00 +4.8386e-01 -1.2730e+00 -3.2363e-01 -2.9510e+00 +1.1764e+00 +3.7134e+00 +3.0405e+00 +3.9163e+00 +1.8781e+00
2152 0 +1.280024749e+02 +1.093524749e+02 +1.093524749e+02 +2.7609e+00 +8.5032e-01 -9.9171e-01 +9.8366e-02 -2.7517e+00 +1.1392e+00 +3.7403e+00 +3.0501e+00 +3.9227e+00 +1.8767e+00
2185 0 +7.964275268e+01 +6.099275268e+01 +6.099275268e+01 +2.7092e+00 +5.9611e-01 -1.4773e+00 +2.0206e-01 -3.0525e+00 +1.1411e+00 +3.7670e+00 +3.0416e+00 +3.9213e+00 +1.8773e+00
2272 0 +7.519380927e+01 +5.654380927e+01 +5.654380927e+01 +2.6390e+00 +7.0528e-01 -1.7158e+00 +1.3478e-01 -3.0723e+00 +1.1052e+00 +3.7074e+00 +3.0434e+00 +3.9224e+00 +1.8798e+00
2286 0 +7.444970248e+01 +5.579970248e+01 +5.579970248e+01 +2.3264e+00 +3.5997e-01 -1.5152e+00 +8.2092e-02 -3.0100e+00 +1.1615e+00 +3.7491e+00 +3.0433e+00 +3.9211e+00 +1.8814e+00
2322 0 +6.290387889e+01 +4.425387889e+01 +4.425387889e+01 +2.2417e+00 +1.2280e-01 -2.1384e+00 +7.1978e-02 -3.0016e+00 +1.1818e+00 +3.7559e+00 +3.0349e+00 +3.9204e+00 +1.8805e+00
2326 0 +5.152774761e+01 +3.287774761e+01 +3.287774761e+01 +2.3265e+00 +2.7105e-01 -2.1065e+00 +2.1598e-01 -2.9486e+00 +1.1869e+00 +3.7450e+00 +3.0396e+00 +3.9259e+00 +1.8783e+00
% f evaluations | g evaluations | best noise-free fitness - Fopt (1.749200000000e+02) + sum g_i+ | measured fitness | best measured fitness or single-digit g-values | x1 | x2...
1 0 +1.002025338e+07 +1.002042830e+07 +1.002042830e+07 +5.9671e-01 -3.8264e-02 +7.4769e-01 +1.6230e+00 -1.3415e-01 -1.3414e-01 +1.6792e+00 +8.6743e-01 -3.6947e-01 +6.4256e-01
2 0 +2.072536390e+06 +2.072711310e+06 +2.072711310e+06 -3.6342e-01 -3.6573e-01 +3.4196e-01 -1.8133e+00 -1.6249e+00 -4.6229e-01 -9.1283e-01 +4.1425e-01 -8.0802e-01 -1.3123e+00
5 0 +1.335756668e+06 +1.335931588e+06 +1.335931588e+06 +8.3847e-01 +2.7137e-01 -1.5648e-02 -2.0110e-01 -1.3785e+00 -6.1984e-01 -3.6064e-01 +1.1571e+00 +4.4362e-01 -1.6630e+00
8 0 +1.105666330e+06 +1.105841250e+06 +1.105841250e+06 +4.6140e-01 +1.6380e+00 +6.4174e-02 +1.6646e+00 -2.5197e+00 +9.2190e-01 +1.8705e-01 -1.9901e-01 +1.9176e-01 -1.8876e+00
51 0 +9.524520692e+05 +9.526269892e+05 +9.526269892e+05 -7.1759e-01 +2.5354e-01 -1.6071e-02 +1.8759e-01 -2.4623e-01 -8.6787e-01 -2.4962e-01 +3.9836e-01 -2.3489e+00 -3.3634e+00
52 0 +5.574477407e+05 +5.576226607e+05 +5.576226607e+05 +2.0749e-01 +1.0711e+00 +1.2049e-01 +1.0601e+00 -1.5931e+00 +2.4600e+00 +7.8439e-01 -7.4464e-01 -2.3573e+00 -2.7310e+00
57 0 +4.071733836e+05 +4.073483036e+05 +4.073483036e+05 +3.1162e-01 +7.2575e-01 -7.4599e-01 -2.1460e-01 +1.1068e-01 -8.6398e-02 -4.2961e-01 -1.3028e+00 -1.1806e+00 -2.4769e+00
58 0 +1.891445670e+05 +1.893194870e+05 +1.893194870e+05 +1.7321e+00 +1.8822e+00 +3.2465e-01 -1.3237e+00 +1.4130e-03 +1.7405e+00 -9.0666e-01 -1.0156e-02 -1.4031e+00 -2.6085e+00
66 0 +7.472434387e+04 +7.489926387e+04 +7.489926387e+04 -1.0417e+00 +9.0886e-01 +1.1265e+00 -1.2119e-01 +2.5528e-01 +1.7002e+00 +1.9090e+00 +5.4542e-01 -8.5561e-01 -2.5359e+00
547 0 +5.362264374e+04 +5.379756374e+04 +5.379756374e+04 -3.0369e+00 +3.5884e+00 -1.1258e+00 -2.0471e+00 -7.9483e-01 +4.1216e+00 +2.3661e+00 +2.1459e+00 -1.4143e+00 -2.4779e+00
564 0 +5.137315387e+04 +5.154807387e+04 +5.154807387e+04 +3.4368e-01 +1.2680e+00 -3.6058e+00 -2.3495e+00 -2.6214e+00 +1.0184e+00 +4.7694e-01 +1.8377e+00 -1.4546e+00 -2.5758e+00
633 0 +2.769047667e+04 +2.786539667e+04 +2.786539667e+04 -2.7310e+00 +2.0274e+00 -2.4471e+00 -1.0429e+00 -1.9341e+00 +2.7278e+00 +6.9817e-01 +1.5617e+00 -1.4320e+00 -2.6629e+00
718 0 +2.738119939e+04 +2.755611939e+04 +2.755611939e+04 -3.0900e+00 +2.9202e+00 -2.6960e+00 -9.1129e-01 -3.7908e+00 +2.6684e+00 +1.9456e+00 +1.2219e+00 -1.1736e+00 -2.7208e+00
751 0 +1.780160356e+04 +1.797652356e+04 +1.797652356e+04 -3.8472e+00 +3.2914e+00 -3.5001e+00 -3.9136e-01 -4.6978e+00 +3.7984e+00 +1.5162e+00 +1.5779e+00 -1.2478e+00 -2.7012e+00
759 0 +1.771300950e+04 +1.788792950e+04 +1.788792950e+04 -4.7718e+00 +4.3216e+00 +5.6990e-01 -6.9923e-01 -1.6434e+00 +3.8506e+00 +1.4898e+00 +1.4628e+00 -1.4485e+00 -2.5169e+00
853 0 +1.335170383e+04 +1.352662383e+04 +1.352662383e+04 -3.5349e+00 +1.8023e+00 -1.5956e+00 +4.9210e-01 -1.8464e+00 +4.8275e+00 +1.4957e+00 +1.2026e+00 -1.1751e+00 -2.4969e+00
956 0 +7.705152768e+03 +7.880072768e+03 +7.880072768e+03 -3.5350e+00 +1.1080e+00 -2.4045e+00 +1.3507e+00 -2.3647e+00 +3.2285e+00 +1.4034e+00 +1.1385e+00 -1.2838e+00 -2.6245e+00
1042 0 +7.436693648e+03 +7.611613648e+03 +7.611613648e+03 -1.6276e+00 +2.1343e+00 -1.5861e+00 -2.3031e-01 -2.3737e+00 +4.0184e+00 +1.7510e+00 +1.5627e+00 -1.2084e+00 -2.6650e+00
1090 0 +4.769220743e+03 +4.944140743e+03 +4.944140743e+03 -2.0058e+00 +3.5912e-01 -2.1709e+00 +5.3950e-01 -2.7233e+00 +2.8658e+00 +1.1975e+00 +1.3305e+00 -1.2347e+00 -2.5854e+00
1093 0 +3.552972505e+03 +3.727892505e+03 +3.727892505e+03 -1.6830e+00 +2.3308e+00 -2.0834e+00 +1.6080e-01 -1.9006e+00 +2.8572e+00 +1.5418e+00 +1.4287e+00 -1.2427e+00 -2.5957e+00
1175 0 +3.224867219e+03 +3.399787219e+03 +3.399787219e+03 -2.7473e+00 -2.2911e-01 -1.8225e+00 -1.7879e+00 -2.6793e+00 +4.6753e+00 +1.6706e+00 +1.2323e+00 -1.1643e+00 -2.5774e+00
1177 0 +3.219114721e+03 +3.394034721e+03 +3.394034721e+03 -1.9181e+00 +1.3754e+00 -2.3110e+00 -4.9224e-01 -2.4029e+00 +3.5535e+00 +1.6839e+00 +1.4189e+00 -1.2315e+00 -2.6325e+00
1200 0 +2.869895356e+03 +3.044815356e+03 +3.044815356e+03 -3.6696e+00 +2.3214e+00 -2.1534e+00 -2.3066e-01 -2.3324e+00 +4.0788e+00 +1.3752e+00 +1.4528e+00 -1.2473e+00 -2.5464e+00
1214 0 +2.628538852e+03 +2.803458852e+03 +2.803458852e+03 -2.4617e+00 +3.3288e+00 -1.4683e+00 -5.2197e-01 -2.6845e+00 +4.1757e+00 +1.3392e+00 +1.4986e+00 -1.2188e+00 -2.5606e+00
1327 0 +9.283973938e+02 +1.103317394e+03 +1.103317394e+03 -1.8066e+00 +1.2149e+00 -2.5224e+00 -3.3422e-01 -3.1305e+00 +3.7675e+00 +1.7432e+00 +1.3995e+00 -1.2531e+00 -2.5859e+00
1556 0 +8.812542221e+02 +1.056174222e+03 +1.056174222e+03 -2.2913e+00 -3.7821e-01 -2.5279e+00 -8.4890e-01 -3.0235e+00 +4.1533e+00 +1.4602e+00 +1.3305e+00 -1.1885e+00 -2.5762e+00
1581 0 +8.261172105e+02 +1.001037211e+03 +1.001037211e+03 -2.5620e+00 +1.2693e+00 -1.8366e+00 -1.4716e-01 -2.4616e+00 +4.0064e+00 +1.4914e+00 +1.4049e+00 -1.2439e+00 -2.5773e+00
1606 0 +5.597288410e+02 +7.346488410e+02 +7.346488410e+02 -2.0693e+00 -5.2436e-01 -2.5589e+00 -7.8917e-01 -3.4224e+00 +4.0887e+00 +1.5084e+00 +1.3393e+00 -1.2045e+00 -2.5827e+00
1701 0 +3.151829566e+02 +4.901029566e+02 +4.901029566e+02 -1.9305e+00 -2.9544e-01 -2.0058e+00 -9.6589e-01 -3.0070e+00 +3.9557e+00 +1.5299e+00 +1.3758e+00 -1.2112e+00 -2.5739e+00
1839 0 +2.830280861e+02 +4.579480861e+02 +4.579480861e+02 -2.8411e+00 +1.5245e+00 -1.5052e+00 -1.6177e+00 -3.0021e+00 +3.7437e+00 +1.6148e+00 +1.3433e+00 -1.2197e+00 -2.5852e+00
1921 0 +2.807373152e+02 +4.556573152e+02 +4.556573152e+02 -1.9869e+00 -1.1764e+00 -1.9277e+00 -2.1973e+00 -2.9294e+00 +3.7353e+00 +1.5501e+00 +1.3827e+00 -1.2378e+00 -2.5800e+00
1942 0 +1.996159440e+02 +3.745359440e+02 +3.745359440e+02 -1.8295e+00 -1.4480e+00 -1.9915e+00 -1.3846e+00 -3.0940e+00 +3.8376e+00 +1.4976e+00 +1.3826e+00 -1.2075e+00 -2.5904e+00
2042 0 +1.647225822e+02 +3.396425822e+02 +3.396425822e+02 -1.8956e+00 -4.0490e-01 -2.3382e+00 -1.4847e+00 -2.7874e+00 +3.9101e+00 +1.5588e+00 +1.3930e+00 -1.2177e+00 -2.5957e+00
2095 0 +1.290951889e+02 +3.040151889e+02 +3.040151889e+02 -1.8195e+00 -1.0726e+00 -2.0594e+00 -1.8206e+00 -2.8739e+00 +4.0167e+00 +1.5380e+00 +1.3761e+00 -1.2175e+00 -2.5834e+00
2116 0 +1.089930469e+02 +2.839130469e+02 +2.839130469e+02 -2.0138e+00 +1.6885e-01 -1.6923e+00 -1.7873e+00 -2.9520e+00 +3.9130e+00 +1.6219e+00 +1.3782e+00 -1.2214e+00 -2.5830e+00
2179 0 +1.066864069e+02 +2.816064069e+02 +2.816064069e+02 -1.3275e+00 -2.0377e-01 -2.0245e+00 -1.4949e+00 -2.6795e+00 +3.9001e+00 +1.6247e+00 +1.3744e+00 -1.2072e+00 -2.5845e+00
2263 0 +8.548511631e+01 +2.604051163e+02 +2.604051163e+02 -1.7764e+00 -1.3201e+00 -1.9921e+00 -1.9568e+00 -2.9230e+00 +3.8711e+00 +1.5540e+00 +1.3907e+00 -1.2207e+00 -2.5887e+00
2272 0 +7.013841186e+01 +2.450584119e+02 +2.450584119e+02 -1.8815e+00 -4.5468e-01 -2.3317e+00 -1.6965e+00 -2.8463e+00 +3.8898e+00 +1.6351e+00 +1.3818e+00 -1.2107e+00 -2.5826e+00
2344 0 +4.889318801e+01 +2.238131880e+02 +2.238131880e+02 -1.9167e+00 -9.2997e-01 -2.4559e+00 -1.5301e+00 -2.9137e+00 +3.9201e+00 +1.6012e+00 +1.3760e+00 -1.2175e+00 -2.5872e+00
2361 0 +4.600931257e+01 +2.209293126e+02 +2.209293126e+02 -2.1065e+00 -8.3987e-01 -2.3632e+00 -1.6219e+00 -2.8729e+00 +3.8730e+00 +1.5982e+00 +1.3878e+00 -1.2070e+00 -2.5868e+00
2472 0 +3.822120160e+01 +2.131412016e+02 +2.131412016e+02 -2.1616e+00 -1.3691e+00 -2.5922e+00 -1.9747e+00 -2.9635e+00 +3.8421e+00 +1.5810e+00 +1.3996e+00 -1.2131e+00 -2.5836e+00
% f evaluations | g evaluations | best noise-free fitness - Fopt (-5.659600000000e+02) + sum g_i+ | measured fitness | best measured fitness or single-digit g-values | x1 | x2...
1 0 +2.167425878e+06 +2.166859918e+06 +2.166859918e+06 +5.9671e-01 -3.8264e-02 +7.4769e-01 +1.6230e+00 -1.3415e-01 -1.3414e-01 +1.6792e+00 +8.6743e-01 -3.6947e-01 +6.4256e-01
6 0 +1.000265573e+06 +9.996996129e+05 +9.996996129e+05 +4.2408e-01 -2.8508e-01 -5.7692e-01 +7.1168e-01 +1.1310e+00 +1.0313e+00 -7.3922e-01 -2.0921e-01 +4.3126e-01 +1.0755e+00
18 0 +7.043343258e+05 +7.037683658e+05 +7.037683658e+05 -7.8951e-01 -7.1581e-01 +2.2898e-02 +4.4115e-01 +3.7669e-01 +9.2718e-01 +1.1300e-01 +1.5535e+00 -1.6466e-01 +2.8202e+00
40 0 +4.991152937e+05 +4.985493337e+05 +4.985493337e+05 -7.9841e-01 +5.9192e-01 -1.2202e+00 +1.9315e+00 +1.2794e+00 -3.6918e-01 -1.6131e+00 +1.4539e+00 -1.4540e-02 +1.3378e+00
55 0 +2.933948973e+05 +2.928289373e+05 +2.928289373e+05 -1.8644e+00 +2.2481e-02 -6.0353e-01 +1.4554e+00 -6.1068e-01 -1.6420e+00 +1.1899e-01 -9.5404e-01 -1.4616e-01 +2.0796e+00
67 0 +2.089370526e+05 +2.083710926e+05 +2.083710926e+05 -1.4639e+00 -3.2160e-01 -2.7729e+00 +4.8412e-01 +2.7591e-01 +1.2349e+00 -5.9215e-01 +1.8571e+00 +5.6296e-01 +1.8742e+00
96 0 +7.093161230e+04 +7.036565230e+04 +7.036565230e+04 -6.0804e-01 +5.2259e-01 -3.8790e-01 -1.0515e+00 +2.0872e+00 -3.2245e-01 +1.4221e+00 +1.1818e+00 +1.8117e-01 +2.1271e+00
404 0 +5.823674773e+04 +5.767078773e+04 +5.767078773e+04 -7.3337e-01 +5.0820e-01 -1.8077e+00 -6.0992e-01 +1.2034e+00 +2.5040e-01 +1.8333e+00 +1.7235e+00 +1.4545e-01 +1.9651e+00
406 0 +4.189096514e+04 +4.132500514e+04 +4.132500514e+04 -1.4203e+00 +1.3427e+00 -1.8359e+00 +1.4266e+00 +4.8273e-01 -1.7116e+00 +1.2308e+00 +7.0152e-01 -1.1201e-01 +1.9426e+00
576 0 +4.062289049e+04 +4.005693049e+04 +4.005693049e+04 +4.6336e-02 +3.2267e+00 -1.2990e+00 +3.7698e-01 -4.8832e-01 -5.6888e-01 +2.0426e+00 +1.5615e+00 -1.1034e-01 +2.0383e+00
705 0 +3.853044693e+04 +3.796448693e+04 +3.796448693e+04 -3.4496e+00 +1.9150e+00 -3.3040e-01 +7.0442e-01 +9.5323e-01 -1.5984e+00 +1.2823e+00 +8.8046e-01 +1.3577e-01 +2.0265e+00
809 0 +2.784536188e+04 +2.727940188e+04 +2.727940188e+04 -8.6669e-01 +3.8469e-01 +1.3865e+00 -2.7845e-02 -1.7768e+00 -1.5029e+00 +1.6456e+00 +1.1098e+00 +1.6964e-01 +2.0538e+00
925 0 +2.282872707e+04 +2.226276707e+04 +2.226276707e+04 -3.4965e+00 +2.4965e+00 +2.5633e-01 -3.0419e-01 -1.0101e+00 -3.6274e+00 +2.1843e+00 +9.9993e-01 +2.2645e-01 +1.8775e+00
932 0 +1.116937755e+04 +1.060341755e+04 +1.060341755e+04 -2.9572e+00 +2.7135e+00 +8.0000e-01 -2.9686e-01 -8.9744e-01 -2.0898e+00 +1.7540e+00 +1.3661e+00 +4.5359e-02 +2.0008e+00
1055 0 +1.053426160e+04 +9.968301604e+03 +9.968301604e+03 -3.0249e+00 +5.0111e-01 +7.3966e-01 -4.6258e-01 -1.2429e+00 -3.3380e+00 +1.9301e+00 +1.0124e+00 -8.7053e-02 +1.9545e+00
1152 0 +8.353191600e+03 +7.787231600e+03 +7.787231600e+03 -8.3419e-01 +1.2366e+00 -1.5351e+00 -5.1577e-01 -4.0968e+00 -4.1993e+00 +2.5914e+00 +1.1167e+00 -3.9598e-02 +1.9886e+00
1325 0 +5.206972690e+03 +4.641012690e+03 +4.641012690e+03 -3.4125e+00 +2.0971e+00 +6.2830e-01 +3.9376e-01 -3.6693e+00 -3.9356e+00 +2.1252e+00 +1.2784e+00 +1.2196e-01 +1.9216e+00
1391 0 +3.315171956e+03 +2.749211956e+03 +2.749211956e+03 -1.8310e+00 +1.3878e+00 -4.3227e-01 +6.2961e-01 -3.0102e+00 -3.4421e+00 +1.8091e+00 +1.3000e+00 -4.9451e-02 +1.9422e+00
1480 0 +3.078104953e+03 +2.512144953e+03 +2.512144953e+03 -1.2558e+00 +1.7201e+00 +3.8415e-02 +4.3940e-02 -2.7818e+00 -4.1627e+00 +2.1866e+00 +1.2458e+00 -3.8499e-02 +1.9708e+00
1491 0 +3.033327412e+03 +2.467367412e+03 +2.467367412e+03 -1.1249e+00 +1.5184e+00 +2.4451e-01 -9.1572e-01 -2.8502e+00 -3.5246e+00 +2.0959e+00 +1.1977e+00 +5.1395e-02 +1.9295e+00
1524 0 +2.419059356e+03 +1.853099356e+03 +1.853099356e+03 -1.5685e+00 +7.8879e-01 +6.6088e-01 +5.7063e-01 -4.0159e+00 -3.5710e+00 +1.8068e+00 +1.3240e+00 +1.0152e-01 +1.9487e+00
1552 0 +1.989940163e+03 +1.423980163e+03 +1.423980163e+03 -1.9894e+00 +1.6862e+00 +1.3039e+00 -3.1108e-02 -4.2935e+00 -3.3854e+00 +1.6279e+00 +1.2662e+00 +9.4101e-03 +1.9571e+00
1575 0 +1.485125637e+03 +9.191656366e+02 +9.191656366e+02 -7.2715e-01 +1.3592e+00 -3.2258e-01 +8.5421e-02 -3.4342e+00 -4.1090e+00 +1.8846e+00 +1.3479e+00 +8.6301e-02 +1.9647e+00
1746 0 +1.191093483e+03 +6.251334826e+02 +6.251334826e+02 -1.6379e+00 +1.6257e+00 -3.4567e-01 +6.6495e-01 -3.9417e+00 -3.6282e+00 +1.9824e+00 +1.2622e+00 +5.3905e-02 +1.9757e+00
1824 0 +7.336744639e+02 +1.677144639e+02 +1.677144639e+02 -1.3875e+00 +9.7052e-01 +1.3044e+00 -2.6379e-01 -3.9990e+00 -3.8764e+00 +1.7763e+00 +1.2494e+00 +3.6525e-02 +1.9763e+00
1901 0 +5.226329782e+02 -4.332702182e+01 -4.332702182e+01 -1.1796e+00 +3.5604e-01 +4.7126e-01 -5.0970e-01 -3.7872e+00 -3.7639e+00 +1.8949e+00 +1.2597e+00 +5.8671e-02 +1.9604e+00
1991 0 +5.095521361e+02 -5.640786392e+01 -5.640786392e+01 -3.5396e-02 +3.6830e-01 +4.7697e-01 -1.5181e+00 -3.2006e+00 -3.9628e+00 +1.9776e+00 +1.2659e+00 +3.4520e-02 +1.9772e+00
2043 0 +3.523257627e+02 -2.136342373e+02 -2.136342373e+02 -7.8050e-01 +9.6654e-01 +8.6821e-01 -1.9142e+00 -3.2790e+00 -3.7594e+00 +1.8817e+00 +1.2473e+00 +5.7044e-02 +1.9626e+00
2138 0 +2.966050031e+02 -2.693549969e+02 -2.693549969e+02 -7.8912e-01 +1.6764e+00 +5.9762e-01 -1.9071e+00 -3.5770e+00 -3.6654e+00 +1.8947e+00 +1.2426e+00 +4.2727e-02 +1.9720e+00
2220 0 +2.426996747e+02 -3.232603253e+02 -3.232603253e+02 -2.8071e-01 +1.0754e+00 -1.5226e-01 -1.8565e+00 -3.5998e+00 -3.7565e+00 +1.8760e+00 +1.2233e+00 +4.8744e-02 +1.9625e+00
2340 0 +2.244162846e+02 -3.415437154e+02 -3.415437154e+02 -1.0880e+00 +5.0423e-01 -4.2396e-01 -1.7991e+00 -3.0885e+00 -3.8348e+00 +1.8991e+00 +1.2405e+00 +2.7098e-02 +1.9691e+00
2422 0 +2.045552022e+02 -3.614047978e+02 -3.614047978e+02 -9.5892e-03 +8.1906e-01 -2.4884e-01 -2.0035e+00 -3.5872e+00 -3.8969e+00 +1.8613e+00 +1.3079e+00 +4.1944e-02 +1.9616e+00
2493 0 +1.518326206e+02 -4.141273794e+02 -4.141273794e+02 +6.1077e-01 +1.1088e+00 -5.9840e-01 -2.5203e+00 -3.7378e+00 -3.8196e+00 +1.8902e+00 +1.2809e+00 +3.4669e-02 +1.9728e+00
