% f evaluations | g evaluations | best noise-free fitness - Fopt (-4.620900000000e+02) + sum g_i+ | measured fitness | best measured fitness or single-digit g-values | x1 | x2...
1 0 +1.889976894e+02 -2.730923106e+02 -2.730923106e+02 +5.9671e-01 -3.8264e-02 +7.4769e-01 +1.6230e+00 -1.3415e-01 -1.3414e-01 +1.6792e+00 +8.6743e-01 -3.6947e-01 +6.4256e-01
7 0 +1.825631784e+02 -2.795268216e+02 -2.795268216e+02 -3.7917e-01 -8.5659e-02 -1.0063e+00 -1.0962e+00 +9.1253e-01 +1.4562e+00 +2.7990e-02 +1.1035e+00 +4.6164e-01 -5.4512e-01
51 0 +1.723505479e+02 -2.897394521e+02 -2.897394521e+02 -4.2698e-01 +6.8113e-01 +1.8797e+00 +5.3464e-01 +2.2896e+00 +3.7029e-01 +5.5775e-01 +1.6943e+00 +1.3189e+00 +1.3116e+00
52 0 +1.571784708e+02 -3.049115292e+02 -3.049115292e+02 -4.9733e-01 -5.1726e-01 +7.8122e-02 -5.7523e-01 +1.2937e+00 +3.5301e+00 +2.5663e+00 +6.3619e-01 +7.4275e-01 +1.2619e+00
55 0 +1.332283495e+02 -3.288616505e+02 -3.288616505e+02 -1.5912e+00 +1.4987e+00 +5.1687e-01 +2.2439e+00 +2.7188e+00 +4.9497e-02 +2.6580e+00 +1.0844e+00 +1.6304e+00 -2.9657e-01
57 0 +1.279640380e+02 -3.341259620e+02 -3.341259620e+02 -6.9396e-01 +1.5555e+00 +5.4950e-01 +1.3857e+00 +1.3405e+00 +6.4270e-01 +1.5424e+00 +1.9383e+00 +2.2734e+00 -6.1756e-01
104 0 +1.250008234e+02 -3.370891766e+02 -3.370891766e+02 -1.0726e+00 +6.1476e-01 +2.9931e+00 +1.1027e+00 +4.1665e+00 +1.8339e+00 +3.4727e+00 +1.3978e+00 +1.4876e+00 +1.1393e+00
173 0 +1.219087158e+02 -3.401812842e+02 -3.401812842e+02 -1.8885e+00 -1.0610e+00 +1.2868e+00 +1.5239e+00 +2.4500e+00 +4.3692e+00 +2.6281e+00 +2.7448e+00 +1.2767e+00 +6.7627e-02
317 0 +1.199976531e+02 -3.420923469e+02 -3.420923469e+02 -1.4615e+00 +1.2338e+00 +4.3148e+00 +2.4704e-01 +1.2262e+00 +2.6533e+00 +3.0955e+00 +2.8808e+00 +2.7022e+00 -1.4059e+00
367 0 +1.043748785e+02 -3.577151215e+02 -3.577151215e+02 +1.6636e+00 +5.6274e-01 -1.4822e-01 +2.7340e+00 +2.3647e+00 +1.5730e+00 +2.2518e+00 +1.7487e+00 +3.5025e+00 +7.6340e-01
373 0 +9.852648703e+01 -3.635635130e+02 -3.635635130e+02 -2.1812e+00 +2.8995e+00 +1.7054e+00 +1.4405e+00 +1.5201e+00 +1.4881e+00 +2.7263e+00 +2.5631e+00 +3.0590e+00 -7.1111e-01
570 0 +8.958979927e+01 -3.725002007e+02 -3.725002007e+02 -1.2630e+00 +2.4372e+00 +3.2277e+00 +1.4228e+00 +2.6451e+00 +2.1210e+00 +2.9456e+00 +2.2400e+00 +2.7147e+00 +6.2749e-01
614 0 +8.464268132e+01 -3.774473187e+02 -3.774473187e+02 -1.3349e+00 +2.1484e+00 +3.5410e+00 +9.2878e-01 +2.0808e+00 +3.2319e+00 +3.0342e+00 +1.7891e+00 +1.6120e+00 +6.6765e-01
617 0 +8.447875509e+01 -3.776112449e+02 -3.776112449e+02 -2.4157e+00 +2.0750e+00 +1.5310e+00 +1.2811e+00 +1.5690e+00 +3.3878e+00 +2.5931e+00 +2.6729e+00 +3.0553e+00 +6.2620e-01
668 0 +6.947818588e+01 -3.926118141e+02 -3.926118141e+02 -1.5625e+00 +2.3639e+00 +1.4238e+00 +7.3476e-01 +8.1078e-01 +1.3096e+00 +3.0041e+00 +2.5641e+00 +1.4930e+00 +6.7393e-01
699 0 +6.050572632e+01 -4.015842737e+02 -4.015842737e+02 -1.5476e+00 +2.1835e+00 +2.1555e+00 -4.4288e-01 +3.1790e+00 +1.6990e+00 +2.0029e+00 +1.7585e+00 +2.6644e+00 +9.1641e-02
940 0 +4.948558563e+01 -4.126044144e+02 -4.126044144e+02 -2.3299e+00 +1.9042e+00 +2.1954e+00 +6.6107e-01 +1.7294e+00 +2.1880e+00 +2.4305e+00 +2.1228e+00 +1.8764e+00 +3.6673e-01
1682 0 +2.937426146e+01 -4.327157385e+02 -4.327157385e+02 -2.2123e+00 +2.2721e+00 +2.2923e+00 +6.8301e-01 +2.3512e+00 +3.1298e+00 +2.4620e+00 +2.5906e+00 +1.7814e+00 +3.9004e-01
% f evaluations | g evaluations | best noise-free fitness - Fopt (7.766000000000e+01) + sum g_i+ | measured fitness | best measured fitness or single-digit g-values | x1 | x2...
1 0 +8.953385444e+02 +9.729985444e+02 +9.729985444e+02 +5.9671e-01 -3.8264e-02 +7.4769e-01 +1.6230e+00 -1.3415e-01 -1.3414e-01 +1.6792e+00 +8.6743e-01 -3.6947e-01 +6.4256e-01
2 0 +3.489235570e+02 +4.265835570e+02 +4.265835570e+02 -3.6342e-01 -3.6573e-01 +3.4196e-01 -1.8133e+00 -1.6249e+00 -4.6229e-01 -9.1283e-01 +4.1425e-01 -8.0802e-01 -1.3123e+00
5 0 +2.303866135e+02 +3.080466135e+02 +3.080466135e+02 +8.3847e-01 +2.7137e-01 -1.5648e-02 -2.0110e-01 -1.3785e+00 -6.1984e-01 -3.6064e-01 +1.1571e+00 +4.4362e-01 -1.6630e+00
8 0 +1.472438619e+02 +2.249038619e+02 +2.249038619e+02 +4.6140e-01 +1.6380e+00 +6.4174e-02 +1.6646e+00 -2.5197e+00 +9.2190e-01 +1.8705e-01 -1.9901e-01 +1.9176e-01 -1.8876e+00
64 0 +1.174382848e+02 +1.950982848e+02 +1.950982848e+02 +1.3156e+00 -5.1104e-01 -1.6417e+00 +2.0211e+00 -4.1826e+00 +1.0552e+00 +1.3173e+00 +1.5269e+00 +1.6234e-01 -3.8979e+00
329 0 +1.126733604e+02 +1.903333604e+02 +1.903333604e+02 +1.5674e+00 -3.5581e-01 -2.1208e+00 +2.4557e+00 -7.8508e-01 -1.2459e+00 -1.0238e-02 -8.4886e-01 +7.4232e-02 -4.1290e+00
345 0 +1.030362819e+02 +1.806962819e+02 +1.806962819e+02 +1.4279e+00 -1.2033e+00 -9.9957e-01 +1.9182e+00 -1.6560e+00 -6.8167e-01 -6.2838e-02 +1.0309e+00 -2.5793e-01 -3.4519e+00
545 0 +7.367054757e+01 +1.513305476e+02 +1.513305476e+02 +2.6983e+00 -7.6888e-01 -2.0175e+00 +3.6283e+00 -3.1050e+00 +6.7760e-02 +1.5344e+00 +4.1254e-01 +2.2012e-01 -4.1505e+00
730 0 +6.293040408e+01 +1.405904041e+02 +1.405904041e+02 +1.9680e-01 +1.2037e-01 -5.2991e-01 +3.5866e+00 -3.5859e+00 -6.0604e-01 -1.2715e-01 -2.5743e-01 +5.9356e-01 -3.5103e+00
742 0 +4.007092961e+01 +1.177309296e+02 +1.177309296e+02 +1.3077e+00 +1.0675e+00 -1.2453e+00 +2.0874e+00 -1.8390e+00 +4.8338e-01 +1.0819e+00 +4.9613e-01 +6.2099e-01 -3.2003e+00
1755 0 +1.958530632e+01 +9.724530632e+01 +9.724530632e+01 +2.4702e+00 -8.5548e-01 -2.0476e+00 +3.2844e+00 -2.4346e+00 -6.5007e-01 +5.7618e-01 -7.6924e-01 +1.8905e-01 -3.4551e+00
% f evaluations | g evaluations | best noise-free fitness - Fopt (1.156800000000e+02) + sum g_i+ | measured fitness | best measured fitness or single-digit g-values | x1 | x2...
1 0 +9.009360922e+02 +1.016616092e+03 +1.016616092e+03 +5.9671e-01 -3.8264e-02 +7.4769e-01 +1.6230e+00 -1.3415e-01 -1.3414e-01 +1.6792e+00 +8.6743e-01 -3.6947e-01 +6.4256e-01
2 0 +4.206011842e+02 +5.362811842e+02 +5.362811842e+02 -3.6342e-01 -3.6573e-01 +3.4196e-01 -1.8133e+00 -1.6249e+00 -4.6229e-01 -9.1283e-01 +4.1425e-01 -8.0802e-01 -1.3123e+00
52 0 +2.532250195e+02 +3.689050195e+02 +3.689050195e+02 +9.2191e-01 +4.4927e-01 +2.2100e+00 +1.5585e-01 -1.5323e+00 -1.2503e+00 -1.7056e+00 -1.9439e-01 -1.8283e+00 -2.9039e+00
105 0 +2.021523323e+02 +3.178323323e+02 +3.178323323e+02 +4.6917e-01 -2.5287e+00 +1.0167e+00 +1.3377e+00 -2.6111e+00 -1.3738e+00 -3.1781e+00 +4.8006e-01 -2.7897e+00 -3.2148e+00
156 0 +1.664570426e+02 +2.821370426e+02 +2.821370426e+02 +1.9205e+00 -5.4387e-01 +1.4633e+00 +2.7804e+00 -4.4476e+00 -2.8631e+00 -4.7391e+00 +7.0422e-01 -3.1533e+00 -2.6399e+00
201 0 +1.290259515e+02 +2.447059515e+02 +2.447059515e+02 +1.2247e+00 -1.9224e+00 +1.4150e-01 +2.9684e+00 -1.5697e+00 -4.3900e+00 -2.6458e+00 +1.1257e+00 -2.6940e+00 -1.3556e+00
403 0 +1.109486090e+02 +2.266286090e+02 +2.266286090e+02 -3.8122e+00 -1.4605e+00 +1.3214e-01 +1.9014e+00 -4.7317e+00 -2.8692e+00 -2.1278e+00 +1.2553e+00 -4.7167e+00 -2.5849e+00
690 0 +8.608869415e+01 +2.017686942e+02 +2.017686942e+02 -1.1894e+00 -2.1427e-02 +1.0888e+00 +2.7776e+00 -4.7775e+00 -3.3217e+00 -2.9993e+00 +1.9196e+00 -3.7936e+00 -1.0601e+00
715 0 +6.133514426e+01 +1.770151443e+02 +1.770151443e+02 -2.0641e+00 -9.6976e-01 +1.5858e-01 +2.3503e+00 -1.5750e+00 -3.2557e+00 -4.0023e+00 +2.2549e+00 -3.4860e+00 -2.0719e+00
818 0 +3.307037515e+01 +1.487503751e+02 +1.487503751e+02 -1.1507e+00 -9.2918e-01 +9.9429e-01 +3.9109e+00 -2.8975e+00 -2.7309e+00 -2.5667e+00 +1.9940e+00 -3.4579e+00 -2.6236e+00
% f evaluations | g evaluations | best noise-free fitness - Fopt (-3.710000000000e+00) + sum g_i+ | measured fitness | best measured fitness or single-digit g-values | x1 | x2...
1 0 +3.658772987e+02 +3.621672987e+02 +3.621672987e+02 +5.9671e-01 -3.8264e-02 +7.4769e-01 +1.6230e+00 -1.3415e-01 -1.3414e-01 +1.6792e+00 +8.6743e-01 -3.6947e-01 +6.4256e-01
4 0 +3.068038534e+02 +3.030938534e+02 +3.030938534e+02 -5.0171e-01 +1.9523e+00 +8.6503e-02 -9.5771e-01 +9.2254e-01 -1.1208e+00 +3.0886e-01 -1.8597e+00 -1.2282e+00 +2.9686e-01
22 0 +2.834130270e+02 +2.797030270e+02 +2.797030270e+02 +6.7089e-01 +1.2356e+00 +1.0540e+00 +7.5139e-01 -2.1527e-01 +8.5897e-01 -6.7283e-01 -1.3682e-01 -3.8536e-01 +1.8187e-01
23 0 +2.661856590e+02 +2.624756590e+02 +2.624756590e+02 +2.4147e+00 -1.7673e+00 +7.8626e-01 -1.5127e+00 -3.7193e-01 +1.1890e+00 +1.6428e-01 -9.7774e-01 -6.1530e-01 +7.7960e-01
44 0 +2.453400482e+02 +2.416300482e+02 +2.416300482e+02 -1.0833e+00 -1.9392e+00 -1.6941e-01 +8.1754e-01 +1.6024e+00 +1.7409e-01 +1.7286e+00 -1.2801e+00 -1.6034e+00 +4.4452e-02
53 0 +1.764563268e+02 +1.727463268e+02 +1.727463268e+02 +6.5107e-01 -4.9997e-01 +4.1904e-01 -7.7767e-02 -1.0158e+00 +9.9790e-01 +1.4564e-01 -1.4954e+00 -3.0269e+00 +9.5806e-02
140 0 +1.585610078e+02 +1.548510078e+02 +1.548510078e+02 -5.6545e-03 +1.2977e+00 +1.8618e+00 +1.7164e+00 +2.3747e-01 +2.6033e+00 -8.5331e-01 -9.0824e-01 -7.3645e-01 -4.9214e-03
162 0 +1.455769760e+02 +1.418669760e+02 +1.418669760e+02 +3.1186e-02 -2.2261e+00 +3.2498e+00 +2.8050e+00 +2.6409e+00 +1.9097e+00 +1.6648e+00 -3.0199e+00 -3.4669e+00 +1.0445e+00
247 0 +8.693317297e+01 +8.322317297e+01 +8.322317297e+01 +4.0359e+00 +1.4649e-02 +4.3290e-01 +2.9912e+00 +2.0509e+00 +3.1665e+00 -3.8745e-01 -1.1138e+00 -3.2019e+00 +9.0392e-01
597 0 +7.722180140e+01 +7.351180140e+01 +7.351180140e+01 +7.7873e-01 -2.3825e+00 +1.6471e+00 +2.9982e+00 +2.9398e+00 +3.5841e+00 +1.4732e-01 -2.0286e+00 -2.5863e+00 +1.0012e+00
673 0 +5.685259942e+01 +5.314259942e+01 +5.314259942e+01 -3.7013e-02 -3.2232e+00 +5.7203e-01 +3.2569e+00 +4.9585e+00 +3.1512e+00 +2.7424e-01 -2.3967e+00 -1.9249e+00 +9.9166e-01
1182 0 +5.204462829e+01 +4.833462829e+01 +4.833462829e+01 +2.2364e+00 -2.2900e+00 +1.9942e+00 +4.5207e+00 +3.8018e+00 +3.1389e+00 +1.7342e-01 -2.0920e+00 -2.3425e+00 +8.6232e-01
1594 0 +3.468691206e+01 +3.097691206e+01 +3.097691206e+01 +3.2924e+00 -2.4249e+00 +3.3181e+00 +2.7017e+00 +2.4924e+00 +3.6372e+00 +6.2219e-01 -1.9639e+00 -1.4941e+00 -6.0524e-03
% f evaluations | g evaluations | best noise-free fitness - Fopt (1.321800000000e+02) + sum g_i+ | measured fitness | best measured fitness or single-digit g-values | x1 | x2...
1 0 +3.667024800e+02 +4.988824800e+02 +4.988824800e+02 +5.9671e-01 -3.8264e-02 +7.4769e-01 +1.6230e+00 -1.3415e-01 -1.3414e-01 +1.6792e+00 +8.6743e-01 -3.6947e-01 +6.4256e-01
2 0 +1.797160505e+02 +3.118960505e+02 +3.118960505e+02 -3.6342e-01 -3.6573e-01 +3.4196e-01 -1.8133e+00 -1.6249e+00 -4.6229e-01 -9.1283e-01 +4.1425e-01 -8.0802e-01 -1.3123e+00
3 0 +1.721869026e+02 +3.043669026e+02 +3.043669026e+02 +1.5656e+00 -1.2578e-01 +1.6753e-01 -1.3247e+00 -4.4438e-01 +2.1092e-01 -1.0510e+00 +4.7570e-01 -5.0064e-01 -1.9169e-01
52 0 +1.617593591e+02 +2.939393591e+02 +2.939393591e+02 +3.2629e-01 +1.5227e+00 +5.0469e-01 -1.4668e+00 -1.8792e-01 +9.3157e-01 -3.1565e-01 -2.9363e-01 +6.0906e-01 -2.7402e-01
58 0 +1.477943022e+02 +2.799743022e+02 +2.799743022e+02 -5.0517e-01 -1.4151e-01 +2.0161e+00 -1.9069e+00 -4.4907e-01 -2.5861e-01 -7.4631e-01 +5.7970e-02 -1.3470e+00 +4.9815e-01
125 0 +1.372594276e+02 +2.694394276e+02 +2.694394276e+02 -4.2218e-01 -2.0543e-01 +2.6267e+00 +1.7500e-02 -1.2182e+00 +1.1504e-01 -2.5811e+00 +1.4413e+00 +5.1513e-01 +7.7351e-01
133 0 +1.099578552e+02 +2.421378552e+02 +2.421378552e+02 -8.8430e-01 +2.8529e+00 +1.3472e+00 -1.3696e+00 -1.0799e+00 -4.9134e-01 -8.9895e-01 +5.9446e-01 +9.1154e-01 +1.0934e+00
258 0 +1.091911074e+02 +2.413711074e+02 +2.413711074e+02 -1.0861e+00 -1.6038e+00 +3.4786e+00 -2.0347e+00 -1.2428e+00 -1.5834e+00 -1.9148e+00 -1.6622e-01 +1.3617e+00 +1.0941e+00
441 0 +8.747689243e+01 +2.196568924e+02 +2.196568924e+02 -6.7498e-01 +2.8388e+00 +2.1209e+00 -1.9117e+00 -3.1905e+00 -1.1105e+00 -1.4440e+00 -2.8998e-01 +1.3471e-01 +2.4870e-01
567 0 +8.416181210e+01 +2.163418121e+02 +2.163418121e+02 -1.7058e+00 +2.2049e+00 +1.0899e+00 -4.1653e+00 -2.7364e+00 -2.1123e+00 -2.2142e+00 +8.2059e-01 +5.9377e-01 +4.2210e-01
626 0 +7.819965325e+01 +2.103796533e+02 +2.103796533e+02 -2.9300e+00 +2.4033e+00 +3.6125e+00 -1.8826e+00 -2.9003e+00 +5.7325e-01 -3.9264e+00 -7.5423e-01 +5.2750e-01 +5.5008e-02
690 0 +7.579103525e+01 +2.079710353e+02 +2.079710353e+02 -2.2143e+00 +2.5439e+00 +3.6609e+00 -1.8485e+00 -3.1909e+00 -1.0009e+00 -1.6901e+00 +9.4313e-02 +9.3559e-01 +1.1360e+00
924 0 +5.616961006e+01 +1.883496101e+02 +1.883496101e+02 -2.8774e+00 +1.8095e+00 +2.1125e+00 -2.5851e+00 -1.8395e+00 -1.5992e+00 -1.8068e+00 -7.3366e-01 +1.4042e+00 +4.4566e-01
1190 0 +5.552095784e+01 +1.877009578e+02 +1.877009578e+02 -3.6268e+00 +1.5246e+00 +2.6968e+00 -2.1187e+00 -2.3551e+00 -5.5723e-01 -2.6446e+00 +1.8990e-01 +1.0778e+00 +4.1831e-01
1276 0 +5.164724435e+01 +1.838272444e+02 +1.838272444e+02 -3.8902e+00 +2.4801e+00 +3.5797e+00 -2.6193e+00 -3.1430e+00 -3.7156e-01 -3.2220e+00 +7.8763e-02 +6.6909e-01 +5.9532e-02
1657 0 +4.647889977e+01 +1.786588998e+02 +1.786588998e+02 -4.0397e+00 -3.0966e-01 +2.6110e+00 -8.6106e-01 -2.5012e+00 -1.1297e+00 -2.7425e+00 +8.4225e-03 +8.9486e-01 +7.6632e-01
2084 0 +4.145755122e+01 +1.736375512e+02 +1.736375512e+02 -3.8273e+00 +2.3354e+00 +3.3697e+00 -2.5138e+00 -3.2348e+00 -5.4726e-01 -2.8397e+00 +2.1898e-01 +9.5865e-01 +7.7844e-01
2390 0 +4.083423769e+01 +1.730142377e+02 +1.730142377e+02 -2.8497e+00 +1.5896e+00 +2.4847e+00 -2.7120e+00 -2.5023e+00 -1.5966e+00 -2.3571e+00 +1.5377e-01 +1.2688e+00 +3.4100e-01
% f evaluations | g evaluations | best noise-free fitness - Fopt (-3.930000000000e+01) + sum g_i+ | measured fitness | best measured fitness or single-digit g-values | x1 | x2...
1 0 +7.063390436e+02 +6.670390436e+02 +6.670390436e+02 +5.9671e-01 -3.8264e-02 +7.4769e-01 +1.6230e+00 -1.3415e-01 -1.3414e-01 +1.6792e+00 +8.6743e-01 -3.6947e-01 +6.4256e-01
2 0 +4.549510103e+02 +4.156510103e+02 +4.156510103e+02 -3.6342e-01 -3.6573e-01 +3.4196e-01 -1.8133e+00 -1.6249e+00 -4.6229e-01 -9.1283e-01 +4.1425e-01 -8.0802e-01 -1.3123e+00
5 0 +3.046934005e+02 +2.653934005e+02 +2.653934005e+02 +8.3847e-01 +2.7137e-01 -1.5648e-02 -2.0110e-01 -1.3785e+00 -6.1984e-01 -3.6064e-01 +1.1571e+00 +4.4362e-01 -1.6630e+00
52 0 +2.256155395e+02 +1.863155395e+02 +1.863155395e+02 +7.7951e-01 +1.7837e+00 +2.3115e+00 +1.4721e+00 +2.4690e-01 -1.6388e+00 -6.7350e-01 +1.3433e+00 +1.5459e+00 -2.2895e+00
95 0 +2.194012862e+02 +1.801012862e+02 +1.801012862e+02 -6.5969e-01 -5.6876e-01 +1.1434e+00 -5.3870e-02 +1.6253e+00 -8.8224e-01 +1.4829e+00 +3.0928e-01 -7.5745e-01 -3.6064e+00
114 0 +1.603459343e+02 +1.210459343e+02 +1.210459343e+02 -1.4715e+00 +1.4710e+00 +3.5972e-01 +6.3381e-01 +1.5619e+00 -3.4031e+00 +1.8372e+00 +1.3468e+00 +7.3004e-01 -1.8279e+00
241 0 +1.513708459e+02 +1.120708459e+02 +1.120708459e+02 -1.4029e+00 -1.9378e+00 +6.5580e-01 -2.7857e-02 +1.5494e+00 -2.9321e-01 +3.5555e+00 +1.6159e+00 +1.9035e-01 -1.9151e+00
273 0 +1.471688091e+02 +1.078688091e+02 +1.078688091e+02 -1.5250e+00 -2.0950e+00 +1.2168e+00 -4.5736e-01 +5.8568e-01 -1.6530e+00 +4.1684e+00 +8.9913e-01 +2.1083e+00 -2.7671e+00
352 0 +1.412562337e+02 +1.019562337e+02 +1.019562337e+02 +2.4024e-01 -1.5297e+00 +2.2895e+00 +1.2153e+00 +2.9223e-02 -1.7802e+00 +2.9861e+00 +2.2527e+00 +2.0092e+00 -3.5842e+00
362 0 +1.368020796e+02 +9.750207958e+01 +9.750207958e+01 -2.7345e+00 -2.6625e+00 +2.9025e+00 +2.0086e+00 +2.2679e+00 -3.0528e+00 +4.0730e+00 +2.1138e+00 +1.2421e+00 -1.4555e+00
379 0 +1.273973767e+02 +8.809737669e+01 +8.809737669e+01 -3.5092e+00 -2.8062e+00 +3.0551e+00 +2.6209e+00 +9.6625e-01 -4.3225e+00 +1.5375e+00 +3.0123e+00 +2.3192e+00 -1.8581e+00
390 0 +1.177924477e+02 +7.849244773e+01 +7.849244773e+01 -3.5172e+00 +3.5599e-01 +3.2341e+00 +2.7933e+00 +5.3413e-01 -2.7206e+00 +2.3253e+00 +1.2554e+00 +2.1490e-01 -3.1547e+00
463 0 +7.832027848e+01 +3.902027848e+01 +3.902027848e+01 -1.3586e+00 -1.1239e+00 +1.8685e+00 +3.4464e+00 +9.0510e-01 -1.4316e+00 +4.0380e+00 +1.1256e+00 +2.1735e+00 -4.1010e+00
1016 0 +6.857744883e+01 +2.927744883e+01 +2.927744883e+01 -1.7054e+00 -3.6184e-01 +1.3480e+00 +2.1120e+00 +1.7892e+00 -2.0683e+00 +2.6210e+00 +1.9681e+00 +2.2100e+00 -3.6972e+00
1057 0 +5.863911527e+01 +1.933911527e+01 +1.933911527e+01 -1.5338e+00 -1.2508e+00 +3.6117e+00 +2.1787e+00 +1.5850e+00 -1.9421e+00 +2.6586e+00 +1.4325e+00 +1.7183e+00 -2.9854e+00
1514 0 +5.417487429e+01 +1.487487429e+01 +1.487487429e+01 -2.6647e+00 -1.2118e+00 +1.4264e+00 +3.2913e+00 +1.3547e+00 -3.5073e+00 +3.2016e+00 +3.1857e+00 +1.7539e+00 -3.0021e+00
2129 0 +4.835503930e+01 +9.055039300e+00 +9.055039300e+00 -1.9593e+00 -2.9874e+00 +2.3603e+00 +2.5454e+00 +1.0227e+00 -3.0039e+00 +3.5767e+00 +2.4933e+00 +1.7271e+00 -2.6659e+00
2364 0 +3.644993199e+01 -2.850068012e+00 -2.850068012e+00 -1.5368e+00 -4.1942e-01 +3.1395e+00 +3.3431e+00 +1.0756e+00 -2.4225e+00 +3.4474e+00 +2.1178e+00 +1.8821e+00 -2.7969e+00
% f evaluations | g evaluations | best noise-free fitness - Fopt (4.296000000000e+01) + sum g_i+ | measured fitness | best measured fitness or single-digit g-values | x1 | x2...
1 0 +2.404897802e+02 +2.834497802e+02 +2.834497802e+02 +5.9671e-01 -3.8264e-02 +7.4769e-01 +1.6230e+00 -1.3415e-01 -1.3414e-01 +1.6792e+00 +8.6743e-01 -3.6947e-01 +6.4256e-01
4 0 +1.748878659e+02 +2.178478659e+02 +2.178478659e+02 -5.0171e-01 +1.9523e+00 +8.6503e-02 -9.5771e-01 +9.2254e-01 -1.1208e+00 +3.0886e-01 -1.8597e+00 -1.2282e+00 +2.9686e-01
10 0 +1.701154667e+02 +2.130754667e+02 +2.130754667e+02 +1.9708e-01 +1.0686e+00 -6.0205e-01 -2.2766e-01 -2.9211e-01 -1.3635e+00 +3.9612e-01 +3.6106e-01 +1.0511e-01 -1.3459e-01
25 0 +1.498577471e+02 +1.928177471e+02 +1.928177471e+02 -6.9252e-01 -1.4736e-02 +6.0499e-01 +9.6576e-01 -1.1003e+00 -2.3450e-01 -3.7495e-01 -5.5333e-01 +1.8655e+00 +5.0498e-01
49 0 +1.182255531e+02 +1.611855531e+02 +1.611855531e+02 -2.7918e-02 -8.5554e-01 -1.5064e+00 +3.0346e-01 -6.5635e-01 -1.3223e+00 -5.4657e-01 -9.8155e-01 +1.7871e+00 +9.8164e-01
91 0 +1.171479898e+02 +1.601079898e+02 +1.601079898e+02 -8.5521e-01 -8.2156e-01 -3.1565e+00 +1.1482e+00 +1.4546e+00 -1.1414e+00 +9.7904e-01 -1.4352e+00 +1.4556e+00 +3.6260e-01
128 0 +8.773523653e+01 +1.306952365e+02 +1.306952365e+02 -7.4828e-01 +7.0933e-01 -2.2885e+00 +4.1528e-01 +3.7268e-01 -4.2449e+00 -1.3116e+00 -2.1109e+00 +1.8973e+00 +1.1693e+00
460 0 +7.853773624e+01 +1.214977362e+02 +1.214977362e+02 -6.2692e-01 +8.0672e-01 -1.3530e+00 +4.0985e+00 +9.9650e-01 -4.1283e+00 -6.6174e-01 -2.4273e+00 +1.8484e+00 -1.1590e-01
538 0 +7.457217845e+01 +1.175321784e+02 +1.175321784e+02 -3.7739e-01 +1.7273e+00 -2.6060e+00 +4.8777e-01 +8.7501e-01 -2.4217e+00 +1.2516e+00 -1.5968e+00 +1.8614e+00 -8.0528e-02
551 0 +7.035568564e+01 +1.133156856e+02 +1.133156856e+02 -1.1977e+00 +8.1118e-01 -2.8104e+00 +1.1072e+00 +1.4356e+00 -3.7335e+00 -5.6954e-01 -1.9853e+00 +2.6603e+00 +5.0602e-01
820 0 +6.177559922e+01 +1.047355992e+02 +1.047355992e+02 -4.5830e-01 +1.4237e-01 -3.4802e+00 +1.5976e+00 +9.0470e-01 -2.0607e+00 -1.2922e+00 -1.6939e+00 +2.7080e+00 +3.0142e-01
1101 0 +3.359044780e+01 +7.655044780e+01 +7.655044780e+01 +5.1917e-01 +1.6464e+00 -1.8628e+00 +3.2995e-01 +1.0035e+00 -2.7338e+00 -6.6577e-01 -1.5811e+00 +1.0758e+00 -7.8545e-02
% f evaluations | g evaluations | best noise-free fitness - Fopt (2.842200000000e+02) + sum g_i+ | measured fitness | best measured fitness or single-digit g-values | x1 | x2...
1 0 +4.836151911e+02 +7.678351911e+02 +7.678351911e+02 +5.9671e-01 -3.8264e-02 +7.4769e-01 +1.6230e+00 -1.3415e-01 -1.3414e-01 +1.6792e+00 +8.6743e-01 -3.6947e-01 +6.4256e-01
2 0 +3.271274530e+02 +6.113474530e+02 +6.113474530e+02 -3.6342e-01 -3.6573e-01 +3.4196e-01 -1.8133e+00 -1.6249e+00 -4.6229e-01 -9.1283e-01 +4.1425e-01 -8.0802e-01 -1.3123e+00
36 0 +2.907507407e+02 +5.749707407e+02 +5.749707407e+02 +4.1091e-01 +1.5754e+00 +9.5766e-01 -5.9939e-02 +8.0984e-02 -9.0253e-01 +8.1487e-02 -1.8866e-01 +4.2272e-01 -7.2723e-01
51 0 +2.067604526e+02 +4.909804526e+02 +4.909804526e+02 +1.0702e+00 +2.2603e-01 +5.1989e-01 +2.4194e+00 +8.3554e-01 -4.5172e+00 -7.1035e-01 -2.6574e-02 +8.3369e-01 -2.1264e+00
54 0 +1.918379469e+02 +4.760579469e+02 +4.760579469e+02 +1.4187e+00 +2.9296e-01 -1.1371e-01 +1.3104e+00 +1.5495e+00 -1.9104e+00 +3.8766e-01 +4.8630e-01 +1.1042e+00 -3.0404e+00
56 0 +1.866522894e+02 +4.708722894e+02 +4.708722894e+02 -4.9988e-01 +2.6229e+00 +2.3253e+00 -4.8957e-01 +5.5467e-01 -2.3984e+00 +9.1788e-01 +4.3828e-01 +1.0731e+00 -2.5184e+00
62 0 +1.865650051e+02 +4.707850051e+02 +4.707850051e+02 +1.4515e-01 +2.2810e+00 +7.6140e-01 -1.7079e-01 +7.5049e-01 -2.1100e+00 +1.5807e+00 +8.5891e-01 -1.0600e+00 -1.6146e+00
67 0 +1.643519085e+02 +4.485719085e+02 +4.485719085e+02 -5.7311e-01 +1.2507e+00 +2.9882e-01 +3.7331e-01 -6.5361e-01 -1.4099e+00 +1.6960e+00 +3.8092e-01 +2.0257e-01 -2.5773e+00
115 0 +1.627570621e+02 +4.469770621e+02 +4.469770621e+02 +5.0443e-01 -1.0456e+00 +7.8061e-01 +1.4260e-01 +1.4557e+00 -1.3574e+00 +3.3304e+00 +2.4982e+00 +1.1883e+00 -1.7380e+00
138 0 +1.519363243e+02 +4.361563243e+02 +4.361563243e+02 -2.1585e+00 -5.0550e-01 +6.3423e-01 +2.1694e+00 +5.6631e-01 -3.7493e+00 +1.1871e+00 +2.0729e+00 -3.8987e-01 -3.0109e+00
264 0 +1.255735994e+02 +4.097935994e+02 +4.097935994e+02 -2.0299e+00 +8.4697e-01 -8.8263e-01 +1.3746e+00 +1.6996e+00 -1.9191e+00 +1.3130e+00 -7.3593e-01 +5.2838e-01 -2.2449e+00
359 0 +1.131365313e+02 +3.973565313e+02 +3.973565313e+02 -1.4169e+00 -1.2670e+00 -2.3430e+00 +1.3138e+00 +4.0029e+00 -3.4905e+00 +3.2874e+00 +2.6476e+00 +2.3475e-01 -3.2210e+00
402 0 +1.039102048e+02 +3.881302048e+02 +3.881302048e+02 -2.1873e+00 +1.1172e+00 +5.4662e-01 +1.6518e+00 +1.0889e+00 -3.3986e+00 +3.8636e+00 +8.6060e-01 +2.8209e-01 -4.4760e+00
457 0 +9.083090091e+01 +3.750509009e+02 +3.750509009e+02 -3.7608e+00 +4.6569e-01 -9.6145e-01 +1.1520e-01 +4.3890e-02 -4.1240e+00 +3.0556e+00 +8.5004e-01 +7.1028e-01 -2.0919e+00
501 0 +7.651086257e+01 +3.607308626e+02 +3.607308626e+02 -2.1261e+00 +1.7148e+00 -1.8377e+00 +8.5372e-01 +1.9757e+00 -2.4414e+00 +2.4968e+00 +5.0477e-01 -5.0224e-01 -3.8322e+00
616 0 +7.441373493e+01 +3.586337349e+02 +3.586337349e+02 -3.0976e+00 -2.1236e-01 -1.1434e+00 +2.8593e+00 +2.4372e+00 -1.6515e+00 +2.8980e+00 +2.2239e+00 -6.6358e-01 -2.7899e+00
684 0 +6.471990326e+01 +3.489399033e+02 +3.489399033e+02 -2.0520e+00 -1.1962e+00 -2.4988e+00 +1.6241e+00 +1.1444e+00 -3.3250e+00 +2.4649e+00 +1.5268e+00 +5.9066e-01 -3.1033e+00
986 0 +5.877470837e+01 +3.429947084e+02 +3.429947084e+02 -3.1722e+00 +1.2898e+00 -1.0817e+00 +1.5295e+00 +1.1520e+00 -2.9343e+00 +3.6105e+00 +1.0048e+00 +1.0349e+00 -2.8222e+00
1411 0 +4.564655538e+01 +3.298665554e+02 +3.298665554e+02 -2.0315e+00 -3.1110e-01 -2.5105e+00 +2.2914e+00 +1.1273e+00 -2.7712e+00 +3.8837e+00 +1.2938e+00 +1.3147e+00 -3.2488e+00
1834 0 +2.992679545e+01 +3.141467955e+02 +3.141467955e+02 -2.2554e+00 +4.4963e-01 -3.7072e-01 +1.4732e+00 +1.6978e+00 -3.4966e+00 +3.4237e+00 +1.3077e+00 +5.9574e-01 -2.8634e+00
% f evaluations | g evaluations | best noise-free fitness - Fopt (-3.217000000000e+01) + sum g_i+ | measured fitness | best measured fitness or single-digit g-values | x1 | x2...
1 0 +4.903995418e+02 +4.582295418e+02 +4.582295418e+02 +5.9671e-01 -3.8264e-02 +7.4769e-01 +1.6230e+00 -1.3415e-01 -1.3414e-01 +1.6792e+00 +8.6743e-01 -3.6947e-01 +6.4256e-01
2 0 +2.074713183e+02 +1.753013183e+02 +1.753013183e+02 -3.6342e-01 -3.6573e-01 +3.4196e-01 -1.8133e+00 -1.6249e+00 -4.6229e-01 -9.1283e-01 +4.1425e-01 -8.0802e-01 -1.3123e+00
5 0 +2.037961041e+02 +1.716261041e+02 +1.716261041e+02 +8.3847e-01 +2.7137e-01 -1.5648e-02 -2.0110e-01 -1.3785e+00 -6.1984e-01 -3.6064e-01 +1.1571e+00 +4.4362e-01 -1.6630e+00
14 0 +1.999374935e+02 +1.677674935e+02 +1.677674935e+02 -1.4507e+00 +1.6856e-01 -9.6230e-01 +5.7359e-01 -8.1942e-01 +1.6499e+00 -6.8325e-01 -2.2206e-01 +9.1352e-01 -1.1309e+00
76 0 +1.788098998e+02 +1.466398998e+02 +1.466398998e+02 -3.2651e-01 +1.0111e+00 +1.6757e-01 +3.2611e-01 -1.3376e+00 +2.1598e+00 -8.1421e-01 -1.4491e-01 +1.9925e+00 -3.4100e+00
85 0 +1.654263969e+02 +1.332563969e+02 +1.332563969e+02 +4.9969e-01 +2.8002e+00 +2.6581e+00 +7.0588e-01 +5.5464e-01 +1.1662e+00 +1.2009e-01 +4.7325e-01 +1.8155e+00 -2.0449e+00
92 0 +1.523935439e+02 +1.202235439e+02 +1.202235439e+02 +4.2849e-01 +1.0859e+00 -1.1244e+00 -6.3445e-01 -1.5964e+00 +8.3685e-01 -9.3034e-01 +1.5147e-01 +7.0981e-01 -1.9671e+00
95 0 +1.476199320e+02 +1.154499320e+02 +1.154499320e+02 -3.5172e-01 +3.9711e-01 -1.1394e+00 +1.0520e+00 -1.9980e+00 +1.6742e+00 +1.2205e+00 +1.7910e-02 +3.3296e-01 -2.3637e+00
183 0 +1.183663355e+02 +8.619633550e+01 +8.619633550e+01 -1.4671e+00 -9.8091e-01 +2.4317e+00 +7.7339e-01 -4.1375e+00 +4.6382e-01 -7.5710e-01 +1.4124e+00 +2.0029e+00 -2.3590e+00
271 0 +9.481832682e+01 +6.264832682e+01 +6.264832682e+01 +1.7838e+00 -7.3170e-01 +2.0590e+00 +5.5225e-01 -4.5504e+00 -1.0926e+00 +8.6333e-01 +2.5818e+00 +2.1881e+00 -2.4535e+00
431 0 +8.655786234e+01 +5.438786234e+01 +5.438786234e+01 +1.4214e+00 +2.0371e+00 -3.8528e-01 -9.8631e-01 -3.9423e+00 +6.9497e-01 +3.2240e-01 +2.2253e+00 +1.2870e+00 -3.0451e+00
539 0 +8.251525796e+01 +5.034525796e+01 +5.034525796e+01 -4.1647e-01 +1.8761e+00 +2.1628e+00 -2.1625e+00 -2.9951e+00 -9.5332e-01 -1.5911e+00 +1.8938e+00 +1.3787e+00 -1.8853e+00
553 0 +7.353312036e+01 +4.136312036e+01 +4.136312036e+01 +5.3607e-01 +2.6847e-01 +2.7369e-01 +6.7972e-01 -2.5313e+00 +1.9299e+00 -9.9041e-01 +2.6309e+00 +1.0557e+00 -3.4511e+00
663 0 +7.232449247e+01 +4.015449247e+01 +4.015449247e+01 +3.0955e-01 +1.4171e+00 -8.4906e-01 +6.8287e-01 -3.0769e+00 +5.7214e-01 -8.4882e-01 +2.1201e+00 +1.2363e+00 -2.6818e+00
748 0 +4.647727041e+01 +1.430727041e+01 +1.430727041e+01 +1.3979e+00 +8.4563e-01 -1.0334e+00 -8.4860e-01 -4.4445e+00 +1.0243e+00 -3.3858e-01 +2.1901e+00 +2.2401e+00 -3.1094e+00
1240 0 +3.991690846e+01 +7.746908459e+00 +7.746908459e+00 -5.5797e-01 +2.6672e+00 +4.9078e-01 -8.6800e-01 -3.7686e+00 +5.6227e-01 +8.8531e-02 +3.3314e+00 +1.7566e+00 -2.0517e+00
1918 0 +3.426504167e+01 +2.095041672e+00 +2.095041672e+00 +4.7150e-01 +8.1553e-01 +1.7681e+00 -1.6136e-01 -4.2914e+00 +6.0026e-01 -1.3431e+00 +3.0011e+00 +1.4220e+00 -2.3046e+00
% f evaluations | g evaluations | best noise-free fitness - Fopt (-5.858000000000e+01) + sum g_i+ | measured fitness | best measured fitness or single-digit g-values | x1 | x2...
1 0 +6.314286158e+02 +5.728486158e+02 +5.728486158e+02 +5.9671e-01 -3.8264e-02 +7.4769e-01 +1.6230e+00 -1.3415e-01 -1.3414e-01 +1.6792e+00 +8.6743e-01 -3.6947e-01 +6.4256e-01
2 0 +4.752561908e+02 +4.166761908e+02 +4.166761908e+02 -3.6342e-01 -3.6573e-01 +3.4196e-01 -1.8133e+00 -1.6249e+00 -4.6229e-01 -9.1283e-01 +4.1425e-01 -8.0802e-01 -1.3123e+00
3 0 +4.402688276e+02 +3.816888276e+02 +3.816888276e+02 +1.5656e+00 -1.2578e-01 +1.6753e-01 -1.3247e+00 -4.4438e-01 +2.1092e-01 -1.0510e+00 +4.7570e-01 -5.0064e-01 -1.9169e-01
5 0 +3.897761269e+02 +3.311961269e+02 +3.311961269e+02 +8.3847e-01 +2.7137e-01 -1.5648e-02 -2.0110e-01 -1.3785e+00 -6.1984e-01 -3.6064e-01 +1.1571e+00 +4.4362e-01 -1.6630e+00
25 0 +3.692683720e+02 +3.106883720e+02 +3.106883720e+02 -6.9252e-01 -1.4736e-02 +6.0499e-01 +9.6576e-01 -1.1003e+00 -2.3450e-01 -3.7495e-01 -5.5333e-01 +1.8655e+00 +5.0498e-01
51 0 +3.644556731e+02 +3.058756731e+02 +3.058756731e+02 +5.0157e-01 +5.6246e-01 -2.5444e-01 +8.1887e-01 -3.5637e-01 -1.1455e+00 -1.3431e+00 -1.3248e-02 -5.0960e-01 +1.6771e+00
52 0 +3.154703781e+02 +2.568903781e+02 +2.568903781e+02 +4.4769e-01 +1.4368e+00 -1.5124e+00 +5.6920e-01 -3.9327e-01 -5.4654e-01 -1.3806e+00 -1.9255e-01 +2.7742e+00 -2.3475e-01
53 0 +3.145206540e+02 +2.559406540e+02 +2.559406540e+02 +6.5535e-01 +9.0161e-01 +2.7340e-01 +1.1381e+00 -2.0139e+00 -1.7602e+00 -1.0732e+00 -2.6147e-01 -3.3876e-01 +1.0565e+00
56 0 +2.880547644e+02 +2.294747644e+02 +2.294747644e+02 +1.3153e-01 +1.8044e+00 +1.5074e-01 +8.5196e-01 -1.2234e+00 -2.3051e+00 -2.0574e+00 +2.3117e-01 -5.7022e-01 +9.2296e-01
59 0 +1.759015231e+02 +1.173215231e+02 +1.173215231e+02 +1.4347e+00 +1.5740e-01 -1.1624e+00 +1.2236e+00 -1.7975e+00 -1.9758e+00 -2.6230e+00 +1.6775e+00 +4.3358e-01 +5.1348e-01
105 0 +1.272289721e+02 +6.864897207e+01 +6.864897207e+01 +1.8935e+00 -7.7901e-01 +2.6522e-01 -1.0775e+00 -4.6171e+00 -3.2365e+00 -2.4509e+00 +2.7146e+00 +3.0272e+00 +1.7256e+00
265 0 +1.132477245e+02 +5.466772450e+01 +5.466772450e+01 +1.8724e+00 -3.0923e-01 -2.2037e+00 +1.2372e+00 -2.9507e+00 -2.9213e+00 -3.8659e+00 +2.1162e+00 +3.3079e+00 +9.5784e-01
344 0 +1.098998079e+02 +5.131980792e+01 +5.131980792e+01 +3.2401e+00 -2.3485e+00 +1.7652e+00 +1.3243e-01 -1.8785e+00 -4.4751e+00 -3.0731e+00 +2.0980e+00 +1.6522e+00 +7.8463e-01
516 0 +9.262309728e+01 +3.404309728e+01 +3.404309728e+01 +7.3580e-01 -1.5526e+00 -2.1881e+00 +3.5789e+00 -4.8165e+00 -2.3059e+00 -3.7288e+00 +3.7618e+00 +3.1165e+00 +1.5636e+00
520 0 +8.003878194e+01 +2.145878194e+01 +2.145878194e+01 +1.6291e-01 -1.5746e+00 +1.8160e-01 +3.7557e+00 -2.7621e+00 -3.8011e+00 -3.7273e+00 +2.4005e+00 +3.4290e+00 +6.9336e-01
780 0 +7.465688044e+01 +1.607688044e+01 +1.607688044e+01 +2.5491e+00 -3.4247e+00 +8.4348e-01 +9.8325e-01 -2.8089e+00 -2.5444e+00 -3.1209e+00 +2.8844e+00 +2.7812e+00 +7.7937e-01
815 0 +7.195888122e+01 +1.337888122e+01 +1.337888122e+01 +3.1697e-01 -4.9454e-02 +1.8173e+00 +1.1964e+00 -3.6420e+00 -3.4211e+00 -2.0218e+00 +4.0502e+00 +1.9441e+00 +1.2129e+00
819 0 +7.094562937e+01 +1.236562937e+01 +1.236562937e+01 +2.7317e+00 -5.3997e-01 +1.6956e+00 +2.5130e+00 -3.6108e+00 -2.9143e+00 -4.6606e+00 +2.9139e+00 +2.7497e+00 +1.2746e+00
1080 0 +4.631751602e+01 -1.226248398e+01 -1.226248398e+01 -5.1706e-01 -1.5299e+00 +9.5378e-01 +1.1374e+00 -3.4466e+00 -3.7810e+00 -2.7426e+00 +4.1653e+00 +2.6439e+00 +9.4703e-01
1615 0 +4.608312232e+01 -1.249687768e+01 -1.249687768e+01 +1.5791e+00 -3.4085e+00 +9.8222e-01 +9.3549e-01 -2.9197e+00 -3.8242e+00 -3.1823e+00 +3.3942e+00 +3.0638e+00 +1.7015e+00
1664 0 +3.641722915e+01 -2.216277085e+01 -2.216277085e+01 +1.8013e+00 -2.4514e+00 +1.0208e+00 +1.1466e+00 -3.5449e+00 -3.1789e+00 -3.6710e+00 +3.7003e+00 +3.0777e+00 +1.2687e+00
