% f evaluations | g evaluations | best noise-free fitness - Fopt (1.238300000000e+02) + sum g_i+ | measured fitness | best measured fitness or single-digit g-values | x1 | x2...
1 0 +2.134850738e+03 +2.258680738e+03 +2.258680738e+03 +5.9671e-01 -3.8264e-02 +7.4769e-01 +1.6230e+00 -1.3415e-01
2 0 +1.521057945e+03 +1.644887945e+03 +1.644887945e+03 -1.3414e-01 +1.6792e+00 +8.6743e-01 -3.6947e-01 +6.4256e-01
5 0 +7.334808896e+02 +8.573108896e+02 +8.573108896e+02 +1.5656e+00 -1.2578e-01 +1.6753e-01 -1.3247e+00 -4.4438e-01
6 0 +3.986373671e+02 +5.224673671e+02 +5.224673671e+02 +2.1092e-01 -1.0510e+00 +4.7570e-01 -5.0064e-01 -1.9169e-01
13 0 +3.086668750e+02 +4.324968750e+02 +4.324968750e+02 -3.7917e-01 -8.5659e-02 -1.0063e+00 -1.0962e+00 +9.1253e-01
19 0 +7.429407286e+01 +1.981240729e+02 +1.981240729e+02 +1.9708e-01 +1.0686e+00 -6.0205e-01 -2.2766e-01 -2.9211e-01
30 0 +6.522179886e+01 +1.890517989e+02 +1.890517989e+02 -4.3124e-01 -3.5744e-01 -5.5790e-01 -8.0263e-01 -4.5003e-02
51 0 +2.031323659e+01 +1.441432366e+02 +1.441432366e+02 +1.0885e-01 +6.3202e-02 +1.8961e-01 +1.3177e-01 +9.9214e-02
56 0 +1.768144116e+01 +1.415114412e+02 +1.415114412e+02 -3.1502e-01 +3.7358e-01 -2.2970e-01 -8.9295e-02 -1.7680e-01
103 0 +4.133670111e+00 +1.279636701e+02 +1.279636701e+02 -3.9150e-01 +6.8196e-01 -5.8599e-01 +3.8997e-02 -3.0534e-01
157 0 +3.156446023e+00 +1.269864460e+02 +1.269864460e+02 -2.9020e-02 +5.8246e-01 +1.9163e-01 +3.2169e-01 -2.0122e-01
402 0 +3.139465802e+00 +1.269694658e+02 +1.269694658e+02 -2.7070e-01 +6.6158e-01 -4.6244e-01 +1.0422e-01 -2.7423e-01
408 0 +2.922044344e+00 +1.267520443e+02 +1.267520443e+02 -2.1705e-01 +6.8763e-01 -4.0455e-01 +1.4921e-01 -3.0997e-01
447 0 +2.610564686e+00 +1.264405647e+02 +1.264405647e+02 -1.4272e-01 +6.4657e-01 -2.4150e-01 +2.2071e-01 -2.4452e-01
451 0 +2.462248956e+00 +1.262922490e+02 +1.262922490e+02 -6.7071e-02 +6.9159e-01 -4.8077e-02 +2.9156e-01 -2.5363e-01
503 0 +1.620574829e+00 +1.254505748e+02 +1.254505748e+02 -6.6051e-02 +5.9442e-01 +8.5605e-02 +3.5946e-01 -1.9380e-01
610 0 +1.395914735e+00 +1.252259147e+02 +1.252259147e+02 -5.2551e-02 +5.4128e-01 +1.1850e-01 +3.3860e-01 -1.8041e-01
626 0 +9.270243810e-01 +1.247570244e+02 +1.247570244e+02 -2.7576e-02 +4.0380e-01 +3.2509e-01 +3.6939e-01 -1.5675e-01
826 0 +9.206719419e-01 +1.247506719e+02 +1.247506719e+02 -1.9653e-02 +3.7099e-01 +3.7626e-01 +3.8363e-01 -1.4577e-01
829 0 +9.028620190e-01 +1.247328620e+02 +1.247328620e+02 -1.7783e-02 +3.7292e-01 +3.3923e-01 +3.6223e-01 -1.2755e-01
831 0 +8.616238598e-01 +1.246916239e+02 +1.246916239e+02 -7.2554e-03 +3.2887e-01 +3.7173e-01 +3.7275e-01 -1.2521e-01
852 0 +8.406209779e-01 +1.246706210e+02 +1.246706210e+02 +6.7862e-03 +2.5056e-01 +4.6567e-01 +3.6823e-01 -1.0071e-01
868 0 +8.379138590e-01 +1.246679139e+02 +1.246679139e+02 +7.3873e-03 +3.0500e-01 +4.4011e-01 +3.6573e-01 -1.2350e-01
877 0 +7.454131139e-01 +1.245754131e+02 +1.245754131e+02 +3.8952e-03 +3.0040e-01 +3.8022e-01 +3.4958e-01 -1.3639e-01
914 0 +6.933407947e-01 +1.245233408e+02 +1.245233408e+02 +8.1985e-03 +2.9801e-01 +4.2269e-01 +3.6345e-01 -1.3079e-01
930 0 +6.619106466e-01 +1.244919106e+02 +1.244919106e+02 +3.1321e-02 +2.5563e-01 +4.3861e-01 +3.3081e-01 -1.2143e-01
935 0 +6.041330563e-01 +1.244341331e+02 +1.244341331e+02 +2.5725e-02 +2.5292e-01 +4.3000e-01 +3.3134e-01 -1.1204e-01
969 0 +5.809171774e-01 +1.244109172e+02 +1.244109172e+02 +1.8416e-02 +2.4207e-01 +4.4166e-01 +3.3790e-01 -1.1538e-01
976 0 +5.767822269e-01 +1.244067822e+02 +1.244067822e+02 +6.4362e-02 +1.5354e-01 +5.4265e-01 +3.2322e-01 -8.7788e-02
1033 0 +5.642261640e-01 +1.243942262e+02 +1.243942262e+02 +3.3690e-02 +2.1232e-01 +4.4918e-01 +3.2037e-01 -1.0609e-01
1037 0 +5.627327498e-01 +1.243927327e+02 +1.243927327e+02 +3.9851e-02 +1.5115e-01 +4.8808e-01 +3.0594e-01 -9.4352e-02
1043 0 +5.309730310e-01 +1.243609730e+02 +1.243609730e+02 +3.3245e-02 +1.8586e-01 +4.8303e-01 +3.2413e-01 -1.0644e-01
1051 0 +4.514124963e-01 +1.242814125e+02 +1.242814125e+02 +6.7807e-02 +1.3909e-01 +4.9876e-01 +2.9946e-01 -8.2505e-02
1052 0 +3.904738088e-01 +1.242204738e+02 +1.242204738e+02 +8.9980e-02 +9.6234e-02 +5.5666e-01 +3.0270e-01 -7.0140e-02
1097 0 +3.613424438e-01 +1.241913424e+02 +1.241913424e+02 +7.9531e-02 +7.5655e-02 +5.5807e-01 +2.9294e-01 -6.7072e-02
1128 0 +2.908964596e-01 +1.241208965e+02 +1.241208965e+02 +1.1269e-01 +1.9638e-02 +5.9200e-01 +2.6087e-01 -3.9489e-02
% f evaluations | g evaluations | best noise-free fitness - Fopt (4.751000000000e+01) + sum g_i+ | measured fitness | best measured fitness or single-digit g-values | x1 | x2...
1 0 +1.143702278e+02 +1.618802278e+02 +1.618802278e+02 +5.9671e-01 -3.8264e-02 +7.4769e-01 +1.6230e+00 -1.3415e-01
20 0 +1.041708236e+02 +1.516808236e+02 +1.516808236e+02 -1.3635e+00 +3.9612e-01 +3.6106e-01 +1.0511e-01 -1.3459e-01
26 0 +5.848869038e+01 +1.059986904e+02 +1.059986904e+02 +1.2278e-01 +5.4024e-04 +2.7893e-01 -7.7318e-02 +3.0789e-01
60 0 +5.704107004e+01 +1.045510700e+02 +1.045510700e+02 +3.4879e-01 -4.1215e-01 +6.6185e-01 +6.7988e-01 -4.4649e-01
92 0 +4.680642017e+01 +9.431642017e+01 +9.431642017e+01 -8.0915e-01 +1.5112e-01 +6.9043e-01 +1.5519e-01 -5.1123e-01
94 0 +1.074618557e+01 +5.825618557e+01 +5.825618557e+01 -1.4920e-01 -7.6083e-01 +7.2970e-01 +5.0926e-01 -4.2871e-01
114 0 +5.876141034e+00 +5.338614103e+01 +5.338614103e+01 -3.0408e-01 -5.3979e-01 +7.4964e-01 +4.2059e-01 -3.0000e-01
250 0 +3.632241919e+00 +5.114224192e+01 +5.114224192e+01 -5.2771e-01 -1.3104e-01 +6.6777e-01 +3.1489e-01 -4.3936e-02
351 0 +3.128813633e+00 +5.063881363e+01 +5.063881363e+01 -5.9170e-01 -1.0187e-01 +4.6561e-01 +2.6027e-01 -1.7447e-02
384 0 +3.098887359e+00 +5.060888736e+01 +5.060888736e+01 -6.6996e-01 -2.4023e-02 +3.9533e-01 +2.6690e-01 -4.0285e-02
420 0 +2.905418083e+00 +5.041541808e+01 +5.041541808e+01 -5.8571e-01 -4.2775e-03 +4.7565e-01 +3.3060e-01 -4.0188e-02
424 0 +2.757764791e+00 +5.026776479e+01 +5.026776479e+01 -6.1265e-01 +8.0362e-02 +4.1786e-01 +2.9022e-01 +3.0338e-03
436 0 +2.594560675e+00 +5.010456067e+01 +5.010456067e+01 -6.0660e-01 -2.9164e-02 +4.9862e-01 +2.6117e-01 -5.0929e-02
452 0 +2.191907338e+00 +4.970190734e+01 +4.970190734e+01 -6.6658e-01 +1.7217e-01 +1.7124e-01 +1.7132e-01 +7.6349e-02
508 0 +2.128497701e+00 +4.963849770e+01 +4.963849770e+01 -6.6061e-01 +8.2283e-02 +2.5762e-01 +2.4976e-01 +5.8308e-02
517 0 +1.899636443e+00 +4.940963644e+01 +4.940963644e+01 -6.3228e-01 +8.3790e-02 +2.6957e-01 +2.0994e-01 +4.2641e-02
577 0 +1.796416639e+00 +4.930641664e+01 +4.930641664e+01 -6.2979e-01 +8.6529e-02 +1.8260e-01 +1.5186e-01 +4.9463e-02
595 0 +1.784363616e+00 +4.929436362e+01 +4.929436362e+01 -6.8861e-01 +1.5808e-01 +3.8697e-02 +1.4787e-01 +1.3356e-01
607 0 +1.734080282e+00 +4.924408028e+01 +4.924408028e+01 -6.3760e-01 +1.3794e-01 +1.0862e-01 +1.7239e-01 +7.3544e-02
608 0 +1.365073699e+00 +4.887507370e+01 +4.887507370e+01 -6.4169e-01 +1.1308e-01 +3.0936e-02 +7.5580e-02 +1.1436e-01
612 0 +1.290840369e+00 +4.880084037e+01 +4.880084037e+01 -6.1911e-01 +1.4240e-01 +7.6622e-03 +1.0723e-01 +1.1696e-01
646 0 +1.206498569e+00 +4.871649857e+01 +4.871649857e+01 -5.9097e-01 +1.7545e-01 -1.3391e-01 +4.1819e-02 +1.6388e-01
722 0 +1.162200229e+00 +4.867220023e+01 +4.867220023e+01 -6.3333e-01 +1.3140e-01 -2.5592e-02 +5.5241e-02 +1.2246e-01
747 0 +1.131333881e+00 +4.864133388e+01 +4.864133388e+01 -6.4799e-01 +1.5765e-01 -6.4725e-02 +5.3453e-02 +1.4316e-01
779 0 +1.116797145e+00 +4.862679715e+01 +4.862679715e+01 -5.7672e-01 +1.3658e-01 -1.7666e-01 -1.3426e-02 +1.7529e-01
790 0 +1.019634485e+00 +4.852963448e+01 +4.852963448e+01 -6.1784e-01 +1.4663e-01 -1.3308e-01 +3.9319e-03 +1.5497e-01
833 0 +1.016840982e+00 +4.852684098e+01 +4.852684098e+01 -5.8505e-01 +1.7634e-01 -2.3003e-01 -4.2042e-02 +1.7926e-01
852 0 +9.504825774e-01 +4.846048258e+01 +4.846048258e+01 -5.6480e-01 +1.4693e-01 -1.2781e-01 -1.6232e-02 +1.5953e-01
880 0 +8.831303887e-01 +4.839313039e+01 +4.839313039e+01 -5.5452e-01 +1.7996e-01 -1.4366e-01 -2.5855e-03 +1.6148e-01
901 0 +8.749397847e-01 +4.838493978e+01 +4.838493978e+01 -5.5786e-01 +1.6770e-01 -1.8280e-01 -1.1419e-02 +1.6659e-01
924 0 +7.967103306e-01 +4.830671033e+01 +4.830671033e+01 -5.6604e-01 +1.6892e-01 -1.5172e-01 -1.5982e-02 +1.6254e-01
951 0 +7.174330604e-01 +4.822743306e+01 +4.822743306e+01 -5.4686e-01 +1.8128e-01 -2.1341e-01 -4.4112e-02 +1.7386e-01
960 0 +6.934228606e-01 +4.820342286e+01 +4.820342286e+01 -5.3535e-01 +1.7508e-01 -2.2371e-01 -5.5255e-02 +1.7183e-01
983 0 +6.342516100e-01 +4.814425161e+01 +4.814425161e+01 -4.7318e-01 +1.8318e-01 -2.9951e-01 -1.0603e-01 +1.9176e-01
1003 0 +5.389424776e-01 +4.804894248e+01 +4.804894248e+01 -4.4862e-01 +2.1481e-01 -3.0349e-01 -1.2941e-01 +1.9312e-01
1040 0 +4.991853479e-01 +4.800918535e+01 +4.800918535e+01 -4.2218e-01 +2.2736e-01 -3.2925e-01 -1.4221e-01 +1.9362e-01
1051 0 +4.819910219e-01 +4.799199102e+01 +4.799199102e+01 -4.2114e-01 +2.1960e-01 -3.5475e-01 -1.6573e-01 +1.8846e-01
1053 0 +4.347523825e-01 +4.794475238e+01 +4.794475238e+01 -3.8646e-01 +2.2299e-01 -3.4228e-01 -1.6133e-01 +1.8332e-01
1134 0 +4.266616444e-01 +4.793666164e+01 +4.793666164e+01 -3.4892e-01 +2.2174e-01 -4.0315e-01 -2.1391e-01 +1.9445e-01
1143 0 +4.149415600e-01 +4.792494156e+01 +4.792494156e+01 -4.0722e-01 +2.1320e-01 -3.4809e-01 -1.5610e-01 +1.8848e-01
1159 0 +3.966108580e-01 +4.790661086e+01 +4.790661086e+01 -2.7371e-01 +2.6763e-01 -4.7760e-01 -2.6692e-01 +2.0488e-01
1179 0 +3.450314528e-01 +4.785503145e+01 +4.785503145e+01 -2.3527e-01 +2.5249e-01 -4.8217e-01 -2.7653e-01 +2.0303e-01
1196 0 +3.373108652e-01 +4.784731087e+01 +4.784731087e+01 -2.5937e-01 +2.6110e-01 -4.8009e-01 -2.7131e-01 +2.0758e-01
1199 0 +2.958076931e-01 +4.780580769e+01 +4.780580769e+01 -2.3458e-01 +2.7737e-01 -4.8094e-01 -2.7158e-01 +1.9564e-01
1210 0 +2.857797616e-01 +4.779577976e+01 +4.779577976e+01 -2.9817e-01 +2.5085e-01 -4.3564e-01 -2.3605e-01 +2.0163e-01
1213 0 +2.792945279e-01 +4.778929453e+01 +4.778929453e+01 -2.6649e-01 +2.6921e-01 -4.7055e-01 -2.4485e-01 +2.0260e-01
1242 0 +2.487778372e-01 +4.775877784e+01 +4.775877784e+01 -2.2926e-01 +2.6873e-01 -4.8788e-01 -2.6248e-01 +1.9781e-01
% f evaluations | g evaluations | best noise-free fitness - Fopt (5.534000000000e+01) + sum g_i+ | measured fitness | best measured fitness or single-digit g-values | x1 | x2...
1 0 +7.961990943e+02 +8.515390943e+02 +8.515390943e+02 +5.9671e-01 -3.8264e-02 +7.4769e-01 +1.6230e+00 -1.3415e-01
4 0 +5.440010983e+02 +5.993410983e+02 +5.993410983e+02 -4.6229e-01 -9.1283e-01 +4.1425e-01 -8.0802e-01 -1.3123e+00
6 0 +9.297043714e+01 +1.483104371e+02 +1.483104371e+02 +2.1092e-01 -1.0510e+00 +4.7570e-01 -5.0064e-01 -1.9169e-01
27 0 +2.735483653e+01 +8.269483653e+01 +8.269483653e+01 +1.3759e-02 +1.7723e-01 +8.1468e-01 +2.3497e-02 -1.2597e-01
65 0 +2.701106704e+01 +8.235106704e+01 +8.235106704e+01 -5.4831e-02 -1.8661e-01 +7.9269e-01 +5.0128e-01 -4.7200e-01
74 0 +8.649492440e+00 +6.398949244e+01 +6.398949244e+01 -2.5940e-01 -7.9239e-01 +8.4043e-01 +4.6479e-01 -8.7787e-02
156 0 +7.907788812e+00 +6.324778881e+01 +6.324778881e+01 -2.6084e-03 -6.2786e-02 +3.9053e-01 +1.7386e-01 -3.2285e-01
157 0 +5.105754685e+00 +6.044575469e+01 +6.044575469e+01 -4.0098e-02 -6.2102e-01 +7.1504e-01 +1.5744e-01 -1.1139e-01
188 0 +5.011170433e+00 +6.035117043e+01 +6.035117043e+01 +2.6797e-02 -7.7938e-01 +6.9094e-01 +2.4517e-01 -1.6515e-01
212 0 +4.511269426e+00 +5.985126943e+01 +5.985126943e+01 +1.8201e-01 -3.7310e-01 +6.5209e-01 +5.4299e-02 -3.0110e-01
263 0 +4.223552681e+00 +5.956355268e+01 +5.956355268e+01 -5.0918e-04 -5.9146e-01 +7.6029e-01 +1.3483e-01 -2.0013e-01
299 0 +3.263610738e+00 +5.860361074e+01 +5.860361074e+01 +5.9367e-02 -4.2514e-01 +6.9704e-01 +1.2628e-01 -2.8442e-01
413 0 +2.979697784e+00 +5.831969778e+01 +5.831969778e+01 +7.3389e-02 -3.0362e-01 +6.4854e-01 +1.5282e-01 -3.3297e-01
435 0 +2.979038233e+00 +5.831903823e+01 +5.831903823e+01 +7.0293e-02 -2.8994e-01 +6.5816e-01 +1.6301e-01 -3.4209e-01
472 0 +2.979021562e+00 +5.831902156e+01 +5.831902156e+01 +1.4817e-01 -2.6908e-01 +6.8660e-01 +1.4160e-01 -3.0669e-01
477 0 +2.839806131e+00 +5.817980613e+01 +5.817980613e+01 +1.2096e-01 -2.5836e-01 +6.7000e-01 +1.6248e-01 -3.9479e-01
498 0 +2.818140538e+00 +5.815814054e+01 +5.815814054e+01 +2.0070e-01 -1.7126e-01 +6.7657e-01 +1.2677e-01 -3.6969e-01
501 0 +2.412214975e+00 +5.775221498e+01 +5.775221498e+01 +1.5587e-01 -1.4910e-01 +6.2993e-01 +1.1913e-01 -3.6775e-01
555 0 +2.407586333e+00 +5.774758633e+01 +5.774758633e+01 +1.2494e-01 -1.9176e-01 +6.5298e-01 +1.3951e-01 -3.7302e-01
565 0 +2.395847988e+00 +5.773584799e+01 +5.773584799e+01 +1.6437e-01 -1.0640e-01 +6.6275e-01 +1.3054e-01 -3.9335e-01
579 0 +2.231916872e+00 +5.757191687e+01 +5.757191687e+01 +1.3345e-01 -1.1388e-01 +6.7589e-01 +1.1043e-01 -3.5414e-01
580 0 +2.197311302e+00 +5.753731130e+01 +5.753731130e+01 +1.5061e-01 -7.8483e-02 +6.6210e-01 +1.3224e-01 -3.8010e-01
641 0 +2.060094079e+00 +5.740009408e+01 +5.740009408e+01 +1.4540e-01 +1.1926e-02 +6.5248e-01 +1.1636e-01 -3.8761e-01
668 0 +1.628377991e+00 +5.696837799e+01 +5.696837799e+01 +8.1724e-02 +2.0677e-01 +4.9449e-01 +1.0646e-01 -4.0172e-01
702 0 +1.388733517e+00 +5.672873352e+01 +5.672873352e+01 +8.2001e-02 +1.9813e-01 +5.0509e-01 +8.6749e-02 -3.5772e-01
783 0 +1.380894382e+00 +5.672089438e+01 +5.672089438e+01 +7.1279e-02 +2.6404e-01 +5.2221e-01 +9.2149e-02 -3.7552e-01
823 0 +1.304095250e+00 +5.664409525e+01 +5.664409525e+01 +3.0530e-02 +2.6280e-01 +4.4120e-01 +1.0045e-01 -3.6576e-01
841 0 +1.228113631e+00 +5.656811363e+01 +5.656811363e+01 +6.0690e-02 +2.8284e-01 +4.9028e-01 +9.7622e-02 -3.7390e-01
866 0 +1.226544808e+00 +5.656654481e+01 +5.656654481e+01 +5.3013e-02 +2.6279e-01 +4.8221e-01 +9.6690e-02 -3.6354e-01
893 0 +1.170124897e+00 +5.651012490e+01 +5.651012490e+01 +4.1072e-02 +3.2940e-01 +4.5759e-01 +8.9914e-02 -3.6779e-01
896 0 +1.095260497e+00 +5.643526050e+01 +5.643526050e+01 +3.6684e-02 +3.0054e-01 +4.2506e-01 +9.8766e-02 -3.6866e-01
903 0 +9.436672939e-01 +5.628366729e+01 +5.628366729e+01 +1.1766e-02 +3.7839e-01 +3.7186e-01 +9.3128e-02 -3.5855e-01
971 0 +8.770797574e-01 +5.621707976e+01 +5.621707976e+01 +1.7300e-02 +4.1738e-01 +3.3558e-01 +9.8481e-02 -3.5940e-01
1007 0 +8.555702447e-01 +5.619557024e+01 +5.619557024e+01 +3.8317e-02 +4.1083e-01 +3.1523e-01 +7.8503e-02 -3.4023e-01
1019 0 +7.478929636e-01 +5.608789296e+01 +5.608789296e+01 -1.9788e-04 +4.5985e-01 +2.8353e-01 +8.2393e-02 -3.4961e-01
1059 0 +6.311213122e-01 +5.597112131e+01 +5.597112131e+01 +1.3075e-03 +4.7109e-01 +2.2714e-01 +7.7110e-02 -3.2694e-01
1078 0 +5.566976276e-01 +5.589669763e+01 +5.589669763e+01 -1.5304e-03 +5.5293e-01 +1.2525e-01 +4.1142e-02 -2.8513e-01
1130 0 +4.874291133e-01 +5.582742911e+01 +5.582742911e+01 -7.8615e-03 +5.2433e-01 +1.3783e-01 +5.6932e-02 -3.0658e-01
1192 0 +4.873235849e-01 +5.582732358e+01 +5.582732358e+01 -1.7666e-02 +5.4662e-01 +7.6046e-02 +3.5921e-02 -2.6750e-01
1196 0 +4.545969108e-01 +5.579459691e+01 +5.579459691e+01 -7.5815e-03 +5.5235e-01 +1.0305e-01 +5.3241e-02 -2.9264e-01
1201 0 +4.453064694e-01 +5.578530647e+01 +5.578530647e+01 -9.4902e-03 +5.3463e-01 +1.1458e-01 +4.8114e-02 -2.9111e-01
% f evaluations | g evaluations | best noise-free fitness - Fopt (-9.033000000000e+01) + sum g_i+ | measured fitness | best measured fitness or single-digit g-values | x1 | x2...
1 0 +1.122096792e+03 +1.031766792e+03 +1.031766792e+03 +5.9671e-01 -3.8264e-02 +7.4769e-01 +1.6230e+00 -1.3415e-01
2 0 +9.925200630e+02 +9.021900630e+02 +9.021900630e+02 -1.3414e-01 +1.6792e+00 +8.6743e-01 -3.6947e-01 +6.4256e-01
3 0 +4.074720881e+02 +3.171420881e+02 +3.171420881e+02 -3.6342e-01 -3.6573e-01 +3.4196e-01 -1.8133e+00 -1.6249e+00
4 0 +2.214165043e+02 +1.310865043e+02 +1.310865043e+02 -4.6229e-01 -9.1283e-01 +4.1425e-01 -8.0802e-01 -1.3123e+00
6 0 +2.183178549e+02 +1.279878549e+02 +1.279878549e+02 +2.1092e-01 -1.0510e+00 +4.7570e-01 -5.0064e-01 -1.9169e-01
21 0 +1.731330129e+02 +8.280301294e+01 +8.280301294e+01 -1.3154e+00 -3.2065e-01 -2.4271e-01 -7.0228e-01 -6.1286e-02
63 0 +9.122917983e+01 +8.991798334e-01 +8.991798334e-01 -1.2872e+00 -4.4852e-01 -7.5033e-01 -3.9494e-02 -7.1974e-01
73 0 +1.225704578e+01 -7.807295422e+01 -7.807295422e+01 +3.2563e-01 -7.1729e-01 -7.6702e-02 +3.7245e-01 +3.0193e-01
207 0 +1.224284816e+01 -7.808715184e+01 -7.808715184e+01 -5.8472e-01 -3.7473e-01 -4.1755e-01 +4.0626e-01 -1.3585e-02
211 0 +1.067356447e+01 -7.965643553e+01 -7.965643553e+01 -7.6331e-01 -6.2589e-01 -7.5204e-01 +3.2892e-01 -2.8539e-01
234 0 +8.520470626e+00 -8.180952937e+01 -8.180952937e+01 -8.2533e-01 -1.5759e-01 -4.0231e-01 +8.2326e-01 -5.2869e-01
254 0 +8.122393643e+00 -8.220760636e+01 -8.220760636e+01 -8.5205e-01 -3.3718e-01 -5.2537e-01 +5.8503e-01 -2.8054e-01
277 0 +7.551172543e+00 -8.277882746e+01 -8.277882746e+01 -7.1756e-01 -4.0490e-01 -5.9360e-01 +7.4445e-01 -4.5701e-01
336 0 +5.777411672e+00 -8.455258833e+01 -8.455258833e+01 -7.6967e-01 -4.5091e-01 -5.3920e-01 +8.2549e-01 -4.1308e-01
338 0 +5.741607594e+00 -8.458839241e+01 -8.458839241e+01 -7.9141e-01 -3.4151e-01 -5.1721e-01 +7.0979e-01 -2.6627e-01
356 0 +5.597811409e+00 -8.473218859e+01 -8.473218859e+01 -7.7275e-01 -3.0932e-01 -5.6105e-01 +7.5802e-01 -2.8664e-01
377 0 +5.495088823e+00 -8.483491118e+01 -8.483491118e+01 -7.0480e-01 -3.8017e-01 -6.1661e-01 +6.3339e-01 -1.9450e-01
405 0 +5.265944761e+00 -8.506405524e+01 -8.506405524e+01 -7.8038e-01 -4.4495e-01 -5.4735e-01 +7.2011e-01 -2.8926e-01
411 0 +4.918570790e+00 -8.541142921e+01 -8.541142921e+01 -7.9844e-01 -3.5820e-01 -5.6945e-01 +7.8886e-01 -3.7022e-01
420 0 +4.851720534e+00 -8.547827947e+01 -8.547827947e+01 -7.3812e-01 -4.4784e-01 -6.2225e-01 +6.0779e-01 -2.8947e-01
450 0 +4.707243220e+00 -8.562275678e+01 -8.562275678e+01 -7.6172e-01 -4.4597e-01 -6.3531e-01 +6.3778e-01 -2.3775e-01
522 0 +4.588678656e+00 -8.574132134e+01 -8.574132134e+01 -7.2139e-01 -4.5652e-01 -6.6049e-01 +5.2271e-01 -2.1642e-01
608 0 +4.585076084e+00 -8.574492392e+01 -8.574492392e+01 -7.3534e-01 -4.8994e-01 -6.8327e-01 +5.3068e-01 -1.6572e-01
613 0 +4.570427099e+00 -8.575957290e+01 -8.575957290e+01 -7.2599e-01 -4.5319e-01 -6.9904e-01 +4.9696e-01 -1.3509e-01
616 0 +4.565620737e+00 -8.576437926e+01 -8.576437926e+01 -7.1538e-01 -4.3164e-01 -6.8304e-01 +5.3493e-01 -1.8808e-01
642 0 +4.450849232e+00 -8.587915077e+01 -8.587915077e+01 -7.1599e-01 -4.7745e-01 -7.1182e-01 +4.6406e-01 -1.3466e-01
653 0 +4.434077948e+00 -8.589592205e+01 -8.589592205e+01 -6.9323e-01 -4.6423e-01 -6.9901e-01 +4.2667e-01 -1.2927e-01
724 0 +4.379495396e+00 -8.595050460e+01 -8.595050460e+01 -6.9669e-01 -4.7791e-01 -6.9240e-01 +4.7829e-01 -1.3395e-01
731 0 +4.364437321e+00 -8.596556268e+01 -8.596556268e+01 -6.6958e-01 -5.1868e-01 -7.2233e-01 +4.3111e-01 -1.1187e-01
758 0 +4.350843931e+00 -8.597915607e+01 -8.597915607e+01 -6.7436e-01 -5.0439e-01 -7.1879e-01 +4.1361e-01 -1.2399e-01
789 0 +4.304060190e+00 -8.602593981e+01 -8.602593981e+01 -6.7944e-01 -4.9113e-01 -7.1223e-01 +4.2743e-01 -1.0664e-01
831 0 +4.100341793e+00 -8.622965821e+01 -8.622965821e+01 -6.0441e-01 -5.4863e-01 -7.0649e-01 +3.0701e-01 -1.4741e-02
876 0 +3.957220233e+00 -8.637277977e+01 -8.637277977e+01 -5.2461e-01 -5.4830e-01 -6.6531e-01 +3.0027e-01 +7.7279e-04
920 0 +3.945560302e+00 -8.638443970e+01 -8.638443970e+01 -5.4307e-01 -5.6280e-01 -6.6756e-01 +2.7274e-01 +7.0456e-03
927 0 +3.606837112e+00 -8.672316289e+01 -8.672316289e+01 -3.9206e-01 -6.2398e-01 -6.5149e-01 +2.2604e-01 +1.2677e-02
1032 0 +3.392870249e+00 -8.693712975e+01 -8.693712975e+01 -2.7920e-01 -6.1155e-01 -6.1551e-01 +1.4987e-01 +7.3164e-02
1088 0 +3.340386323e+00 -8.698961368e+01 -8.698961368e+01 -2.7264e-01 -5.8464e-01 -6.1339e-01 +1.6414e-01 +2.3257e-02
1114 0 +3.212055714e+00 -8.711794429e+01 -8.711794429e+01 -2.8748e-01 -6.3796e-01 -6.2715e-01 +1.7469e-01 +3.6011e-02
1116 0 +3.181651403e+00 -8.714834860e+01 -8.714834860e+01 -1.7506e-02 -6.3263e-01 -5.1599e-01 +9.3616e-02 -8.1180e-04
1128 0 +3.046162892e+00 -8.728383711e+01 -8.728383711e+01 -5.0184e-02 -6.3139e-01 -5.5077e-01 +1.1866e-01 +1.7755e-02
1192 0 +2.539458328e+00 -8.779054167e+01 -8.779054167e+01 -2.3553e-02 -6.6599e-01 -4.8542e-01 +1.1787e-01 +3.1491e-02
% f evaluations | g evaluations | best noise-free fitness - Fopt (6.561000000000e+01) + sum g_i+ | measured fitness | best measured fitness or single-digit g-values | x1 | x2...
1 0 +1.932801862e+02 +2.588901862e+02 +2.588901862e+02 +5.9671e-01 -3.8264e-02 +7.4769e-01 +1.6230e+00 -1.3415e-01
14 0 +7.506631839e+01 +1.406763184e+02 +1.406763184e+02 +1.4562e+00 +2.7990e-02 +1.1035e+00 +4.6164e-01 -5.4512e-01
30 0 +7.037664473e+01 +1.359866447e+02 +1.359866447e+02 +1.0269e+00 +4.7231e-01 -1.0673e-01 +6.5010e-01 -2.1046e-02
42 0 +5.875151892e+01 +1.243615189e+02 +1.243615189e+02 +1.1231e+00 -4.9524e-01 +7.7649e-01 +3.0436e-01 -1.2063e-01
55 0 +3.484877901e+01 +1.004587790e+02 +1.004587790e+02 +5.7663e-01 +2.8532e-01 +7.3437e-01 +1.0718e+00 -4.0875e-01
76 0 +1.992396551e+01 +8.553396551e+01 +8.553396551e+01 +7.7370e-01 +3.1771e-01 +2.8784e-01 +4.2638e-01 -1.9721e-01
84 0 +1.792148469e+01 +8.353148469e+01 +8.353148469e+01 +3.4236e-01 +1.9099e-02 +8.4157e-01 +8.1922e-01 -2.8173e-01
156 0 +1.131096266e+01 +7.692096266e+01 +7.692096266e+01 +3.7531e-01 +2.4364e-01 +9.6409e-01 +3.4176e-01 -1.7474e-01
161 0 +7.740551339e+00 +7.335055134e+01 +7.335055134e+01 +3.5318e-01 +3.5367e-01 +8.6601e-01 +5.4087e-01 -1.7384e-02
175 0 +7.493192747e+00 +7.310319275e+01 +7.310319275e+01 +2.4891e-01 +8.4378e-02 +7.1438e-01 +4.9475e-01 -1.9735e-01
189 0 +7.289552663e+00 +7.289955266e+01 +7.289955266e+01 +2.9347e-01 +2.8630e-01 +7.4699e-01 +4.8263e-01 -1.2075e-01
191 0 +7.196706416e+00 +7.280670642e+01 +7.280670642e+01 +5.8019e-01 +1.8946e-01 +7.5608e-01 +4.3197e-01 -3.4775e-02
194 0 +6.237048068e+00 +7.184704807e+01 +7.184704807e+01 +4.4919e-01 +2.3541e-01 +8.0783e-01 +5.0201e-01 +4.6280e-02
195 0 +4.579034666e+00 +7.018903467e+01 +7.018903467e+01 +2.8478e-01 +9.5880e-02 +9.1853e-01 +5.4552e-01 -5.4991e-02
235 0 +4.507910617e+00 +7.011791062e+01 +7.011791062e+01 +2.8846e-01 +6.5174e-02 +7.9235e-01 +4.2407e-01 -5.1284e-02
337 0 +3.850501390e+00 +6.946050139e+01 +6.946050139e+01 +2.0508e-01 +8.2303e-02 +7.6472e-01 +4.6622e-01 -3.6474e-02
427 0 +3.790336736e+00 +6.940033674e+01 +6.940033674e+01 +3.1321e-01 +1.5836e-01 +8.1622e-01 +5.1055e-01 -4.6367e-02
431 0 +3.620617807e+00 +6.923061781e+01 +6.923061781e+01 +1.9958e-01 +1.0497e-01 +7.9554e-01 +4.6417e-01 -8.2396e-02
445 0 +3.573706096e+00 +6.918370610e+01 +6.918370610e+01 +2.2233e-01 +1.1727e-01 +8.5815e-01 +4.8624e-01 -4.6139e-02
469 0 +3.558122742e+00 +6.916812274e+01 +6.916812274e+01 +2.5899e-01 +1.0971e-01 +8.4029e-01 +4.8734e-01 -4.4436e-02
474 0 +3.523423393e+00 +6.913342339e+01 +6.913342339e+01 +1.5557e-01 +6.2600e-02 +8.2381e-01 +4.9461e-01 -7.5948e-02
477 0 +3.510842226e+00 +6.912084223e+01 +6.912084223e+01 +2.1932e-02 +1.2001e-02 +8.1544e-01 +4.2576e-01 -6.5385e-02
497 0 +3.436338274e+00 +6.904633827e+01 +6.904633827e+01 +1.1817e-01 +3.8924e-02 +7.8215e-01 +4.3713e-01 -3.7664e-02
510 0 +3.285606698e+00 +6.889560670e+01 +6.889560670e+01 +4.7311e-02 -5.9940e-02 +8.3767e-01 +3.6598e-01 -6.9026e-02
515 0 +3.127723995e+00 +6.873772399e+01 +6.873772399e+01 +7.8196e-02 -2.4649e-02 +8.1616e-01 +3.7926e-01 -5.9693e-02
521 0 +3.044147869e+00 +6.865414787e+01 +6.865414787e+01 +2.7081e-02 +3.0660e-03 +7.9501e-01 +3.6459e-01 -5.5710e-02
577 0 +2.813503629e+00 +6.842350363e+01 +6.842350363e+01 -3.7566e-02 -6.2600e-02 +8.2687e-01 +2.7347e-01 -1.1925e-01
678 0 +2.594761603e+00 +6.820476160e+01 +6.820476160e+01 -6.7072e-02 -4.1619e-02 +7.9904e-01 +2.3826e-01 -1.1574e-01
705 0 +2.426112127e+00 +6.803611213e+01 +6.803611213e+01 -1.1902e-01 -8.3828e-02 +7.3998e-01 +1.6613e-01 -9.6205e-02
744 0 +2.399864479e+00 +6.800986448e+01 +6.800986448e+01 -1.8506e-01 -1.7169e-01 +6.8740e-01 -4.2073e-04 -1.4970e-01
750 0 +2.178624428e+00 +6.778862443e+01 +6.778862443e+01 -1.2377e-01 -8.0866e-02 +7.4057e-01 +1.3266e-01 -1.2184e-01
780 0 +2.069552503e+00 +6.767955250e+01 +6.767955250e+01 -1.4156e-01 -7.7471e-02 +7.0577e-01 +7.7773e-02 -1.3148e-01
821 0 +1.998976951e+00 +6.760897695e+01 +6.760897695e+01 -2.0683e-01 -1.3317e-01 +6.4851e-01 -1.2417e-01 -1.3367e-01
866 0 +1.764403611e+00 +6.737440361e+01 +6.737440361e+01 -2.5594e-01 -1.2577e-01 +6.5679e-01 -1.0029e-01 -1.7576e-01
882 0 +1.690849734e+00 +6.730084973e+01 +6.730084973e+01 -2.0455e-01 -1.2517e-01 +6.3151e-01 -5.3923e-02 -1.5217e-01
894 0 +1.642791446e+00 +6.725279145e+01 +6.725279145e+01 -2.0908e-01 -1.2184e-01 +6.2966e-01 -9.1481e-02 -1.6400e-01
937 0 +1.551092807e+00 +6.716109281e+01 +6.716109281e+01 -2.4927e-01 -1.1073e-01 +5.8759e-01 -1.3695e-01 -1.4490e-01
946 0 +1.347033277e+00 +6.695703328e+01 +6.695703328e+01 -2.8867e-01 -1.1948e-01 +5.4962e-01 -2.0685e-01 -1.6928e-01
1033 0 +1.261025304e+00 +6.687102530e+01 +6.687102530e+01 -2.7622e-01 -1.1308e-01 +5.2064e-01 -2.0341e-01 -1.6281e-01
1036 0 +1.180324414e+00 +6.679032441e+01 +6.679032441e+01 -2.8333e-01 -8.9948e-02 +4.7807e-01 -2.1978e-01 -1.6787e-01
1067 0 +1.066168205e+00 +6.667616820e+01 +6.667616820e+01 -2.9208e-01 -9.0093e-02 +4.7008e-01 -2.3471e-01 -1.8170e-01
1079 0 +9.982777718e-01 +6.660827777e+01 +6.660827777e+01 -3.2579e-01 -8.7095e-02 +3.6935e-01 -3.5737e-01 -1.9275e-01
1085 0 +9.719088966e-01 +6.658190890e+01 +6.658190890e+01 -3.2930e-01 -7.0775e-02 +3.8454e-01 -2.9595e-01 -2.1004e-01
1109 0 +9.427689344e-01 +6.655276893e+01 +6.655276893e+01 -3.2995e-01 -1.0195e-01 +4.0663e-01 -3.0547e-01 -1.9113e-01
1136 0 +8.507884848e-01 +6.646078848e+01 +6.646078848e+01 -3.2593e-01 -8.0212e-02 +3.5250e-01 -3.4464e-01 -1.9654e-01
1149 0 +8.172881628e-01 +6.642728816e+01 +6.642728816e+01 -3.6140e-01 -8.5459e-02 +2.4248e-01 -3.5579e-01 -1.8858e-01
1155 0 +8.101343624e-01 +6.642013436e+01 +6.642013436e+01 -3.7338e-01 -5.5630e-02 +2.2168e-01 -4.3043e-01 -2.2054e-01
1196 0 +7.425705657e-01 +6.635257057e+01 +6.635257057e+01 -3.5214e-01 -6.9236e-02 +2.6339e-01 -4.0164e-01 -2.0254e-01
% f evaluations | g evaluations | best noise-free fitness - Fopt (9.348200000000e+02) + sum g_i+ | measured fitness | best measured fitness or single-digit g-values | x1 | x2...
1 0 +6.243185515e+02 +1.559138552e+03 +1.559138552e+03 +5.9671e-01 -3.8264e-02 +7.4769e-01 +1.6230e+00 -1.3415e-01
5 0 +5.739312974e+02 +1.508751297e+03 +1.508751297e+03 +1.5656e+00 -1.2578e-01 +1.6753e-01 -1.3247e+00 -4.4438e-01
6 0 +3.934908708e+02 +1.328310871e+03 +1.328310871e+03 +2.1092e-01 -1.0510e+00 +4.7570e-01 -5.0064e-01 -1.9169e-01
9 0 +6.511098577e+01 +9.999309858e+02 +9.999309858e+02 +8.3847e-01 +2.7137e-01 -1.5648e-02 -2.0110e-01 -1.3785e+00
31 0 +6.249498828e+01 +9.973149883e+02 +9.973149883e+02 +8.7921e-01 +3.5440e-01 -2.5503e-02 +3.0908e-01 -1.1166e-01
46 0 +3.832321708e+01 +9.731432171e+02 +9.731432171e+02 +6.8254e-01 -2.3552e-01 +4.6385e-01 -3.4459e-01 -1.1880e+00
74 0 +3.364797735e+01 +9.684679773e+02 +9.684679773e+02 +5.1251e-01 +4.2566e-01 +7.4578e-01 +2.1356e-01 -6.7059e-01
83 0 +2.156371419e+01 +9.563837142e+02 +9.563837142e+02 +3.9638e-01 -1.9748e-01 -4.7309e-02 -2.0014e-01 -9.1033e-01
117 0 +1.204087989e+01 +9.468608799e+02 +9.468608799e+02 +3.8790e-01 +3.2145e-01 +4.8704e-01 +6.4374e-02 -8.2304e-01
143 0 +1.060437149e+01 +9.454243715e+02 +9.454243715e+02 +3.0258e-01 -2.3485e-01 -9.3733e-03 -4.4937e-01 -7.0492e-01
155 0 +7.170161330e+00 +9.419901613e+02 +9.419901613e+02 +3.3166e-01 -1.5036e-01 +3.0222e-01 -2.7272e-01 -6.7848e-01
177 0 +6.860099181e+00 +9.416800992e+02 +9.416800992e+02 +5.9873e-01 +6.2116e-02 +3.7433e-01 -3.5507e-01 -8.9344e-01
180 0 +6.389259767e+00 +9.412092598e+02 +9.412092598e+02 +5.3216e-01 +1.9639e-01 +4.9162e-01 -3.0512e-02 -8.5531e-01
182 0 +6.133786434e+00 +9.409537864e+02 +9.409537864e+02 +4.1395e-01 -4.7242e-03 +2.3926e-01 -3.9656e-01 -8.4470e-01
204 0 +5.865836660e+00 +9.406858367e+02 +9.406858367e+02 +4.9390e-01 +2.5411e-01 +3.0584e-01 -1.7396e-01 -8.7926e-01
208 0 +5.023626458e+00 +9.398436265e+02 +9.398436265e+02 +4.5950e-01 +1.4812e-01 +3.2147e-01 -1.6762e-01 -8.0192e-01
276 0 +4.811205314e+00 +9.396312053e+02 +9.396312053e+02 +5.8651e-01 +1.3666e-01 +4.6572e-01 -1.6969e-01 -8.6752e-01
278 0 +4.525074659e+00 +9.393450747e+02 +9.393450747e+02 +5.6209e-01 +1.5026e-01 +3.8631e-01 -2.6847e-01 -8.3198e-01
308 0 +4.371425483e+00 +9.391914255e+02 +9.391914255e+02 +5.8301e-01 +2.1845e-01 +4.3652e-01 -1.4068e-01 -8.6359e-01
326 0 +4.172725222e+00 +9.389927252e+02 +9.389927252e+02 +4.9441e-01 +1.5327e-02 +2.5449e-01 -3.3852e-01 -7.8139e-01
336 0 +4.070368866e+00 +9.388903689e+02 +9.388903689e+02 +5.7112e-01 +1.1966e-01 +3.9402e-01 -1.8167e-01 -8.3519e-01
370 0 +3.827433265e+00 +9.386474333e+02 +9.386474333e+02 +4.9589e-01 -1.5034e-02 +2.5654e-01 -2.8292e-01 -7.6252e-01
444 0 +3.785449203e+00 +9.386054492e+02 +9.386054492e+02 +4.5438e-01 -3.0143e-02 +2.6650e-01 -3.2719e-01 -7.8404e-01
448 0 +3.747609948e+00 +9.385676099e+02 +9.385676099e+02 +5.1485e-01 -5.3968e-04 +3.3364e-01 -3.1764e-01 -7.9351e-01
453 0 +3.705819624e+00 +9.385258196e+02 +9.385258196e+02 +4.4327e-01 -1.4167e-02 +3.2260e-01 -2.8478e-01 -7.3748e-01
459 0 +3.557772488e+00 +9.383777725e+02 +9.383777725e+02 +4.6877e-01 +7.1543e-03 +3.2281e-01 -2.9221e-01 -7.6025e-01
462 0 +3.441954805e+00 +9.382619548e+02 +9.382619548e+02 +4.4664e-01 -4.1408e-02 +2.7724e-01 -3.4048e-01 -7.3244e-01
486 0 +3.412262021e+00 +9.382322620e+02 +9.382322620e+02 +4.6772e-01 -8.7228e-02 +2.5888e-01 -3.2430e-01 -7.2507e-01
487 0 +3.221531777e+00 +9.380415318e+02 +9.380415318e+02 +4.6775e-01 -7.0987e-02 +2.5292e-01 -3.6507e-01 -7.0186e-01
576 0 +2.999812923e+00 +9.378198129e+02 +9.378198129e+02 +4.6772e-01 -1.7467e-01 +1.6722e-01 -3.8982e-01 -5.9329e-01
659 0 +2.800652964e+00 +9.376206530e+02 +9.376206530e+02 +4.7756e-01 -1.9391e-01 +1.4557e-01 -4.6252e-01 -4.9593e-01
668 0 +2.763310119e+00 +9.375833101e+02 +9.375833101e+02 +4.5561e-01 -2.0041e-01 +9.6195e-02 -4.9208e-01 -4.7988e-01
679 0 +2.375967772e+00 +9.371959678e+02 +9.371959678e+02 +4.8303e-01 -2.3033e-01 +2.9248e-02 -4.7596e-01 -3.7917e-01
732 0 +2.080972114e+00 +9.369009721e+02 +9.369009721e+02 +4.7804e-01 -2.9263e-01 +1.4332e-03 -4.7109e-01 -2.0007e-01
782 0 +1.906450539e+00 +9.367264505e+02 +9.367264505e+02 +4.5874e-01 -2.5008e-01 +5.6886e-03 -4.6142e-01 -2.1561e-01
883 0 +1.817552120e+00 +9.366375521e+02 +9.366375521e+02 +4.6208e-01 -3.0755e-01 -3.9126e-02 -4.4468e-01 -1.6759e-01
901 0 +1.706016676e+00 +9.365260167e+02 +9.365260167e+02 +4.4125e-01 -3.0716e-01 -6.5609e-02 -4.4198e-01 -9.9061e-02
912 0 +1.610250170e+00 +9.364302502e+02 +9.364302502e+02 +4.8591e-01 -3.0264e-01 -4.2482e-02 -4.3443e-01 -9.3629e-02
914 0 +1.604573103e+00 +9.364245731e+02 +9.364245731e+02 +4.8047e-01 -3.0219e-01 -5.2824e-02 -4.3194e-01 -5.8459e-02
977 0 +1.451695330e+00 +9.362716953e+02 +9.362716953e+02 +4.5263e-01 -3.4518e-01 -1.0923e-01 -4.0434e-01 +4.0987e-02
1005 0 +1.405117677e+00 +9.362251177e+02 +9.362251177e+02 +4.4110e-01 -3.3118e-01 -1.2313e-01 -3.5249e-01 +1.2510e-01
1021 0 +1.367806937e+00 +9.361878069e+02 +9.361878069e+02 +4.2477e-01 -3.0576e-01 -7.3211e-02 -3.6997e-01 +1.1229e-02
1050 0 +1.251324119e+00 +9.360713241e+02 +9.360713241e+02 +4.2767e-01 -3.2166e-01 -8.8737e-02 -3.3059e-01 +5.0286e-02
1053 0 +1.137197589e+00 +9.359571976e+02 +9.359571976e+02 +3.4509e-01 -4.1056e-01 -2.0519e-01 -2.0343e-01 +2.7495e-01
1059 0 +1.133475603e+00 +9.359534756e+02 +9.359534756e+02 +3.9466e-01 -3.3982e-01 -1.4815e-01 -3.0787e-01 +1.8926e-01
1061 0 +9.380500389e-01 +9.357580500e+02 +9.357580500e+02 +3.9380e-01 -3.4816e-01 -1.4661e-01 -2.7340e-01 +1.5924e-01
1092 0 +7.893649670e-01 +9.356093650e+02 +9.356093650e+02 +3.0145e-01 -3.5641e-01 -1.9360e-01 -2.2170e-01 +2.4399e-01
1145 0 +7.858384537e-01 +9.356058385e+02 +9.356058385e+02 +3.2305e-01 -3.6960e-01 -2.0137e-01 -2.0730e-01 +2.6152e-01
1198 0 +7.362037704e-01 +9.355562038e+02 +9.355562038e+02 +3.1810e-01 -3.7668e-01 -2.0980e-01 -1.8720e-01 +3.0386e-01
1235 0 +6.412684901e-01 +9.354612685e+02 +9.354612685e+02 +3.1558e-01 -3.8045e-01 -2.0486e-01 -2.0517e-01 +3.0503e-01
% f evaluations | g evaluations | best noise-free fitness - Fopt (-6.371000000000e+01) + sum g_i+ | measured fitness | best measured fitness or single-digit g-values | x1 | x2...
1 0 +4.385864490e+02 +3.748764490e+02 +3.748764490e+02 +5.9671e-01 -3.8264e-02 +7.4769e-01 +1.6230e+00 -1.3415e-01
9 0 +2.006128290e+02 +1.369028290e+02 +1.369028290e+02 +8.3847e-01 +2.7137e-01 -1.5648e-02 -2.0110e-01 -1.3785e+00
20 0 +1.486946911e+02 +8.498469109e+01 +8.498469109e+01 -1.3635e+00 +3.9612e-01 +3.6106e-01 +1.0511e-01 -1.3459e-01
26 0 +6.733341344e+00 -5.697665866e+01 -5.697665866e+01 -4.6984e-01 -3.2130e-02 +2.7918e-01 +4.6945e-01 +3.3757e-01
163 0 +3.700926259e+00 -6.000907374e+01 -6.000907374e+01 -2.3819e-01 +7.5977e-02 +3.7449e-01 +6.1649e-01 +2.6859e-01
294 0 +3.657297920e+00 -6.005270208e+01 -6.005270208e+01 -3.6609e-01 +2.5748e-01 +5.1981e-01 +5.8353e-01 +2.5317e-01
295 0 +3.654845168e+00 -6.005515483e+01 -6.005515483e+01 -2.7836e-01 +9.8893e-03 +4.1257e-01 +6.1403e-01 +3.3135e-01
325 0 +2.782663391e+00 -6.092733661e+01 -6.092733661e+01 -3.0946e-01 +4.6581e-02 +3.4849e-01 +6.1703e-01 +4.1264e-01
427 0 +2.667215418e+00 -6.104278458e+01 -6.104278458e+01 -2.7559e-01 -4.6270e-03 +2.9441e-01 +5.8657e-01 +3.5985e-01
455 0 +2.418393776e+00 -6.129160622e+01 -6.129160622e+01 -2.8345e-01 -3.1755e-02 +2.8162e-01 +5.4974e-01 +3.8930e-01
476 0 +2.206073241e+00 -6.150392676e+01 -6.150392676e+01 -2.9724e-01 -6.3282e-02 +1.8316e-01 +4.9413e-01 +4.1626e-01
513 0 +1.916354761e+00 -6.179364524e+01 -6.179364524e+01 -3.1063e-01 -9.5852e-02 +1.5571e-01 +4.6367e-01 +4.7103e-01
521 0 +1.797526126e+00 -6.191247387e+01 -6.191247387e+01 -2.7815e-01 -1.0818e-01 +1.4554e-01 +4.5427e-01 +4.7825e-01
560 0 +1.511202710e+00 -6.219879729e+01 -6.219879729e+01 -2.5272e-01 -2.2158e-01 -2.2800e-02 +3.0641e-01 +5.2211e-01
581 0 +1.177673299e+00 -6.253232670e+01 -6.253232670e+01 -2.8218e-01 -2.1980e-01 -7.9085e-02 +2.3597e-01 +5.0193e-01
801 0 +1.143232325e+00 -6.256676768e+01 -6.256676768e+01 -2.9100e-01 -2.4910e-01 -9.4526e-02 +2.3173e-01 +5.1305e-01
827 0 +1.055075759e+00 -6.265492424e+01 -6.265492424e+01 -2.8436e-01 -2.6680e-01 -1.1337e-01 +1.9803e-01 +4.8733e-01
830 0 +1.052705490e+00 -6.265729451e+01 -6.265729451e+01 -2.8878e-01 -2.8186e-01 -1.6606e-01 +1.4430e-01 +4.8814e-01
867 0 +9.348763353e-01 -6.277512366e+01 -6.277512366e+01 -2.4896e-01 -2.6103e-01 -1.6034e-01 +1.3520e-01 +4.5099e-01
905 0 +5.951874760e-01 -6.311481252e+01 -6.311481252e+01 -2.0730e-01 -3.3199e-01 -3.0440e-01 -1.3781e-02 +3.7879e-01
979 0 +5.869386152e-01 -6.312306138e+01 -6.312306138e+01 -2.1794e-01 -3.3040e-01 -2.8445e-01 +3.1843e-02 +4.1485e-01
1010 0 +5.145318774e-01 -6.319546812e+01 -6.319546812e+01 -1.8691e-01 -3.5773e-01 -3.4746e-01 -3.3999e-02 +3.7733e-01
1092 0 +3.931403386e-01 -6.331685966e+01 -6.331685966e+01 -1.5365e-01 -3.5425e-01 -3.6572e-01 -5.5408e-02 +3.4567e-01
1113 0 +2.698549244e-01 -6.344014508e+01 -6.344014508e+01 -6.8303e-02 -3.8790e-01 -4.7795e-01 -1.8200e-01 +2.4615e-01
1246 0 +2.284715895e-01 -6.348152841e+01 -6.348152841e+01 -2.1648e-02 -3.9610e-01 -5.0361e-01 -2.0891e-01 +2.2654e-01
% f evaluations | g evaluations | best noise-free fitness - Fopt (1.000000000000e+03) + sum g_i+ | measured fitness | best measured fitness or single-digit g-values | x1 | x2...
1 0 +1.461700249e+02 +1.146170025e+03 +1.146170025e+03 +5.9671e-01 -3.8264e-02 +7.4769e-01 +1.6230e+00 -1.3415e-01
6 0 +1.205170181e+02 +1.120517018e+03 +1.120517018e+03 +2.1092e-01 -1.0510e+00 +4.7570e-01 -5.0064e-01 -1.9169e-01
19 0 +1.105442516e+02 +1.110544252e+03 +1.110544252e+03 +1.9708e-01 +1.0686e+00 -6.0205e-01 -2.2766e-01 -2.9211e-01
32 0 +1.062566737e+02 +1.106256674e+03 +1.106256674e+03 +7.2431e-01 -3.8230e-01 +1.3643e+00 +5.1451e-02 +5.4231e-01
35 0 +4.487546717e+01 +1.044875467e+03 +1.044875467e+03 +8.6210e-01 -5.8643e-02 +9.1542e-01 +5.1394e-01 +4.3849e-01
68 0 +4.092968309e+01 +1.040929683e+03 +1.040929683e+03 +7.8266e-01 -1.4532e-01 +5.3159e-01 +2.7021e-01 +1.5688e-01
80 0 +3.502294767e+01 +1.035022948e+03 +1.035022948e+03 +3.5881e-03 +5.8687e-01 -4.0557e-01 -3.8020e-01 +5.6317e-02
87 0 +3.153717297e+01 +1.031537173e+03 +1.031537173e+03 -8.0870e-02 -1.7614e-01 -1.5870e-01 -7.9841e-02 +1.1925e-02
111 0 +2.825812911e+01 +1.028258129e+03 +1.028258129e+03 -1.0130e-01 -2.0300e-01 -9.2063e-02 +1.0204e-01 +2.6245e-01
114 0 +2.007302249e+01 +1.020073022e+03 +1.020073022e+03 +5.5241e-01 -8.0299e-01 +6.0030e-01 +5.7374e-01 +1.3803e-01
122 0 +1.572816349e+01 +1.015728163e+03 +1.015728163e+03 +3.8292e-01 -4.8582e-01 +5.8951e-01 +3.6552e-01 +5.8758e-01
138 0 +1.193602363e+01 +1.011936024e+03 +1.011936024e+03 -4.7330e-02 -6.8112e-01 +5.3708e-01 +5.6802e-01 +5.2394e-03
142 0 +9.009377836e+00 +1.009009378e+03 +1.009009378e+03 -4.2357e-02 -7.2166e-01 +3.7967e-01 +2.6904e-01 +1.7263e-01
251 0 +8.663705067e+00 +1.008663705e+03 +1.008663705e+03 +1.7382e-01 -8.3393e-01 +7.9651e-01 +3.1189e-01 +2.1678e-01
253 0 +8.325961120e+00 +1.008325961e+03 +1.008325961e+03 +3.3950e-02 -6.3058e-01 +7.2794e-01 +4.4946e-01 +7.0715e-02
254 0 +6.447225037e+00 +1.006447225e+03 +1.006447225e+03 -4.3914e-02 -6.6708e-01 +6.1975e-01 +3.1766e-01 +3.5802e-01
262 0 +4.346754894e+00 +1.004346755e+03 +1.004346755e+03 -7.3001e-02 -7.5456e-01 +5.9641e-01 +3.2904e-01 +2.5349e-01
362 0 +3.829586970e+00 +1.003829587e+03 +1.003829587e+03 -3.5164e-01 -5.4704e-01 +5.9723e-01 +2.3585e-01 +1.3518e-01
427 0 +3.637043658e+00 +1.003637044e+03 +1.003637044e+03 -2.0707e-01 -6.4362e-01 +5.4339e-01 +2.9429e-01 +1.7810e-01
454 0 +3.575708161e+00 +1.003575708e+03 +1.003575708e+03 -2.2178e-01 -5.7861e-01 +6.3882e-01 +2.8872e-01 +1.5227e-01
455 0 +2.932016629e+00 +1.002932017e+03 +1.002932017e+03 -2.8096e-01 -5.1697e-01 +5.3598e-01 +2.8211e-01 +1.9017e-01
490 0 +2.736985737e+00 +1.002736986e+03 +1.002736986e+03 -3.3099e-01 -4.4983e-01 +5.1626e-01 +2.5498e-01 +2.0187e-01
580 0 +2.668315654e+00 +1.002668316e+03 +1.002668316e+03 -3.8418e-01 -3.9159e-01 +4.6902e-01 +2.6060e-01 +2.1952e-01
590 0 +2.527037361e+00 +1.002527037e+03 +1.002527037e+03 -3.9833e-01 -3.9698e-01 +4.8931e-01 +2.2248e-01 +1.8405e-01
597 0 +2.515152826e+00 +1.002515153e+03 +1.002515153e+03 -4.3236e-01 -3.5421e-01 +4.9717e-01 +2.1525e-01 +1.6584e-01
601 0 +2.432638165e+00 +1.002432638e+03 +1.002432638e+03 -5.1578e-01 -2.7627e-01 +4.4950e-01 +1.8882e-01 +2.4914e-01
607 0 +2.362940863e+00 +1.002362941e+03 +1.002362941e+03 -4.1404e-01 -3.2233e-01 +4.5548e-01 +2.0918e-01 +1.9120e-01
631 0 +2.212186525e+00 +1.002212187e+03 +1.002212187e+03 -4.5800e-01 -2.6987e-01 +4.1869e-01 +2.3161e-01 +1.9057e-01
647 0 +2.156789561e+00 +1.002156790e+03 +1.002156790e+03 -4.5318e-01 -2.6601e-01 +4.3830e-01 +2.1179e-01 +1.9364e-01
678 0 +2.098222351e+00 +1.002098222e+03 +1.002098222e+03 -5.3264e-01 -2.0287e-01 +3.9660e-01 +2.0291e-01 +2.0295e-01
691 0 +1.709372898e+00 +1.001709373e+03 +1.001709373e+03 -5.5018e-01 -1.5020e-01 +3.4793e-01 +1.9526e-01 +2.5120e-01
772 0 +1.617979253e+00 +1.001617979e+03 +1.001617979e+03 -5.5760e-01 -1.0908e-01 +2.8155e-01 +1.7151e-01 +2.9386e-01
776 0 +1.464009907e+00 +1.001464010e+03 +1.001464010e+03 -5.6569e-01 -6.1943e-02 +2.8075e-01 +1.6522e-01 +2.6922e-01
790 0 +1.388718204e+00 +1.001388718e+03 +1.001388718e+03 -5.6971e-01 -2.5064e-02 +2.1602e-01 +1.3164e-01 +2.5984e-01
846 0 +1.183012239e+00 +1.001183012e+03 +1.001183012e+03 -5.7509e-01 +4.4026e-02 +1.4827e-01 +8.7093e-02 +2.7647e-01
853 0 +1.115906831e+00 +1.001115907e+03 +1.001115907e+03 -5.5470e-01 +1.1702e-02 +1.6116e-01 +1.0005e-01 +2.9469e-01
877 0 +8.880424633e-01 +1.000888042e+03 +1.000888042e+03 -5.3755e-01 +1.6893e-01 +1.5729e-02 +2.2873e-04 +2.8326e-01
925 0 +8.760897824e-01 +1.000876090e+03 +1.000876090e+03 -5.2266e-01 +1.8713e-01 -5.9140e-02 +7.3026e-04 +2.6781e-01
952 0 +8.412139458e-01 +1.000841214e+03 +1.000841214e+03 -5.1627e-01 +1.4907e-01 +1.3852e-02 +1.2143e-02 +2.9600e-01
1000 0 +5.876070624e-01 +1.000587607e+03 +1.000587607e+03 -5.0939e-01 +2.0437e-01 -4.8174e-02 -1.1897e-02 +2.6364e-01
1083 0 +5.835852434e-01 +1.000583585e+03 +1.000583585e+03 -4.9098e-01 +2.2722e-01 -9.8608e-02 -3.6813e-02 +2.7474e-01
1086 0 +5.320369254e-01 +1.000532037e+03 +1.000532037e+03 -5.0193e-01 +2.5240e-01 -1.1416e-01 -4.6730e-02 +2.7819e-01
1123 0 +5.210127704e-01 +1.000521013e+03 +1.000521013e+03 -4.8611e-01 +2.3681e-01 -1.0588e-01 -4.5061e-02 +2.6302e-01
1159 0 +4.876429205e-01 +1.000487643e+03 +1.000487643e+03 -4.8890e-01 +2.4794e-01 -1.0347e-01 -5.2647e-02 +2.6072e-01
1165 0 +4.763834878e-01 +1.000476383e+03 +1.000476383e+03 -4.7353e-01 +2.7609e-01 -1.6063e-01 -7.8436e-02 +2.4598e-01
1179 0 +3.999104328e-01 +1.000399910e+03 +1.000399910e+03 -4.6500e-01 +2.8545e-01 -1.6048e-01 -8.6545e-02 +2.3571e-01
1224 0 +3.363995204e-01 +1.000336400e+03 +1.000336400e+03 -4.3564e-01 +3.6202e-01 -2.3121e-01 -1.4490e-01 +1.9904e-01
1234 0 +2.791319927e-01 +1.000279132e+03 +1.000279132e+03 -4.2916e-01 +3.8376e-01 -2.5979e-01 -1.4585e-01 +1.9044e-01
% f evaluations | g evaluations | best noise-free fitness - Fopt (3.197000000000e+01) + sum g_i+ | measured fitness | best measured fitness or single-digit g-values | x1 | x2...
1 0 +1.417057057e+03 +1.449027057e+03 +1.449027057e+03 +5.9671e-01 -3.8264e-02 +7.4769e-01 +1.6230e+00 -1.3415e-01
3 0 +1.129863685e+03 +1.161833685e+03 +1.161833685e+03 -3.6342e-01 -3.6573e-01 +3.4196e-01 -1.8133e+00 -1.6249e+00
4 0 +1.503791013e+02 +1.823491013e+02 +1.823491013e+02 -4.6229e-01 -9.1283e-01 +4.1425e-01 -8.0802e-01 -1.3123e+00
6 0 +2.657439508e+01 +5.854439508e+01 +5.854439508e+01 +2.1092e-01 -1.0510e+00 +4.7570e-01 -5.0064e-01 -1.9169e-01
109 0 +7.832132576e+00 +3.980213258e+01 +3.980213258e+01 -2.4169e-01 -7.9435e-01 +4.8641e-01 -1.6173e-01 -5.5484e-03
187 0 +3.042452075e+00 +3.501245208e+01 +3.501245208e+01 -3.0452e-01 -6.4469e-01 +3.9282e-01 -1.8421e-01 -1.4214e-01
356 0 +2.227068658e+00 +3.419706866e+01 +3.419706866e+01 -5.1315e-01 -2.5368e-01 +2.9497e-01 +3.1592e-02 +1.3551e-02
518 0 +1.922350240e+00 +3.389235024e+01 +3.389235024e+01 -4.4261e-01 -4.1769e-01 +3.2811e-01 +2.7354e-02 -1.4725e-02
523 0 +1.635338423e+00 +3.360533842e+01 +3.360533842e+01 -4.6695e-01 -4.2106e-01 +3.5039e-01 +4.1008e-02 +2.7172e-02
564 0 +1.122967700e+00 +3.309296770e+01 +3.309296770e+01 -5.2971e-01 -2.5479e-01 +2.7270e-01 +9.2407e-02 +6.7094e-02
717 0 +1.060598594e+00 +3.303059859e+01 +3.303059859e+01 -5.6767e-01 -1.5820e-01 +2.3374e-01 +1.6430e-01 +1.2104e-01
780 0 +9.826008552e-01 +3.295260086e+01 +3.295260086e+01 -5.7840e-01 -5.7704e-02 +1.8590e-01 +1.8320e-01 +1.4795e-01
799 0 +8.497404289e-01 +3.281974043e+01 +3.281974043e+01 -5.8852e-01 -8.3084e-02 +1.8817e-01 +1.7865e-01 +1.2149e-01
831 0 +7.414727491e-01 +3.271147275e+01 +3.271147275e+01 -5.7000e-01 +6.0965e-02 +1.0424e-01 +2.1524e-01 +1.2174e-01
851 0 +7.182136981e-01 +3.268821370e+01 +3.268821370e+01 -5.3900e-01 +5.0134e-02 +1.0333e-01 +2.1456e-01 +1.3635e-01
853 0 +5.429502274e-01 +3.251295023e+01 +3.251295023e+01 -5.6076e-01 +9.5001e-02 +1.0964e-01 +2.3887e-01 +1.6472e-01
908 0 +5.009469757e-01 +3.247094698e+01 +3.247094698e+01 -5.4650e-01 +1.9319e-01 +6.0440e-02 +2.3952e-01 +1.7722e-01
1000 0 +4.007486015e-01 +3.237074860e+01 +3.237074860e+01 -4.7445e-01 +2.8901e-01 +3.4283e-02 +2.4994e-01 +2.1619e-01
1036 0 +3.532230204e-01 +3.232322302e+01 +3.232322302e+01 -5.2506e-01 +1.9536e-01 +6.4774e-02 +2.5326e-01 +1.8338e-01
1061 0 +3.379913767e-01 +3.230799138e+01 +3.230799138e+01 -5.0971e-01 +2.9516e-01 +1.8751e-02 +2.7440e-01 +2.1530e-01
1101 0 +3.247636754e-01 +3.229476368e+01 +3.229476368e+01 -5.0798e-01 +2.7207e-01 +2.8464e-02 +2.6031e-01 +2.0490e-01
1107 0 +2.390978289e-01 +3.220909783e+01 +3.220909783e+01 -4.8524e-01 +3.0203e-01 +1.7285e-02 +2.7341e-01 +2.1716e-01
1202 0 +2.346927495e-01 +3.220469275e+01 +3.220469275e+01 -4.6817e-01 +3.1968e-01 +7.0534e-03 +2.7988e-01 +2.3231e-01
1246 0 +2.096806919e-01 +3.217968069e+01 +3.217968069e+01 -4.6496e-01 +3.3672e-01 +2.9336e-03 +2.7659e-01 +2.2791e-01
% f evaluations | g evaluations | best noise-free fitness - Fopt (5.819000000000e+01) + sum g_i+ | measured fitness | best measured fitness or single-digit g-values | x1 | x2...
1 0 +4.001356762e+02 +4.583256762e+02 +4.583256762e+02 +5.9671e-01 -3.8264e-02 +7.4769e-01 +1.6230e+00 -1.3415e-01
5 0 +2.388933811e+02 +2.970833811e+02 +2.970833811e+02 +1.5656e+00 -1.2578e-01 +1.6753e-01 -1.3247e+00 -4.4438e-01
9 0 +2.005323123e+02 +2.587223123e+02 +2.587223123e+02 +8.3847e-01 +2.7137e-01 -1.5648e-02 -2.0110e-01 -1.3785e+00
17 0 +6.498122217e+01 +1.231712222e+02 +1.231712222e+02 -1.1967e-01 +4.5711e-01 +1.5779e+00 -4.1827e-01 -7.0849e-01
86 0 +4.356148642e+01 +1.017514864e+02 +1.017514864e+02 +8.4789e-01 +4.5682e-02 -2.3114e-01 -5.4906e-01 -5.5090e-01
91 0 +2.959881278e+01 +8.778881278e+01 +8.778881278e+01 +8.3633e-01 -8.9958e-02 +9.4297e-01 +6.5948e-02 -1.8261e-01
101 0 +8.579460442e+00 +6.676946044e+01 +6.676946044e+01 +6.9530e-01 -7.7558e-02 +1.4312e-01 -2.7352e-02 -4.0570e-01
220 0 +6.323120273e+00 +6.451312027e+01 +6.451312027e+01 +7.2637e-01 +1.2292e-01 +7.1392e-01 -3.9949e-01 -2.0119e-01
226 0 +6.194085324e+00 +6.438408532e+01 +6.438408532e+01 +7.4608e-01 +1.8723e-01 +7.0880e-01 -2.5273e-01 -2.0540e-01
230 0 +6.103176526e+00 +6.429317653e+01 +6.429317653e+01 +5.1444e-01 +1.2451e-01 +9.2576e-01 -4.3642e-01 -2.0666e-01
254 0 +5.726390338e+00 +6.391639034e+01 +6.391639034e+01 +5.7684e-01 +5.7513e-02 +7.8727e-01 -3.8180e-01 -2.4533e-01
262 0 +4.738580281e+00 +6.292858028e+01 +6.292858028e+01 +7.8262e-01 +2.3429e-02 +6.9220e-01 -2.4721e-01 -2.3748e-01
294 0 +4.495415042e+00 +6.268541504e+01 +6.268541504e+01 +6.1133e-01 -6.4168e-02 +4.5213e-01 -1.9831e-01 -4.2976e-01
317 0 +4.020174552e+00 +6.221017455e+01 +6.221017455e+01 +6.9389e-01 -2.2168e-02 +6.2050e-01 -2.4233e-01 -2.9401e-01
331 0 +3.672241431e+00 +6.186224143e+01 +6.186224143e+01 +7.2169e-01 +4.7977e-02 +5.7487e-01 -1.7808e-01 -3.0062e-01
407 0 +3.221226117e+00 +6.141122612e+01 +6.141122612e+01 +7.2410e-01 +2.4111e-03 +4.6326e-01 -1.4619e-01 -3.7431e-01
493 0 +3.054275720e+00 +6.124427572e+01 +6.124427572e+01 +7.0537e-01 -9.2289e-03 +3.8707e-01 -1.1451e-01 -4.1055e-01
551 0 +3.031653468e+00 +6.122165347e+01 +6.122165347e+01 +6.5162e-01 -5.7798e-02 +3.0482e-01 -7.7213e-02 -4.4891e-01
564 0 +3.021055934e+00 +6.121105593e+01 +6.121105593e+01 +6.8838e-01 -1.9933e-02 +4.1097e-01 -1.2378e-01 -3.9992e-01
578 0 +2.919502655e+00 +6.110950266e+01 +6.110950266e+01 +6.4346e-01 -3.8944e-02 +2.3484e-01 -6.2769e-02 -4.8422e-01
582 0 +2.738726516e+00 +6.092872652e+01 +6.092872652e+01 +6.4059e-01 -2.3305e-02 +2.8587e-01 -1.0306e-01 -4.4114e-01
638 0 +2.629638037e+00 +6.081963804e+01 +6.081963804e+01 +5.1481e-01 -7.6461e-02 +1.1228e-01 -1.6733e-01 -4.9944e-01
668 0 +2.588567616e+00 +6.077856762e+01 +6.077856762e+01 +5.5290e-01 -4.9993e-02 +4.8718e-02 -8.5134e-02 -5.0499e-01
681 0 +2.469196058e+00 +6.065919606e+01 +6.065919606e+01 +5.6500e-01 -4.0697e-02 +5.3052e-02 -1.2908e-01 -5.7385e-01
737 0 +2.313128040e+00 +6.050312804e+01 +6.050312804e+01 +4.3957e-01 -1.0005e-01 -8.0356e-02 -1.6097e-01 -6.1491e-01
760 0 +2.293865571e+00 +6.048386557e+01 +6.048386557e+01 +3.8849e-01 -4.2908e-02 -9.3140e-02 -1.3012e-01 -5.4238e-01
766 0 +2.283586678e+00 +6.047358668e+01 +6.047358668e+01 +4.9378e-01 -8.1841e-02 -6.4782e-02 -1.7134e-01 -5.9801e-01
787 0 +1.976986889e+00 +6.016698689e+01 +6.016698689e+01 +5.0224e-01 -5.9154e-02 +3.6179e-02 -1.2749e-01 -5.4387e-01
817 0 +1.750098220e+00 +5.994009822e+01 +5.994009822e+01 +4.2548e-01 -4.8096e-02 -1.3007e-01 -1.6850e-01 -5.5026e-01
857 0 +1.679520813e+00 +5.986952081e+01 +5.986952081e+01 +4.4267e-01 -7.5661e-02 -6.1140e-02 -1.4854e-01 -5.2711e-01
867 0 +1.546623917e+00 +5.973662392e+01 +5.973662392e+01 +3.9901e-01 -7.2789e-02 -1.1362e-01 -1.6158e-01 -5.3688e-01
896 0 +1.514530760e+00 +5.970453076e+01 +5.970453076e+01 +3.8132e-01 -5.7656e-02 -1.6602e-01 -1.8453e-01 -4.9852e-01
905 0 +1.460447728e+00 +5.965044773e+01 +5.965044773e+01 +3.1212e-01 -8.5396e-02 -2.6123e-01 -1.5172e-01 -5.3229e-01
918 0 +1.313293717e+00 +5.950329372e+01 +5.950329372e+01 +3.2960e-01 -7.7953e-02 -2.5970e-01 -1.9773e-01 -5.1780e-01
919 0 +1.244139635e+00 +5.943413964e+01 +5.943413964e+01 +3.0648e-01 -7.6441e-02 -2.9300e-01 -1.9670e-01 -5.0842e-01
982 0 +1.139960005e+00 +5.932996000e+01 +5.932996000e+01 +2.7218e-01 -7.4078e-02 -2.6540e-01 -1.6493e-01 -4.7956e-01
1036 0 +1.020438488e+00 +5.921043849e+01 +5.921043849e+01 +1.6238e-01 -6.5883e-02 -4.0024e-01 -2.0807e-01 -4.0087e-01
1054 0 +9.185006287e-01 +5.910850063e+01 +5.910850063e+01 +1.7010e-01 -7.2218e-02 -4.3363e-01 -1.9536e-01 -4.2999e-01
1094 0 +9.023701637e-01 +5.909237016e+01 +5.909237016e+01 +2.2023e-01 -6.0861e-02 -3.5070e-01 -1.8068e-01 -4.2918e-01
1099 0 +8.279617694e-01 +5.901796177e+01 +5.901796177e+01 +8.6969e-02 -5.1547e-02 -5.1608e-01 -1.9371e-01 -3.7038e-01
1148 0 +7.643103787e-01 +5.895431038e+01 +5.895431038e+01 +1.1705e-01 -4.4944e-02 -4.6448e-01 -1.6036e-01 -3.4644e-01
1155 0 +6.783746696e-01 +5.886837467e+01 +5.886837467e+01 +8.8346e-02 -6.8746e-02 -4.7044e-01 -1.5279e-01 -3.4360e-01
1162 0 +6.611195128e-01 +5.885111951e+01 +5.885111951e+01 +7.6850e-02 -5.5692e-02 -4.9828e-01 -1.8300e-01 -3.6055e-01
1180 0 +6.490167153e-01 +5.883901672e+01 +5.883901672e+01 +9.5577e-02 -4.5373e-02 -4.8999e-01 -1.7445e-01 -3.5104e-01
1203 0 +5.651636535e-01 +5.875516365e+01 +5.875516365e+01 -1.1979e-02 -4.5555e-02 -5.2822e-01 -1.2280e-01 -2.8824e-01
