% f evaluations | g evaluations | best noise-free fitness - Fopt (7.948000000000e+01) + sum g_i+ | measured fitness | best measured fitness or single-digit g-values | x1 | x2...
1 0 +2.947775049e+01 +1.089577505e+02 +1.089577505e+02 +5.9671e-01 -3.8264e-02 +7.4769e-01 +1.6230e+00 -1.3415e-01 -1.3414e-01 +1.6792e+00 +8.6743e-01 -3.6947e-01 +6.4256e-01
2 0 +2.248677078e+01 +1.019667708e+02 +1.019667708e+02 -3.6342e-01 -3.6573e-01 +3.4196e-01 -1.8133e+00 -1.6249e+00 -4.6229e-01 -9.1283e-01 +4.1425e-01 -8.0802e-01 -1.3123e+00
5 0 +1.762174394e+01 +9.710174394e+01 +9.710174394e+01 +8.3847e-01 +2.7137e-01 -1.5648e-02 -2.0110e-01 -1.3785e+00 -6.1984e-01 -3.6064e-01 +1.1571e+00 +4.4362e-01 -1.6630e+00
8 0 +1.369798541e+01 +9.317798541e+01 +9.317798541e+01 +4.6140e-01 +1.6380e+00 +6.4174e-02 +1.6646e+00 -2.5197e+00 +9.2190e-01 +1.8705e-01 -1.9901e-01 +1.9176e-01 -1.8876e+00
19 0 +1.288681928e+01 +9.236681928e+01 +9.236681928e+01 +7.2567e-01 -7.5716e-01 -9.7089e-01 +5.8247e-01 -1.2346e-01 +8.1400e-01 +5.7324e-01 +2.7171e-02 -7.4679e-01 -1.4148e+00
51 0 +1.284770830e+01 +9.232770830e+01 +9.232770830e+01 +6.7819e-01 +2.1877e-02 -3.1795e-01 +1.8103e+00 -3.2352e+00 +1.2006e+00 -2.8559e+00 +1.7449e-01 -2.6335e-01 -3.9555e+00
78 0 +9.651747791e+00 +8.913174779e+01 +8.913174779e+01 +4.6640e-02 +4.7894e-01 -1.2267e+00 +1.8576e+00 -1.8584e+00 +1.2566e+00 -1.0926e+00 -7.1171e-01 -3.9186e-02 -1.9869e+00
259 0 +8.153301667e+00 +8.763330167e+01 +8.763330167e+01 -1.4932e-01 +1.6626e-01 -4.6878e-01 +3.0678e+00 -3.5419e+00 -3.2936e-01 -1.0888e+00 -1.4418e+00 -1.5104e+00 -2.6763e+00
274 0 +7.524695761e+00 +8.700469576e+01 +8.700469576e+01 -5.7747e-01 -3.8453e-01 -4.3428e-01 +1.4669e+00 -3.5791e+00 +1.5970e+00 +5.5611e-01 +1.5063e+00 -4.7382e-01 -2.7917e+00
353 0 +4.871419501e+00 +8.435141950e+01 +8.435141950e+01 -5.9733e-02 -1.4709e+00 -1.3180e+00 +2.6886e+00 -2.4622e+00 +1.8406e+00 +9.2174e-02 -6.0920e-01 -1.3196e+00 -4.0774e+00
466 0 +4.786022093e+00 +8.426602209e+01 +8.426602209e+01 +1.4050e+00 -5.2428e-01 -2.2425e+00 +1.4651e+00 -2.6186e+00 +3.9280e-01 -7.0090e-01 +2.5190e-01 -1.7595e+00 -3.4516e+00
467 0 +4.026555566e+00 +8.350655557e+01 +8.350655557e+01 +1.0589e+00 -1.2959e+00 +6.0707e-02 +1.6932e+00 -2.8013e+00 -1.9200e-01 -1.3224e-01 +1.2089e+00 -1.7050e+00 -4.0922e+00
562 0 +3.816178931e+00 +8.329617893e+01 +8.329617893e+01 +3.8091e-01 -9.9577e-01 +7.7101e-01 +1.4485e+00 -3.1679e+00 +9.1892e-01 -8.8590e-01 -3.1425e-01 -1.8391e+00 -3.2005e+00
564 0 +3.642717404e+00 +8.312271740e+01 +8.312271740e+01 -8.2963e-01 -7.5743e-01 -2.6153e-01 +1.6247e+00 -2.2545e+00 -5.4992e-01 +5.9300e-01 -2.8807e-01 -1.9294e+00 -3.3531e+00
578 0 +2.966662861e+00 +8.244666286e+01 +8.244666286e+01 -5.0437e-01 -1.4645e+00 -8.7743e-01 +1.4094e+00 -3.1173e+00 +1.1704e+00 -2.6522e-01 +4.8118e-01 -2.5443e+00 -3.6063e+00
615 0 +1.633583237e+00 +8.111358324e+01 +8.111358324e+01 +2.6929e-01 -9.6982e-01 -7.2979e-01 +1.8690e+00 -2.0434e+00 +7.1084e-01 -4.8450e-01 +9.6809e-01 -1.6983e+00 -2.5444e+00
705 0 +1.527602934e+00 +8.100760293e+01 +8.100760293e+01 +5.8481e-01 -8.2243e-01 -5.9618e-01 +2.1078e+00 -2.0593e+00 -3.2861e-01 -3.5861e-01 -7.9421e-02 -1.5320e+00 -2.6375e+00
778 0 +9.813398257e-01 +8.046133983e+01 +8.046133983e+01 +3.9135e-01 -1.5444e+00 -2.7124e-01 +1.7948e+00 -2.6249e+00 +7.0401e-01 -1.3661e-01 +8.0804e-01 -1.8113e+00 -3.1625e+00
820 0 +7.926534035e-01 +8.027265340e+01 +8.027265340e+01 +2.2546e-01 -1.1732e+00 -4.1306e-01 +1.5451e+00 -2.5992e+00 +2.7383e-01 -3.3121e-01 +1.6001e-01 -1.7100e+00 -2.3710e+00
857 0 +6.278287138e-01 +8.010782871e+01 +8.010782871e+01 +2.8844e-01 -1.4089e+00 -9.7982e-01 +2.2265e+00 -2.6065e+00 +1.2353e-01 +2.9950e-01 -2.0477e-01 -1.5664e+00 -3.1871e+00
900 0 +6.050595969e-01 +8.008505960e+01 +8.008505960e+01 -4.3992e-02 -9.0686e-01 -2.3022e-01 +1.5767e+00 -2.7462e+00 +5.9380e-01 -1.3357e-01 +2.6345e-01 -1.4500e+00 -2.9865e+00
941 0 +5.834397240e-01 +8.006343972e+01 +8.006343972e+01 +1.8572e-01 -1.2857e+00 -7.0814e-01 +1.5985e+00 -2.5439e+00 +8.1568e-01 -2.7295e-01 +2.2581e-01 -2.1410e+00 -3.1225e+00
959 0 +4.742287695e-01 +7.995422877e+01 +7.995422877e+01 +4.2827e-01 -1.0992e+00 -9.1529e-01 +2.1133e+00 -2.5420e+00 +5.5790e-01 +6.9065e-04 +4.1399e-01 -2.0090e+00 -2.7396e+00
981 0 +3.896432962e-01 +7.986964330e+01 +7.986964330e+01 +3.4710e-01 -1.3756e+00 -3.1873e-01 +1.7073e+00 -2.5776e+00 +6.2576e-01 -2.3860e-01 +3.0722e-01 -1.7809e+00 -2.9823e+00
996 0 +3.085493551e-01 +7.978854936e+01 +7.978854936e+01 +1.2150e-01 -9.2899e-01 -9.4845e-01 +1.8899e+00 -2.5639e+00 +2.3931e-01 -3.9962e-01 +4.0227e-02 -1.7510e+00 -2.8644e+00
1019 0 +2.266658812e-01 +7.970666588e+01 +7.970666588e+01 +2.5589e-01 -1.0436e+00 -6.5276e-01 +1.6176e+00 -2.6093e+00 +4.4750e-01 -2.1662e-01 +1.8983e-01 -1.9314e+00 -3.1353e+00
1024 0 +1.557229570e-01 +7.963572296e+01 +7.963572296e+01 +3.8764e-01 -1.1209e+00 -6.2602e-01 +1.8637e+00 -2.9037e+00 +5.6028e-01 +1.2324e-02 +2.9816e-01 -1.7317e+00 -3.0180e+00
1110 0 +1.374443582e-01 +7.961744436e+01 +7.961744436e+01 +3.4182e-01 -1.1917e+00 -5.4266e-01 +1.8090e+00 -2.8488e+00 +5.3272e-01 +3.8420e-02 +1.1124e-01 -1.6958e+00 -2.9203e+00
1199 0 +1.231146480e-01 +7.960311465e+01 +7.960311465e+01 +2.3726e-01 -1.1395e+00 -7.3086e-01 +1.6824e+00 -2.7716e+00 +5.0278e-01 +6.5052e-02 +6.1486e-02 -1.5473e+00 -2.9734e+00
1257 0 +9.806537767e-02 +7.957806538e+01 +7.957806538e+01 +2.6181e-01 -1.1293e+00 -6.1185e-01 +1.9405e+00 -2.6287e+00 +5.2360e-01 -2.1121e-01 -1.3206e-01 -1.6549e+00 -3.0944e+00
1270 0 +4.788372140e-02 +7.952788372e+01 +7.952788372e+01 +2.1562e-01 -1.1332e+00 -8.6907e-01 +2.0672e+00 -2.6942e+00 +4.8446e-01 -1.4975e-01 +1.3016e-01 -1.5970e+00 -3.0519e+00
1368 0 +4.543457505e-02 +7.952543458e+01 +7.952543458e+01 +2.0863e-01 -1.1848e+00 -7.7781e-01 +1.7978e+00 -2.5798e+00 +3.9594e-01 -1.8293e-01 +9.2826e-02 -1.6889e+00 -2.9925e+00
1399 0 +2.287480406e-02 +7.950287480e+01 +7.950287480e+01 +2.6093e-01 -1.1561e+00 -7.5001e-01 +1.9350e+00 -2.7391e+00 +3.9224e-01 -5.3553e-02 +7.1596e-02 -1.6570e+00 -2.9526e+00
1538 0 +1.859996561e-02 +7.949859997e+01 +7.949859997e+01 +2.6490e-01 -1.1195e+00 -7.2096e-01 +1.8803e+00 -2.6647e+00 +3.3500e-01 -9.6896e-02 +1.5084e-01 -1.6772e+00 -3.0212e+00
1656 0 +1.773670533e-02 +7.949773671e+01 +7.949773671e+01 +2.3692e-01 -1.1740e+00 -7.5178e-01 +1.8626e+00 -2.6872e+00 +4.1810e-01 -6.2787e-02 +7.5334e-02 -1.6109e+00 -2.9722e+00
1657 0 +1.769141681e-02 +7.949769142e+01 +7.949769142e+01 +2.7907e-01 -1.1849e+00 -8.1413e-01 +1.9240e+00 -2.7483e+00 +4.7710e-01 -1.6160e-01 +1.2242e-01 -1.6372e+00 -3.0426e+00
1678 0 +1.470682517e-02 +7.949470683e+01 +7.949470683e+01 +2.2292e-01 -1.1076e+00 -7.4131e-01 +1.9614e+00 -2.6388e+00 +3.8692e-01 -7.4090e-02 +1.3536e-01 -1.6389e+00 -3.1087e+00
1728 0 +1.066830657e-02 +7.949066831e+01 +7.949066831e+01 +2.9019e-01 -1.1451e+00 -7.0460e-01 +1.8975e+00 -2.6745e+00 +4.0946e-01 -7.5667e-02 +1.3515e-01 -1.5665e+00 -3.0556e+00
1822 0 +5.107421054e-03 +7.948510742e+01 +7.948510742e+01 +2.8413e-01 -1.1345e+00 -7.7318e-01 +1.9313e+00 -2.7020e+00 +4.3514e-01 -1.0197e-01 +1.3960e-01 -1.6338e+00 -3.0410e+00
1928 0 +3.216347972e-03 +7.948321635e+01 +7.948321635e+01 +2.3257e-01 -1.1715e+00 -6.9304e-01 +1.9398e+00 -2.6813e+00 +4.2725e-01 -1.1481e-01 +1.2362e-01 -1.6202e+00 -3.0827e+00
2042 0 +3.057048754e-03 +7.948305705e+01 +7.948305705e+01 +2.4802e-01 -1.1407e+00 -7.1847e-01 +1.8949e+00 -2.6894e+00 +4.2078e-01 -8.8630e-02 +1.4212e-01 -1.6451e+00 -3.0524e+00
2067 0 +2.769219026e-03 +7.948276922e+01 +7.948276922e+01 +2.5246e-01 -1.1561e+00 -7.1865e-01 +1.9251e+00 -2.7077e+00 +4.5931e-01 -1.2883e-01 +1.3084e-01 -1.6576e+00 -3.0820e+00
2131 0 +2.710656423e-03 +7.948271066e+01 +7.948271066e+01 +2.7742e-01 -1.1258e+00 -7.1125e-01 +1.9420e+00 -2.6896e+00 +4.2154e-01 -1.1993e-01 +1.3589e-01 -1.6348e+00 -3.0601e+00
2209 0 +2.542211085e-03 +7.948254221e+01 +7.948254221e+01 +2.3456e-01 -1.1543e+00 -7.1379e-01 +1.9003e+00 -2.7066e+00 +4.4078e-01 -1.0883e-01 +1.1394e-01 -1.6140e+00 -3.0608e+00
2217 0 +2.342178135e-03 +7.948234218e+01 +7.948234218e+01 +2.6865e-01 -1.1519e+00 -7.0122e-01 +1.9166e+00 -2.6734e+00 +4.4244e-01 -1.0397e-01 +1.3698e-01 -1.6309e+00 -3.0810e+00
2220 0 +1.589271011e-03 +7.948158927e+01 +7.948158927e+01 +2.4211e-01 -1.1436e+00 -7.0331e-01 +1.9119e+00 -2.6829e+00 +4.3029e-01 -1.1628e-01 +1.1371e-01 -1.6173e+00 -3.0625e+00
2335 0 +1.400660757e-03 +7.948140066e+01 +7.948140066e+01 +2.5388e-01 -1.1610e+00 -7.0665e-01 +1.9437e+00 -2.6773e+00 +4.3051e-01 -1.0755e-01 +1.3673e-01 -1.6204e+00 -3.0570e+00
2363 0 +5.210343995e-04 +7.948052103e+01 +7.948052103e+01 +2.6252e-01 -1.1533e+00 -7.2041e-01 +1.9182e+00 -2.6962e+00 +4.4390e-01 -1.1410e-01 +1.2029e-01 -1.6333e+00 -3.0582e+00
2391 0 +4.451811895e-04 +7.948044518e+01 +7.948044518e+01 +2.4967e-01 -1.1681e+00 -7.2162e-01 +1.9318e+00 -2.6762e+00 +4.3873e-01 -1.2918e-01 +1.2706e-01 -1.6445e+00 -3.0522e+00
% f evaluations | g evaluations | best noise-free fitness - Fopt (3.944800000000e+02) + sum g_i+ | measured fitness | best measured fitness or single-digit g-values | x1 | x2...
1 0 +8.761602456e+01 +4.820960246e+02 +4.820960246e+02 +5.9671e-01 -3.8264e-02 +7.4769e-01 +1.6230e+00 -1.3415e-01 -1.3414e-01 +1.6792e+00 +8.6743e-01 -3.6947e-01 +6.4256e-01
11 0 +7.822032072e+01 +4.727003207e+02 +4.727003207e+02 -1.3154e+00 -3.2065e-01 -2.4271e-01 -7.0228e-01 -6.1286e-02 +5.0405e-01 +1.9862e+00 +2.7458e-01 +3.5755e-01 +2.5554e-02
19 0 +7.383007722e+01 +4.683100772e+02 +4.683100772e+02 +7.2567e-01 -7.5716e-01 -9.7089e-01 +5.8247e-01 -1.2346e-01 +8.1400e-01 +5.7324e-01 +2.7171e-02 -7.4679e-01 -1.4148e+00
27 0 +6.538882679e+01 +4.598688268e+02 +4.598688268e+02 -8.2693e-01 +4.0475e-02 -3.1413e+00 -9.2439e-01 -1.5257e-01 -1.1478e+00 +1.7324e+00 -1.3301e+00 -3.4004e-01 +2.3074e-01
44 0 +5.980977154e+01 +4.542897715e+02 +4.542897715e+02 -1.0833e+00 -1.9392e+00 -1.6941e-01 +8.1754e-01 +1.6024e+00 +1.7409e-01 +1.7286e+00 -1.2801e+00 -1.6034e+00 +4.4452e-02
51 0 +5.099613056e+01 +4.454761306e+02 +4.454761306e+02 -1.6556e+00 -1.8519e+00 -5.1670e-01 -5.1031e-02 +1.2396e+00 -1.6414e-01 +1.4908e+00 +3.2617e-01 +7.9238e-01 -1.9186e+00
62 0 +3.846565779e+01 +4.329456578e+02 +4.329456578e+02 -3.1561e+00 +5.2304e-01 -1.7779e+00 +1.6647e+00 +1.4265e+00 -4.2336e-01 +2.1659e+00 -1.2523e+00 -5.2419e-01 -8.2415e-01
81 0 +2.962171880e+01 +4.241017188e+02 +4.241017188e+02 -1.1511e+00 -2.1283e+00 -3.1743e+00 +2.5432e+00 -3.5492e-01 -1.5302e+00 +1.7717e+00 -3.5912e-01 -4.1248e-01 -1.5738e-01
101 0 +1.845344215e+01 +4.129334421e+02 +4.129334421e+02 -3.9729e+00 -1.0432e+00 -1.5171e+00 +4.3057e+00 -4.2678e-01 -4.5362e+00 +4.8524e+00 -1.6819e+00 +2.3295e-02 -2.5666e+00
153 0 +1.510171330e+01 +4.095817133e+02 +4.095817133e+02 -4.0942e+00 -2.7490e+00 -4.6142e+00 +2.4979e+00 +6.0775e-01 -1.7647e+00 +2.3516e+00 -9.3231e-01 +1.1892e+00 -1.4023e+00
169 0 +1.426709643e+01 +4.087470964e+02 +4.087470964e+02 -3.8179e+00 -8.5650e-01 -4.1688e+00 +4.1697e+00 +2.1014e+00 -4.4790e+00 +4.4873e+00 -2.5796e+00 -1.0024e+00 -2.7978e+00
281 0 +1.406429012e+01 +4.085442901e+02 +4.085442901e+02 -1.8428e+00 -3.4207e+00 -1.6078e+00 +4.5291e+00 +2.2345e-01 -1.3551e+00 +3.6493e+00 +4.2894e-01 -4.5045e-01 -3.2254e+00
311 0 +1.132893237e+01 +4.058089324e+02 +4.058089324e+02 -3.9463e+00 -1.5217e+00 -1.9269e+00 +2.2188e+00 +1.0034e+00 -2.2828e+00 +3.6428e+00 -1.8507e+00 +1.7205e-02 -4.2549e+00
382 0 +8.135946016e+00 +4.026159460e+02 +4.026159460e+02 -3.3961e+00 -3.6493e+00 -2.7613e+00 +3.6434e+00 +1.3536e+00 -3.2790e+00 +2.9526e+00 +1.0936e+00 +2.3731e-01 -2.5493e+00
431 0 +6.826275611e+00 +4.013062756e+02 +4.013062756e+02 -4.4285e+00 -3.2110e+00 -3.0808e+00 +2.5891e+00 -3.8634e-01 -2.3310e+00 +4.1168e+00 -2.0862e-01 +4.0868e-01 -3.5446e+00
460 0 +6.389115631e+00 +4.008691156e+02 +4.008691156e+02 -2.6892e+00 -2.7883e+00 -3.8018e+00 +4.1809e+00 +1.2373e+00 -4.7502e+00 +4.1090e+00 -1.0972e+00 -1.0693e+00 -4.4894e+00
541 0 +5.152064728e+00 +3.996320647e+02 +3.996320647e+02 -3.1698e+00 -2.1653e+00 -3.6344e+00 +2.3371e+00 +1.4790e+00 -3.8982e+00 +3.4033e+00 -8.8863e-01 -5.6294e-01 -3.9559e+00
572 0 +4.809376516e+00 +3.992893765e+02 +3.992893765e+02 -2.8732e+00 -3.1071e+00 -2.7564e+00 +2.9113e+00 +3.1762e-01 -3.0665e+00 +4.1815e+00 -1.1662e+00 -3.3796e-01 -3.3485e+00
590 0 +4.090324073e+00 +3.985703241e+02 +3.985703241e+02 -4.8167e+00 -3.8336e+00 -3.2436e+00 +2.9701e+00 +6.7470e-01 -2.0552e+00 +3.3479e+00 -4.1179e-01 -1.2466e+00 -3.2488e+00
608 0 +3.876861706e+00 +3.983568617e+02 +3.983568617e+02 -3.7680e+00 -2.9428e+00 -3.3750e+00 +3.4821e+00 +1.2016e+00 -3.9723e+00 +2.5890e+00 -1.4445e+00 -1.7646e+00 -3.8552e+00
697 0 +2.982180987e+00 +3.974621810e+02 +3.974621810e+02 -3.4994e+00 -2.9984e+00 -4.4748e+00 +4.0952e+00 +1.0241e-01 -3.4940e+00 +3.5383e+00 -1.1616e+00 -3.3727e-01 -2.8508e+00
719 0 +2.432427413e+00 +3.969124274e+02 +3.969124274e+02 -4.5293e+00 -3.8833e+00 -3.4783e+00 +3.4880e+00 +1.1072e+00 -2.2536e+00 +3.6016e+00 -2.6291e-01 -1.1915e+00 -3.5122e+00
723 0 +2.010737709e+00 +3.964907377e+02 +3.964907377e+02 -4.1055e+00 -2.1650e+00 -4.5443e+00 +4.0901e+00 +3.6306e-01 -3.1067e+00 +3.3429e+00 -3.5758e-01 -3.1336e-01 -4.1562e+00
782 0 +1.904792298e+00 +3.963847923e+02 +3.963847923e+02 -4.1408e+00 -2.6195e+00 -4.1545e+00 +4.3927e+00 +1.3637e+00 -3.6740e+00 +3.1748e+00 -7.2957e-01 -1.1460e+00 -4.3725e+00
811 0 +1.646923895e+00 +3.961269239e+02 +3.961269239e+02 -3.9831e+00 -2.8379e+00 -3.6146e+00 +3.4326e+00 +2.7664e-01 -3.2238e+00 +3.0903e+00 -1.1743e+00 -8.2732e-01 -4.4268e+00
840 0 +1.230985827e+00 +3.957109858e+02 +3.957109858e+02 -3.9182e+00 -2.6423e+00 -4.6988e+00 +3.7011e+00 +7.1864e-01 -2.6246e+00 +3.7167e+00 -2.5591e-01 -9.9923e-01 -3.8747e+00
923 0 +1.175123438e+00 +3.956551234e+02 +3.956551234e+02 -3.7435e+00 -3.0938e+00 -3.5402e+00 +3.8832e+00 +3.2901e-01 -3.5322e+00 +3.0633e+00 -1.0457e+00 -8.6940e-01 -3.5887e+00
978 0 +8.873157517e-01 +3.953673158e+02 +3.953673158e+02 -3.8795e+00 -2.7496e+00 -4.0576e+00 +3.5886e+00 +9.4804e-01 -2.5509e+00 +2.7642e+00 -5.9546e-01 -1.1768e+00 -3.8711e+00
999 0 +7.276072174e-01 +3.952076072e+02 +3.952076072e+02 -3.7929e+00 -2.6819e+00 -4.1340e+00 +4.0195e+00 +1.3604e+00 -3.1350e+00 +3.8037e+00 -8.6736e-01 -8.8204e-01 -3.9488e+00
1024 0 +6.061044475e-01 +3.950861044e+02 +3.950861044e+02 -3.7834e+00 -2.5104e+00 -3.5992e+00 +3.6617e+00 +1.0787e+00 -2.6131e+00 +3.2827e+00 -2.0560e-01 -8.6007e-01 -3.5559e+00
1069 0 +6.060207257e-01 +3.950860207e+02 +3.950860207e+02 -4.2561e+00 -3.1217e+00 -4.1864e+00 +3.9085e+00 +7.8507e-01 -3.1078e+00 +3.1980e+00 -9.7233e-01 -7.3452e-01 -3.6404e+00
1116 0 +5.903579243e-01 +3.950703579e+02 +3.950703579e+02 -3.9911e+00 -2.5748e+00 -3.3455e+00 +3.7486e+00 +1.0928e+00 -3.0117e+00 +3.4251e+00 -6.2539e-01 -1.2352e+00 -3.4959e+00
1176 0 +5.754663426e-01 +3.950554663e+02 +3.950554663e+02 -3.6559e+00 -3.0525e+00 -3.4595e+00 +3.9676e+00 +1.1221e+00 -3.0579e+00 +3.3603e+00 -6.4080e-01 -1.1887e+00 -4.1520e+00
1180 0 +5.220050272e-01 +3.950020050e+02 +3.950020050e+02 -4.0012e+00 -3.4114e+00 -3.6522e+00 +3.6835e+00 +9.4388e-01 -2.8436e+00 +3.3595e+00 -2.7815e-01 -6.7924e-01 -3.6640e+00
1211 0 +1.652482910e-01 +3.946452483e+02 +3.946452483e+02 -3.7473e+00 -2.8279e+00 -3.8622e+00 +3.9822e+00 +1.1374e+00 -2.8452e+00 +3.3384e+00 -6.3482e-01 -8.9658e-01 -3.9233e+00
1271 0 +1.306384542e-01 +3.946106385e+02 +3.946106385e+02 -3.9471e+00 -3.0413e+00 -3.9703e+00 +3.8899e+00 +8.8915e-01 -3.0135e+00 +3.5121e+00 -7.3631e-01 -6.8677e-01 -3.7900e+00
1368 0 +1.055320756e-01 +3.945855321e+02 +3.945855321e+02 -3.9764e+00 -3.0046e+00 -3.7044e+00 +3.9351e+00 +7.9115e-01 -2.9086e+00 +3.2871e+00 -4.3633e-01 -1.0072e+00 -3.6716e+00
1489 0 +9.197204154e-02 +3.945719720e+02 +3.945719720e+02 -4.0519e+00 -2.8215e+00 -3.6346e+00 +3.8967e+00 +7.0205e-01 -2.8435e+00 +3.4505e+00 -6.1382e-01 -8.2784e-01 -3.7964e+00
1540 0 +9.181823320e-02 +3.945718182e+02 +3.945718182e+02 -3.8963e+00 -2.9349e+00 -3.7001e+00 +3.8938e+00 +9.5462e-01 -2.9563e+00 +3.4474e+00 -4.2490e-01 -6.9073e-01 -3.7435e+00
1544 0 +6.654171752e-02 +3.945465417e+02 +3.945465417e+02 -3.9451e+00 -2.8627e+00 -3.6811e+00 +3.8050e+00 +9.3116e-01 -2.9367e+00 +3.4365e+00 -6.9651e-01 -1.0344e+00 -3.7258e+00
1554 0 +5.370113845e-02 +3.945337011e+02 +3.945337011e+02 -3.9214e+00 -2.7863e+00 -3.7855e+00 +3.9068e+00 +8.2992e-01 -2.8273e+00 +3.3699e+00 -7.5957e-01 -9.4219e-01 -3.7585e+00
1564 0 +4.906270070e-02 +3.945290627e+02 +3.945290627e+02 -3.9038e+00 -2.9401e+00 -3.6853e+00 +4.0236e+00 +8.2991e-01 -2.8691e+00 +3.3316e+00 -5.8147e-01 -9.0977e-01 -3.6816e+00
1605 0 +4.632208176e-02 +3.945263221e+02 +3.945263221e+02 -4.0196e+00 -2.8584e+00 -3.8320e+00 +3.8336e+00 +8.9434e-01 -2.9190e+00 +3.5360e+00 -5.0481e-01 -9.5782e-01 -3.7292e+00
1623 0 +3.934424217e-02 +3.945193442e+02 +3.945193442e+02 -4.0570e+00 -2.8339e+00 -3.7373e+00 +3.9271e+00 +8.2488e-01 -2.9117e+00 +3.5055e+00 -6.1977e-01 -8.6990e-01 -3.7645e+00
1644 0 +3.675733919e-02 +3.945167573e+02 +3.945167573e+02 -3.8613e+00 -2.9008e+00 -3.6599e+00 +3.9217e+00 +8.5273e-01 -2.9390e+00 +3.4063e+00 -5.6933e-01 -9.7220e-01 -3.6805e+00
1653 0 +2.112911619e-02 +3.945011291e+02 +3.945011291e+02 -3.9371e+00 -2.9070e+00 -3.8370e+00 +3.9483e+00 +8.5801e-01 -2.9540e+00 +3.4515e+00 -5.0814e-01 -9.3593e-01 -3.7858e+00
1700 0 +1.720780080e-02 +3.944972078e+02 +3.944972078e+02 -3.9348e+00 -2.8850e+00 -3.7720e+00 +3.8966e+00 +8.4447e-01 -2.8533e+00 +3.4291e+00 -6.5932e-01 -9.7053e-01 -3.7563e+00
1704 0 +1.489966499e-02 +3.944948997e+02 +3.944948997e+02 -3.8776e+00 -2.8867e+00 -3.8404e+00 +3.8846e+00 +8.1678e-01 -2.9051e+00 +3.3896e+00 -5.2005e-01 -8.7722e-01 -3.7713e+00
1833 0 +1.366950605e-02 +3.944936695e+02 +3.944936695e+02 -3.8934e+00 -2.8930e+00 -3.7505e+00 +3.9602e+00 +8.6745e-01 -2.9596e+00 +3.4700e+00 -5.8048e-01 -9.3905e-01 -3.7094e+00
1853 0 +9.388788716e-03 +3.944893888e+02 +3.944893888e+02 -3.8782e+00 -2.8960e+00 -3.8114e+00 +3.9211e+00 +8.8066e-01 -2.9066e+00 +3.4123e+00 -6.6255e-01 -8.9112e-01 -3.6794e+00
1978 0 +7.073056398e-03 +3.944870731e+02 +3.944870731e+02 -3.9172e+00 -2.9356e+00 -3.7810e+00 +3.9232e+00 +8.6419e-01 -2.9195e+00 +3.4331e+00 -6.5429e-01 -8.8575e-01 -3.7592e+00
2017 0 +5.932447911e-03 +3.944859324e+02 +3.944859324e+02 -3.8961e+00 -2.9168e+00 -3.7780e+00 +3.9513e+00 +8.1933e-01 -2.8915e+00 +3.4320e+00 -5.8897e-01 -8.7722e-01 -3.7136e+00
2111 0 +5.654099667e-03 +3.944856541e+02 +3.944856541e+02 -3.9000e+00 -2.8577e+00 -3.7944e+00 +3.8716e+00 +8.6279e-01 -2.8659e+00 +3.4808e+00 -6.0269e-01 -8.6028e-01 -3.7285e+00
2121 0 +5.618241087e-03 +3.944856182e+02 +3.944856182e+02 -3.8496e+00 -2.8695e+00 -3.7819e+00 +3.8993e+00 +8.3367e-01 -2.9310e+00 +3.4626e+00 -5.9557e-01 -8.8587e-01 -3.7608e+00
2123 0 +3.586980707e-03 +3.944835870e+02 +3.944835870e+02 -3.8829e+00 -2.8938e+00 -3.7861e+00 +3.9064e+00 +8.4108e-01 -2.8942e+00 +3.4806e+00 -6.2432e-01 -8.9199e-01 -3.7094e+00
2159 0 +2.445131383e-03 +3.944824451e+02 +3.944824451e+02 -3.9046e+00 -2.8886e+00 -3.7851e+00 +3.8953e+00 +8.7870e-01 -2.9235e+00 +3.4216e+00 -6.1887e-01 -9.0011e-01 -3.7429e+00
2271 0 +1.962175118e-03 +3.944819622e+02 +3.944819622e+02 -3.8836e+00 -2.8963e+00 -3.8102e+00 +3.9210e+00 +8.5534e-01 -2.9272e+00 +3.4326e+00 -5.9411e-01 -8.5728e-01 -3.7441e+00
2352 0 +1.351388489e-03 +3.944813514e+02 +3.944813514e+02 -3.8927e+00 -2.8623e+00 -3.8109e+00 +3.9147e+00 +8.6424e-01 -2.9178e+00 +3.4462e+00 -6.0219e-01 -8.6979e-01 -3.7319e+00
2412 0 +1.234509096e-03 +3.944812345e+02 +3.944812345e+02 -3.8883e+00 -2.8743e+00 -3.8194e+00 +3.9139e+00 +8.4598e-01 -2.8989e+00 +3.4406e+00 -6.0940e-01 -8.6849e-01 -3.7324e+00
2429 0 +9.413383607e-04 +3.944809413e+02 +3.944809413e+02 -3.8815e+00 -2.8977e+00 -3.8068e+00 +3.9086e+00 +8.5820e-01 -2.8932e+00 +3.4384e+00 -5.8977e-01 -8.7788e-01 -3.7187e+00
2459 0 +7.180437236e-04 +3.944807180e+02 +3.944807180e+02 -3.8962e+00 -2.8881e+00 -3.8028e+00 +3.9143e+00 +8.7122e-01 -2.8904e+00 +3.4439e+00 -5.8643e-01 -8.8804e-01 -3.7272e+00
2490 0 +7.027142876e-04 +3.944807027e+02 +3.944807027e+02 -3.9025e+00 -2.8719e+00 -3.8085e+00 +3.8999e+00 +8.5981e-01 -2.9111e+00 +3.4569e+00 -6.0760e-01 -8.7947e-01 -3.7395e+00
% f evaluations | g evaluations | best noise-free fitness - Fopt (-2.471100000000e+02) + sum g_i+ | measured fitness | best measured fitness or single-digit g-values | x1 | x2...
1 0 +9.458130888e+01 -1.525286911e+02 -1.525286911e+02 +5.9671e-01 -3.8264e-02 +7.4769e-01 +1.6230e+00 -1.3415e-01 -1.3414e-01 +1.6792e+00 +8.6743e-01 -3.6947e-01 +6.4256e-01
2 0 +8.008364625e+01 -1.670263537e+02 -1.670263537e+02 -3.6342e-01 -3.6573e-01 +3.4196e-01 -1.8133e+00 -1.6249e+00 -4.6229e-01 -9.1283e-01 +4.1425e-01 -8.0802e-01 -1.3123e+00
4 0 +7.041624239e+01 -1.766937576e+02 -1.766937576e+02 -5.0171e-01 +1.9523e+00 +8.6503e-02 -9.5771e-01 +9.2254e-01 -1.1208e+00 +3.0886e-01 -1.8597e+00 -1.2282e+00 +2.9686e-01
11 0 +5.517904283e+01 -1.919309572e+02 -1.919309572e+02 -1.3154e+00 -3.2065e-01 -2.4271e-01 -7.0228e-01 -6.1286e-02 +5.0405e-01 +1.9862e+00 +2.7458e-01 +3.5755e-01 +2.5554e-02
59 0 +4.391136749e+01 -2.031986325e+02 -2.031986325e+02 -1.9691e+00 -2.7780e-01 -2.8515e+00 -2.8918e+00 +9.9251e-01 +2.7205e+00 +1.6409e+00 -1.1302e+00 +1.5922e+00 +5.6371e-01
81 0 +3.665988452e+01 -2.104501155e+02 -2.104501155e+02 -1.5976e+00 +1.0628e+00 -6.9848e-01 -3.0755e+00 -1.5712e-01 +5.0191e-01 +1.5025e+00 -7.8865e-01 +1.6239e-01 +3.8032e-01
110 0 +3.498397468e+01 -2.121260253e+02 -2.121260253e+02 -2.5230e+00 +5.3965e-01 -3.0218e+00 -2.4847e+00 -1.5327e-01 +2.5344e+00 +2.0947e+00 -2.8975e+00 +7.3857e-01 -1.0080e+00
124 0 +1.692772529e+01 -2.301822747e+02 -2.301822747e+02 -2.6924e+00 +9.9356e-01 -9.6426e-02 -1.8560e+00 -1.1715e+00 +3.2766e+00 +2.4120e+00 -3.4777e+00 -1.3728e+00 +7.7754e-01
220 0 +7.466871403e+00 -2.396431286e+02 -2.396431286e+02 -3.4111e+00 -3.6092e-01 -1.4972e+00 -3.2212e+00 -3.2009e+00 +5.5461e-01 +3.3416e+00 -2.8515e+00 +9.4093e-01 +1.9059e+00
404 0 +4.888229747e+00 -2.422217703e+02 -2.422217703e+02 -4.4491e+00 +1.4708e+00 -5.8150e-01 -4.4708e+00 -2.7903e+00 +2.1617e+00 +3.5933e+00 -4.0610e+00 -9.5951e-01 +3.9037e+00
554 0 +3.798735838e+00 -2.433112642e+02 -2.433112642e+02 -3.0521e+00 -2.4549e-01 -3.5613e-01 -3.4326e+00 -2.1456e+00 +2.7790e+00 +3.9975e+00 -3.7600e+00 -9.4391e-01 +3.4122e+00
578 0 +3.543852762e+00 -2.435661472e+02 -2.435661472e+02 -2.5766e+00 -1.8591e-01 +4.3275e-01 -4.0875e+00 -3.2845e+00 +2.3881e+00 +3.1773e+00 -3.7207e+00 +3.5389e-01 +2.3542e+00
605 0 +3.407151238e+00 -2.437028488e+02 -2.437028488e+02 -3.1436e+00 +1.2291e-02 -8.6760e-01 -2.8902e+00 -3.4873e+00 +1.3812e+00 +3.5408e+00 -4.3008e+00 -7.1331e-01 +3.5839e+00
638 0 +2.768073388e+00 -2.443419266e+02 -2.443419266e+02 -2.7591e+00 +1.9709e-01 -1.2869e-01 -3.1743e+00 -2.4011e+00 +2.6448e+00 +3.5528e+00 -4.3324e+00 -4.3657e-02 +3.2961e+00
652 0 +2.023752557e+00 -2.450862474e+02 -2.450862474e+02 -4.1773e+00 -4.6471e-01 -3.1837e-01 -3.5661e+00 -3.1538e+00 +2.2482e+00 +2.7887e+00 -4.9031e+00 -3.7602e-01 +2.9581e+00
720 0 +1.719621047e+00 -2.453903790e+02 -2.453903790e+02 -3.6180e+00 -6.2221e-01 -1.4628e+00 -3.6794e+00 -2.7012e+00 +2.6998e+00 +3.2609e+00 -4.0465e+00 +1.7996e-01 +2.9755e+00
756 0 +1.616462882e+00 -2.454935371e+02 -2.454935371e+02 -3.5647e+00 -4.7047e-01 -6.3106e-01 -3.5302e+00 -2.3084e+00 +1.6870e+00 +3.3723e+00 -3.9623e+00 +8.9439e-02 +2.8948e+00
786 0 +1.180664968e+00 -2.459293350e+02 -2.459293350e+02 -3.3577e+00 +3.9299e-01 -8.2571e-01 -3.3420e+00 -2.5414e+00 +2.5733e+00 +3.2278e+00 -3.9560e+00 -7.0395e-01 +2.9999e+00
844 0 +9.530103398e-01 -2.461569897e+02 -2.461569897e+02 -3.9630e+00 +6.7853e-01 -5.9778e-01 -3.5338e+00 -2.8655e+00 +1.6007e+00 +3.2823e+00 -3.6100e+00 -3.5301e-02 +2.8093e+00
922 0 +8.932621502e-01 -2.462167378e+02 -2.462167378e+02 -4.1828e+00 +2.4364e-01 -4.6426e-01 -3.1521e+00 -3.0741e+00 +2.8366e+00 +2.9188e+00 -3.7535e+00 +4.6366e-02 +2.8219e+00
936 0 +7.099909078e-01 -2.464000091e+02 -2.464000091e+02 -4.0209e+00 +5.3153e-01 -6.9278e-01 -3.3660e+00 -2.9898e+00 +2.4843e+00 +2.7748e+00 -3.4964e+00 +8.6240e-04 +2.6564e+00
937 0 +5.674295603e-01 -2.465425704e+02 -2.465425704e+02 -3.9990e+00 +2.6436e-01 -8.9950e-01 -4.2085e+00 -3.1670e+00 +2.2747e+00 +2.9779e+00 -3.6214e+00 -7.9879e-02 +3.0686e+00
967 0 +4.389060253e-01 -2.466710940e+02 -2.466710940e+02 -3.6706e+00 +4.2973e-01 -6.1004e-01 -3.5170e+00 -2.8532e+00 +2.0707e+00 +3.0470e+00 -4.2951e+00 -1.6399e-01 +2.6463e+00
1131 0 +3.269237519e-01 -2.467830762e+02 -2.467830762e+02 -4.1896e+00 -2.1409e-02 -5.9085e-01 -3.7265e+00 -3.0251e+00 +2.3684e+00 +3.1318e+00 -3.9607e+00 +1.4914e-01 +3.0360e+00
1215 0 +2.657753175e-01 -2.468442247e+02 -2.468442247e+02 -3.9183e+00 -7.0857e-02 -7.7747e-01 -3.6383e+00 -3.0695e+00 +2.5668e+00 +3.1170e+00 -4.0456e+00 +9.0024e-02 +3.0444e+00
1251 0 +2.653266857e-01 -2.468446733e+02 -2.468446733e+02 -3.9551e+00 +2.2201e-01 -3.5861e-01 -3.6985e+00 -2.9525e+00 +2.1190e+00 +3.2934e+00 -3.9748e+00 -1.2489e-01 +3.0619e+00
1311 0 +2.550583382e-01 -2.468549417e+02 -2.468549417e+02 -4.0290e+00 +9.5986e-02 -6.6210e-01 -3.7327e+00 -3.1765e+00 +2.5582e+00 +3.2410e+00 -3.8099e+00 +1.8861e-01 +3.0330e+00
1313 0 +1.870089404e-01 -2.469229911e+02 -2.469229911e+02 -3.6993e+00 +1.6945e-01 -6.4320e-01 -3.9456e+00 -2.8441e+00 +2.3674e+00 +3.1778e+00 -3.7843e+00 -1.8162e-01 +2.9229e+00
1322 0 +1.614093998e-01 -2.469485906e+02 -2.469485906e+02 -3.8530e+00 +4.6044e-02 -5.9935e-01 -3.7584e+00 -3.3099e+00 +2.4995e+00 +3.3179e+00 -4.0133e+00 -1.8014e-02 +2.9676e+00
1335 0 +1.359063385e-01 -2.469740937e+02 -2.469740937e+02 -4.0000e+00 +1.4337e-01 -6.2857e-01 -3.6895e+00 -2.9682e+00 +2.3756e+00 +3.0172e+00 -4.0511e+00 -1.5934e-01 +2.8219e+00
1397 0 +9.882211151e-02 -2.470111779e+02 -2.470111779e+02 -3.7028e+00 +2.6716e-01 -7.8481e-01 -3.8132e+00 -3.1793e+00 +2.4383e+00 +3.2408e+00 -3.9608e+00 -2.6080e-01 +2.7734e+00
1431 0 +8.253367460e-02 -2.470274663e+02 -2.470274663e+02 -3.7362e+00 +2.3283e-01 -7.1698e-01 -3.7422e+00 -3.2588e+00 +2.3438e+00 +3.2587e+00 -3.9040e+00 -2.5028e-01 +2.7015e+00
1636 0 +8.035246211e-02 -2.470296475e+02 -2.470296475e+02 -3.7760e+00 +1.7220e-01 -5.9309e-01 -3.7627e+00 -3.1252e+00 +2.4588e+00 +3.2351e+00 -4.0776e+00 -3.8005e-02 +2.9484e+00
1664 0 +7.546695610e-02 -2.470345330e+02 -2.470345330e+02 -3.8498e+00 +3.6703e-01 -6.2329e-01 -3.5961e+00 -3.1386e+00 +2.3818e+00 +3.3110e+00 -4.0472e+00 -3.8769e-02 +2.8269e+00
1676 0 +5.842102989e-02 -2.470515790e+02 -2.470515790e+02 -3.8510e+00 +2.8263e-01 -8.0836e-01 -3.7340e+00 -3.1342e+00 +2.3238e+00 +3.3055e+00 -4.0011e+00 +6.6114e-03 +2.7133e+00
1691 0 +5.231037708e-02 -2.470576896e+02 -2.470576896e+02 -3.7078e+00 +2.6866e-01 -7.3183e-01 -3.7435e+00 -3.1141e+00 +2.2093e+00 +3.3014e+00 -4.0295e+00 -1.0997e-02 +2.7994e+00
1706 0 +3.844922257e-02 -2.470715508e+02 -2.470715508e+02 -3.7679e+00 +2.6776e-01 -7.7996e-01 -3.7465e+00 -3.1179e+00 +2.3916e+00 +3.2603e+00 -3.8273e+00 -8.6091e-02 +2.9047e+00
1805 0 +2.608316432e-02 -2.470839168e+02 -2.470839168e+02 -3.8053e+00 +2.1799e-01 -7.5354e-01 -3.6391e+00 -3.0440e+00 +2.3622e+00 +3.2608e+00 -3.8833e+00 +2.3603e-02 +2.8712e+00
1806 0 +2.412736621e-02 -2.470858726e+02 -2.470858726e+02 -3.8060e+00 +1.3193e-01 -7.0402e-01 -3.6012e+00 -3.1233e+00 +2.2604e+00 +3.2258e+00 -3.9298e+00 -1.5161e-01 +2.8059e+00
1962 0 +1.885709309e-02 -2.470911429e+02 -2.470911429e+02 -3.7606e+00 +1.5914e-01 -7.0176e-01 -3.6752e+00 -3.1218e+00 +2.3644e+00 +3.2596e+00 -3.9268e+00 -5.5311e-02 +2.9244e+00
2024 0 +1.578246554e-02 -2.470942175e+02 -2.470942175e+02 -3.8049e+00 +2.2569e-01 -6.5199e-01 -3.6636e+00 -3.1469e+00 +2.3257e+00 +3.1545e+00 -3.8480e+00 -1.0496e-01 +2.7997e+00
2090 0 +1.354513116e-02 -2.470964549e+02 -2.470964549e+02 -3.8332e+00 +1.7902e-01 -6.9159e-01 -3.7543e+00 -3.1322e+00 +2.3384e+00 +3.2502e+00 -3.8831e+00 -1.2604e-01 +2.8570e+00
2102 0 +7.734940317e-03 -2.471022651e+02 -2.471022651e+02 -3.7692e+00 +1.6176e-01 -7.4979e-01 -3.6870e+00 -3.0939e+00 +2.3320e+00 +3.2487e+00 -3.9252e+00 -9.2102e-02 +2.8119e+00
2172 0 +5.187066374e-03 -2.471048129e+02 -2.471048129e+02 -3.8485e+00 +1.7921e-01 -6.7213e-01 -3.6929e+00 -3.0970e+00 +2.2966e+00 +3.2143e+00 -3.9140e+00 -3.8964e-02 +2.8067e+00
2458 0 +3.258393922e-03 -2.471067416e+02 -2.471067416e+02 -3.7926e+00 +2.0700e-01 -6.6112e-01 -3.6829e+00 -3.1171e+00 +2.3207e+00 +3.2159e+00 -3.9501e+00 -5.8318e-02 +2.7988e+00
% f evaluations | g evaluations | best noise-free fitness - Fopt (-1.520400000000e+02) + sum g_i+ | measured fitness | best measured fitness or single-digit g-values | x1 | x2...
1 0 +5.467007893e+01 -9.736992107e+01 -9.736992107e+01 +5.9671e-01 -3.8264e-02 +7.4769e-01 +1.6230e+00 -1.3415e-01 -1.3414e-01 +1.6792e+00 +8.6743e-01 -3.6947e-01 +6.4256e-01
6 0 +3.091387674e+01 -1.211261233e+02 -1.211261233e+02 +4.2408e-01 -2.8508e-01 -5.7692e-01 +7.1168e-01 +1.1310e+00 +1.0313e+00 -7.3922e-01 -2.0921e-01 +4.3126e-01 +1.0755e+00
15 0 +3.066403163e+01 -1.213759684e+02 -1.213759684e+02 +3.2746e-01 +1.4071e+00 -1.5075e+00 +2.8463e-01 +3.5988e-01 +8.8182e-01 -1.1370e+00 -1.2205e+00 +6.2194e-01 +3.9698e-01
40 0 +2.379105509e+01 -1.282489449e+02 -1.282489449e+02 -7.9841e-01 +5.9192e-01 -1.2202e+00 +1.9315e+00 +1.2794e+00 -3.6918e-01 -1.6131e+00 +1.4539e+00 -1.4540e-02 +1.3378e+00
64 0 +2.066773566e+01 -1.313722643e+02 -1.313722643e+02 -1.4511e+00 +4.7059e-01 -2.0688e+00 +1.9496e+00 +2.6724e+00 -1.3875e-01 -1.5366e+00 +9.4092e-01 -1.3095e+00 +2.0923e+00
84 0 +1.782810229e+01 -1.342118977e+02 -1.342118977e+02 -2.3278e-01 +1.6326e-01 -2.9939e+00 +1.6798e+00 -3.5739e-01 +1.8457e+00 -1.4148e+00 -1.8708e+00 +1.0616e+00 +2.9118e+00
136 0 +1.551153574e+01 -1.365284643e+02 -1.365284643e+02 +8.5508e-01 +1.3399e+00 -2.1140e+00 +2.5646e-01 +1.9208e+00 -3.4708e-01 -3.0861e-01 -4.9843e-01 +2.1775e+00 +2.8469e+00
179 0 +1.339325174e+01 -1.386467483e+02 -1.386467483e+02 +1.4014e+00 +5.1927e-01 -2.9551e+00 +3.2451e+00 +2.3943e+00 -1.0460e+00 +1.2958e+00 -1.4268e+00 +1.2329e+00 +4.9265e+00
247 0 +1.140180478e+01 -1.406381952e+02 -1.406381952e+02 +5.6073e-01 +2.4599e+00 -4.0836e+00 +2.4459e+00 +1.8469e+00 +1.2456e+00 -9.8758e-01 -2.1370e+00 -1.7461e-01 +1.9035e+00
270 0 +1.131808620e+01 -1.407219138e+02 -1.407219138e+02 -1.2208e+00 +2.0537e+00 -2.4525e+00 +2.1909e+00 +5.6582e-01 +2.6473e-01 -1.4966e+00 -1.3810e+00 +5.9222e-01 +2.2543e+00
363 0 +1.052371084e+01 -1.415162892e+02 -1.415162892e+02 +1.4357e+00 +1.8520e+00 -3.8067e+00 +1.3185e+00 +2.5144e+00 -3.4374e-01 -1.0087e+00 +5.1619e-01 +1.2075e+00 +4.7755e+00
393 0 +1.050434331e+01 -1.415356567e+02 -1.415356567e+02 +9.0280e-01 -2.9976e-01 -2.4484e+00 +1.7452e+00 +1.6720e+00 +8.4733e-01 -7.6451e-01 -1.1217e+00 +1.1260e+00 +3.9310e+00
405 0 +5.727183039e+00 -1.463128170e+02 -1.463128170e+02 +5.6495e-02 +6.3466e-01 -3.8077e+00 +3.1220e+00 +2.8054e+00 -1.2121e+00 -1.9635e+00 +1.5471e-01 +6.8646e-01 +2.8656e+00
464 0 +3.548146336e+00 -1.484918537e+02 -1.484918537e+02 -4.5116e-01 +8.6538e-01 -3.2960e+00 +4.2834e+00 +2.6583e+00 -6.4770e-01 -8.3858e-01 -1.7603e+00 +1.5021e+00 +3.3572e+00
582 0 +2.991502492e+00 -1.490484975e+02 -1.490484975e+02 +3.9280e-01 +1.7886e+00 -4.0389e+00 +3.9913e+00 +2.5009e+00 -3.0431e-01 -9.6147e-01 +4.8970e-01 +1.6379e+00 +2.9603e+00
608 0 +2.060038716e+00 -1.499799613e+02 -1.499799613e+02 -6.7322e-01 +1.4113e+00 -3.6499e+00 +3.1824e+00 +1.8942e+00 -4.2976e-01 -3.5429e-01 +2.1521e-01 +1.7130e+00 +3.2937e+00
628 0 +1.832256924e+00 -1.502077431e+02 -1.502077431e+02 -1.3427e-01 +7.9047e-01 -4.3896e+00 +3.3331e+00 +2.2581e+00 -2.1360e-01 -6.9288e-01 +4.7492e-02 +8.9799e-01 +3.7647e+00
645 0 +1.728130330e+00 -1.503118697e+02 -1.503118697e+02 +2.7151e-01 +8.9636e-01 -4.2713e+00 +2.5108e+00 +2.7566e+00 +7.5888e-02 -3.7244e-01 -7.9651e-01 +1.3091e+00 +3.4536e+00
661 0 +7.950715850e-01 -1.512449284e+02 -1.512449284e+02 -5.4559e-01 +1.0769e+00 -3.7667e+00 +3.0084e+00 +1.9396e+00 -3.3792e-01 -9.4646e-01 -7.9254e-01 +1.5856e+00 +3.4674e+00
823 0 +4.714958382e-01 -1.515685042e+02 -1.515685042e+02 -1.7715e-01 +1.2161e+00 -3.8327e+00 +3.3972e+00 +2.1314e+00 +5.5300e-01 -1.1055e+00 -9.3893e-01 +1.5132e+00 +3.2612e+00
880 0 +4.299403244e-01 -1.516100597e+02 -1.516100597e+02 -2.6070e-01 +1.2716e+00 -4.1236e+00 +3.6112e+00 +2.5699e+00 -1.5424e-01 -8.5528e-01 -7.4040e-01 +1.3128e+00 +3.1407e+00
952 0 +2.100021379e-01 -1.518299979e+02 -1.518299979e+02 -3.4919e-01 +1.2870e+00 -3.7399e+00 +3.4488e+00 +2.2460e+00 -9.3759e-02 -7.6388e-01 -7.6706e-01 +1.3629e+00 +3.4449e+00
1065 0 +1.996278377e-01 -1.518403722e+02 -1.518403722e+02 -2.2230e-01 +1.4912e+00 -3.7981e+00 +3.3609e+00 +2.6603e+00 +3.9246e-01 -7.9484e-01 -6.0047e-01 +1.3096e+00 +3.4269e+00
1125 0 +1.390231642e-01 -1.519009768e+02 -1.519009768e+02 -2.8654e-01 +1.4296e+00 -3.7608e+00 +3.4189e+00 +2.3086e+00 +2.0454e-01 -6.8481e-01 -5.0643e-01 +1.5751e+00 +3.5085e+00
1208 0 +9.948056860e-02 -1.519405194e+02 -1.519405194e+02 -2.7709e-01 +1.3791e+00 -3.9605e+00 +3.2849e+00 +2.4598e+00 +6.0286e-02 -9.2275e-01 -4.8774e-01 +1.5808e+00 +3.3011e+00
1232 0 +7.303235758e-02 -1.519669676e+02 -1.519669676e+02 -3.4092e-01 +1.2824e+00 -3.8910e+00 +3.3482e+00 +2.4244e+00 +1.7614e-01 -8.8735e-01 -5.2862e-01 +1.4185e+00 +3.5627e+00
1241 0 +5.308250431e-02 -1.519869175e+02 -1.519869175e+02 -2.0493e-01 +1.5348e+00 -3.8790e+00 +3.3653e+00 +2.3470e+00 +9.5370e-02 -9.3656e-01 -6.8328e-01 +1.5433e+00 +3.3530e+00
1249 0 +4.964891452e-02 -1.519903511e+02 -1.519903511e+02 -2.3839e-01 +1.4343e+00 -3.8748e+00 +3.4487e+00 +2.4729e+00 +3.6778e-02 -8.2075e-01 -7.2208e-01 +1.5525e+00 +3.4525e+00
1451 0 +2.642182633e-02 -1.520135782e+02 -1.520135782e+02 -3.2472e-01 +1.3465e+00 -3.8681e+00 +3.2892e+00 +2.3907e+00 +1.5113e-01 -9.3613e-01 -6.5079e-01 +1.5225e+00 +3.5626e+00
1646 0 +2.447021780e-02 -1.520155298e+02 -1.520155298e+02 -2.1005e-01 +1.4891e+00 -3.9375e+00 +3.3678e+00 +2.4664e+00 +2.0002e-01 -8.4749e-01 -7.3347e-01 +1.4299e+00 +3.4927e+00
1678 0 +1.631194208e-02 -1.520236881e+02 -1.520236881e+02 -2.7441e-01 +1.3502e+00 -3.9576e+00 +3.2649e+00 +2.3806e+00 +2.0819e-01 -8.8879e-01 -6.6654e-01 +1.4527e+00 +3.4616e+00
1792 0 +1.331636405e-02 -1.520266836e+02 -1.520266836e+02 -2.1043e-01 +1.4741e+00 -3.9295e+00 +3.3129e+00 +2.4347e+00 +1.6632e-01 -8.6984e-01 -7.1069e-01 +1.5209e+00 +3.4020e+00
1808 0 +1.306831839e-02 -1.520269317e+02 -1.520269317e+02 -2.5306e-01 +1.4325e+00 -3.9569e+00 +3.2688e+00 +2.4485e+00 +8.7315e-02 -8.8089e-01 -6.2696e-01 +1.5184e+00 +3.4623e+00
1855 0 +1.208010261e-02 -1.520279199e+02 -1.520279199e+02 -2.9499e-01 +1.3820e+00 -3.9607e+00 +3.2859e+00 +2.4338e+00 +1.5958e-01 -8.7608e-01 -6.6550e-01 +1.5396e+00 +3.5516e+00
1863 0 +1.083304652e-02 -1.520291670e+02 -1.520291670e+02 -2.7688e-01 +1.4266e+00 -3.9764e+00 +3.3171e+00 +2.4037e+00 +2.0612e-01 -8.7129e-01 -6.4100e-01 +1.4990e+00 +3.5070e+00
1916 0 +6.529344600e-03 -1.520334707e+02 -1.520334707e+02 -3.0219e-01 +1.4159e+00 -3.9426e+00 +3.3198e+00 +2.4576e+00 +1.5736e-01 -8.8308e-01 -6.8510e-01 +1.4793e+00 +3.5275e+00
1937 0 +2.692558100e-03 -1.520373074e+02 -1.520373074e+02 -2.5545e-01 +1.4261e+00 -3.9057e+00 +3.2873e+00 +2.4366e+00 +1.3091e-01 -8.8421e-01 -6.9117e-01 +1.4858e+00 +3.4479e+00
2232 0 +2.134231404e-03 -1.520378658e+02 -1.520378658e+02 -2.4520e-01 +1.4156e+00 -3.9196e+00 +3.2849e+00 +2.4504e+00 +1.6769e-01 -8.7959e-01 -7.0103e-01 +1.5021e+00 +3.4924e+00
2289 0 +2.003869924e-03 -1.520379961e+02 -1.520379961e+02 -2.8117e-01 +1.4270e+00 -3.9297e+00 +3.2862e+00 +2.4161e+00 +1.1214e-01 -8.8794e-01 -6.9937e-01 +1.5080e+00 +3.4751e+00
2299 0 +1.952318982e-03 -1.520380477e+02 -1.520380477e+02 -2.6181e-01 +1.4368e+00 -3.9352e+00 +3.2904e+00 +2.4027e+00 +1.4771e-01 -8.8739e-01 -7.0001e-01 +1.5233e+00 +3.5074e+00
2423 0 +1.334410385e-03 -1.520386656e+02 -1.520386656e+02 -2.6051e-01 +1.4302e+00 -3.9110e+00 +3.2790e+00 +2.4220e+00 +1.5989e-01 -8.9162e-01 -7.1106e-01 +1.5003e+00 +3.4617e+00
2445 0 +1.127908963e-03 -1.520388721e+02 -1.520388721e+02 -2.7632e-01 +1.4350e+00 -3.9378e+00 +3.3160e+00 +2.4104e+00 +1.4260e-01 -8.8657e-01 -6.9353e-01 +1.5040e+00 +3.4914e+00
2465 0 +9.560036119e-04 -1.520390440e+02 -1.520390440e+02 -2.8423e-01 +1.4390e+00 -3.9301e+00 +3.2909e+00 +2.4152e+00 +1.4347e-01 -8.7900e-01 -7.0815e-01 +1.4965e+00 +3.4651e+00
2484 0 +8.150345728e-04 -1.520391850e+02 -1.520391850e+02 -2.5975e-01 +1.4245e+00 -3.9293e+00 +3.2983e+00 +2.4098e+00 +1.4624e-01 -8.9400e-01 -6.8434e-01 +1.5106e+00 +3.4790e+00
% f evaluations | g evaluations | best noise-free fitness - Fopt (-2.525000000000e+01) + sum g_i+ | measured fitness | best measured fitness or single-digit g-values | x1 | x2...
1 0 +7.857251988e+01 +5.332251988e+01 +5.332251988e+01 +5.9671e-01 -3.8264e-02 +7.4769e-01 +1.6230e+00 -1.3415e-01 -1.3414e-01 +1.6792e+00 +8.6743e-01 -3.6947e-01 +6.4256e-01
2 0 +5.816399830e+01 +3.291399830e+01 +3.291399830e+01 -3.6342e-01 -3.6573e-01 +3.4196e-01 -1.8133e+00 -1.6249e+00 -4.6229e-01 -9.1283e-01 +4.1425e-01 -8.0802e-01 -1.3123e+00
3 0 +3.880260911e+01 +1.355260911e+01 +1.355260911e+01 +1.5656e+00 -1.2578e-01 +1.6753e-01 -1.3247e+00 -4.4438e-01 +2.1092e-01 -1.0510e+00 +4.7570e-01 -5.0064e-01 -1.9169e-01
34 0 +3.558384592e+01 +1.033384592e+01 +1.033384592e+01 +8.7753e-02 -7.9725e-01 +1.7580e-01 -5.7716e-01 +1.0751e+00 -4.7057e-02 -7.2550e-01 -2.2139e-01 +5.1293e-01 -4.6372e-01
43 0 +3.500506012e+01 +9.755060116e+00 +9.755060116e+00 +2.1607e+00 +1.8553e+00 -1.4896e-01 +1.0716e+00 +7.4538e-01 +1.4686e+00 -8.6492e-01 +7.8605e-01 +1.1584e+00 -1.6587e+00
50 0 +3.277625276e+01 +7.526252758e+00 +7.526252758e+00 +9.2027e-02 +1.5799e+00 +1.7737e-01 -7.6128e-01 +1.6231e+00 +6.3891e-01 -9.3725e-01 -9.0339e-02 -7.7562e-01 -1.2828e+00
52 0 +3.036238602e+01 +5.112386021e+00 +5.112386021e+00 +3.2900e-01 +3.6977e-01 -1.1516e+00 -1.3926e-01 +2.5613e+00 -1.1375e+00 +3.3043e-01 -4.1185e-01 +2.4177e-01 -1.0089e+00
58 0 +2.624119455e+01 +9.911945533e-01 +9.911945533e-01 +2.5715e+00 +5.5905e-01 +8.5001e-01 -8.4016e-02 +1.4240e+00 +2.3479e+00 -2.2629e+00 -2.4461e-01 +8.1427e-01 -8.1807e-01
77 0 +2.540583215e+01 +1.558321462e-01 +1.558321462e-01 +5.8883e-01 +1.3709e+00 -1.0511e+00 -4.1298e-01 +9.2101e-01 +5.6750e-01 -3.4223e+00 +4.6805e-01 +1.5523e+00 -3.2081e+00
129 0 +1.784809214e+01 -7.401907857e+00 -7.401907857e+00 +3.6480e+00 +4.5965e-02 +3.6331e-01 -1.6877e+00 +4.7371e-01 +1.0387e-02 -2.1681e+00 -1.0248e-02 -3.4802e-01 -2.7413e+00
165 0 +1.244548236e+01 -1.280451764e+01 -1.280451764e+01 +3.3909e+00 +1.4488e+00 -1.0746e+00 -9.8452e-01 +2.7054e+00 +2.3725e+00 -2.8238e+00 -3.8246e-02 +1.9850e+00 -2.4578e+00
194 0 +1.175621962e+01 -1.349378038e+01 -1.349378038e+01 +2.8459e+00 +8.4314e-01 -1.2017e+00 -2.8936e+00 +2.1379e+00 -5.7189e-01 -4.9294e+00 -2.8476e+00 -5.5183e-02 -2.7005e+00
211 0 +1.157758731e+01 -1.367241269e+01 -1.367241269e+01 +2.1122e+00 +1.6104e+00 -2.0801e+00 -3.1960e+00 +4.0929e+00 +1.2347e+00 -1.7054e+00 -1.9259e+00 +3.0531e+00 -1.7812e+00
263 0 +1.084174629e+01 -1.440825371e+01 -1.440825371e+01 +4.2314e+00 +9.3723e-01 -5.3818e-01 -2.1333e+00 +3.8378e+00 -1.3941e+00 -2.6328e+00 -4.1608e+00 +4.6519e-02 -3.3769e+00
322 0 +1.061435247e+01 -1.463564753e+01 -1.463564753e+01 +3.7288e+00 -1.3620e+00 -1.3611e+00 -1.3525e+00 +1.7023e+00 +1.1849e+00 -2.0359e+00 -2.0956e+00 +2.5005e+00 -2.3753e+00
358 0 +1.037298185e+01 -1.487701815e+01 -1.487701815e+01 +2.6870e+00 -1.5825e-02 -1.6807e+00 -2.0514e+00 +3.3882e+00 -1.9600e+00 -2.0176e+00 -3.1717e+00 -2.4813e-01 -3.7041e+00
410 0 +8.294107233e+00 -1.695589277e+01 -1.695589277e+01 +3.6684e+00 -7.6699e-01 -1.3882e+00 -6.0665e-01 +2.0837e+00 -9.4652e-01 -2.4332e+00 -2.7646e+00 +4.4131e-01 -2.9648e+00
450 0 +7.745050840e+00 -1.750494916e+01 -1.750494916e+01 +2.2993e+00 -4.4211e-02 -1.6717e+00 -2.4544e+00 +4.7523e+00 +1.1137e-01 -3.6463e+00 -1.3396e+00 +2.1708e+00 -1.7227e+00
452 0 +7.104578340e+00 -1.814542166e+01 -1.814542166e+01 +3.6927e+00 +1.6553e-01 +1.1186e-01 -1.2837e+00 +2.0581e+00 +5.7149e-01 -2.7445e+00 -1.8318e+00 +1.2121e-01 -2.1335e+00
509 0 +2.611487772e+00 -2.263851223e+01 -2.263851223e+01 +4.2496e+00 +5.3993e-02 -1.9658e+00 -2.3389e+00 +2.7621e+00 -4.7140e-01 -1.7820e+00 -2.4826e+00 +1.0814e+00 -2.3023e+00
596 0 +1.881759277e+00 -2.336824072e+01 -2.336824072e+01 +3.4604e+00 +2.3966e-02 -1.3592e+00 -1.3840e+00 +3.1381e+00 -1.8558e-02 -1.8235e+00 -1.7826e+00 +1.3110e+00 -2.0158e+00
768 0 +1.519455136e+00 -2.373054486e+01 -2.373054486e+01 +4.0214e+00 +3.0864e-01 -1.4580e+00 -2.2955e+00 +3.1210e+00 -5.2164e-01 -2.2521e+00 -1.1111e+00 +1.3531e+00 -1.9865e+00
795 0 +7.970201869e-01 -2.445297981e+01 -2.445297981e+01 +4.2543e+00 +6.8903e-01 -1.2334e+00 -2.1171e+00 +3.1912e+00 +3.0998e-01 -2.3010e+00 -1.4842e+00 +1.1763e+00 -2.5785e+00
845 0 +3.220693331e-01 -2.492793067e+01 -2.492793067e+01 +3.6085e+00 +7.9989e-01 -1.4330e+00 -1.8389e+00 +3.0841e+00 +1.0424e-01 -2.5222e+00 -1.4989e+00 +1.3402e+00 -2.5979e+00
1178 0 +2.334489269e-01 -2.501655107e+01 -2.501655107e+01 +3.7717e+00 +7.4531e-01 -1.2247e+00 -2.1111e+00 +3.0926e+00 +5.0190e-02 -2.3037e+00 -1.7481e+00 +1.5350e+00 -2.5830e+00
1215 0 +1.992697538e-01 -2.505073025e+01 -2.505073025e+01 +3.8635e+00 +6.9317e-01 -1.4673e+00 -2.2128e+00 +3.5782e+00 +9.2097e-02 -2.4182e+00 -1.8269e+00 +1.2786e+00 -2.7558e+00
1225 0 +1.972436755e-01 -2.505275632e+01 -2.505275632e+01 +3.5696e+00 +7.6441e-01 -1.3320e+00 -2.3309e+00 +3.2563e+00 +1.0543e-01 -2.5684e+00 -1.7487e+00 +1.0291e+00 -2.6997e+00
1235 0 +1.534831217e-01 -2.509651688e+01 -2.509651688e+01 +3.7771e+00 +6.8432e-01 -1.5436e+00 -2.3157e+00 +3.2873e+00 -6.7161e-02 -2.5465e+00 -1.7820e+00 +1.5679e+00 -2.7758e+00
1309 0 +8.479594578e-02 -2.516520405e+01 -2.516520405e+01 +3.5981e+00 +5.2453e-01 -1.4515e+00 -2.3263e+00 +3.4676e+00 -6.4397e-02 -2.4355e+00 -1.7515e+00 +1.2459e+00 -2.6479e+00
1360 0 +7.216177846e-02 -2.517783822e+01 -2.517783822e+01 +3.5700e+00 +7.1179e-01 -1.4188e+00 -2.1244e+00 +3.3808e+00 -3.4983e-02 -2.5767e+00 -1.6998e+00 +1.1446e+00 -2.6837e+00
1495 0 +6.942959226e-02 -2.518057041e+01 -2.518057041e+01 +3.6160e+00 +6.5444e-01 -1.3376e+00 -2.0956e+00 +3.4024e+00 -1.4634e-01 -2.4394e+00 -1.9061e+00 +1.3621e+00 -2.8561e+00
1507 0 +6.879027619e-02 -2.518120972e+01 -2.518120972e+01 +3.6359e+00 +5.1761e-01 -1.4817e+00 -2.1046e+00 +3.2413e+00 -1.0691e-02 -2.5647e+00 -1.7962e+00 +1.2107e+00 -2.5370e+00
1533 0 +5.737769039e-02 -2.519262231e+01 -2.519262231e+01 +3.6264e+00 +6.3903e-01 -1.3317e+00 -2.0744e+00 +3.3987e+00 +4.0745e-02 -2.3917e+00 -1.7774e+00 +1.2604e+00 -2.7072e+00
1571 0 +5.079454335e-02 -2.519920546e+01 -2.519920546e+01 +3.6141e+00 +5.7789e-01 -1.4292e+00 -2.1132e+00 +3.1146e+00 -2.1845e-02 -2.4220e+00 -1.8444e+00 +1.2652e+00 -2.6537e+00
1607 0 +4.699534236e-02 -2.520300466e+01 -2.520300466e+01 +3.7034e+00 +5.6988e-01 -1.4245e+00 -2.1520e+00 +3.2976e+00 -4.2637e-02 -2.4373e+00 -1.8643e+00 +1.2722e+00 -2.5121e+00
1612 0 +3.006220617e-02 -2.521993779e+01 -2.521993779e+01 +3.6333e+00 +5.3559e-01 -1.3751e+00 -2.1296e+00 +3.3032e+00 -1.0228e-01 -2.4532e+00 -1.8639e+00 +1.2415e+00 -2.5774e+00
1640 0 +1.780997334e-02 -2.523219003e+01 -2.523219003e+01 +3.5982e+00 +6.0153e-01 -1.4058e+00 -2.0717e+00 +3.2886e+00 -7.4563e-02 -2.4543e+00 -1.7813e+00 +1.2282e+00 -2.6803e+00
1722 0 +1.429861153e-02 -2.523570139e+01 -2.523570139e+01 +3.5708e+00 +6.2345e-01 -1.3932e+00 -2.1733e+00 +3.3008e+00 -7.9947e-02 -2.4492e+00 -1.7234e+00 +1.2869e+00 -2.7005e+00
1807 0 +1.301975933e-02 -2.523698024e+01 -2.523698024e+01 +3.6368e+00 +7.0622e-01 -1.4108e+00 -2.1874e+00 +3.3434e+00 -7.1368e-02 -2.5015e+00 -1.7890e+00 +1.2892e+00 -2.7065e+00
1812 0 +8.369144129e-03 -2.524163086e+01 -2.524163086e+01 +3.6322e+00 +5.8929e-01 -1.4293e+00 -2.2128e+00 +3.3117e+00 -8.7510e-02 -2.4662e+00 -1.8521e+00 +1.3243e+00 -2.6558e+00
1932 0 +7.530309776e-03 -2.524246969e+01 -2.524246969e+01 +3.6146e+00 +6.3843e-01 -1.4282e+00 -2.2059e+00 +3.3016e+00 -1.3149e-01 -2.4557e+00 -1.8689e+00 +1.3294e+00 -2.6587e+00
1956 0 +5.444492182e-03 -2.524455551e+01 -2.524455551e+01 +3.5905e+00 +6.2235e-01 -1.4571e+00 -2.1608e+00 +3.2991e+00 -7.7262e-02 -2.5161e+00 -1.8068e+00 +1.2917e+00 -2.6484e+00
2016 0 +3.191893810e-03 -2.524680811e+01 -2.524680811e+01 +3.6049e+00 +6.2517e-01 -1.4438e+00 -2.1682e+00 +3.2914e+00 -8.4169e-02 -2.4572e+00 -1.8069e+00 +1.2847e+00 -2.7003e+00
2074 0 +3.171625741e-03 -2.524682837e+01 -2.524682837e+01 +3.6233e+00 +6.4949e-01 -1.4507e+00 -2.1411e+00 +3.3221e+00 -1.1307e-01 -2.4844e+00 -1.8048e+00 +1.3249e+00 -2.6446e+00
2088 0 +1.791247058e-03 -2.524820875e+01 -2.524820875e+01 +3.6021e+00 +6.3680e-01 -1.4296e+00 -2.1581e+00 +3.3145e+00 -8.5846e-02 -2.4917e+00 -1.8173e+00 +1.2960e+00 -2.6934e+00
2180 0 +1.673915440e-03 -2.524832608e+01 -2.524832608e+01 +3.6018e+00 +6.2359e-01 -1.4186e+00 -2.1581e+00 +3.2970e+00 -9.8510e-02 -2.5018e+00 -1.8345e+00 +1.3006e+00 -2.6831e+00
2203 0 +1.424152468e-03 -2.524857585e+01 -2.524857585e+01 +3.6081e+00 +6.2188e-01 -1.4322e+00 -2.1462e+00 +3.2916e+00 -9.2219e-02 -2.4600e+00 -1.7898e+00 +1.3060e+00 -2.6766e+00
2210 0 +7.560916069e-04 -2.524924391e+01 -2.524924391e+01 +3.6275e+00 +6.4846e-01 -1.4169e+00 -2.1447e+00 +3.2989e+00 -9.2642e-02 -2.4768e+00 -1.8114e+00 +1.3216e+00 -2.6847e+00
2366 0 +6.179194518e-04 -2.524938208e+01 -2.524938208e+01 +3.6313e+00 +6.3040e-01 -1.4157e+00 -2.1411e+00 +3.2942e+00 -9.7918e-02 -2.4811e+00 -1.8166e+00 +1.3178e+00 -2.6653e+00
2367 0 +5.189655714e-04 -2.524948103e+01 -2.524948103e+01 +3.6198e+00 +6.4004e-01 -1.4275e+00 -2.1456e+00 +3.2921e+00 -9.4736e-02 -2.4587e+00 -1.8094e+00 +1.3149e+00 -2.6730e+00
2429 0 +3.234325950e-04 -2.524967657e+01 -2.524967657e+01 +3.6168e+00 +6.3200e-01 -1.4183e+00 -2.1549e+00 +3.2968e+00 -9.8853e-02 -2.4598e+00 -1.8215e+00 +1.3133e+00 -2.6703e+00
2439 0 +2.182451291e-04 -2.524978175e+01 -2.524978175e+01 +3.6204e+00 +6.3401e-01 -1.4134e+00 -2.1486e+00 +3.2920e+00 -9.7379e-02 -2.4803e+00 -1.8192e+00 +1.3098e+00 -2.6748e+00
2500 0 +1.723770958e-04 -2.524982762e+01 -2.524982762e+01 +3.6181e+00 +6.3450e-01 -1.4224e+00 -2.1471e+00 +3.3007e+00 -1.0400e-01 -2.4833e+00 -1.8090e+00 +1.3124e+00 -2.6731e+00
% f evaluations | g evaluations | best noise-free fitness - Fopt (1.830100000000e+02) + sum g_i+ | measured fitness | best measured fitness or single-digit g-values | x1 | x2...
1 0 +9.554552462e+01 +2.785555246e+02 +2.785555246e+02 +5.9671e-01 -3.8264e-02 +7.4769e-01 +1.6230e+00 -1.3415e-01 -1.3414e-01 +1.6792e+00 +8.6743e-01 -3.6947e-01 +6.4256e-01
2 0 +6.577898979e+01 +2.487889898e+02 +2.487889898e+02 -3.6342e-01 -3.6573e-01 +3.4196e-01 -1.8133e+00 -1.6249e+00 -4.6229e-01 -9.1283e-01 +4.1425e-01 -8.0802e-01 -1.3123e+00
5 0 +5.295806634e+01 +2.359680663e+02 +2.359680663e+02 +8.3847e-01 +2.7137e-01 -1.5648e-02 -2.0110e-01 -1.3785e+00 -6.1984e-01 -3.6064e-01 +1.1571e+00 +4.4362e-01 -1.6630e+00
8 0 +5.127748709e+01 +2.342874871e+02 +2.342874871e+02 +4.6140e-01 +1.6380e+00 +6.4174e-02 +1.6646e+00 -2.5197e+00 +9.2190e-01 +1.8705e-01 -1.9901e-01 +1.9176e-01 -1.8876e+00
14 0 +4.561028268e+01 +2.286202827e+02 +2.286202827e+02 -1.4507e+00 +1.6856e-01 -9.6230e-01 +5.7359e-01 -8.1942e-01 +1.6499e+00 -6.8325e-01 -2.2206e-01 +9.1352e-01 -1.1309e+00
51 0 +3.379315240e+01 +2.168031524e+02 +2.168031524e+02 -1.6378e+00 +2.3228e+00 -1.5321e+00 -1.4519e+00 -2.0494e+00 -1.0810e+00 -1.1695e+00 +2.2761e+00 -6.5963e-01 -1.3093e+00
70 0 +3.373961445e+01 +2.167496144e+02 +2.167496144e+02 -1.4776e+00 +1.0964e+00 -3.6593e-01 +1.4645e-01 -1.0069e+00 -8.5797e-02 -1.7818e+00 +1.1050e+00 +7.4786e-01 -8.9317e-02
104 0 +1.264039114e+01 +1.956503911e+02 +1.956503911e+02 -2.4738e+00 +1.3254e+00 -4.3647e+00 +8.8785e-01 -2.2919e+00 +1.8163e+00 -2.5319e+00 +2.4471e+00 +2.6268e+00 -1.1887e+00
214 0 +1.238295913e+01 +1.953929591e+02 +1.953929591e+02 -2.0361e+00 +1.4127e+00 -1.9894e+00 -7.2727e-03 -4.9355e+00 +1.3349e-01 -2.8150e+00 +2.3062e+00 +3.1520e+00 -4.2616e+00
366 0 +7.757299698e+00 +1.907672997e+02 +1.907672997e+02 -3.1247e+00 +3.0241e+00 -2.8778e+00 +1.4524e+00 -2.7577e+00 +1.3452e+00 -4.1500e+00 +7.6514e-01 +3.0249e+00 -3.4037e+00
440 0 +7.537634411e+00 +1.905476344e+02 +1.905476344e+02 -3.5892e+00 +2.9553e+00 -3.7264e+00 +6.1015e-01 -2.6962e+00 -4.7763e-02 -4.3913e+00 +3.1717e+00 +1.1039e+00 -2.0075e+00
465 0 +5.631869483e+00 +1.886418695e+02 +1.886418695e+02 -1.8589e+00 +2.4688e+00 -2.7951e+00 +4.9344e-01 -3.6246e+00 -4.8829e-01 -2.8451e+00 +2.6111e+00 +1.2037e+00 -1.6079e+00
472 0 +4.852605661e+00 +1.878626057e+02 +1.878626057e+02 -1.7819e+00 +3.1503e+00 -2.4429e+00 +1.9150e+00 -3.8561e+00 +6.4689e-02 -2.2451e+00 +2.7069e+00 +3.0564e+00 -1.3822e+00
612 0 +4.422722925e+00 +1.874327229e+02 +1.874327229e+02 -2.3174e+00 +3.5132e+00 -3.7760e+00 +1.1254e+00 -3.5988e+00 +6.8460e-01 -3.6770e+00 +1.2692e+00 +2.3713e+00 -3.2773e+00
620 0 +1.829548075e+00 +1.848395481e+02 +1.848395481e+02 -2.3370e+00 +3.6129e+00 -2.2474e+00 +1.4081e+00 -2.6209e+00 +1.8792e-02 -3.8198e+00 +2.3762e+00 +2.7657e+00 -2.0684e+00
684 0 +1.785283296e+00 +1.847952833e+02 +1.847952833e+02 -2.4080e+00 +4.0409e+00 -2.9088e+00 +1.0451e+00 -3.8864e+00 -4.2806e-02 -4.2300e+00 +2.0756e+00 +3.2893e+00 -1.8701e+00
759 0 +1.101398259e+00 +1.841113983e+02 +1.841113983e+02 -2.7462e+00 +2.9878e+00 -3.1717e+00 +1.0749e+00 -3.1753e+00 +9.7379e-02 -4.1646e+00 +2.8856e+00 +2.3914e+00 -1.8951e+00
865 0 +8.705101853e-01 +1.838805102e+02 +1.838805102e+02 -2.1108e+00 +2.9776e+00 -2.4907e+00 +1.1559e+00 -3.7399e+00 -2.8384e-01 -4.5067e+00 +2.7686e+00 +2.8316e+00 -2.3191e+00
871 0 +7.715221590e-01 +1.837815222e+02 +1.837815222e+02 -2.5865e+00 +3.4865e+00 -2.9181e+00 +1.2568e+00 -3.4250e+00 +5.2222e-01 -4.2434e+00 +2.6447e+00 +2.5612e+00 -1.8405e+00
967 0 +6.410582609e-01 +1.836510583e+02 +1.836510583e+02 -2.5512e+00 +2.8666e+00 -2.9474e+00 +1.1623e+00 -3.3052e+00 -1.6544e-01 -4.2202e+00 +2.6433e+00 +3.0659e+00 -2.1253e+00
1006 0 +4.083390791e-01 +1.834183391e+02 +1.834183391e+02 -1.9945e+00 +2.9007e+00 -2.8528e+00 +1.3369e+00 -3.0635e+00 +2.4288e-01 -3.9203e+00 +2.5108e+00 +2.8923e+00 -2.2195e+00
1086 0 +3.955916947e-01 +1.834055917e+02 +1.834055917e+02 -2.4005e+00 +3.0113e+00 -2.6327e+00 +1.1868e+00 -3.7261e+00 +3.6914e-01 -3.7830e+00 +2.6948e+00 +3.1879e+00 -1.9731e+00
1153 0 +3.032730458e-01 +1.833132730e+02 +1.833132730e+02 -2.2783e+00 +2.9654e+00 -2.9723e+00 +8.4741e-01 -3.8525e+00 +2.6179e-01 -3.8069e+00 +2.6562e+00 +2.7025e+00 -2.4664e+00
1172 0 +1.988314779e-01 +1.832088315e+02 +1.832088315e+02 -2.1953e+00 +2.9416e+00 -2.9559e+00 +8.1698e-01 -3.6192e+00 +5.4721e-01 -4.0089e+00 +2.5801e+00 +2.9887e+00 -2.0699e+00
1286 0 +1.951155332e-01 +1.832051155e+02 +1.832051155e+02 -2.2611e+00 +3.3582e+00 -3.0262e+00 +8.8887e-01 -3.6910e+00 +1.2809e-01 -3.9504e+00 +2.4192e+00 +2.8293e+00 -2.1706e+00
1312 0 +1.158995738e-01 +1.831258996e+02 +1.831258996e+02 -2.1062e+00 +3.1225e+00 -2.6995e+00 +1.1389e+00 -3.6036e+00 +2.3619e-01 -4.0003e+00 +2.5098e+00 +3.1105e+00 -2.1916e+00
1384 0 +1.035700554e-01 +1.831135701e+02 +1.831135701e+02 -2.2995e+00 +3.2249e+00 -2.9235e+00 +9.7390e-01 -3.4596e+00 +3.0533e-01 -3.8749e+00 +2.7010e+00 +2.8464e+00 -2.0440e+00
1413 0 +6.579160404e-02 +1.830757916e+02 +1.830757916e+02 -2.1654e+00 +3.1166e+00 -2.8603e+00 +1.0027e+00 -3.3397e+00 +2.5523e-01 -3.9760e+00 +2.6195e+00 +2.9184e+00 -2.0941e+00
1475 0 +6.507477062e-02 +1.830750748e+02 +1.830750748e+02 -2.2791e+00 +3.1828e+00 -2.8251e+00 +1.0151e+00 -3.4297e+00 +3.2987e-01 -3.9990e+00 +2.5384e+00 +2.7583e+00 -2.0983e+00
1487 0 +5.900538544e-02 +1.830690054e+02 +1.830690054e+02 -2.2228e+00 +3.2741e+00 -2.9290e+00 +1.0719e+00 -3.5084e+00 +3.1649e-01 -3.9694e+00 +2.6459e+00 +2.8043e+00 -2.1288e+00
1489 0 +2.795675991e-02 +1.830379568e+02 +1.830379568e+02 -2.1721e+00 +3.1013e+00 -2.7850e+00 +9.9519e-01 -3.5228e+00 +3.6542e-01 -4.0086e+00 +2.6527e+00 +2.8237e+00 -2.2355e+00
1657 0 +2.692208999e-02 +1.830369221e+02 +1.830369221e+02 -2.1526e+00 +3.1033e+00 -2.8979e+00 +1.0544e+00 -3.6903e+00 +2.7214e-01 -4.0237e+00 +2.6011e+00 +2.8213e+00 -2.1755e+00
1735 0 +2.620341932e-02 +1.830362034e+02 +1.830362034e+02 -2.1337e+00 +3.1106e+00 -2.8594e+00 +1.0588e+00 -3.4870e+00 +1.9203e-01 -3.8768e+00 +2.4924e+00 +2.8409e+00 -2.1700e+00
1743 0 +2.421876558e-02 +1.830342188e+02 +1.830342188e+02 -2.0785e+00 +3.1318e+00 -2.8350e+00 +1.0540e+00 -3.6162e+00 +2.8826e-01 -3.9377e+00 +2.6344e+00 +2.8554e+00 -2.2923e+00
1745 0 +1.737481024e-02 +1.830273748e+02 +1.830273748e+02 -2.1203e+00 +3.0473e+00 -2.9453e+00 +9.9851e-01 -3.5685e+00 +3.2746e-01 -3.9781e+00 +2.5958e+00 +2.8651e+00 -2.2048e+00
1838 0 +1.202186040e-02 +1.830220219e+02 +1.830220219e+02 -2.1213e+00 +3.1199e+00 -2.8287e+00 +9.8361e-01 -3.5070e+00 +2.4020e-01 -3.9401e+00 +2.5574e+00 +2.7906e+00 -2.2236e+00
1863 0 +9.400241590e-03 +1.830194002e+02 +1.830194002e+02 -2.1155e+00 +3.0552e+00 -2.8701e+00 +1.0112e+00 -3.5579e+00 +2.4325e-01 -3.9415e+00 +2.5869e+00 +2.8789e+00 -2.1288e+00
1925 0 +7.827438880e-03 +1.830178274e+02 +1.830178274e+02 -2.1577e+00 +3.0644e+00 -2.8824e+00 +1.0381e+00 -3.5807e+00 +2.9985e-01 -3.9724e+00 +2.6037e+00 +2.8201e+00 -2.1434e+00
1963 0 +5.217059379e-03 +1.830152171e+02 +1.830152171e+02 -2.1353e+00 +3.1219e+00 -2.8169e+00 +1.0334e+00 -3.5361e+00 +2.6768e-01 -3.9754e+00 +2.5239e+00 +2.8355e+00 -2.2044e+00
1968 0 +2.960074757e-03 +1.830129601e+02 +1.830129601e+02 -2.1579e+00 +3.1102e+00 -2.8688e+00 +1.0222e+00 -3.5721e+00 +2.4786e-01 -3.9645e+00 +2.5788e+00 +2.8626e+00 -2.2111e+00
2333 0 +1.579642760e-03 +1.830115796e+02 +1.830115796e+02 -2.1546e+00 +3.1078e+00 -2.8602e+00 +1.0078e+00 -3.5494e+00 +2.8636e-01 -3.9777e+00 +2.5810e+00 +2.8420e+00 -2.1883e+00
2394 0 +1.155284519e-03 +1.830111553e+02 +1.830111553e+02 -2.1336e+00 +3.0887e+00 -2.8465e+00 +1.0086e+00 -3.5446e+00 +2.8361e-01 -3.9661e+00 +2.5598e+00 +2.8408e+00 -2.1821e+00
2399 0 +9.201582779e-04 +1.830109202e+02 +1.830109202e+02 -2.1229e+00 +3.1070e+00 -2.8341e+00 +1.0158e+00 -3.5571e+00 +2.8024e-01 -3.9580e+00 +2.5668e+00 +2.8596e+00 -2.1829e+00
2432 0 +6.985729466e-04 +1.830106986e+02 +1.830106986e+02 -2.1252e+00 +3.1147e+00 -2.8460e+00 +1.0429e+00 -3.5521e+00 +2.7865e-01 -3.9554e+00 +2.5849e+00 +2.8529e+00 -2.1885e+00
2439 0 +6.487508429e-04 +1.830106488e+02 +1.830106488e+02 -2.1394e+00 +3.1019e+00 -2.8451e+00 +1.0276e+00 -3.5670e+00 +2.8222e-01 -3.9426e+00 +2.5735e+00 +2.8377e+00 -2.1731e+00
% f evaluations | g evaluations | best noise-free fitness - Fopt (1.835200000000e+02) + sum g_i+ | measured fitness | best measured fitness or single-digit g-values | x1 | x2...
1 0 +5.510628016e+01 +2.386262802e+02 +2.386262802e+02 +5.9671e-01 -3.8264e-02 +7.4769e-01 +1.6230e+00 -1.3415e-01 -1.3414e-01 +1.6792e+00 +8.6743e-01 -3.6947e-01 +6.4256e-01
7 0 +3.679053764e+01 +2.203105376e+02 +2.203105376e+02 -3.7917e-01 -8.5659e-02 -1.0063e+00 -1.0962e+00 +9.1253e-01 +1.4562e+00 +2.7990e-02 +1.1035e+00 +4.6164e-01 -5.4512e-01
11 0 +3.373874618e+01 +2.172587462e+02 +2.172587462e+02 -1.3154e+00 -3.2065e-01 -2.4271e-01 -7.0228e-01 -6.1286e-02 +5.0405e-01 +1.9862e+00 +2.7458e-01 +3.5755e-01 +2.5554e-02
39 0 +3.077747010e+01 +2.142974701e+02 +2.142974701e+02 -7.3972e-01 -4.9939e-01 -2.0239e+00 -4.2576e-01 -6.5913e-01 +2.5039e-01 +4.4176e-01 +1.9762e+00 +1.0504e+00 -4.7690e-01
71 0 +2.891377924e+01 +2.124337792e+02 +2.124337792e+02 -9.7989e-03 -6.0506e-02 -1.1384e+00 -9.7927e-01 -4.3295e-01 +4.7970e-01 +1.9155e+00 +2.0064e+00 +1.5554e+00 +1.7198e+00
72 0 +2.217902378e+01 +2.056990238e+02 +2.056990238e+02 +2.7524e-01 -1.2516e+00 -2.4134e+00 -1.3483e+00 -3.2161e-02 -1.1851e-01 +1.6597e+00 +1.1308e+00 +9.8249e-01 -1.2517e+00
113 0 +2.172451163e+01 +2.052445116e+02 +2.052445116e+02 -8.8414e-01 -1.9059e+00 -2.3377e+00 -1.1429e+00 -6.4146e-01 +2.6607e+00 +1.5827e+00 +4.3254e+00 -6.3275e-01 -2.6093e+00
119 0 +2.034538462e+01 +2.038653846e+02 +2.038653846e+02 -9.1511e-01 -3.8330e+00 -6.5403e-01 -1.8963e+00 +2.3803e-01 +3.1788e+00 +2.2420e+00 -5.2751e-02 +3.1003e+00 +1.3704e+00
126 0 +1.588874233e+01 +1.994087423e+02 +1.994087423e+02 +4.6319e-01 -2.9892e+00 -2.3781e+00 -1.8103e+00 +1.6143e-01 +2.9536e+00 +5.3740e-01 +2.2695e+00 +1.1690e+00 -2.2112e+00
230 0 +1.309053861e+01 +1.966105386e+02 +1.966105386e+02 +1.0626e+00 -3.5545e+00 -1.8962e+00 -5.3866e-01 -2.1324e+00 +4.0634e+00 +3.9451e+00 +1.6106e+00 +2.9318e+00 +1.3016e-01
233 0 +1.133634271e+01 +1.948563427e+02 +1.948563427e+02 -5.3565e-01 -2.2799e+00 -2.3294e+00 -2.7801e+00 -3.2402e+00 +2.4330e+00 +4.6425e+00 +2.6607e+00 +1.2687e+00 -1.0658e-01
245 0 +9.491995233e+00 +1.930119952e+02 +1.930119952e+02 -1.7730e+00 -2.7296e+00 -2.8029e+00 -3.0731e+00 -1.1565e+00 +2.9557e+00 +3.2356e+00 +1.5449e+00 +7.0514e-01 +1.2141e+00
372 0 +7.952495005e+00 +1.914724950e+02 +1.914724950e+02 +6.5295e-01 -4.4739e+00 -3.9533e+00 -1.8180e+00 -5.5423e-01 +1.6401e+00 +3.0863e+00 +8.7701e-01 +5.6925e-01 +4.9114e-01
440 0 +7.446825766e+00 +1.909668258e+02 +1.909668258e+02 -1.5367e+00 -3.7604e+00 -2.8711e+00 -1.3990e+00 -1.6055e+00 +3.3891e+00 +2.2754e+00 +2.8968e+00 +1.4916e+00 -9.3000e-01
457 0 +7.206580055e+00 +1.907265801e+02 +1.907265801e+02 +9.2283e-01 -4.3422e+00 -3.8212e+00 -1.6790e+00 -1.1561e-01 +1.4365e+00 +2.4998e+00 +1.6991e+00 +5.7937e-01 -5.6469e-01
462 0 +3.765873367e+00 +1.872858734e+02 +1.872858734e+02 +6.8574e-01 -3.2702e+00 -2.0321e+00 -1.7486e+00 -1.4009e+00 +3.4245e+00 +2.9361e+00 +1.9189e+00 +4.9336e-01 +6.9521e-02
663 0 +1.369577352e+00 +1.848895774e+02 +1.848895774e+02 -1.9831e-01 -3.3116e+00 -2.0939e+00 -2.0896e+00 -2.8698e-01 +2.0974e+00 +3.3297e+00 +2.6138e+00 +1.0328e+00 +5.1648e-01
824 0 +1.064353699e+00 +1.845843537e+02 +1.845843537e+02 +4.9914e-01 -3.8505e+00 -2.5908e+00 -1.8387e+00 -1.0308e+00 +2.5086e+00 +4.1918e+00 +2.8679e+00 +1.0136e+00 -5.3677e-01
927 0 +6.757809090e-01 +1.841957809e+02 +1.841957809e+02 -7.9227e-02 -3.9863e+00 -2.3755e+00 -2.1321e+00 -1.0317e+00 +2.5803e+00 +3.5567e+00 +1.9801e+00 +1.4335e+00 -6.6459e-02
942 0 +4.835634382e-01 +1.840035634e+02 +1.840035634e+02 +3.8343e-02 -3.7829e+00 -2.0410e+00 -1.9615e+00 -9.6483e-01 +2.2010e+00 +3.4391e+00 +2.5527e+00 +6.6245e-01 -1.2623e-01
1172 0 +4.743635043e-01 +1.839943635e+02 +1.839943635e+02 -1.6605e-01 -4.1559e+00 -2.1537e+00 -1.9853e+00 -6.7702e-01 +2.3620e+00 +3.8710e+00 +2.7338e+00 +5.1827e-01 -2.2159e-01
1225 0 +3.620864860e-01 +1.838820865e+02 +1.838820865e+02 +1.4612e-02 -4.1801e+00 -2.4758e+00 -2.0193e+00 -9.0113e-01 +2.5464e+00 +3.7971e+00 +2.3732e+00 +7.3667e-01 -4.5342e-01
1245 0 +2.849319698e-01 +1.838049320e+02 +1.838049320e+02 +1.5821e-01 -3.8658e+00 -2.0433e+00 -2.1076e+00 -3.7307e-01 +2.4557e+00 +3.6458e+00 +2.3190e+00 +1.0851e+00 -5.8407e-02
1318 0 +1.142771239e-01 +1.836342771e+02 +1.836342771e+02 -1.1150e-01 -3.9170e+00 -2.2586e+00 -1.8714e+00 -7.4613e-01 +2.5270e+00 +3.7323e+00 +2.7048e+00 +8.6168e-01 -2.2836e-01
1483 0 +8.419680970e-02 +1.836041968e+02 +1.836041968e+02 +1.3923e-01 -3.9703e+00 -2.3342e+00 -2.0825e+00 -5.4862e-01 +2.6227e+00 +3.5993e+00 +2.6364e+00 +8.8716e-01 -2.3401e-01
1647 0 +7.663815899e-02 +1.835966382e+02 +1.835966382e+02 +1.1281e-01 -4.0374e+00 -2.4358e+00 -2.0791e+00 -6.8049e-01 +2.3826e+00 +3.7299e+00 +2.5174e+00 +9.3733e-01 -2.2814e-01
1771 0 +7.360300004e-02 +1.835936030e+02 +1.835936030e+02 -1.0964e-01 -3.9373e+00 -2.4985e+00 -2.1133e+00 -5.3247e-01 +2.4909e+00 +3.6046e+00 +2.6516e+00 +9.5251e-01 -1.2608e-01
1780 0 +6.186951030e-02 +1.835818695e+02 +1.835818695e+02 -1.0739e-01 -3.9956e+00 -2.3416e+00 -2.1435e+00 -6.3477e-01 +2.5807e+00 +3.6210e+00 +2.5131e+00 +1.1757e+00 -6.9241e-02
1785 0 +4.591179623e-02 +1.835659118e+02 +1.835659118e+02 -4.8797e-02 -4.0029e+00 -2.4448e+00 -1.9235e+00 -5.6156e-01 +2.4866e+00 +3.6144e+00 +2.6246e+00 +1.0160e+00 -1.6043e-01
1827 0 +3.658497490e-02 +1.835565850e+02 +1.835565850e+02 -8.4649e-02 -3.9369e+00 -2.3675e+00 -2.0083e+00 -5.8635e-01 +2.5180e+00 +3.5413e+00 +2.4558e+00 +1.1071e+00 -1.6363e-01
1854 0 +3.516446689e-02 +1.835551645e+02 +1.835551645e+02 +7.2734e-02 -3.9911e+00 -2.4053e+00 -1.9727e+00 -7.0022e-01 +2.4883e+00 +3.5502e+00 +2.5401e+00 +9.6745e-01 -1.4974e-01
1860 0 +3.169206637e-02 +1.835516921e+02 +1.835516921e+02 -5.5127e-02 -4.0437e+00 -2.3156e+00 -1.9822e+00 -7.1205e-01 +2.4319e+00 +3.5532e+00 +2.5892e+00 +1.0423e+00 -1.8357e-01
1903 0 +2.638696799e-02 +1.835463870e+02 +1.835463870e+02 -5.2373e-02 -3.9713e+00 -2.3562e+00 -2.0934e+00 -7.7238e-01 +2.4405e+00 +3.6161e+00 +2.6068e+00 +1.0656e+00 -1.7756e-01
1944 0 +1.475088007e-02 +1.835347509e+02 +1.835347509e+02 -6.1302e-02 -3.9210e+00 -2.2494e+00 -2.0581e+00 -6.1817e-01 +2.4672e+00 +3.6550e+00 +2.5807e+00 +1.0584e+00 -1.5988e-01
2107 0 +1.039761649e-02 +1.835303976e+02 +1.835303976e+02 -6.1078e-02 -3.8905e+00 -2.2873e+00 -2.0281e+00 -6.5334e-01 +2.4712e+00 +3.5998e+00 +2.5420e+00 +1.0012e+00 -1.5684e-01
2188 0 +1.026485872e-02 +1.835302649e+02 +1.835302649e+02 +2.0251e-02 -3.9304e+00 -2.3029e+00 -2.0113e+00 -6.5918e-01 +2.5170e+00 +3.5989e+00 +2.5942e+00 +1.0715e+00 -1.3343e-01
2190 0 +8.443773099e-03 +1.835284438e+02 +1.835284438e+02 -2.0006e-02 -3.9489e+00 -2.3590e+00 -2.0721e+00 -6.8065e-01 +2.5391e+00 +3.6285e+00 +2.5366e+00 +1.0948e+00 -2.0066e-01
2210 0 +6.814880904e-03 +1.835268149e+02 +1.835268149e+02 -1.6252e-02 -3.9774e+00 -2.3518e+00 -2.0843e+00 -6.3695e-01 +2.4803e+00 +3.5887e+00 +2.5486e+00 +1.0402e+00 -1.9330e-01
2256 0 +6.521319737e-03 +1.835265213e+02 +1.835265213e+02 -5.8313e-02 -3.9513e+00 -2.3215e+00 -2.0062e+00 -6.7056e-01 +2.5328e+00 +3.6273e+00 +2.5523e+00 +1.0387e+00 -2.2789e-01
2263 0 +6.209816407e-03 +1.835262098e+02 +1.835262098e+02 -6.3752e-02 -3.9086e+00 -2.3348e+00 -2.0293e+00 -6.7114e-01 +2.4681e+00 +3.6443e+00 +2.5303e+00 +1.0421e+00 -1.9871e-01
2388 0 +5.412647063e-03 +1.835254126e+02 +1.835254126e+02 +2.1493e-02 -3.9633e+00 -2.3588e+00 -2.0542e+00 -6.5788e-01 +2.5009e+00 +3.5977e+00 +2.5719e+00 +1.0173e+00 -1.4992e-01
2437 0 +4.442631780e-03 +1.835244426e+02 +1.835244426e+02 -2.6902e-02 -3.9045e+00 -2.3547e+00 -2.0423e+00 -6.7070e-01 +2.4841e+00 +3.6374e+00 +2.5835e+00 +1.0450e+00 -2.0919e-01
2465 0 +3.058608818e-03 +1.835230586e+02 +1.835230586e+02 -1.1815e-02 -3.9359e+00 -2.3794e+00 -2.0653e+00 -6.5220e-01 +2.5017e+00 +3.6346e+00 +2.5481e+00 +1.0142e+00 -1.8537e-01
2478 0 +1.253019866e-03 +1.835212530e+02 +1.835212530e+02 -9.0690e-03 -3.9457e+00 -2.3298e+00 -2.0546e+00 -6.6013e-01 +2.4991e+00 +3.6161e+00 +2.5658e+00 +1.0068e+00 -1.7120e-01
% f evaluations | g evaluations | best noise-free fitness - Fopt (-5.938400000000e+02) + sum g_i+ | measured fitness | best measured fitness or single-digit g-values | x1 | x2...
1 0 +6.429881275e+01 -5.295411872e+02 -5.295411872e+02 +5.9671e-01 -3.8264e-02 +7.4769e-01 +1.6230e+00 -1.3415e-01 -1.3414e-01 +1.6792e+00 +8.6743e-01 -3.6947e-01 +6.4256e-01
3 0 +6.195942218e+01 -5.318805778e+02 -5.318805778e+02 +1.5656e+00 -1.2578e-01 +1.6753e-01 -1.3247e+00 -4.4438e-01 +2.1092e-01 -1.0510e+00 +4.7570e-01 -5.0064e-01 -1.9169e-01
4 0 +5.345708640e+01 -5.403829136e+02 -5.403829136e+02 -5.0171e-01 +1.9523e+00 +8.6503e-02 -9.5771e-01 +9.2254e-01 -1.1208e+00 +3.0886e-01 -1.8597e+00 -1.2282e+00 +2.9686e-01
6 0 +3.896935722e+01 -5.548706428e+02 -5.548706428e+02 +4.2408e-01 -2.8508e-01 -5.7692e-01 +7.1168e-01 +1.1310e+00 +1.0313e+00 -7.3922e-01 -2.0921e-01 +4.3126e-01 +1.0755e+00
24 0 +3.006072911e+01 -5.637792709e+02 -5.637792709e+02 -6.3037e-01 +3.1646e-01 +1.4557e-01 -5.5160e-01 +2.2439e+00 +7.3392e-01 -1.9251e+00 +2.8645e-01 -5.6179e-01 +9.5243e-01
54 0 +2.402689286e+01 -5.698131071e+02 -5.698131071e+02 -2.1907e+00 +7.4844e-01 +1.8896e-01 -1.5406e-01 +8.4102e-01 +1.4297e+00 -2.2382e+00 +2.6554e-01 -2.3313e+00 -9.0231e-01
62 0 +2.236407250e+01 -5.714759275e+02 -5.714759275e+02 -1.2665e+00 +1.4990e-01 +1.2571e+00 -7.6383e-01 +1.7074e+00 +1.1035e+00 -1.1289e+00 -6.8917e-01 -1.9433e+00 +1.1896e+00
63 0 +2.189851996e+01 -5.719414800e+02 -5.719414800e+02 -1.9602e+00 +6.3709e-01 +1.1033e-01 +2.1717e+00 +5.7395e-01 +1.3614e+00 -1.7197e+00 -5.0862e-01 +2.6079e-01 +5.8170e-01
72 0 +2.040983168e+01 -5.734301683e+02 -5.734301683e+02 -2.9671e+00 -1.9560e-02 +6.6287e-01 -3.8082e-01 +1.6082e+00 +8.4798e-01 -2.7264e+00 -9.2944e-01 -4.4401e-01 +6.0015e-01
110 0 +1.956347327e+01 -5.742765267e+02 -5.742765267e+02 -3.3215e+00 +3.3578e-01 +2.6932e+00 -2.8876e-01 +3.1167e-01 +1.9349e+00 -3.1529e+00 -1.7458e+00 -6.4258e-01 +3.3323e+00
112 0 +7.254640370e+00 -5.865853596e+02 -5.865853596e+02 -2.4718e+00 +5.0836e-01 +7.3786e-01 +1.7536e+00 +1.7108e+00 +1.9175e+00 -2.7727e+00 -3.3203e+00 -1.9581e+00 +8.7214e-01
168 0 +5.650387276e+00 -5.881896127e+02 -5.881896127e+02 -3.1524e+00 +3.0461e-01 -3.7009e-01 +1.5591e+00 +1.6588e-01 +1.4155e+00 -4.4599e+00 -1.9949e+00 -2.7273e+00 +3.0856e+00
555 0 +4.754392907e+00 -5.890856071e+02 -5.890856071e+02 -3.1679e+00 +1.1259e+00 +8.8916e-01 +2.5209e+00 +8.1243e-01 +3.0546e+00 -3.7712e+00 -3.0486e+00 -2.4426e+00 +2.8507e+00
556 0 +3.274454928e+00 -5.905655451e+02 -5.905655451e+02 -2.3539e+00 +7.8291e-03 +5.8309e-01 +2.4760e+00 +8.2244e-01 +3.3659e+00 -3.9560e+00 -2.3101e+00 -3.9916e+00 +3.1406e+00
625 0 +3.074446802e+00 -5.907655532e+02 -5.907655532e+02 -2.6523e+00 -8.2893e-02 +4.8007e-01 +2.3272e+00 +5.8772e-01 +3.3462e+00 -4.0149e+00 -2.7390e+00 -3.4006e+00 +2.8896e+00
699 0 +2.989115104e+00 -5.908508849e+02 -5.908508849e+02 -2.6159e+00 -7.4311e-01 +1.4434e+00 +2.1027e+00 +1.6955e+00 +2.0946e+00 -3.5315e+00 -1.0957e+00 -3.1793e+00 +3.2139e+00
702 0 +2.589331058e+00 -5.912506689e+02 -5.912506689e+02 -2.9369e+00 -1.6156e-01 +4.4700e-01 +1.4194e+00 +1.4432e+00 +2.0969e+00 -3.7752e+00 -1.9125e+00 -4.3400e+00 +2.0738e+00
723 0 +2.472217017e+00 -5.913677830e+02 -5.913677830e+02 -3.2211e+00 +3.4267e-01 +2.1896e-01 +2.2129e+00 +2.0759e+00 +2.9055e+00 -4.1464e+00 -1.8188e+00 -4.0061e+00 +2.3251e+00
787 0 +2.125840329e+00 -5.917141597e+02 -5.917141597e+02 -3.1945e+00 -4.0907e-02 +5.7770e-01 +1.0649e+00 +1.5000e+00 +1.8888e+00 -4.0241e+00 -1.8647e+00 -2.9792e+00 +2.0986e+00
813 0 +1.410341157e+00 -5.924296588e+02 -5.924296588e+02 -2.8418e+00 +8.8197e-02 -1.4816e-01 +1.8785e+00 +1.2900e+00 +2.1005e+00 -3.1177e+00 -1.2745e+00 -3.0696e+00 +1.9247e+00
928 0 +1.330639171e+00 -5.925093608e+02 -5.925093608e+02 -2.5295e+00 +1.7805e-01 -3.7618e-01 +2.0501e+00 +1.3948e+00 +2.5597e+00 -3.1100e+00 -1.6175e+00 -2.7952e+00 +2.0669e+00
947 0 +1.021124392e+00 -5.928188756e+02 -5.928188756e+02 -2.3392e+00 +4.6309e-01 +8.4081e-01 +2.4233e+00 +1.0619e+00 +2.6090e+00 -3.4889e+00 -1.9130e+00 -2.6491e+00 +1.7140e+00
954 0 +9.805086603e-01 -5.928594913e+02 -5.928594913e+02 -2.5981e+00 +3.1439e-01 +3.3197e-01 +2.0097e+00 +1.6042e+00 +2.5243e+00 -4.1962e+00 -1.3147e+00 -2.8015e+00 +2.7643e+00
992 0 +9.169476040e-01 -5.929230524e+02 -5.929230524e+02 -2.3274e+00 -1.6781e-01 +7.5798e-01 +2.6464e+00 +1.5924e+00 +2.4991e+00 -4.1132e+00 -1.7143e+00 -2.6210e+00 +2.2880e+00
1020 0 +5.433040557e-01 -5.932966959e+02 -5.932966959e+02 -2.6476e+00 +3.2215e-01 +6.6752e-01 +2.6216e+00 +1.4192e+00 +2.4338e+00 -3.2577e+00 -1.5478e+00 -2.8213e+00 +2.2532e+00
1275 0 +5.028837931e-01 -5.933371162e+02 -5.933371162e+02 -2.4956e+00 -2.8634e-01 +4.4787e-01 +1.9610e+00 +1.5685e+00 +2.7550e+00 -3.6036e+00 -2.0262e+00 -3.3869e+00 +2.2942e+00
1280 0 +4.359030124e-01 -5.934040970e+02 -5.934040970e+02 -2.5951e+00 +2.0688e-01 +5.2161e-01 +2.1970e+00 +9.2058e-01 +2.6163e+00 -3.2512e+00 -1.8163e+00 -2.8751e+00 +2.4117e+00
1308 0 +4.214506547e-01 -5.934185493e+02 -5.934185493e+02 -2.2204e+00 +1.5684e-01 +4.9761e-01 +2.1491e+00 +1.5282e+00 +1.9793e+00 -3.5420e+00 -1.7582e+00 -3.0209e+00 +2.1688e+00
1329 0 +3.089821267e-01 -5.935310179e+02 -5.935310179e+02 -2.8158e+00 +9.2352e-02 +4.2858e-01 +2.4653e+00 +1.4146e+00 +2.6676e+00 -3.3779e+00 -1.6244e+00 -3.0421e+00 +2.3201e+00
1382 0 +2.593675503e-01 -5.935806324e+02 -5.935806324e+02 -2.4321e+00 +2.8227e-01 +4.2147e-01 +2.3991e+00 +1.6154e+00 +2.5211e+00 -3.8126e+00 -1.8476e+00 -3.0673e+00 +2.3091e+00
1383 0 +2.260190461e-01 -5.936139810e+02 -5.936139810e+02 -2.8388e+00 +1.4902e-01 +8.2886e-01 +2.1806e+00 +1.1129e+00 +2.5198e+00 -3.6985e+00 -1.8243e+00 -3.0587e+00 +2.3489e+00
1461 0 +1.282049306e-01 -5.937117951e+02 -5.937117951e+02 -2.4779e+00 +3.4043e-01 +4.9418e-01 +2.2514e+00 +1.2815e+00 +2.4708e+00 -3.5397e+00 -1.8310e+00 -3.0948e+00 +2.4238e+00
1505 0 +1.061311208e-01 -5.937338689e+02 -5.937338689e+02 -2.5339e+00 +2.5371e-01 +5.4063e-01 +2.0282e+00 +1.4058e+00 +2.4222e+00 -3.8276e+00 -1.7941e+00 -3.0015e+00 +2.1739e+00
1560 0 +1.021953240e-01 -5.937378047e+02 -5.937378047e+02 -2.5603e+00 -6.5780e-02 +4.1697e-01 +2.2221e+00 +1.2103e+00 +2.5031e+00 -3.5396e+00 -1.6498e+00 -3.0648e+00 +2.2375e+00
1565 0 +9.066400331e-02 -5.937493360e+02 -5.937493360e+02 -2.5202e+00 +1.6003e-01 +4.5166e-01 +2.1788e+00 +1.2414e+00 +2.5679e+00 -3.5555e+00 -1.5502e+00 -3.0630e+00 +2.2731e+00
1587 0 +8.281826821e-02 -5.937571817e+02 -5.937571817e+02 -2.5848e+00 +1.6693e-01 +5.5017e-01 +2.3020e+00 +1.4307e+00 +2.3249e+00 -3.7260e+00 -1.7665e+00 -2.9542e+00 +2.3054e+00
1600 0 +3.948653983e-02 -5.938005135e+02 -5.938005135e+02 -2.5424e+00 +1.8447e-01 +5.9590e-01 +2.1814e+00 +1.2795e+00 +2.3455e+00 -3.6832e+00 -1.7564e+00 -3.0282e+00 +2.3063e+00
1661 0 +2.935776394e-02 -5.938106422e+02 -5.938106422e+02 -2.6118e+00 +1.4984e-01 +4.8153e-01 +2.1201e+00 +1.3646e+00 +2.5012e+00 -3.6300e+00 -1.6736e+00 -3.1238e+00 +2.2114e+00
1789 0 +2.729110871e-02 -5.938127089e+02 -5.938127089e+02 -2.5632e+00 +5.6090e-02 +5.1829e-01 +2.1190e+00 +1.3624e+00 +2.4301e+00 -3.6501e+00 -1.7234e+00 -3.1105e+00 +2.4328e+00
1844 0 +2.639895711e-02 -5.938136010e+02 -5.938136010e+02 -2.4536e+00 +1.1604e-01 +5.7719e-01 +2.1954e+00 +1.3895e+00 +2.4757e+00 -3.6122e+00 -1.6893e+00 -3.0905e+00 +2.2280e+00
1862 0 +2.000082019e-02 -5.938199992e+02 -5.938199992e+02 -2.5322e+00 +1.7358e-01 +6.2909e-01 +2.1301e+00 +1.3618e+00 +2.4412e+00 -3.6024e+00 -1.6794e+00 -3.1229e+00 +2.2635e+00
1900 0 +1.717291434e-02 -5.938228271e+02 -5.938228271e+02 -2.5443e+00 +1.1038e-01 +6.0968e-01 +2.1918e+00 +1.2964e+00 +2.4503e+00 -3.6266e+00 -1.6766e+00 -3.0318e+00 +2.2677e+00
1966 0 +1.701662249e-02 -5.938229834e+02 -5.938229834e+02 -2.4808e+00 +1.1152e-01 +5.6340e-01 +2.1463e+00 +1.3427e+00 +2.5178e+00 -3.5829e+00 -1.7502e+00 -3.0076e+00 +2.2892e+00
1967 0 +9.243609067e-03 -5.938307564e+02 -5.938307564e+02 -2.6003e+00 +1.2300e-01 +5.7113e-01 +2.1607e+00 +1.3336e+00 +2.4258e+00 -3.5962e+00 -1.7278e+00 -3.0810e+00 +2.2435e+00
2070 0 +6.866064592e-03 -5.938331339e+02 -5.938331339e+02 -2.5717e+00 +1.0198e-01 +5.8063e-01 +2.1229e+00 +1.2940e+00 +2.4690e+00 -3.6409e+00 -1.7507e+00 -3.0989e+00 +2.2918e+00
2073 0 +3.678216817e-03 -5.938363218e+02 -5.938363218e+02 -2.5737e+00 +9.5612e-02 +5.5128e-01 +2.1488e+00 +1.3628e+00 +2.4457e+00 -3.5899e+00 -1.7521e+00 -3.0808e+00 +2.2641e+00
2215 0 +2.452990031e-03 -5.938375470e+02 -5.938375470e+02 -2.5580e+00 +1.0250e-01 +5.6972e-01 +2.1211e+00 +1.3558e+00 +2.4879e+00 -3.6057e+00 -1.7304e+00 -3.0440e+00 +2.2737e+00
2273 0 +2.004405505e-03 -5.938379956e+02 -5.938379956e+02 -2.5715e+00 +7.9308e-02 +5.9454e-01 +2.1266e+00 +1.3480e+00 +2.4726e+00 -3.6052e+00 -1.7430e+00 -3.0598e+00 +2.2762e+00
2429 0 +1.744024207e-03 -5.938382560e+02 -5.938382560e+02 -2.5836e+00 +1.0207e-01 +5.3846e-01 +2.1393e+00 +1.3722e+00 +2.4530e+00 -3.6192e+00 -1.7340e+00 -3.0733e+00 +2.2968e+00
2467 0 +1.326666595e-03 -5.938386733e+02 -5.938386733e+02 -2.5689e+00 +1.1634e-01 +5.6880e-01 +2.1199e+00 +1.3670e+00 +2.4538e+00 -3.6125e+00 -1.7297e+00 -3.0790e+00 +2.3063e+00
% f evaluations | g evaluations | best noise-free fitness - Fopt (-1.000000000000e+03) + sum g_i+ | measured fitness | best measured fitness or single-digit g-values | x1 | x2...
1 0 +8.750484297e+01 -9.124951570e+02 -9.124951570e+02 +5.9671e-01 -3.8264e-02 +7.4769e-01 +1.6230e+00 -1.3415e-01 -1.3414e-01 +1.6792e+00 +8.6743e-01 -3.6947e-01 +6.4256e-01
4 0 +6.514350762e+01 -9.348564924e+02 -9.348564924e+02 -5.0171e-01 +1.9523e+00 +8.6503e-02 -9.5771e-01 +9.2254e-01 -1.1208e+00 +3.0886e-01 -1.8597e+00 -1.2282e+00 +2.9686e-01
7 0 +6.257479941e+01 -9.374252006e+02 -9.374252006e+02 -3.7917e-01 -8.5659e-02 -1.0063e+00 -1.0962e+00 +9.1253e-01 +1.4562e+00 +2.7990e-02 +1.1035e+00 +4.6164e-01 -5.4512e-01
11 0 +5.696031974e+01 -9.430396803e+02 -9.430396803e+02 -1.3154e+00 -3.2065e-01 -2.4271e-01 -7.0228e-01 -6.1286e-02 +5.0405e-01 +1.9862e+00 +2.7458e-01 +3.5755e-01 +2.5554e-02
27 0 +5.400405404e+01 -9.459959460e+02 -9.459959460e+02 -8.2693e-01 +4.0475e-02 -3.1413e+00 -9.2439e-01 -1.5257e-01 -1.1478e+00 +1.7324e+00 -1.3301e+00 -3.4004e-01 +2.3074e-01
53 0 +4.397015327e+01 -9.560298467e+02 -9.560298467e+02 -3.6026e+00 +2.2687e+00 -3.7338e-01 -1.4698e+00 +4.0732e+00 +7.4680e-02 -3.1612e-01 +1.2593e+00 +2.5631e-01 -2.6187e-01
117 0 +4.064396464e+01 -9.593560354e+02 -9.593560354e+02 +3.0537e-02 +2.9962e+00 -9.5183e-01 -7.3315e-01 -4.6808e-01 +1.9024e+00 +3.1124e+00 +1.7487e+00 -1.8258e+00 -3.2384e-01
118 0 +2.804756369e+01 -9.719524363e+02 -9.719524363e+02 -9.4949e-03 +3.1023e+00 -4.0094e+00 -3.0277e+00 +3.6901e+00 +1.8677e+00 +1.7778e+00 -2.6965e-01 -3.7936e-01 +3.5753e-01
136 0 +1.318665541e+01 -9.868133446e+02 -9.868133446e+02 -3.3293e+00 +2.3778e+00 -3.5921e+00 -3.5036e+00 +2.7138e+00 +1.7585e+00 +4.5215e+00 -5.5787e-01 -3.1341e+00 +6.2841e-01
165 0 +1.195089079e+01 -9.880491092e+02 -9.880491092e+02 -2.5354e+00 +4.2219e+00 -4.5561e+00 -1.3179e+00 +3.6212e+00 +2.8516e+00 +2.6394e+00 +1.2782e+00 -1.1911e+00 +3.6383e+00
299 0 +7.089673947e+00 -9.929103261e+02 -9.929103261e+02 -3.6694e+00 +3.3832e+00 -3.3696e+00 -2.3341e+00 +9.3999e-01 +2.3900e+00 +3.5014e+00 +3.1244e+00 -1.9417e+00 +1.3195e+00
375 0 +6.132597340e+00 -9.938674027e+02 -9.938674027e+02 -3.2786e+00 +2.8709e+00 -3.1015e+00 -9.3111e-01 +1.7551e+00 +1.2502e+00 +2.7041e+00 +1.4821e+00 -1.7806e+00 +2.6827e+00
519 0 +4.888088779e+00 -9.951119112e+02 -9.951119112e+02 -2.7979e+00 +3.5661e+00 -2.9884e+00 -3.2388e+00 +2.2112e+00 +1.4477e+00 +3.0910e+00 +1.5979e+00 -6.6713e-02 +2.2676e+00
556 0 +4.646725453e+00 -9.953532745e+02 -9.953532745e+02 -3.4031e+00 +2.7503e+00 -3.3694e+00 -2.4512e+00 +2.8007e+00 +6.5081e-01 +3.4959e+00 +5.4352e-02 -1.9971e+00 +2.2420e+00
565 0 +2.973784658e+00 -9.970262153e+02 -9.970262153e+02 -3.2515e+00 +2.8398e+00 -3.2924e+00 -2.6375e+00 +2.9652e+00 +1.1709e+00 +4.2213e+00 +1.7327e+00 -1.7924e+00 +1.3537e+00
663 0 +2.771973916e+00 -9.972280261e+02 -9.972280261e+02 -3.1202e+00 +3.9952e+00 -4.1806e+00 -1.9734e+00 +2.7626e+00 +1.0267e+00 +3.1511e+00 +5.2452e-01 -1.0006e+00 +1.3923e+00
731 0 +2.768257182e+00 -9.972317428e+02 -9.972317428e+02 -3.6720e+00 +3.2425e+00 -2.6108e+00 -2.2415e+00 +2.2660e+00 +1.7254e+00 +3.0705e+00 +1.5265e+00 -1.8929e+00 +1.7776e+00
750 0 +2.753411820e+00 -9.972465882e+02 -9.972465882e+02 -3.7663e+00 +3.4613e+00 -3.9958e+00 -2.1800e+00 +2.4561e+00 +6.3141e-01 +2.6228e+00 +2.0427e+00 -1.4271e+00 +1.2764e+00
761 0 +1.593719213e+00 -9.984062808e+02 -9.984062808e+02 -3.9766e+00 +4.4866e+00 -3.2168e+00 -2.4533e+00 +2.2738e+00 +1.0121e+00 +4.0077e+00 +2.1714e+00 -1.5275e+00 +1.6790e+00
814 0 +1.538763946e+00 -9.984612361e+02 -9.984612361e+02 -4.0238e+00 +3.5172e+00 -3.4284e+00 -1.6184e+00 +2.0610e+00 +1.1561e+00 +4.1369e+00 +1.7143e+00 -1.8775e+00 +1.9574e+00
828 0 +1.520578567e+00 -9.984794214e+02 -9.984794214e+02 -3.3942e+00 +4.2743e+00 -3.0986e+00 -2.5385e+00 +2.2136e+00 +1.1214e+00 +2.9863e+00 +1.4555e+00 -1.3146e+00 +2.0678e+00
863 0 +1.426069665e+00 -9.985739303e+02 -9.985739303e+02 -3.3187e+00 +4.1556e+00 -4.3679e+00 -2.2459e+00 +2.6232e+00 +9.9926e-01 +3.5480e+00 +1.1562e+00 -1.1327e+00 +2.5137e+00
918 0 +1.026764401e+00 -9.989732356e+02 -9.989732356e+02 -3.7826e+00 +3.7541e+00 -3.4236e+00 -2.4447e+00 +2.6747e+00 +8.2278e-01 +3.7536e+00 +1.0684e+00 -1.5771e+00 +2.5024e+00
932 0 +8.402827697e-01 -9.991597172e+02 -9.991597172e+02 -3.7859e+00 +4.1422e+00 -3.3241e+00 -2.2014e+00 +2.4354e+00 +1.0787e+00 +4.0202e+00 +1.6399e+00 -1.8957e+00 +1.8414e+00
1012 0 +7.605775845e-01 -9.992394224e+02 -9.992394224e+02 -3.4907e+00 +3.9236e+00 -3.5521e+00 -2.5823e+00 +2.6809e+00 +1.1494e+00 +3.9311e+00 +1.6978e+00 -9.7634e-01 +2.1645e+00
1038 0 +6.318546619e-01 -9.993681453e+02 -9.993681453e+02 -3.9012e+00 +3.8565e+00 -3.4558e+00 -2.7520e+00 +2.0754e+00 +1.2272e+00 +3.4738e+00 +1.2918e+00 -1.4570e+00 +1.4131e+00
1051 0 +5.643799975e-01 -9.994356200e+02 -9.994356200e+02 -3.6708e+00 +4.1537e+00 -3.9273e+00 -2.2919e+00 +2.6445e+00 +1.6262e+00 +3.8572e+00 +1.7841e+00 -1.2299e+00 +1.8710e+00
1057 0 +5.106281755e-01 -9.994893718e+02 -9.994893718e+02 -3.8371e+00 +4.1183e+00 -3.5714e+00 -2.3205e+00 +2.6518e+00 +1.1626e+00 +4.0094e+00 +1.4042e+00 -1.7765e+00 +1.8687e+00
1061 0 +4.134915089e-01 -9.995865085e+02 -9.995865085e+02 -3.7987e+00 +3.5012e+00 -3.4610e+00 -2.3548e+00 +2.5920e+00 +1.2540e+00 +3.9265e+00 +1.4053e+00 -1.4034e+00 +1.7913e+00
1105 0 +3.823326518e-01 -9.996176673e+02 -9.996176673e+02 -4.0332e+00 +3.8085e+00 -4.0948e+00 -2.4922e+00 +2.2506e+00 +9.7480e-01 +3.8408e+00 +1.0475e+00 -1.4231e+00 +1.8998e+00
1217 0 +2.616617582e-01 -9.997383382e+02 -9.997383382e+02 -3.6282e+00 +4.0095e+00 -3.7036e+00 -2.3760e+00 +2.0017e+00 +1.2028e+00 +3.6197e+00 +1.2709e+00 -1.5002e+00 +1.7478e+00
1304 0 +2.270177986e-01 -9.997729822e+02 -9.997729822e+02 -3.8368e+00 +4.0139e+00 -4.0102e+00 -2.2311e+00 +2.2921e+00 +1.2817e+00 +3.4336e+00 +1.3450e+00 -1.2772e+00 +1.8175e+00
1317 0 +2.239489536e-01 -9.997760510e+02 -9.997760510e+02 -3.7024e+00 +3.8679e+00 -3.9684e+00 -2.7259e+00 +2.2651e+00 +1.4380e+00 +3.6376e+00 +1.4184e+00 -1.4526e+00 +1.6502e+00
1318 0 +9.456310628e-02 -9.999054369e+02 -9.999054369e+02 -3.7273e+00 +3.9329e+00 -3.7685e+00 -2.3738e+00 +2.2068e+00 +1.4144e+00 +3.6232e+00 +1.2337e+00 -1.4395e+00 +1.9662e+00
1455 0 +6.690663604e-02 -9.999330934e+02 -9.999330934e+02 -3.8032e+00 +3.8991e+00 -3.6870e+00 -2.4617e+00 +2.2846e+00 +1.3659e+00 +3.6566e+00 +1.5188e+00 -1.4993e+00 +2.0713e+00
1507 0 +6.476405315e-02 -9.999352359e+02 -9.999352359e+02 -3.8909e+00 +3.9321e+00 -3.7452e+00 -2.5935e+00 +2.3859e+00 +1.3467e+00 +3.7539e+00 +1.4647e+00 -1.3176e+00 +2.0105e+00
1526 0 +5.655707023e-02 -9.999434429e+02 -9.999434429e+02 -3.7889e+00 +3.8246e+00 -3.7332e+00 -2.5321e+00 +2.2657e+00 +1.2481e+00 +3.8289e+00 +1.4542e+00 -1.5376e+00 +1.9986e+00
1568 0 +4.877014849e-02 -9.999512299e+02 -9.999512299e+02 -3.7639e+00 +3.7910e+00 -3.9064e+00 -2.3907e+00 +2.3509e+00 +1.3333e+00 +3.5724e+00 +1.4521e+00 -1.4217e+00 +1.8764e+00
1592 0 +4.296001301e-02 -9.999570400e+02 -9.999570400e+02 -3.7505e+00 +3.7662e+00 -3.7223e+00 -2.4725e+00 +2.2925e+00 +1.3004e+00 +3.7013e+00 +1.5418e+00 -1.3818e+00 +1.9206e+00
1676 0 +4.223358381e-02 -9.999577664e+02 -9.999577664e+02 -3.8699e+00 +3.8880e+00 -3.7957e+00 -2.4121e+00 +2.2155e+00 +1.3069e+00 +3.6221e+00 +1.3486e+00 -1.4584e+00 +1.8065e+00
1698 0 +2.432026652e-02 -9.999756797e+02 -9.999756797e+02 -3.8253e+00 +3.7667e+00 -3.8640e+00 -2.4164e+00 +2.3065e+00 +1.3675e+00 +3.7487e+00 +1.5011e+00 -1.4658e+00 +1.9472e+00
1745 0 +1.830482763e-02 -9.999816952e+02 -9.999816952e+02 -3.8880e+00 +3.8429e+00 -3.8379e+00 -2.3845e+00 +2.3053e+00 +1.2688e+00 +3.6429e+00 +1.4183e+00 -1.4246e+00 +1.9977e+00
1791 0 +1.486379117e-02 -9.999851362e+02 -9.999851362e+02 -3.8405e+00 +3.8356e+00 -3.7942e+00 -2.4356e+00 +2.3313e+00 +1.2677e+00 +3.6984e+00 +1.3548e+00 -1.4876e+00 +1.9650e+00
1919 0 +1.125637221e-02 -9.999887436e+02 -9.999887436e+02 -3.8759e+00 +3.7932e+00 -3.8139e+00 -2.4273e+00 +2.3152e+00 +1.2844e+00 +3.7060e+00 +1.3884e+00 -1.3608e+00 +1.8923e+00
1952 0 +9.512651941e-03 -9.999904873e+02 -9.999904873e+02 -3.8580e+00 +3.8286e+00 -3.7971e+00 -2.4818e+00 +2.3327e+00 +1.3119e+00 +3.6756e+00 +1.4510e+00 -1.4700e+00 +1.9243e+00
2019 0 +7.407637392e-03 -9.999925924e+02 -9.999925924e+02 -3.8333e+00 +3.8314e+00 -3.8051e+00 -2.4414e+00 +2.3036e+00 +1.3344e+00 +3.7218e+00 +1.3643e+00 -1.3828e+00 +1.8897e+00
2026 0 +5.206725052e-03 -9.999947933e+02 -9.999947933e+02 -3.8026e+00 +3.8582e+00 -3.8056e+00 -2.4522e+00 +2.3371e+00 +1.2796e+00 +3.7108e+00 +1.4282e+00 -1.4334e+00 +1.9558e+00
2030 0 +4.770816226e-03 -9.999952292e+02 -9.999952292e+02 -3.8416e+00 +3.8198e+00 -3.7924e+00 -2.4818e+00 +2.2823e+00 +1.2942e+00 +3.7092e+00 +1.4391e+00 -1.4340e+00 +1.9443e+00
2032 0 +4.042081369e-03 -9.999959579e+02 -9.999959579e+02 -3.8588e+00 +3.8439e+00 -3.8094e+00 -2.4674e+00 +2.3033e+00 +1.3391e+00 +3.6886e+00 +1.4092e+00 -1.3896e+00 +1.9122e+00
2176 0 +3.556289914e-03 -9.999964437e+02 -9.999964437e+02 -3.8259e+00 +3.8527e+00 -3.8273e+00 -2.4292e+00 +2.2773e+00 +1.3097e+00 +3.7483e+00 +1.4593e+00 -1.4228e+00 +1.9234e+00
2195 0 +2.968904305e-03 -9.999970311e+02 -9.999970311e+02 -3.8158e+00 +3.8670e+00 -3.8159e+00 -2.4168e+00 +2.2874e+00 +1.3354e+00 +3.7083e+00 +1.4215e+00 -1.4163e+00 +1.9241e+00
2201 0 +2.140695634e-03 -9.999978593e+02 -9.999978593e+02 -3.8164e+00 +3.8615e+00 -3.8249e+00 -2.4420e+00 +2.3057e+00 +1.3110e+00 +3.6899e+00 +1.4268e+00 -1.4220e+00 +1.9466e+00
2281 0 +2.024811385e-03 -9.999979752e+02 -9.999979752e+02 -3.8466e+00 +3.8593e+00 -3.8240e+00 -2.4607e+00 +2.3039e+00 +1.3263e+00 +3.7489e+00 +1.4321e+00 -1.4337e+00 +1.9312e+00
2322 0 +1.537201206e-03 -9.999984628e+02 -9.999984628e+02 -3.8684e+00 +3.8334e+00 -3.8055e+00 -2.4491e+00 +2.3077e+00 +1.3140e+00 +3.7212e+00 +1.4238e+00 -1.4103e+00 +1.9178e+00
2398 0 +1.518712993e-03 -9.999984813e+02 -9.999984813e+02 -3.8159e+00 +3.8584e+00 -3.8077e+00 -2.4435e+00 +2.2990e+00 +1.3091e+00 +3.7276e+00 +1.4299e+00 -1.4316e+00 +1.9164e+00
2401 0 +9.067983115e-04 -9.999990932e+02 -9.999990932e+02 -3.8398e+00 +3.8732e+00 -3.8329e+00 -2.4574e+00 +2.2951e+00 +1.3073e+00 +3.7221e+00 +1.4166e+00 -1.4060e+00 +1.9206e+00
% f evaluations | g evaluations | best noise-free fitness - Fopt (-2.531000000000e+01) + sum g_i+ | measured fitness | best measured fitness or single-digit g-values | x1 | x2...
1 0 +5.348964174e+01 +2.817964174e+01 +2.817964174e+01 +5.9671e-01 -3.8264e-02 +7.4769e-01 +1.6230e+00 -1.3415e-01 -1.3414e-01 +1.6792e+00 +8.6743e-01 -3.6947e-01 +6.4256e-01
4 0 +5.229092179e+01 +2.698092179e+01 +2.698092179e+01 -5.0171e-01 +1.9523e+00 +8.6503e-02 -9.5771e-01 +9.2254e-01 -1.1208e+00 +3.0886e-01 -1.8597e+00 -1.2282e+00 +2.9686e-01
22 0 +4.375766773e+01 +1.844766773e+01 +1.844766773e+01 +6.7089e-01 +1.2356e+00 +1.0540e+00 +7.5139e-01 -2.1527e-01 +8.5897e-01 -6.7283e-01 -1.3682e-01 -3.8536e-01 +1.8187e-01
51 0 +3.799316070e+01 +1.268316070e+01 +1.268316070e+01 +2.3462e+00 +1.1154e+00 +9.4323e-02 +1.3045e-01 +1.7868e+00 -1.9910e-01 +8.6934e-02 +1.1747e+00 +7.1164e-02 -4.5044e-01
52 0 +3.287751516e+01 +7.567515155e+00 +7.567515155e+00 +2.1357e+00 +1.5586e+00 +1.3130e+00 -9.3895e-02 -1.0241e-02 -8.4275e-01 -1.4724e+00 -8.9397e-03 -9.4849e-01 -8.6701e-01
54 0 +2.563387377e+01 +3.238737660e-01 +3.238737660e-01 +2.6823e+00 +1.1234e+00 +5.2672e-02 +1.9803e-02 +6.0192e-01 -5.3793e-01 -9.1399e-02 +2.2789e-01 -3.0413e+00 -1.4130e-01
136 0 +2.214543450e+01 -3.164565503e+00 -3.164565503e+00 +1.3358e+00 +1.5028e+00 +9.2824e-01 +2.4172e+00 +5.9964e-02 -4.6692e-02 -1.0225e+00 -7.2230e-01 -2.9615e+00 +2.6723e+00
181 0 +1.194577224e+01 -1.336422776e+01 -1.336422776e+01 +4.2899e+00 +1.9500e+00 +8.7167e-01 +2.4038e+00 +1.9423e+00 -1.3965e-01 -4.5755e-01 -5.9691e-01 -1.8917e+00 +9.9120e-02
251 0 +6.238689596e+00 -1.907131040e+01 -1.907131040e+01 +4.5135e+00 +4.8510e+00 +2.1045e+00 +3.3950e+00 +2.7385e+00 -2.4067e+00 -2.1976e+00 -1.3489e-01 -2.6531e+00 +5.0619e-01
457 0 +5.217982695e+00 -2.009201731e+01 -2.009201731e+01 +2.6317e+00 +2.0973e+00 +1.2495e+00 +3.2585e+00 +2.4112e+00 -1.0633e+00 -2.0952e+00 +3.5367e-01 -2.2837e+00 +4.2347e-01
494 0 +4.809315990e+00 -2.050068401e+01 -2.050068401e+01 +2.3585e+00 +3.2457e+00 -7.7318e-02 +2.9339e+00 +1.6336e+00 -2.2132e+00 -1.5085e+00 +1.0919e+00 -2.9439e+00 +1.8874e+00
528 0 +3.577049951e+00 -2.173295005e+01 -2.173295005e+01 +3.8438e+00 +2.8421e+00 +4.6758e-01 +2.6894e+00 +2.2675e+00 -2.4313e+00 -1.9779e+00 +1.4389e-01 -2.0335e+00 +7.7681e-01
546 0 +3.005989246e+00 -2.230401075e+01 -2.230401075e+01 +3.3709e+00 +3.7823e+00 +9.0210e-01 +3.5559e+00 +2.3225e+00 -2.3874e+00 -1.9584e+00 -1.0450e+00 -4.1088e+00 +5.9302e-01
566 0 +2.493358316e+00 -2.281664168e+01 -2.281664168e+01 +3.1629e+00 +3.4290e+00 +6.8713e-01 +4.2748e+00 +1.8590e+00 -1.7700e+00 -1.3161e+00 +9.3434e-02 -3.7554e+00 +1.7675e+00
610 0 +9.424201545e-01 -2.436757985e+01 -2.436757985e+01 +3.3562e+00 +2.9132e+00 +6.6447e-01 +2.7874e+00 +2.6274e+00 -1.9554e+00 -1.7682e+00 -7.7735e-03 -3.2188e+00 +1.3215e+00
814 0 +8.228324784e-01 -2.448716752e+01 -2.448716752e+01 +2.8904e+00 +3.7115e+00 +9.3032e-01 +3.0938e+00 +2.5659e+00 -1.8909e+00 -2.2760e+00 +3.1415e-01 -3.5598e+00 +9.3710e-01
913 0 +7.183923576e-01 -2.459160764e+01 -2.459160764e+01 +3.3406e+00 +3.7809e+00 +9.5871e-01 +2.7409e+00 +2.5026e+00 -1.9134e+00 -1.9572e+00 +5.3314e-01 -2.9540e+00 +8.6982e-01
926 0 +6.435896557e-01 -2.466641034e+01 -2.466641034e+01 +3.6680e+00 +2.9326e+00 +9.3526e-01 +3.2738e+00 +2.3620e+00 -2.0964e+00 -1.7421e+00 +4.5521e-01 -3.5087e+00 +7.0412e-01
950 0 +4.455521319e-01 -2.486444787e+01 -2.486444787e+01 +3.0612e+00 +3.8826e+00 +8.5670e-01 +3.5112e+00 +2.3710e+00 -1.9117e+00 -1.6907e+00 +3.4931e-01 -3.3474e+00 +8.4763e-01
970 0 +4.331712850e-01 -2.487682872e+01 -2.487682872e+01 +3.7041e+00 +3.6576e+00 +5.4465e-01 +3.2502e+00 +2.5086e+00 -1.7293e+00 -1.8868e+00 +5.3671e-01 -3.6195e+00 +6.6861e-01
979 0 +2.982359425e-01 -2.501176406e+01 -2.501176406e+01 +3.4129e+00 +3.5040e+00 +8.8955e-01 +3.2570e+00 +2.6831e+00 -1.8997e+00 -1.4709e+00 +4.9802e-01 -3.3986e+00 +6.6895e-01
1018 0 +1.816698346e-01 -2.512833017e+01 -2.512833017e+01 +3.5516e+00 +3.5509e+00 +9.6783e-01 +3.2242e+00 +2.3220e+00 -1.8394e+00 -1.8308e+00 +1.4966e-01 -3.2511e+00 +6.9005e-01
1163 0 +1.607390751e-01 -2.514926092e+01 -2.514926092e+01 +3.3804e+00 +3.5348e+00 +8.5346e-01 +3.2654e+00 +2.5041e+00 -2.0411e+00 -1.7721e+00 +3.1484e-01 -3.4347e+00 +1.1696e+00
1175 0 +1.448812260e-01 -2.516511877e+01 -2.516511877e+01 +3.3452e+00 +3.4392e+00 +8.6135e-01 +3.0824e+00 +2.6000e+00 -1.7053e+00 -1.8678e+00 +1.4954e-01 -3.4255e+00 +8.8357e-01
1232 0 +1.004363874e-01 -2.520956361e+01 -2.520956361e+01 +3.6232e+00 +3.5493e+00 +9.4123e-01 +3.0657e+00 +2.2702e+00 -1.8630e+00 -1.6227e+00 +1.0707e-01 -3.4099e+00 +1.0213e+00
1394 0 +7.359325572e-02 -2.523640674e+01 -2.523640674e+01 +3.6605e+00 +3.4958e+00 +7.3485e-01 +3.2705e+00 +2.4252e+00 -1.7291e+00 -1.5939e+00 +1.9066e-01 -3.4131e+00 +9.9952e-01
1407 0 +5.198388048e-02 -2.525801612e+01 -2.525801612e+01 +3.4390e+00 +3.5862e+00 +7.6119e-01 +3.0506e+00 +2.3372e+00 -1.6673e+00 -1.6536e+00 +2.5016e-01 -3.3585e+00 +1.0317e+00
1502 0 +3.918984994e-02 -2.527081015e+01 -2.527081015e+01 +3.4658e+00 +3.4342e+00 +7.7131e-01 +3.2563e+00 +2.4814e+00 -1.7405e+00 -1.6662e+00 +2.1655e-01 -3.3855e+00 +1.0310e+00
1554 0 +3.027690779e-02 -2.527972309e+01 -2.527972309e+01 +3.4622e+00 +3.5562e+00 +7.5051e-01 +3.1974e+00 +2.4334e+00 -1.8535e+00 -1.6662e+00 +3.0720e-01 -3.3744e+00 +9.0597e-01
1566 0 +2.842318022e-02 -2.528157682e+01 -2.528157682e+01 +3.5654e+00 +3.5556e+00 +8.3050e-01 +3.2472e+00 +2.4219e+00 -1.7420e+00 -1.6945e+00 +1.9082e-01 -3.3560e+00 +9.3928e-01
1643 0 +2.756485528e-02 -2.528243514e+01 -2.528243514e+01 +3.3830e+00 +3.4797e+00 +8.9652e-01 +3.1380e+00 +2.3483e+00 -1.7722e+00 -1.6333e+00 +3.1757e-01 -3.5087e+00 +1.0080e+00
1645 0 +1.238103515e-02 -2.529761896e+01 -2.529761896e+01 +3.5138e+00 +3.5277e+00 +8.3667e-01 +3.1058e+00 +2.3649e+00 -1.7861e+00 -1.6452e+00 +2.9338e-01 -3.4023e+00 +9.4477e-01
1814 0 +7.533182908e-03 -2.530246682e+01 -2.530246682e+01 +3.5103e+00 +3.5527e+00 +8.3744e-01 +3.2140e+00 +2.3333e+00 -1.7712e+00 -1.6514e+00 +2.3533e-01 -3.4263e+00 +9.4725e-01
1819 0 +7.412935637e-03 -2.530258706e+01 -2.530258706e+01 +3.4660e+00 +3.5270e+00 +8.6154e-01 +3.1668e+00 +2.3658e+00 -1.8089e+00 -1.6644e+00 +2.1637e-01 -3.3872e+00 +9.6750e-01
1822 0 +7.383922819e-03 -2.530261608e+01 -2.530261608e+01 +3.4925e+00 +3.5266e+00 +8.0836e-01 +3.1778e+00 +2.3875e+00 -1.7081e+00 -1.7022e+00 +2.4596e-01 -3.4269e+00 +9.7080e-01
1870 0 +6.587320005e-03 -2.530341268e+01 -2.530341268e+01 +3.4664e+00 +3.5504e+00 +8.3679e-01 +3.1693e+00 +2.3603e+00 -1.7231e+00 -1.6283e+00 +3.0051e-01 -3.4088e+00 +9.4777e-01
1894 0 +4.483269562e-03 -2.530551673e+01 -2.530551673e+01 +3.4782e+00 +3.5123e+00 +8.4699e-01 +3.2227e+00 +2.3625e+00 -1.7798e+00 -1.6353e+00 +2.6107e-01 -3.4389e+00 +9.9416e-01
1923 0 +3.541009355e-03 -2.530645899e+01 -2.530645899e+01 +3.4713e+00 +3.4947e+00 +8.3987e-01 +3.2121e+00 +2.4154e+00 -1.7738e+00 -1.6510e+00 +2.5493e-01 -3.4260e+00 +9.6231e-01
2093 0 +2.305678353e-03 -2.530769432e+01 -2.530769432e+01 +3.4619e+00 +3.5125e+00 +8.6476e-01 +3.1967e+00 +2.3797e+00 -1.7639e+00 -1.6860e+00 +2.6783e-01 -3.4393e+00 +9.9819e-01
2094 0 +1.933697211e-03 -2.530806630e+01 -2.530806630e+01 +3.4697e+00 +3.5452e+00 +8.6542e-01 +3.1931e+00 +2.3866e+00 -1.7647e+00 -1.6572e+00 +2.7610e-01 -3.3970e+00 +9.5189e-01
2100 0 +1.826215698e-03 -2.530817378e+01 -2.530817378e+01 +3.4624e+00 +3.5422e+00 +8.4857e-01 +3.1716e+00 +2.3953e+00 -1.7860e+00 -1.6556e+00 +2.8523e-01 -3.4479e+00 +9.5898e-01
2205 0 +1.604202157e-03 -2.530839580e+01 -2.530839580e+01 +3.4787e+00 +3.5525e+00 +8.3764e-01 +3.1626e+00 +2.3760e+00 -1.7597e+00 -1.6612e+00 +2.5495e-01 -3.4259e+00 +9.5943e-01
2222 0 +1.586409715e-03 -2.530841359e+01 -2.530841359e+01 +3.4556e+00 +3.5424e+00 +8.5522e-01 +3.1911e+00 +2.3696e+00 -1.7873e+00 -1.6519e+00 +2.5914e-01 -3.4435e+00 +9.6982e-01
2224 0 +1.297858496e-03 -2.530870214e+01 -2.530870214e+01 +3.4690e+00 +3.5283e+00 +8.5168e-01 +3.1691e+00 +2.3811e+00 -1.7581e+00 -1.6518e+00 +2.7046e-01 -3.4047e+00 +9.6222e-01
2254 0 +1.114621393e-03 -2.530888538e+01 -2.530888538e+01 +3.4634e+00 +3.5246e+00 +8.7199e-01 +3.1959e+00 +2.3850e+00 -1.7507e+00 -1.6818e+00 +2.6823e-01 -3.4377e+00 +9.5776e-01
2256 0 +1.014452344e-03 -2.530898555e+01 -2.530898555e+01 +3.4759e+00 +3.5372e+00 +8.4474e-01 +3.2020e+00 +2.3696e+00 -1.7548e+00 -1.6659e+00 +2.6014e-01 -3.4269e+00 +9.5126e-01
2274 0 +8.256065397e-04 -2.530917439e+01 -2.530917439e+01 +3.4651e+00 +3.5252e+00 +8.4453e-01 +3.1795e+00 +2.3929e+00 -1.7759e+00 -1.6824e+00 +2.7154e-01 -3.4339e+00 +9.7423e-01
2388 0 +6.756624776e-04 -2.530932434e+01 -2.530932434e+01 +3.4632e+00 +3.5328e+00 +8.7074e-01 +3.1785e+00 +2.3755e+00 -1.7622e+00 -1.6623e+00 +2.6205e-01 -3.4233e+00 +9.5949e-01
2396 0 +3.030506499e-04 -2.530969695e+01 -2.530969695e+01 +3.4670e+00 +3.5290e+00 +8.5621e-01 +3.1906e+00 +2.3938e+00 -1.7742e+00 -1.6601e+00 +2.5978e-01 -3.4264e+00 +9.6831e-01
