% f evaluations | g evaluations | best noise-free fitness - Fopt (7.948000000000e+01) + sum g_i+ | measured fitness | best measured fitness or single-digit g-values | x1 | x2...
1 0 +1.011270869e+01 +8.959270869e+01 +8.959270869e+01 +5.9671e-01 -3.8264e-02 +7.4769e-01 +1.6230e+00 -1.3415e-01
9 0 +9.106632127e+00 +8.858663213e+01 +8.858663213e+01 +8.3847e-01 +2.7137e-01 -1.5648e-02 -2.0110e-01 -1.3785e+00
10 0 +8.168478149e+00 +8.764847815e+01 +8.764847815e+01 -6.1984e-01 -3.6064e-01 +1.1571e+00 +4.4362e-01 -1.6630e+00
16 0 +6.167429177e+00 +8.564742918e+01 +8.564742918e+01 +9.2190e-01 +1.8705e-01 -1.9901e-01 +1.9176e-01 -1.8876e+00
28 0 +1.640719302e+00 +8.112071930e+01 +8.112071930e+01 -3.0357e-01 -1.0683e+00 -1.6441e+00 +1.3795e+00 -3.1023e+00
134 0 +7.496265577e-01 +8.022962656e+01 +8.022962656e+01 +8.5012e-01 -1.5075e+00 -2.3096e-01 +2.0592e+00 -2.5854e+00
184 0 +6.334579222e-01 +8.011345792e+01 +8.011345792e+01 +2.7161e-01 -7.4429e-01 -8.0793e-01 +1.4102e+00 -3.1161e+00
198 0 +4.614866180e-01 +7.994148662e+01 +7.994148662e+01 +3.0681e-02 -1.0648e+00 -1.0626e+00 +1.8260e+00 -2.1526e+00
229 0 +4.276156562e-01 +7.990761566e+01 +7.990761566e+01 +3.6564e-01 -1.0413e+00 -8.8913e-01 +2.0298e+00 -2.0778e+00
233 0 +2.354488567e-01 +7.971544886e+01 +7.971544886e+01 +2.1718e-01 -1.4264e+00 -5.9520e-01 +2.2055e+00 -2.9397e+00
289 0 +5.463242891e-02 +7.953463243e+01 +7.953463243e+01 +2.6773e-01 -1.1286e+00 -7.4974e-01 +1.8304e+00 -2.8899e+00
403 0 +2.260598305e-02 +7.950260598e+01 +7.950260598e+01 +1.6613e-01 -1.1665e+00 -6.6883e-01 +1.8176e+00 -2.6698e+00
410 0 +2.203687452e-02 +7.950203687e+01 +7.950203687e+01 +1.4932e-01 -1.1374e+00 -6.5426e-01 +1.8645e+00 -2.7283e+00
458 0 +1.858644566e-02 +7.949858645e+01 +7.949858645e+01 +3.0614e-01 -1.1139e+00 -8.3677e-01 +1.9062e+00 -2.7086e+00
464 0 +9.232836916e-03 +7.948923284e+01 +7.948923284e+01 +2.3159e-01 -1.0974e+00 -7.3677e-01 +1.9031e+00 -2.6134e+00
528 0 +8.250583642e-03 +7.948825058e+01 +7.948825058e+01 +2.7517e-01 -1.1017e+00 -7.1281e-01 +1.9364e+00 -2.6138e+00
548 0 +6.520105200e-03 +7.948652011e+01 +7.948652011e+01 +2.3614e-01 -1.2087e+00 -7.2867e-01 +1.9169e+00 -2.6222e+00
553 0 +6.004913819e-03 +7.948600491e+01 +7.948600491e+01 +2.0366e-01 -1.1978e+00 -6.8068e-01 +1.9206e+00 -2.6804e+00
580 0 +4.280060421e-03 +7.948428006e+01 +7.948428006e+01 +2.4489e-01 -1.2008e+00 -6.9883e-01 +1.8915e+00 -2.6601e+00
598 0 +3.591076660e-03 +7.948359108e+01 +7.948359108e+01 +2.2751e-01 -1.1526e+00 -6.9010e-01 +1.9508e+00 -2.6463e+00
604 0 +2.065910390e-03 +7.948206591e+01 +7.948206591e+01 +2.2665e-01 -1.1331e+00 -7.4132e-01 +1.9178e+00 -2.7020e+00
629 0 +1.440837287e-03 +7.948144084e+01 +7.948144084e+01 +2.5608e-01 -1.1438e+00 -7.5682e-01 +1.9130e+00 -2.6827e+00
633 0 +1.041525964e-03 +7.948104153e+01 +7.948104153e+01 +2.5631e-01 -1.1474e+00 -6.9405e-01 +1.9199e+00 -2.6796e+00
636 0 +9.648876846e-04 +7.948096489e+01 +7.948096489e+01 +2.6162e-01 -1.1378e+00 -7.3973e-01 +1.9307e+00 -2.6969e+00
657 0 +7.006651733e-04 +7.948070067e+01 +7.948070067e+01 +2.6501e-01 -1.1414e+00 -7.1229e-01 +1.9149e+00 -2.6740e+00
663 0 +6.993181819e-04 +7.948069932e+01 +7.948069932e+01 +2.5740e-01 -1.1611e+00 -7.4683e-01 +1.9188e+00 -2.6898e+00
677 0 +3.269303443e-04 +7.948032693e+01 +7.948032693e+01 +2.5464e-01 -1.1559e+00 -7.2259e-01 +1.9103e+00 -2.6729e+00
721 0 +2.471535249e-04 +7.948024715e+01 +7.948024715e+01 +2.4442e-01 -1.1648e+00 -7.2769e-01 +1.9272e+00 -2.6907e+00
766 0 +4.214224361e-05 +7.948004214e+01 +7.948004214e+01 +2.5348e-01 -1.1572e+00 -7.2973e-01 +1.9291e+00 -2.6820e+00
788 0 +3.408066469e-05 +7.948003408e+01 +7.948003408e+01 +2.4931e-01 -1.1524e+00 -7.2360e-01 +1.9265e+00 -2.6824e+00
808 0 +2.331470276e-05 +7.948002331e+01 +7.948002331e+01 +2.5487e-01 -1.1578e+00 -7.2354e-01 +1.9296e+00 -2.6836e+00
874 0 +5.454798867e-06 +7.948000545e+01 +7.948000545e+01 +2.5316e-01 -1.1582e+00 -7.2435e-01 +1.9253e+00 -2.6822e+00
1056 0 +4.365923033e-06 +7.948000437e+01 +7.948000437e+01 +2.5266e-01 -1.1561e+00 -7.2493e-01 +1.9249e+00 -2.6800e+00
1061 0 +1.786747802e-06 +7.948000179e+01 +7.948000179e+01 +2.5342e-01 -1.1562e+00 -7.2327e-01 +1.9258e+00 -2.6813e+00
% f evaluations | g evaluations | best noise-free fitness - Fopt (3.944800000000e+02) + sum g_i+ | measured fitness | best measured fitness or single-digit g-values | x1 | x2...
1 0 +5.524091239e+01 +4.497209124e+02 +4.497209124e+02 +5.9671e-01 -3.8264e-02 +7.4769e-01 +1.6230e+00 -1.3415e-01
8 0 +4.839629028e+01 +4.428762903e+02 +4.428762903e+02 -1.1208e+00 +3.0886e-01 -1.8597e+00 -1.2282e+00 +2.9686e-01
11 0 +4.615028007e+01 +4.406302801e+02 +4.406302801e+02 +4.2408e-01 -2.8508e-01 -5.7692e-01 +7.1168e-01 +1.1310e+00
23 0 +3.151930799e+01 +4.259993080e+02 +4.259993080e+02 -1.8188e+00 +7.3486e-02 +1.6023e-01 +2.5632e+00 -9.2361e-02
26 0 +2.708719932e+01 +4.215671993e+02 +4.215671993e+02 -1.1947e+00 -2.4245e-01 -2.4583e+00 +7.4960e-01 -1.4006e-01
39 0 +1.785290597e+01 +4.123329060e+02 +4.123329060e+02 -2.3772e+00 -7.7705e-02 -2.4732e+00 +1.8234e+00 +2.0943e+00
53 0 +1.164852655e+01 +4.061285266e+02 +4.061285266e+02 -3.9617e+00 -9.4154e-01 -1.9514e+00 +3.8667e+00 -1.2429e+00
90 0 +9.223893500e+00 +4.037038935e+02 +4.037038935e+02 -4.9551e+00 -3.3040e+00 -2.1832e+00 +2.3142e+00 +2.5272e+00
110 0 +6.159825982e+00 +4.006398260e+02 +4.006398260e+02 -4.5920e+00 -1.6426e+00 -2.3588e+00 +2.5039e+00 +5.8926e-01
112 0 +4.355731962e+00 +3.988357320e+02 +3.988357320e+02 -3.6127e+00 -2.3842e+00 -4.9807e+00 +2.6795e+00 +1.9204e+00
119 0 +3.977836652e+00 +3.984578367e+02 +3.984578367e+02 -4.5207e+00 -1.9246e+00 -2.3430e+00 +4.2969e+00 +1.4715e+00
159 0 +2.498253404e+00 +3.969782534e+02 +3.969782534e+02 -4.0436e+00 -2.2737e+00 -4.7518e+00 +2.8334e+00 +6.4473e-01
180 0 +2.216525072e+00 +3.966965251e+02 +3.966965251e+02 -3.4236e+00 -4.1407e+00 -4.2228e+00 +3.7435e+00 +1.3333e+00
184 0 +1.974843592e+00 +3.964548436e+02 +3.964548436e+02 -4.4107e+00 -2.0574e+00 -3.3578e+00 +4.8050e+00 +9.6835e-01
232 0 +1.412968178e+00 +3.958929682e+02 +3.958929682e+02 -4.6387e+00 -2.8124e+00 -4.6190e+00 +3.4951e+00 +7.0619e-01
234 0 +1.085231926e+00 +3.955652319e+02 +3.955652319e+02 -3.6627e+00 -3.3966e+00 -3.8952e+00 +4.4223e+00 +1.5648e+00
303 0 +8.650220054e-01 +3.953450220e+02 +3.953450220e+02 -3.6668e+00 -3.2355e+00 -4.3381e+00 +3.4789e+00 +1.3317e+00
305 0 +5.497623224e-01 +3.950297623e+02 +3.950297623e+02 -4.1133e+00 -3.2501e+00 -3.9902e+00 +4.4381e+00 +1.0945e+00
308 0 +3.748996877e-01 +3.948548997e+02 +3.948548997e+02 -4.2762e+00 -3.3367e+00 -3.9104e+00 +4.0305e+00 +9.3493e-01
343 0 +1.610057463e-01 +3.946410057e+02 +3.946410057e+02 -3.8424e+00 -2.7497e+00 -3.9508e+00 +3.6773e+00 +6.0632e-01
393 0 +1.435216168e-01 +3.946235216e+02 +3.946235216e+02 -3.7329e+00 -3.0125e+00 -3.4983e+00 +3.8783e+00 +7.6966e-01
401 0 +6.209389838e-02 +3.945420939e+02 +3.945420939e+02 -4.0734e+00 -2.7914e+00 -3.9264e+00 +3.8684e+00 +9.2920e-01
427 0 +5.562229930e-02 +3.945356223e+02 +3.945356223e+02 -3.9009e+00 -2.7896e+00 -3.8386e+00 +3.7020e+00 +8.0741e-01
447 0 +5.278670874e-02 +3.945327867e+02 +3.945327867e+02 -4.0766e+00 -2.9838e+00 -3.8613e+00 +3.9806e+00 +9.1571e-01
460 0 +4.612821359e-02 +3.945261282e+02 +3.945261282e+02 -3.8694e+00 -2.7362e+00 -3.7663e+00 +3.9940e+00 +9.7045e-01
488 0 +1.990051271e-02 +3.944999005e+02 +3.944999005e+02 -3.9358e+00 -2.7976e+00 -3.7455e+00 +3.9613e+00 +7.9953e-01
541 0 +1.250073478e-02 +3.944925007e+02 +3.944925007e+02 -3.8244e+00 -2.9047e+00 -3.8342e+00 +3.8416e+00 +8.1779e-01
542 0 +5.889198275e-03 +3.944858892e+02 +3.944858892e+02 -3.9097e+00 -2.9449e+00 -3.8504e+00 +3.8836e+00 +8.6183e-01
632 0 +2.416847907e-03 +3.944824168e+02 +3.944824168e+02 -3.8578e+00 -2.8853e+00 -3.7907e+00 +3.9301e+00 +8.5712e-01
734 0 +2.157172625e-03 +3.944821572e+02 +3.944821572e+02 -3.9022e+00 -2.8943e+00 -3.7967e+00 +3.9285e+00 +8.1960e-01
735 0 +4.659765856e-04 +3.944804660e+02 +3.944804660e+02 -3.9049e+00 -2.8754e+00 -3.7923e+00 +3.8964e+00 +8.6277e-01
745 0 +2.474024620e-04 +3.944802474e+02 +3.944802474e+02 -3.8925e+00 -2.8890e+00 -3.8080e+00 +3.8923e+00 +8.5894e-01
846 0 +1.781412353e-04 +3.944801781e+02 +3.944801781e+02 -3.9004e+00 -2.8891e+00 -3.7923e+00 +3.9092e+00 +8.6682e-01
858 0 +9.468729758e-05 +3.944800947e+02 +3.944800947e+02 -3.8923e+00 -2.8914e+00 -3.8036e+00 +3.9071e+00 +8.6651e-01
882 0 +4.708029002e-05 +3.944800471e+02 +3.944800471e+02 -3.8972e+00 -2.8852e+00 -3.7993e+00 +3.9029e+00 +8.5772e-01
887 0 +3.909029317e-05 +3.944800391e+02 +3.944800391e+02 -3.8947e+00 -2.8915e+00 -3.7979e+00 +3.9045e+00 +8.6099e-01
939 0 +3.524811103e-05 +3.944800352e+02 +3.944800352e+02 -3.8956e+00 -2.8888e+00 -3.7984e+00 +3.9036e+00 +8.6139e-01
969 0 +2.849241247e-05 +3.944800285e+02 +3.944800285e+02 -3.8987e+00 -2.8893e+00 -3.7983e+00 +3.9057e+00 +8.5596e-01
989 0 +1.830483257e-05 +3.944800183e+02 +3.944800183e+02 -3.8994e+00 -2.8889e+00 -3.8059e+00 +3.9041e+00 +8.5995e-01
1014 0 +1.516038839e-05 +3.944800152e+02 +3.944800152e+02 -3.8958e+00 -2.8882e+00 -3.8028e+00 +3.9069e+00 +8.5793e-01
1043 0 +1.061123544e-05 +3.944800106e+02 +3.944800106e+02 -3.8995e+00 -2.8888e+00 -3.8049e+00 +3.9059e+00 +8.5851e-01
1048 0 +6.835853242e-06 +3.944800068e+02 +3.944800068e+02 -3.8996e+00 -2.8900e+00 -3.8044e+00 +3.9050e+00 +8.5829e-01
1063 0 +4.670700775e-06 +3.944800047e+02 +3.944800047e+02 -3.8981e+00 -2.8897e+00 -3.8032e+00 +3.9040e+00 +8.6015e-01
1122 0 +3.692300936e-06 +3.944800037e+02 +3.944800037e+02 -3.8983e+00 -2.8918e+00 -3.8036e+00 +3.9055e+00 +8.5982e-01
1235 0 +2.624442516e-06 +3.944800026e+02 +3.944800026e+02 -3.8989e+00 -2.8902e+00 -3.8020e+00 +3.9051e+00 +8.5781e-01
1236 0 +1.783062999e-06 +3.944800018e+02 +3.944800018e+02 -3.8989e+00 -2.8908e+00 -3.8025e+00 +3.9045e+00 +8.5951e-01
1245 0 +1.608005221e-06 +3.944800016e+02 +3.944800016e+02 -3.8991e+00 -2.8903e+00 -3.8020e+00 +3.9048e+00 +8.5965e-01
% f evaluations | g evaluations | best noise-free fitness - Fopt (-2.471100000000e+02) + sum g_i+ | measured fitness | best measured fitness or single-digit g-values | x1 | x2...
1 0 +5.847827411e+01 -1.886317259e+02 -1.886317259e+02 +5.9671e-01 -3.8264e-02 +7.4769e-01 +1.6230e+00 -1.3415e-01
2 0 +4.306940898e+01 -2.040405910e+02 -2.040405910e+02 -1.3414e-01 +1.6792e+00 +8.6743e-01 -3.6947e-01 +6.4256e-01
3 0 +1.889029931e+01 -2.282197007e+02 -2.282197007e+02 -3.6342e-01 -3.6573e-01 +3.4196e-01 -1.8133e+00 -1.6249e+00
27 0 +1.834111123e+01 -2.287688888e+02 -2.287688888e+02 -2.1954e+00 +6.6775e-01 -3.5995e+00 -2.6139e+00 -6.6255e-01
28 0 +1.385176141e+01 -2.332582386e+02 -2.332582386e+02 -7.6804e-01 +2.7156e-01 -2.5800e+00 -2.6445e+00 -3.1274e+00
30 0 +9.742539396e+00 -2.373674606e+02 -2.373674606e+02 -3.6480e+00 +5.7001e-01 -1.5661e+00 -1.8635e+00 -7.5838e-01
40 0 +7.998047248e+00 -2.391119528e+02 -2.391119528e+02 -2.0098e+00 +1.4171e+00 +4.4900e-01 -3.7856e+00 -1.6792e+00
55 0 +6.557230632e+00 -2.405527694e+02 -2.405527694e+02 -4.3109e+00 +1.9387e+00 -1.3955e+00 -2.6180e+00 -4.3778e+00
83 0 +6.521001788e+00 -2.405889982e+02 -2.405889982e+02 -3.7980e+00 -1.6289e+00 -1.2548e+00 -2.1281e+00 -2.4641e+00
87 0 +1.958793068e+00 -2.451512069e+02 -2.451512069e+02 -4.4951e+00 -1.5886e-01 -2.8394e-01 -3.8901e+00 -4.1655e+00
151 0 +1.890828527e+00 -2.452191715e+02 -2.452191715e+02 -3.6002e+00 -4.8114e-01 -1.4411e+00 -3.9759e+00 -3.9593e+00
158 0 +3.936058481e-01 -2.467163942e+02 -2.467163942e+02 -3.8088e+00 +6.5538e-01 -4.1177e-01 -3.9507e+00 -3.3080e+00
316 0 +2.502324422e-01 -2.468597676e+02 -2.468597676e+02 -4.0242e+00 +6.8878e-02 -8.0013e-01 -3.8207e+00 -3.4898e+00
331 0 +2.152243834e-01 -2.468947756e+02 -2.468947756e+02 -3.5025e+00 +4.1597e-02 -1.0069e+00 -3.6933e+00 -3.1426e+00
373 0 +1.278478768e-01 -2.469821521e+02 -2.469821521e+02 -4.0120e+00 -5.9639e-02 -6.7460e-01 -3.6327e+00 -3.0019e+00
381 0 +1.007804191e-01 -2.470092196e+02 -2.470092196e+02 -4.0191e+00 +2.1626e-01 -7.7048e-01 -3.8364e+00 -2.9426e+00
386 0 +9.502819631e-02 -2.470149718e+02 -2.470149718e+02 -4.0438e+00 +9.5158e-02 -7.1925e-01 -3.8389e+00 -3.1219e+00
400 0 +5.960893265e-02 -2.470503911e+02 -2.470503911e+02 -3.6522e+00 +3.7359e-01 -7.5008e-01 -3.6541e+00 -3.1653e+00
481 0 +3.274913081e-02 -2.470772509e+02 -2.470772509e+02 -3.6554e+00 +2.0769e-01 -6.0438e-01 -3.7599e+00 -3.0938e+00
503 0 +2.816735886e-02 -2.470818326e+02 -2.470818326e+02 -3.6990e+00 +2.5026e-01 -6.9638e-01 -3.5941e+00 -3.1806e+00
525 0 +2.536995755e-02 -2.470846300e+02 -2.470846300e+02 -3.7198e+00 +1.9653e-01 -6.9338e-01 -3.8291e+00 -3.0875e+00
528 0 +2.162918339e-02 -2.470883708e+02 -2.470883708e+02 -3.7740e+00 +1.1574e-01 -7.4620e-01 -3.6426e+00 -3.0098e+00
543 0 +1.578831756e-02 -2.470942117e+02 -2.470942117e+02 -3.7852e+00 +1.5608e-01 -8.0361e-01 -3.7097e+00 -3.0788e+00
556 0 +5.461576916e-03 -2.471045384e+02 -2.471045384e+02 -3.7674e+00 +2.4603e-01 -6.9042e-01 -3.7295e+00 -3.1339e+00
598 0 +4.981380431e-03 -2.471050186e+02 -2.471050186e+02 -3.7663e+00 +2.0005e-01 -6.6415e-01 -3.6893e+00 -3.0426e+00
613 0 +3.553138575e-03 -2.471064469e+02 -2.471064469e+02 -3.7647e+00 +2.0395e-01 -6.9987e-01 -3.6458e+00 -3.0827e+00
624 0 +1.668879707e-03 -2.471083311e+02 -2.471083311e+02 -3.7773e+00 +2.2787e-01 -6.8859e-01 -3.6702e+00 -3.0864e+00
745 0 +4.596832767e-04 -2.471095403e+02 -2.471095403e+02 -3.8086e+00 +2.1071e-01 -7.0640e-01 -3.6957e+00 -3.1061e+00
784 0 +1.859673921e-04 -2.471098140e+02 -2.471098140e+02 -3.7969e+00 +2.0614e-01 -6.8569e-01 -3.6982e+00 -3.0894e+00
862 0 +1.025303433e-04 -2.471098975e+02 -2.471098975e+02 -3.7924e+00 +2.0660e-01 -6.9842e-01 -3.6901e+00 -3.0979e+00
886 0 +9.818941598e-05 -2.471099018e+02 -2.471099018e+02 -3.8047e+00 +2.0536e-01 -6.9791e-01 -3.6935e+00 -3.1009e+00
914 0 +4.074676716e-05 -2.471099593e+02 -2.471099593e+02 -3.7936e+00 +2.0067e-01 -6.8826e-01 -3.6923e+00 -3.0980e+00
974 0 +1.602648447e-05 -2.471099840e+02 -2.471099840e+02 -3.7962e+00 +2.0616e-01 -6.9209e-01 -3.6925e+00 -3.0988e+00
1004 0 +1.289404972e-05 -2.471099871e+02 -2.471099871e+02 -3.8017e+00 +2.0285e-01 -6.9009e-01 -3.6908e+00 -3.0998e+00
1132 0 +6.055451223e-06 -2.471099939e+02 -2.471099939e+02 -3.7968e+00 +2.0243e-01 -6.9198e-01 -3.6926e+00 -3.0986e+00
% f evaluations | g evaluations | best noise-free fitness - Fopt (-1.520400000000e+02) + sum g_i+ | measured fitness | best measured fitness or single-digit g-values | x1 | x2...
1 0 +3.403783364e+01 -1.180021664e+02 -1.180021664e+02 +5.9671e-01 -3.8264e-02 +7.4769e-01 +1.6230e+00 -1.3415e-01
8 0 +3.121681866e+01 -1.208231813e+02 -1.208231813e+02 -1.1208e+00 +3.0886e-01 -1.8597e+00 -1.2282e+00 +2.9686e-01
11 0 +2.294944794e+01 -1.290905521e+02 -1.290905521e+02 +4.2408e-01 -2.8508e-01 -5.7692e-01 +7.1168e-01 +1.1310e+00
24 0 +1.712590137e+01 -1.349140986e+02 -1.349140986e+02 +4.0155e-01 +6.5288e-02 -1.0687e+00 +1.2428e+00 +8.5193e-01
39 0 +1.422781150e+01 -1.378121885e+02 -1.378121885e+02 +2.2381e-01 +1.1561e+00 -1.1516e+00 +2.1488e+00 +2.0417e-01
51 0 +1.375545835e+01 -1.382845416e+02 -1.382845416e+02 +1.8355e+00 +5.8203e-01 -1.2569e+00 +2.0989e+00 +2.1503e+00
55 0 +5.846440830e+00 -1.461935592e+02 -1.461935592e+02 -8.3925e-01 +2.0887e+00 -3.4844e+00 +1.4559e+00 +1.1967e+00
83 0 +4.919549325e+00 -1.471204507e+02 -1.471204507e+02 -4.6343e-01 -7.6172e-02 -2.4607e+00 +2.6581e+00 +2.1379e+00
97 0 +2.616113439e+00 -1.494238866e+02 -1.494238866e+02 -8.8167e-02 +1.6659e+00 -4.4410e+00 +1.8037e+00 +2.2467e+00
119 0 +2.370324935e+00 -1.496696751e+02 -1.496696751e+02 -2.2949e-01 +2.3551e+00 -2.8830e+00 +2.7304e+00 +2.1095e+00
155 0 +1.604636688e+00 -1.504353633e+02 -1.504353633e+02 +2.6044e-01 +1.1499e+00 -2.8797e+00 +3.0472e+00 +2.7301e+00
197 0 +7.226782851e-01 -1.513173217e+02 -1.513173217e+02 +5.2287e-01 +1.3530e+00 -4.0117e+00 +3.0074e+00 +2.3735e+00
238 0 +4.882136142e-01 -1.515517864e+02 -1.515517864e+02 -2.6479e-01 +1.1481e+00 -4.2714e+00 +2.7748e+00 +2.5586e+00
264 0 +3.339886654e-01 -1.517060113e+02 -1.517060113e+02 -4.5619e-01 +1.6418e+00 -4.2906e+00 +2.9770e+00 +2.2980e+00
311 0 +2.106074949e-01 -1.518293925e+02 -1.518293925e+02 -1.8882e-01 +1.3233e+00 -3.9006e+00 +3.2111e+00 +1.9875e+00
334 0 +1.799282364e-01 -1.518600718e+02 -1.518600718e+02 -3.6872e-01 +1.7252e+00 -3.6454e+00 +3.3096e+00 +2.3932e+00
355 0 +1.450409740e-01 -1.518949590e+02 -1.518949590e+02 -2.9377e-01 +1.6154e+00 -3.7054e+00 +3.2015e+00 +2.1946e+00
356 0 +1.342161482e-01 -1.519057839e+02 -1.519057839e+02 -1.4861e-01 +1.2688e+00 -3.9531e+00 +2.9950e+00 +2.3544e+00
383 0 +1.185938465e-01 -1.519214062e+02 -1.519214062e+02 -1.4037e-01 +1.6678e+00 -4.1296e+00 +3.2668e+00 +2.4030e+00
396 0 +2.409993984e-02 -1.520159001e+02 -1.520159001e+02 -2.7423e-01 +1.3709e+00 -3.8896e+00 +3.3262e+00 +2.2809e+00
490 0 +2.273042742e-02 -1.520172696e+02 -1.520172696e+02 -1.9468e-01 +1.3630e+00 -3.9577e+00 +3.3494e+00 +2.5187e+00
505 0 +1.622451908e-02 -1.520237755e+02 -1.520237755e+02 -3.2093e-01 +1.4387e+00 -3.8878e+00 +3.2580e+00 +2.3180e+00
546 0 +1.370333881e-02 -1.520262967e+02 -1.520262967e+02 -2.3720e-01 +1.3876e+00 -3.8717e+00 +3.3787e+00 +2.4633e+00
555 0 +1.332419866e-02 -1.520266758e+02 -1.520266758e+02 -1.7507e-01 +1.4206e+00 -3.9668e+00 +3.3198e+00 +2.4695e+00
559 0 +4.096209513e-03 -1.520359038e+02 -1.520359038e+02 -2.1331e-01 +1.4412e+00 -3.9069e+00 +3.2817e+00 +2.4005e+00
612 0 +1.900301977e-03 -1.520380997e+02 -1.520380997e+02 -3.0513e-01 +1.4276e+00 -3.9228e+00 +3.2882e+00 +2.4000e+00
650 0 +9.961806840e-04 -1.520390038e+02 -1.520390038e+02 -2.7088e-01 +1.4423e+00 -3.9076e+00 +3.3017e+00 +2.4012e+00
659 0 +7.995991365e-04 -1.520392004e+02 -1.520392004e+02 -2.5752e-01 +1.4402e+00 -3.9248e+00 +3.3129e+00 +2.4328e+00
663 0 +4.160595326e-04 -1.520395839e+02 -1.520395839e+02 -2.7053e-01 +1.4390e+00 -3.9229e+00 +3.2839e+00 +2.4224e+00
717 0 +2.633223006e-04 -1.520397367e+02 -1.520397367e+02 -2.6773e-01 +1.4089e+00 -3.9270e+00 +3.3023e+00 +2.4203e+00
766 0 +1.042104014e-04 -1.520398958e+02 -1.520398958e+02 -2.6879e-01 +1.4180e+00 -3.9214e+00 +3.2920e+00 +2.4248e+00
810 0 +8.302689659e-05 -1.520399170e+02 -1.520399170e+02 -2.6256e-01 +1.4302e+00 -3.9246e+00 +3.3009e+00 +2.4167e+00
851 0 +7.290553825e-05 -1.520399271e+02 -1.520399271e+02 -2.6717e-01 +1.4239e+00 -3.9218e+00 +3.3012e+00 +2.4259e+00
856 0 +3.190494451e-05 -1.520399681e+02 -1.520399681e+02 -2.6829e-01 +1.4227e+00 -3.9302e+00 +3.2969e+00 +2.4192e+00
890 0 +1.180868767e-05 -1.520399882e+02 -1.520399882e+02 -2.6749e-01 +1.4267e+00 -3.9260e+00 +3.2964e+00 +2.4175e+00
907 0 +9.338652831e-06 -1.520399907e+02 -1.520399907e+02 -2.6528e-01 +1.4245e+00 -3.9234e+00 +3.2985e+00 +2.4198e+00
944 0 +8.241033498e-06 -1.520399918e+02 -1.520399918e+02 -2.6636e-01 +1.4256e+00 -3.9232e+00 +3.2978e+00 +2.4204e+00
1045 0 +4.979811848e-06 -1.520399950e+02 -1.520399950e+02 -2.6789e-01 +1.4241e+00 -3.9234e+00 +3.2957e+00 +2.4180e+00
1117 0 +4.281936583e-06 -1.520399957e+02 -1.520399957e+02 -2.6691e-01 +1.4228e+00 -3.9233e+00 +3.2966e+00 +2.4186e+00
1147 0 +1.693835600e-06 -1.520399983e+02 -1.520399983e+02 -2.6730e-01 +1.4235e+00 -3.9245e+00 +3.2956e+00 +2.4190e+00
% f evaluations | g evaluations | best noise-free fitness - Fopt (-2.525000000000e+01) + sum g_i+ | measured fitness | best measured fitness or single-digit g-values | x1 | x2...
1 0 +4.029412696e+01 +1.504412696e+01 +1.504412696e+01 +5.9671e-01 -3.8264e-02 +7.4769e-01 +1.6230e+00 -1.3415e-01
2 0 +3.060641206e+01 +5.356412060e+00 +5.356412060e+00 -1.3414e-01 +1.6792e+00 +8.6743e-01 -3.6947e-01 +6.4256e-01
5 0 +2.198391297e+01 -3.266087028e+00 -3.266087028e+00 +1.5656e+00 -1.2578e-01 +1.6753e-01 -1.3247e+00 -4.4438e-01
12 0 +2.164277263e+01 -3.607227374e+00 -3.607227374e+00 +1.0313e+00 -7.3922e-01 -2.0921e-01 +4.3126e-01 +1.0755e+00
28 0 +1.181356048e+01 -1.343643952e+01 -1.343643952e+01 +1.7769e+00 -6.1401e-01 -1.6195e+00 -2.4977e+00 +7.0479e-01
29 0 +1.160178169e+01 -1.364821831e+01 -1.364821831e+01 +2.1816e+00 +7.4629e-01 +2.1343e-01 -3.1765e+00 +8.8530e-01
44 0 +1.050804363e+01 -1.474195637e+01 -1.474195637e+01 +8.2549e-01 +5.1455e-01 -5.6902e-01 -1.5442e+00 +2.0247e+00
52 0 +1.027292169e+01 -1.497707831e+01 -1.497707831e+01 +7.3792e-01 +3.0843e-01 -1.1048e+00 -3.2385e+00 +4.0797e+00
60 0 +8.451806945e+00 -1.679819306e+01 -1.679819306e+01 +2.0516e+00 -1.4111e+00 -8.6710e-01 -9.2657e-01 +3.1912e+00
81 0 +6.882771685e+00 -1.836722831e+01 -1.836722831e+01 +1.5350e+00 +6.6732e-01 -5.0484e-01 -3.4419e+00 +3.5322e+00
108 0 +4.053470536e+00 -2.119652946e+01 -2.119652946e+01 +1.7341e+00 +3.0781e-02 -1.6964e+00 -2.2897e+00 +3.5379e+00
129 0 +1.726733011e+00 -2.352326699e+01 -2.352326699e+01 +3.9981e+00 +1.5983e+00 -1.1025e+00 -1.4571e+00 +3.5538e+00
173 0 +8.729411277e-01 -2.437705887e+01 -2.437705887e+01 +4.0239e+00 +9.4436e-01 -1.3148e+00 -1.9196e+00 +4.0343e+00
247 0 +2.851720318e-01 -2.496482797e+01 -2.496482797e+01 +3.5779e+00 +1.0046e+00 -1.3718e+00 -1.8419e+00 +3.5164e+00
307 0 +2.551007147e-01 -2.499489929e+01 -2.499489929e+01 +3.5023e+00 +4.5944e-01 -1.4070e+00 -2.3435e+00 +3.7152e+00
315 0 +1.585920105e-01 -2.509140799e+01 -2.509140799e+01 +3.6118e+00 +9.9090e-01 -1.2433e+00 -2.1374e+00 +3.2928e+00
322 0 +1.456591783e-01 -2.510434082e+01 -2.510434082e+01 +3.9130e+00 +6.1789e-01 -1.2164e+00 -2.1325e+00 +3.4136e+00
329 0 +1.097461195e-01 -2.514025388e+01 -2.514025388e+01 +3.6223e+00 +6.7696e-01 -1.6957e+00 -2.3339e+00 +3.2956e+00
381 0 +9.146224177e-02 -2.515853776e+01 -2.515853776e+01 +3.4585e+00 +7.4915e-01 -1.3464e+00 -2.0631e+00 +3.0956e+00
396 0 +7.342732883e-02 -2.517657267e+01 -2.517657267e+01 +3.4041e+00 +7.8792e-01 -1.4582e+00 -2.1440e+00 +3.3635e+00
399 0 +7.103373032e-02 -2.517896627e+01 -2.517896627e+01 +3.5700e+00 +4.6167e-01 -1.4716e+00 -2.0506e+00 +3.4581e+00
402 0 +4.128169965e-02 -2.520871830e+01 -2.520871830e+01 +3.5391e+00 +6.4269e-01 -1.4826e+00 -1.9976e+00 +3.3849e+00
406 0 +3.614256769e-02 -2.521385743e+01 -2.521385743e+01 +3.6296e+00 +5.8110e-01 -1.4013e+00 -1.9746e+00 +3.3255e+00
416 0 +2.481723000e-02 -2.522518277e+01 -2.522518277e+01 +3.5475e+00 +7.0328e-01 -1.2979e+00 -2.1625e+00 +3.3143e+00
426 0 +2.066169143e-02 -2.522933831e+01 -2.522933831e+01 +3.5533e+00 +6.1865e-01 -1.3347e+00 -2.0651e+00 +3.3343e+00
473 0 +1.512457333e-02 -2.523487543e+01 -2.523487543e+01 +3.5431e+00 +7.1972e-01 -1.4232e+00 -2.2066e+00 +3.2941e+00
480 0 +1.471575943e-02 -2.523528424e+01 -2.523528424e+01 +3.5404e+00 +5.8685e-01 -1.4616e+00 -2.1998e+00 +3.3524e+00
488 0 +9.195687877e-03 -2.524080431e+01 -2.524080431e+01 +3.6675e+00 +6.2225e-01 -1.4196e+00 -2.1754e+00 +3.3722e+00
545 0 +4.861295268e-03 -2.524513870e+01 -2.524513870e+01 +3.5661e+00 +6.4995e-01 -1.4248e+00 -2.1051e+00 +3.2917e+00
567 0 +3.150738447e-03 -2.524684926e+01 -2.524684926e+01 +3.5843e+00 +6.1315e-01 -1.4262e+00 -2.1805e+00 +3.3280e+00
571 0 +1.615128198e-03 -2.524838487e+01 -2.524838487e+01 +3.6328e+00 +6.1578e-01 -1.4446e+00 -2.1364e+00 +3.3068e+00
637 0 +7.453043014e-04 -2.524925470e+01 -2.524925470e+01 +3.6165e+00 +6.2635e-01 -1.3994e+00 -2.1537e+00 +3.3098e+00
664 0 +4.239433472e-04 -2.524957606e+01 -2.524957606e+01 +3.5998e+00 +6.4233e-01 -1.4149e+00 -2.1630e+00 +3.3002e+00
705 0 +3.597323838e-04 -2.524964027e+01 -2.524964027e+01 +3.6107e+00 +6.4940e-01 -1.4240e+00 -2.1483e+00 +3.3077e+00
711 0 +1.998418420e-04 -2.524980016e+01 -2.524980016e+01 +3.6090e+00 +6.2730e-01 -1.4314e+00 -2.1564e+00 +3.2969e+00
790 0 +1.687731077e-04 -2.524983123e+01 -2.524983123e+01 +3.6126e+00 +6.2532e-01 -1.4190e+00 -2.1555e+00 +3.2895e+00
805 0 +9.707267429e-05 -2.524990293e+01 -2.524990293e+01 +3.6187e+00 +6.3751e-01 -1.4182e+00 -2.1599e+00 +3.3001e+00
829 0 +6.293698679e-05 -2.524993706e+01 -2.524993706e+01 +3.6157e+00 +6.2820e-01 -1.4239e+00 -2.1503e+00 +3.2974e+00
837 0 +2.174124330e-05 -2.524997826e+01 -2.524997826e+01 +3.6126e+00 +6.3383e-01 -1.4222e+00 -2.1492e+00 +3.2949e+00
898 0 +1.071797912e-05 -2.524998928e+01 -2.524998928e+01 +3.6161e+00 +6.3470e-01 -1.4231e+00 -2.1551e+00 +3.2964e+00
1028 0 +6.265690420e-06 -2.524999373e+01 -2.524999373e+01 +3.6126e+00 +6.3388e-01 -1.4223e+00 -2.1524e+00 +3.2975e+00
1032 0 +3.816729691e-06 -2.524999618e+01 -2.524999618e+01 +3.6136e+00 +6.3482e-01 -1.4201e+00 -2.1537e+00 +3.2970e+00
1038 0 +2.947855496e-06 -2.524999705e+01 -2.524999705e+01 +3.6141e+00 +6.3478e-01 -1.4213e+00 -2.1521e+00 +3.2983e+00
1067 0 +2.703800849e-06 -2.524999730e+01 -2.524999730e+01 +3.6134e+00 +6.3518e-01 -1.4218e+00 -2.1538e+00 +3.2977e+00
1070 0 +2.137299262e-06 -2.524999786e+01 -2.524999786e+01 +3.6141e+00 +6.3554e-01 -1.4211e+00 -2.1540e+00 +3.2972e+00
1074 0 +1.198640536e-06 -2.524999880e+01 -2.524999880e+01 +3.6146e+00 +6.3503e-01 -1.4223e+00 -2.1530e+00 +3.2975e+00
% f evaluations | g evaluations | best noise-free fitness - Fopt (1.830100000000e+02) + sum g_i+ | measured fitness | best measured fitness or single-digit g-values | x1 | x2...
1 0 +4.236095108e+01 +2.253709511e+02 +2.253709511e+02 +5.9671e-01 -3.8264e-02 +7.4769e-01 +1.6230e+00 -1.3415e-01
2 0 +3.946142376e+01 +2.224714238e+02 +2.224714238e+02 -1.3414e-01 +1.6792e+00 +8.6743e-01 -3.6947e-01 +6.4256e-01
3 0 +3.719105346e+01 +2.202010535e+02 +2.202010535e+02 -3.6342e-01 -3.6573e-01 +3.4196e-01 -1.8133e+00 -1.6249e+00
7 0 +3.664427003e+01 +2.196542700e+02 +2.196542700e+02 -5.0171e-01 +1.9523e+00 +8.6503e-02 -9.5771e-01 +9.2254e-01
8 0 +2.977187971e+01 +2.127818797e+02 +2.127818797e+02 -1.1208e+00 +3.0886e-01 -1.8597e+00 -1.2282e+00 +2.9686e-01
15 0 +1.887600169e+01 +2.018860017e+02 +2.018860017e+02 +4.6140e-01 +1.6380e+00 +6.4174e-02 +1.6646e+00 -2.5197e+00
28 0 +1.733892251e+01 +2.003489225e+02 +2.003489225e+02 -6.8124e-01 +3.7169e+00 +6.3352e-01 +1.1251e+00 -1.9173e+00
40 0 +1.386774471e+01 +1.968777447e+02 +1.968777447e+02 -8.8089e-01 +2.8156e+00 +4.3621e-01 +1.8911e+00 -2.7473e+00
50 0 +1.366598094e+01 +1.966759809e+02 +1.966759809e+02 +1.4903e-01 +3.2577e+00 -3.0130e+00 -1.5011e+00 -2.1461e+00
51 0 +1.097487396e+01 +1.939848740e+02 +1.939848740e+02 -6.3352e-01 +3.2360e+00 -1.2960e+00 -1.4738e+00 -3.6647e+00
53 0 +2.250895321e+00 +1.852608953e+02 +1.852608953e+02 -9.9359e-01 +3.5487e+00 -3.1675e+00 +2.2939e-01 -3.6431e+00
178 0 +1.266504568e+00 +1.842765046e+02 +1.842765046e+02 -1.5970e+00 +3.9415e+00 -2.6038e+00 +1.2828e+00 -3.9408e+00
263 0 +5.188339799e-01 +1.835288340e+02 +1.835288340e+02 -2.6784e+00 +3.3442e+00 -3.2447e+00 +9.4764e-01 -3.6320e+00
308 0 +3.599492621e-01 +1.833699493e+02 +1.833699493e+02 -1.8842e+00 +2.6644e+00 -2.9339e+00 +1.2673e+00 -3.7589e+00
312 0 +3.068254833e-01 +1.833168255e+02 +1.833168255e+02 -2.0096e+00 +3.0537e+00 -3.2494e+00 +9.3676e-01 -3.2077e+00
319 0 +2.994076163e-01 +1.833094076e+02 +1.833094076e+02 -2.5788e+00 +3.3943e+00 -2.8088e+00 +9.7653e-01 -3.6750e+00
322 0 +2.725091286e-01 +1.832825091e+02 +1.832825091e+02 -2.2935e+00 +3.5330e+00 -2.7900e+00 +1.1723e+00 -3.3598e+00
331 0 +2.715243050e-01 +1.832815243e+02 +1.832815243e+02 -2.4081e+00 +3.1610e+00 -2.4328e+00 +1.1641e+00 -3.5761e+00
337 0 +1.267522170e-01 +1.831367522e+02 +1.831367522e+02 -2.4129e+00 +3.1188e+00 -2.7787e+00 +1.2010e+00 -3.4340e+00
349 0 +9.549137987e-02 +1.831054914e+02 +1.831054914e+02 -1.9666e+00 +3.0724e+00 -3.0715e+00 +9.0089e-01 -3.5900e+00
364 0 +8.070117368e-02 +1.830907012e+02 +1.830907012e+02 -2.3210e+00 +3.1584e+00 -2.9413e+00 +8.5803e-01 -3.4794e+00
437 0 +3.546230842e-02 +1.830454623e+02 +1.830454623e+02 -2.2553e+00 +3.1142e+00 -2.8564e+00 +1.0789e+00 -3.4202e+00
491 0 +3.287660231e-02 +1.830428766e+02 +1.830428766e+02 -2.2080e+00 +3.0169e+00 -2.9341e+00 +1.1256e+00 -3.6223e+00
493 0 +2.280202437e-02 +1.830328020e+02 +1.830328020e+02 -2.1659e+00 +2.9964e+00 -2.7814e+00 +1.1033e+00 -3.5663e+00
503 0 +1.043513075e-02 +1.830204351e+02 +1.830204351e+02 -2.1879e+00 +3.0175e+00 -2.8331e+00 +1.0365e+00 -3.5567e+00
532 0 +2.625379374e-03 +1.830126254e+02 +1.830126254e+02 -2.1458e+00 +3.1194e+00 -2.8327e+00 +9.8746e-01 -3.5458e+00
633 0 +1.065694753e-03 +1.830110657e+02 +1.830110657e+02 -2.1371e+00 +3.1120e+00 -2.8212e+00 +1.0265e+00 -3.5513e+00
640 0 +7.825797789e-04 +1.830107826e+02 +1.830107826e+02 -2.1456e+00 +3.0925e+00 -2.8459e+00 +1.0521e+00 -3.5511e+00
666 0 +3.426442917e-04 +1.830103426e+02 +1.830103426e+02 -2.1242e+00 +3.1111e+00 -2.8592e+00 +1.0356e+00 -3.5641e+00
748 0 +2.832969803e-04 +1.830102833e+02 +1.830102833e+02 -2.1310e+00 +3.0982e+00 -2.8539e+00 +1.0177e+00 -3.5475e+00
757 0 +1.438644745e-04 +1.830101439e+02 +1.830101439e+02 -2.1472e+00 +3.1054e+00 -2.8492e+00 +1.0273e+00 -3.5563e+00
761 0 +1.307049993e-04 +1.830101307e+02 +1.830101307e+02 -2.1334e+00 +3.1087e+00 -2.8598e+00 +1.0317e+00 -3.5515e+00
789 0 +1.131792697e-04 +1.830101132e+02 +1.830101132e+02 -2.1311e+00 +3.1037e+00 -2.8537e+00 +1.0254e+00 -3.5485e+00
890 0 +8.119164431e-05 +1.830100812e+02 +1.830100812e+02 -2.1445e+00 +3.1049e+00 -2.8518e+00 +1.0315e+00 -3.5580e+00
892 0 +4.649608354e-05 +1.830100465e+02 +1.830100465e+02 -2.1413e+00 +3.1067e+00 -2.8531e+00 +1.0290e+00 -3.5547e+00
915 0 +2.970994137e-05 +1.830100297e+02 +1.830100297e+02 -2.1347e+00 +3.1058e+00 -2.8492e+00 +1.0331e+00 -3.5559e+00
939 0 +2.794683138e-05 +1.830100279e+02 +1.830100279e+02 -2.1343e+00 +3.1020e+00 -2.8481e+00 +1.0278e+00 -3.5591e+00
988 0 +2.215847110e-05 +1.830100222e+02 +1.830100222e+02 -2.1349e+00 +3.1013e+00 -2.8518e+00 +1.0333e+00 -3.5548e+00
1002 0 +1.610156752e-05 +1.830100161e+02 +1.830100161e+02 -2.1339e+00 +3.1013e+00 -2.8512e+00 +1.0313e+00 -3.5546e+00
1038 0 +1.363289371e-05 +1.830100136e+02 +1.830100136e+02 -2.1348e+00 +3.1034e+00 -2.8495e+00 +1.0320e+00 -3.5564e+00
1047 0 +9.344160844e-06 +1.830100093e+02 +1.830100093e+02 -2.1361e+00 +3.1018e+00 -2.8520e+00 +1.0271e+00 -3.5557e+00
1050 0 +3.048407990e-06 +1.830100030e+02 +1.830100030e+02 -2.1363e+00 +3.1034e+00 -2.8505e+00 +1.0304e+00 -3.5565e+00
1071 0 +2.515769665e-06 +1.830100025e+02 +1.830100025e+02 -2.1355e+00 +3.1020e+00 -2.8524e+00 +1.0300e+00 -3.5561e+00
1090 0 +1.981364534e-06 +1.830100020e+02 +1.830100020e+02 -2.1370e+00 +3.1027e+00 -2.8524e+00 +1.0298e+00 -3.5575e+00
1169 0 +9.407109189e-07 +1.830100009e+02 +1.830100009e+02 -2.1351e+00 +3.1031e+00 -2.8519e+00 +1.0293e+00 -3.5570e+00
% f evaluations | g evaluations | best noise-free fitness - Fopt (1.835200000000e+02) + sum g_i+ | measured fitness | best measured fitness or single-digit g-values | x1 | x2...
1 0 +3.883284946e+01 +2.223528495e+02 +2.223528495e+02 +5.9671e-01 -3.8264e-02 +7.4769e-01 +1.6230e+00 -1.3415e-01
3 0 +2.105516925e+01 +2.045751692e+02 +2.045751692e+02 -3.6342e-01 -3.6573e-01 +3.4196e-01 -1.8133e+00 -1.6249e+00
4 0 +1.887700508e+01 +2.023970051e+02 +2.023970051e+02 -4.6229e-01 -9.1283e-01 +4.1425e-01 -8.0802e-01 -1.3123e+00
27 0 +1.538767223e+01 +1.989076722e+02 +1.989076722e+02 +7.0440e-01 -4.4085e-01 -7.7390e-01 -1.6384e+00 -5.7812e-01
30 0 +1.518694042e+01 +1.987069404e+02 +1.987069404e+02 +2.0631e-01 -4.4595e-01 -7.8048e-01 -1.4859e+00 -2.2149e-01
33 0 +1.097353834e+01 +1.944935383e+02 +1.944935383e+02 -6.2780e-01 -1.5773e+00 -1.2725e+00 -1.2200e+00 +1.1342e+00
51 0 +8.569975203e+00 +1.920899752e+02 +1.920899752e+02 -3.2750e-01 -1.2815e+00 -1.5359e+00 -1.8210e+00 -1.5021e+00
52 0 +4.477112803e+00 +1.879971128e+02 +1.879971128e+02 -5.6249e-01 -2.4022e+00 -1.7062e+00 -9.8133e-01 -1.1986e+00
58 0 +2.476838494e+00 +1.859968385e+02 +1.859968385e+02 +7.5752e-01 -2.6177e+00 -2.1520e+00 -2.3029e+00 -7.8523e-01
142 0 +1.229524180e+00 +1.847495242e+02 +1.847495242e+02 +4.7827e-01 -3.2731e+00 -2.8402e+00 -1.8819e+00 -1.5670e-01
191 0 +1.060052977e+00 +1.845800530e+02 +1.845800530e+02 +4.1388e-01 -4.3675e+00 -1.9150e+00 -1.4432e+00 -1.0489e+00
235 0 +5.354667821e-01 +1.840554668e+02 +1.840554668e+02 -3.2084e-02 -4.5808e+00 -2.2254e+00 -2.1286e+00 -3.2954e-01
247 0 +4.656992974e-01 +1.839856993e+02 +1.839856993e+02 -4.3236e-01 -4.2934e+00 -2.6116e+00 -2.1837e+00 -9.3446e-01
290 0 +4.504153330e-01 +1.839704153e+02 +1.839704153e+02 -3.1683e-01 -3.9881e+00 -2.4885e+00 -2.4632e+00 -1.0588e+00
294 0 +3.297324064e-01 +1.838497324e+02 +1.838497324e+02 -1.7967e-01 -4.3397e+00 -2.5170e+00 -2.2427e+00 -9.2805e-01
295 0 +3.035444894e-01 +1.838235445e+02 +1.838235445e+02 +1.0722e-01 -3.4752e+00 -2.4401e+00 -1.8867e+00 -8.4132e-01
301 0 +1.534534770e-01 +1.836734535e+02 +1.836734535e+02 -1.8490e-01 -3.9306e+00 -2.6837e+00 -2.1017e+00 -6.2260e-01
304 0 +9.271922074e-02 +1.836127192e+02 +1.836127192e+02 -1.3963e-01 -3.9569e+00 -2.1446e+00 -2.1810e+00 -8.1107e-01
309 0 +4.829026421e-02 +1.835682903e+02 +1.835682903e+02 -8.9141e-02 -4.0644e+00 -2.2137e+00 -2.1603e+00 -6.3892e-01
354 0 +4.794038882e-02 +1.835679404e+02 +1.835679404e+02 +3.0905e-03 -4.1110e+00 -2.4084e+00 -1.9641e+00 -7.4072e-01
372 0 +3.512781301e-02 +1.835551278e+02 +1.835551278e+02 -6.2832e-02 -3.8601e+00 -2.1796e+00 -2.0937e+00 -6.7425e-01
386 0 +1.413346656e-02 +1.835341335e+02 +1.835341335e+02 +1.5200e-02 -3.9668e+00 -2.2265e+00 -2.0534e+00 -6.3790e-01
434 0 +8.639845329e-03 +1.835286398e+02 +1.835286398e+02 -7.3016e-02 -3.9870e+00 -2.3112e+00 -2.0648e+00 -6.0344e-01
435 0 +8.156064199e-03 +1.835281561e+02 +1.835281561e+02 -3.8461e-02 -3.9408e+00 -2.2850e+00 -2.0560e+00 -7.3020e-01
467 0 +6.624043644e-03 +1.835266240e+02 +1.835266240e+02 +6.6970e-03 -3.8799e+00 -2.3733e+00 -2.0548e+00 -6.7683e-01
484 0 +6.006500699e-03 +1.835260065e+02 +1.835260065e+02 -6.5231e-02 -3.9098e+00 -2.3795e+00 -2.0746e+00 -6.6581e-01
486 0 +4.803342110e-03 +1.835248033e+02 +1.835248033e+02 -3.7720e-02 -3.8921e+00 -2.3706e+00 -2.0188e+00 -6.7138e-01
497 0 +3.170237906e-03 +1.835231702e+02 +1.835231702e+02 -3.7967e-03 -3.9370e+00 -2.3376e+00 -1.9905e+00 -6.5071e-01
521 0 +1.926046102e-03 +1.835219260e+02 +1.835219260e+02 +5.5012e-03 -3.9257e+00 -2.3211e+00 -2.0289e+00 -6.8122e-01
567 0 +1.751606750e-03 +1.835217516e+02 +1.835217516e+02 -7.1825e-03 -3.9367e+00 -2.3553e+00 -2.0755e+00 -6.5149e-01
568 0 +1.208047903e-03 +1.835212080e+02 +1.835212080e+02 -1.0143e-02 -3.9333e+00 -2.3068e+00 -2.0297e+00 -6.6547e-01
573 0 +8.568097551e-04 +1.835208568e+02 +1.835208568e+02 -2.5776e-02 -3.9607e+00 -2.3314e+00 -2.0488e+00 -6.3679e-01
605 0 +8.415621337e-04 +1.835208416e+02 +1.835208416e+02 -1.2760e-02 -3.9165e+00 -2.3308e+00 -2.0477e+00 -6.6760e-01
627 0 +7.902610730e-04 +1.835207903e+02 +1.835207903e+02 -7.6761e-03 -3.9471e+00 -2.3480e+00 -2.0564e+00 -6.4327e-01
633 0 +5.367829068e-04 +1.835205368e+02 +1.835205368e+02 -3.5877e-02 -3.9352e+00 -2.3319e+00 -2.0594e+00 -6.5267e-01
642 0 +1.863485926e-04 +1.835201863e+02 +1.835201863e+02 -2.5572e-02 -3.9316e+00 -2.3363e+00 -2.0423e+00 -6.6578e-01
717 0 +1.696677949e-04 +1.835201697e+02 +1.835201697e+02 -1.7085e-02 -3.9467e+00 -2.3374e+00 -2.0355e+00 -6.6508e-01
732 0 +6.629095586e-05 +1.835200663e+02 +1.835200663e+02 -1.8796e-02 -3.9383e+00 -2.3378e+00 -2.0469e+00 -6.5285e-01
789 0 +5.142332751e-05 +1.835200514e+02 +1.835200514e+02 -1.8000e-02 -3.9424e+00 -2.3296e+00 -2.0457e+00 -6.6061e-01
816 0 +3.522638758e-05 +1.835200352e+02 +1.835200352e+02 -1.7733e-02 -3.9422e+00 -2.3348e+00 -2.0458e+00 -6.5398e-01
839 0 +3.303461619e-05 +1.835200330e+02 +1.835200330e+02 -2.1453e-02 -3.9454e+00 -2.3302e+00 -2.0436e+00 -6.5835e-01
842 0 +2.223228429e-05 +1.835200222e+02 +1.835200222e+02 -2.0978e-02 -3.9378e+00 -2.3326e+00 -2.0451e+00 -6.5701e-01
897 0 +1.774755722e-05 +1.835200177e+02 +1.835200177e+02 -1.9714e-02 -3.9422e+00 -2.3314e+00 -2.0411e+00 -6.5819e-01
1055 0 +1.518617773e-05 +1.835200152e+02 +1.835200152e+02 -2.0762e-02 -3.9390e+00 -2.3317e+00 -2.0426e+00 -6.5746e-01
1086 0 +8.678930044e-06 +1.835200087e+02 +1.835200087e+02 -2.1110e-02 -3.9433e+00 -2.3330e+00 -2.0430e+00 -6.5568e-01
1087 0 +8.276827373e-06 +1.835200083e+02 +1.835200083e+02 -2.2240e-02 -3.9403e+00 -2.3323e+00 -2.0439e+00 -6.5636e-01
1118 0 +7.660118257e-06 +1.835200077e+02 +1.835200077e+02 -2.1749e-02 -3.9410e+00 -2.3334e+00 -2.0456e+00 -6.5683e-01
1168 0 +5.765510906e-06 +1.835200058e+02 +1.835200058e+02 -2.1527e-02 -3.9400e+00 -2.3345e+00 -2.0443e+00 -6.5894e-01
1172 0 +2.772932902e-06 +1.835200028e+02 +1.835200028e+02 -2.1933e-02 -3.9410e+00 -2.3331e+00 -2.0425e+00 -6.5736e-01
% f evaluations | g evaluations | best noise-free fitness - Fopt (-5.938400000000e+02) + sum g_i+ | measured fitness | best measured fitness or single-digit g-values | x1 | x2...
1 0 +1.258635390e+01 -5.812536461e+02 -5.812536461e+02 +5.9671e-01 -3.8264e-02 +7.4769e-01 +1.6230e+00 -1.3415e-01
11 0 +1.250345270e+01 -5.813365473e+02 -5.813365473e+02 +4.2408e-01 -2.8508e-01 -5.7692e-01 +7.1168e-01 +1.1310e+00
20 0 +7.957893987e+00 -5.858821060e+02 -5.858821060e+02 -1.3635e+00 +3.9612e-01 +3.6106e-01 +1.0511e-01 -1.3459e-01
23 0 +3.046311511e+00 -5.907936885e+02 -5.907936885e+02 -1.8188e+00 +7.3486e-02 +1.6023e-01 +2.5632e+00 -9.2361e-02
34 0 +2.599837864e+00 -5.912401621e+02 -5.912401621e+02 -1.1142e+00 +5.5254e-01 +7.3247e-01 +2.0276e+00 +8.8177e-01
58 0 +2.117212643e+00 -5.917227874e+02 -5.917227874e+02 -1.9877e+00 +3.6923e-01 +3.3661e-01 +9.2535e-01 +1.7998e+00
60 0 +1.271586205e+00 -5.925684138e+02 -5.925684138e+02 -1.7161e+00 -1.0520e-01 +6.8494e-01 +2.7689e+00 +1.6614e+00
101 0 +1.102775829e+00 -5.927372242e+02 -5.927372242e+02 -3.0628e+00 +3.0390e-01 +1.0653e+00 +2.5768e+00 +7.5337e-01
119 0 +9.740130119e-01 -5.928659870e+02 -5.928659870e+02 -2.4227e+00 -6.3104e-01 +6.0604e-01 +2.7058e+00 +1.6788e+00
127 0 +9.181621128e-01 -5.929218379e+02 -5.929218379e+02 -3.3334e+00 +5.8494e-01 +3.7127e-01 +2.3512e+00 +1.4465e+00
178 0 +4.851040997e-01 -5.933548959e+02 -5.933548959e+02 -2.2449e+00 +2.9250e-01 +8.0562e-01 +1.6194e+00 +1.5129e+00
182 0 +3.204347871e-01 -5.935195652e+02 -5.935195652e+02 -2.6841e+00 +3.8655e-01 +4.3660e-01 +2.0185e+00 +1.8027e+00
236 0 +2.765051784e-01 -5.935634948e+02 -5.935634948e+02 -2.6659e+00 -1.6492e-01 +1.7685e-01 +1.9252e+00 +1.3463e+00
242 0 +2.664724422e-01 -5.935735276e+02 -5.935735276e+02 -2.2366e+00 +2.0671e-01 +5.4512e-01 +2.3078e+00 +1.0319e+00
243 0 +9.299312970e-02 -5.937470069e+02 -5.937470069e+02 -2.6949e+00 -1.1359e-01 +4.9915e-01 +2.0360e+00 +1.5050e+00
251 0 +3.285686577e-02 -5.938071431e+02 -5.938071431e+02 -2.6621e+00 +1.8323e-01 +5.4050e-01 +2.0141e+00 +1.4001e+00
321 0 +3.147857466e-02 -5.938085214e+02 -5.938085214e+02 -2.5693e+00 +1.2343e-01 +4.3768e-01 +2.2160e+00 +1.2902e+00
345 0 +1.103681808e-02 -5.938289632e+02 -5.938289632e+02 -2.5353e+00 +3.9144e-02 +5.4704e-01 +2.0673e+00 +1.4087e+00
408 0 +8.968338808e-03 -5.938310317e+02 -5.938310317e+02 -2.6225e+00 +9.4940e-02 +4.9987e-01 +2.1549e+00 +1.3891e+00
439 0 +8.068514909e-03 -5.938319315e+02 -5.938319315e+02 -2.5715e+00 +9.7070e-02 +4.9637e-01 +2.0857e+00 +1.3597e+00
445 0 +6.451862931e-03 -5.938335481e+02 -5.938335481e+02 -2.6131e+00 +9.5516e-02 +5.2778e-01 +2.1587e+00 +1.4108e+00
503 0 +5.302247063e-03 -5.938346978e+02 -5.938346978e+02 -2.5162e+00 +1.3941e-01 +5.6728e-01 +2.1352e+00 +1.3465e+00
531 0 +3.301242765e-03 -5.938366988e+02 -5.938366988e+02 -2.5608e+00 +1.3672e-01 +5.4490e-01 +2.1537e+00 +1.3835e+00
543 0 +2.869637792e-03 -5.938371304e+02 -5.938371304e+02 -2.5475e+00 +6.6993e-02 +5.4064e-01 +2.1156e+00 +1.3844e+00
567 0 +9.483416316e-04 -5.938390517e+02 -5.938390517e+02 -2.5667e+00 +6.8655e-02 +5.8515e-01 +2.1331e+00 +1.3562e+00
634 0 +7.658505567e-04 -5.938392341e+02 -5.938392341e+02 -2.5890e+00 +9.3872e-02 +5.8009e-01 +2.1251e+00 +1.3505e+00
636 0 +4.538241370e-04 -5.938395462e+02 -5.938395462e+02 -2.5565e+00 +9.1035e-02 +5.8098e-01 +2.1214e+00 +1.3599e+00
664 0 +3.838101973e-04 -5.938396162e+02 -5.938396162e+02 -2.5680e+00 +9.3475e-02 +5.7994e-01 +2.1488e+00 +1.3757e+00
703 0 +2.168903181e-04 -5.938397831e+02 -5.938397831e+02 -2.5601e+00 +1.0047e-01 +5.7625e-01 +2.1339e+00 +1.3580e+00
716 0 +1.495322009e-04 -5.938398505e+02 -5.938398505e+02 -2.5649e+00 +9.3801e-02 +5.7397e-01 +2.1265e+00 +1.3578e+00
730 0 +7.230787060e-05 -5.938399277e+02 -5.938399277e+02 -2.5654e+00 +9.4338e-02 +5.7592e-01 +2.1353e+00 +1.3724e+00
787 0 +6.625832486e-05 -5.938399337e+02 -5.938399337e+02 -2.5680e+00 +9.9986e-02 +5.6979e-01 +2.1333e+00 +1.3611e+00
798 0 +4.932409217e-05 -5.938399507e+02 -5.938399507e+02 -2.5682e+00 +9.5261e-02 +5.7262e-01 +2.1348e+00 +1.3731e+00
823 0 +6.013008942e-06 -5.938399940e+02 -5.938399940e+02 -2.5679e+00 +9.3899e-02 +5.7141e-01 +2.1350e+00 +1.3671e+00
1014 0 +1.138227617e-06 -5.938399989e+02 -5.938399989e+02 -2.5696e+00 +9.4432e-02 +5.7113e-01 +2.1332e+00 +1.3669e+00
% f evaluations | g evaluations | best noise-free fitness - Fopt (-1.000000000000e+03) + sum g_i+ | measured fitness | best measured fitness or single-digit g-values | x1 | x2...
1 0 +7.821436367e+01 -9.217856363e+02 -9.217856363e+02 +5.9671e-01 -3.8264e-02 +7.4769e-01 +1.6230e+00 -1.3415e-01
2 0 +4.752873392e+01 -9.524712661e+02 -9.524712661e+02 -1.3414e-01 +1.6792e+00 +8.6743e-01 -3.6947e-01 +6.4256e-01
7 0 +3.416422951e+01 -9.658357705e+02 -9.658357705e+02 -5.0171e-01 +1.9523e+00 +8.6503e-02 -9.5771e-01 +9.2254e-01
8 0 +2.931774548e+01 -9.706822545e+02 -9.706822545e+02 -1.1208e+00 +3.0886e-01 -1.8597e+00 -1.2282e+00 +2.9686e-01
28 0 +1.055323084e+01 -9.894467692e+02 -9.894467692e+02 -2.7775e+00 +1.1196e+00 -3.0589e+00 -3.1372e+00 +1.3589e+00
54 0 +7.071475815e+00 -9.929285242e+02 -9.929285242e+02 -4.1289e+00 +4.4725e+00 -3.8782e+00 -6.5776e-01 +4.5521e-01
96 0 +6.420851541e+00 -9.935791485e+02 -9.935791485e+02 -3.6673e+00 +2.0592e+00 -4.1259e+00 -7.0057e-01 +2.4884e+00
104 0 +6.016074281e+00 -9.939839257e+02 -9.939839257e+02 -2.1610e+00 +3.2216e+00 -3.2061e+00 -2.2540e+00 +3.8411e+00
115 0 +2.908515433e+00 -9.970914846e+02 -9.970914846e+02 -4.2438e+00 +3.8259e+00 -3.8895e+00 -4.0571e+00 +1.9191e+00
159 0 +2.694088340e+00 -9.973059117e+02 -9.973059117e+02 -4.5831e+00 +2.9665e+00 -4.8228e+00 -2.6012e+00 +2.8791e+00
162 0 +2.207151037e+00 -9.977928490e+02 -9.977928490e+02 -3.4743e+00 +4.1664e+00 -4.3932e+00 -3.6553e+00 +1.8736e+00
219 0 +8.619621979e-01 -9.991380378e+02 -9.991380378e+02 -3.1937e+00 +3.5337e+00 -3.7194e+00 -2.4091e+00 +1.7294e+00
227 0 +5.792181023e-01 -9.994207819e+02 -9.994207819e+02 -4.1098e+00 +3.2532e+00 -3.9030e+00 -2.0719e+00 +2.3489e+00
288 0 +2.196036906e-01 -9.997803963e+02 -9.997803963e+02 -3.7457e+00 +3.7369e+00 -4.1888e+00 -2.2622e+00 +2.4687e+00
336 0 +1.661444142e-01 -9.998338556e+02 -9.998338556e+02 -4.0534e+00 +3.6891e+00 -3.7217e+00 -2.7191e+00 +2.1989e+00
341 0 +1.245555091e-01 -9.998754445e+02 -9.998754445e+02 -3.7959e+00 +4.0046e+00 -4.0481e+00 -2.4879e+00 +2.0859e+00
369 0 +6.179925277e-02 -9.999382007e+02 -9.999382007e+02 -3.7666e+00 +3.7305e+00 -3.8499e+00 -2.2826e+00 +2.4175e+00
435 0 +1.702694012e-02 -9.999829731e+02 -9.999829731e+02 -3.7854e+00 +3.8365e+00 -3.7379e+00 -2.5027e+00 +2.2447e+00
529 0 +1.038600675e-02 -9.999896140e+02 -9.999896140e+02 -3.9134e+00 +3.8344e+00 -3.8583e+00 -2.5015e+00 +2.3263e+00
560 0 +5.281898183e-03 -9.999947181e+02 -9.999947181e+02 -3.8515e+00 +3.8906e+00 -3.7968e+00 -2.4319e+00 +2.2462e+00
590 0 +3.266958589e-03 -9.999967330e+02 -9.999967330e+02 -3.8704e+00 +3.8686e+00 -3.8221e+00 -2.4389e+00 +2.3481e+00
593 0 +2.887016158e-03 -9.999971130e+02 -9.999971130e+02 -3.8633e+00 +3.8793e+00 -3.7943e+00 -2.4282e+00 +2.3279e+00
595 0 +1.467995385e-03 -9.999985320e+02 -9.999985320e+02 -3.8657e+00 +3.8626e+00 -3.8159e+00 -2.4245e+00 +2.2810e+00
639 0 +5.949999719e-04 -9.999994050e+02 -9.999994050e+02 -3.8544e+00 +3.8524e+00 -3.8311e+00 -2.4590e+00 +2.2867e+00
654 0 +5.864986065e-04 -9.999994135e+02 -9.999994135e+02 -3.8386e+00 +3.8537e+00 -3.8442e+00 -2.4513e+00 +2.2960e+00
661 0 +3.899898584e-04 -9.999996100e+02 -9.999996100e+02 -3.8375e+00 +3.8572e+00 -3.8230e+00 -2.4637e+00 +2.3036e+00
685 0 +3.880807545e-04 -9.999996119e+02 -9.999996119e+02 -3.8340e+00 +3.8635e+00 -3.8327e+00 -2.4513e+00 +2.2950e+00
686 0 +3.289559999e-04 -9.999996710e+02 -9.999996710e+02 -3.8571e+00 +3.8548e+00 -3.8150e+00 -2.4493e+00 +2.3094e+00
697 0 +2.512446915e-04 -9.999997488e+02 -9.999997488e+02 -3.8285e+00 +3.8533e+00 -3.8180e+00 -2.4413e+00 +2.3028e+00
716 0 +8.646733033e-05 -9.999999135e+02 -9.999999135e+02 -3.8392e+00 +3.8574e+00 -3.8226e+00 -2.4503e+00 +2.2957e+00
781 0 +8.432717550e-05 -9.999999157e+02 -9.999999157e+02 -3.8443e+00 +3.8488e+00 -3.8252e+00 -2.4383e+00 +2.2998e+00
814 0 +6.671001893e-05 -9.999999333e+02 -9.999999333e+02 -3.8446e+00 +3.8497e+00 -3.8276e+00 -2.4500e+00 +2.3001e+00
844 0 +5.422490108e-05 -9.999999458e+02 -9.999999458e+02 -3.8484e+00 +3.8570e+00 -3.8240e+00 -2.4455e+00 +2.3026e+00
862 0 +3.965789904e-05 -9.999999603e+02 -9.999999603e+02 -3.8401e+00 +3.8528e+00 -3.8269e+00 -2.4467e+00 +2.3003e+00
871 0 +2.253261323e-05 -9.999999775e+02 -9.999999775e+02 -3.8405e+00 +3.8507e+00 -3.8234e+00 -2.4444e+00 +2.3033e+00
924 0 +1.900480686e-05 -9.999999810e+02 -9.999999810e+02 -3.8447e+00 +3.8537e+00 -3.8224e+00 -2.4456e+00 +2.2969e+00
939 0 +6.644755558e-06 -9.999999934e+02 -9.999999934e+02 -3.8421e+00 +3.8530e+00 -3.8210e+00 -2.4446e+00 +2.2988e+00
992 0 +3.275529252e-06 -9.999999967e+02 -9.999999967e+02 -3.8422e+00 +3.8521e+00 -3.8208e+00 -2.4447e+00 +2.3004e+00
1081 0 +2.510906938e-06 -9.999999975e+02 -9.999999975e+02 -3.8426e+00 +3.8531e+00 -3.8207e+00 -2.4445e+00 +2.3012e+00
1140 0 +7.653870853e-07 -9.999999992e+02 -9.999999992e+02 -3.8433e+00 +3.8528e+00 -3.8213e+00 -2.4461e+00 +2.3002e+00
% f evaluations | g evaluations | best noise-free fitness - Fopt (-2.531000000000e+01) + sum g_i+ | measured fitness | best measured fitness or single-digit g-values | x1 | x2...
1 0 +2.981377482e+01 +4.503774821e+00 +4.503774821e+00 +5.9671e-01 -3.8264e-02 +7.4769e-01 +1.6230e+00 -1.3415e-01
22 0 +2.509585509e+01 -2.141449063e-01 -2.141449063e-01 +5.0405e-01 +1.9862e+00 +2.7458e-01 +3.5755e-01 +2.5554e-02
26 0 +2.341978780e+01 -1.890212197e+00 -1.890212197e+00 +6.6375e-01 -1.5214e-01 +1.0848e+00 +2.3336e+00 +1.2956e+00
27 0 +1.890219695e+01 -6.407803052e+00 -6.407803052e+00 +7.9540e-01 +1.1261e+00 +7.3229e-01 +1.4709e+00 +6.5355e-01
33 0 +1.193858905e+01 -1.337141095e+01 -1.337141095e+01 +2.5424e+00 +2.2776e+00 -8.2381e-01 +1.0850e+00 +8.7793e-01
51 0 +4.847599914e+00 -2.046240009e+01 -2.046240009e+01 +4.6315e+00 +2.0512e+00 +3.8415e-01 +2.5763e+00 +1.5452e+00
79 0 +4.047623023e+00 -2.126237698e+01 -2.126237698e+01 +3.0700e+00 +4.1937e+00 +3.4488e-01 +4.9717e+00 +2.4677e+00
87 0 +3.224854029e+00 -2.208514597e+01 -2.208514597e+01 +2.2423e+00 +3.6132e+00 +3.7113e-01 +2.0813e+00 +1.8764e+00
126 0 +7.188087122e-01 -2.459119129e+01 -2.459119129e+01 +2.9941e+00 +3.9140e+00 +2.6797e-01 +3.1185e+00 +2.3481e+00
259 0 +4.594215181e-01 -2.485057848e+01 -2.485057848e+01 +3.5934e+00 +3.7475e+00 +1.3835e+00 +3.3858e+00 +2.1108e+00
279 0 +2.589595868e-01 -2.505104041e+01 -2.505104041e+01 +3.4464e+00 +3.8385e+00 +4.5757e-01 +3.1404e+00 +2.4690e+00
342 0 +2.010616555e-01 -2.510893834e+01 -2.510893834e+01 +3.7856e+00 +3.8351e+00 +8.5239e-01 +3.2460e+00 +2.4633e+00
346 0 +1.369885431e-01 -2.517301146e+01 -2.517301146e+01 +3.3221e+00 +3.6765e+00 +1.1270e+00 +3.2211e+00 +2.2515e+00
348 0 +1.038614199e-01 -2.520613858e+01 -2.520613858e+01 +3.6417e+00 +3.5653e+00 +6.7887e-01 +3.3245e+00 +2.2337e+00
381 0 +7.202261820e-02 -2.523797738e+01 -2.523797738e+01 +3.3833e+00 +3.4444e+00 +9.0368e-01 +3.1639e+00 +2.1553e+00
421 0 +5.485422598e-02 -2.525514577e+01 -2.525514577e+01 +3.3891e+00 +3.4877e+00 +8.9614e-01 +3.1953e+00 +2.1762e+00
474 0 +4.853357008e-02 -2.526146643e+01 -2.526146643e+01 +3.4538e+00 +3.5004e+00 +1.0484e+00 +3.2466e+00 +2.3138e+00
477 0 +4.738963018e-02 -2.526261037e+01 -2.526261037e+01 +3.4160e+00 +3.6837e+00 +7.0702e-01 +3.1778e+00 +2.4097e+00
479 0 +2.582325782e-02 -2.528417674e+01 -2.528417674e+01 +3.3754e+00 +3.4217e+00 +8.8580e-01 +3.2418e+00 +2.3630e+00
539 0 +2.553370938e-02 -2.528446629e+01 -2.528446629e+01 +3.4627e+00 +3.4940e+00 +7.8495e-01 +3.2647e+00 +2.5023e+00
540 0 +9.286456763e-03 -2.530071354e+01 -2.530071354e+01 +3.5529e+00 +3.5695e+00 +8.2926e-01 +3.1930e+00 +2.3706e+00
553 0 +7.715986075e-03 -2.530228401e+01 -2.530228401e+01 +3.4218e+00 +3.5580e+00 +8.0598e-01 +3.2379e+00 +2.3816e+00
554 0 +5.336127919e-03 -2.530466387e+01 -2.530466387e+01 +3.4952e+00 +3.5579e+00 +8.0683e-01 +3.2193e+00 +2.3586e+00
596 0 +2.336563105e-03 -2.530766344e+01 -2.530766344e+01 +3.4692e+00 +3.5015e+00 +8.7378e-01 +3.1576e+00 +2.3777e+00
612 0 +2.243787990e-03 -2.530775621e+01 -2.530775621e+01 +3.4774e+00 +3.5556e+00 +8.3295e-01 +3.2201e+00 +2.3761e+00
630 0 +1.544664625e-03 -2.530845534e+01 -2.530845534e+01 +3.4920e+00 +3.5334e+00 +8.4020e-01 +3.2136e+00 +2.3768e+00
656 0 +1.434598745e-03 -2.530856540e+01 -2.530856540e+01 +3.4472e+00 +3.5062e+00 +8.6769e-01 +3.1814e+00 +2.3909e+00
663 0 +6.997216131e-04 -2.530930028e+01 -2.530930028e+01 +3.4651e+00 +3.5115e+00 +8.3936e-01 +3.1861e+00 +2.3799e+00
680 0 +1.000180714e-04 -2.530989998e+01 -2.530989998e+01 +3.4677e+00 +3.5341e+00 +8.4663e-01 +3.1788e+00 +2.3858e+00
744 0 +4.381283907e-05 -2.530995619e+01 -2.530995619e+01 +3.4681e+00 +3.5341e+00 +8.5480e-01 +3.1920e+00 +2.3896e+00
839 0 +8.857707549e-06 -2.530999114e+01 -2.530999114e+01 +3.4701e+00 +3.5327e+00 +8.5081e-01 +3.1882e+00 +2.3870e+00
1073 0 +2.759628497e-06 -2.530999724e+01 -2.530999724e+01 +3.4693e+00 +3.5323e+00 +8.5164e-01 +3.1854e+00 +2.3871e+00
1157 0 +4.349027591e-07 -2.530999957e+01 -2.530999957e+01 +3.4693e+00 +3.5326e+00 +8.5255e-01 +3.1863e+00 +2.3875e+00
