% f evaluations | g evaluations | best noise-free fitness - Fopt (1.238300000000e+02) + sum g_i+ | measured fitness | best measured fitness or single-digit g-values | x1 | x2...
1 0 +7.736152776e+01 +2.011915278e+02 +2.011915278e+02 +5.9671e-01 -3.8264e-02
3 0 +5.157291611e-01 +1.243457292e+02 +1.243457292e+02 -1.3415e-01 -1.3414e-01
13 0 +4.550777024e-01 +1.242850777e+02 +1.242850777e+02 -1.0790e-01 +2.0875e-01
32 0 +7.790698771e-02 +1.239079070e+02 +1.239079070e+02 -1.3567e-01 +3.1502e-01
67 0 +5.954860464e-02 +1.238895486e+02 +1.238895486e+02 -1.4016e-01 +2.6041e-01
126 0 +5.777538418e-02 +1.238877754e+02 +1.238877754e+02 -1.3942e-01 +2.6246e-01
189 0 +2.183877748e-02 +1.238518388e+02 +1.238518388e+02 -9.2246e-02 +4.9105e-01
215 0 +1.695660263e-02 +1.238469566e+02 +1.238469566e+02 -9.6581e-02 +4.6195e-01
220 0 +8.816835249e-03 +1.238388168e+02 +1.238388168e+02 -6.6444e-02 +5.8737e-01
223 0 +2.488504236e-03 +1.238324885e+02 +1.238324885e+02 -5.0330e-02 +6.2819e-01
259 0 +1.410904277e-03 +1.238314109e+02 +1.238314109e+02 -8.7533e-03 +7.7581e-01
284 0 +4.092345693e-04 +1.238304092e+02 +1.238304092e+02 -1.9424e-02 +7.4456e-01
285 0 +1.174931391e-04 +1.238301175e+02 +1.238301175e+02 -2.3728e-02 +7.2760e-01
345 0 +8.160906735e-05 +1.238300816e+02 +1.238300816e+02 -2.4560e-02 +7.2571e-01
350 0 +4.555304366e-05 +1.238300456e+02 +1.238300456e+02 -3.3077e-02 +6.9524e-01
370 0 +4.272711607e-07 +1.238300004e+02 +1.238300004e+02 -3.0465e-02 +7.0506e-01
416 0 +2.481789352e-08 +1.238300000e+02 +1.238300000e+02 -2.9975e-02 +7.0675e-01
485 0 +1.706990815e-08 +1.238300000e+02 +1.238300000e+02 -3.0098e-02 +7.0632e-01
497 0 +8.733636037e-09 +1.238300000e+02 +1.238300000e+02 -3.0044e-02 +7.0654e-01
% f evaluations | g evaluations | best noise-free fitness - Fopt (4.751000000000e+01) + sum g_i+ | measured fitness | best measured fitness or single-digit g-values | x1 | x2...
1 0 +1.601969008e-01 +4.767019690e+01 +4.767019690e+01 +5.9671e-01 -3.8264e-02
254 0 +1.025130325e-01 +4.761251303e+01 +4.761251303e+01 +1.3202e-01 +1.4547e-01
278 0 +8.283175888e-02 +4.759283176e+01 +4.759283176e+01 +1.9512e-01 +1.1770e-01
303 0 +7.918837613e-02 +4.758918838e+01 +4.758918838e+01 +2.1360e-01 +1.2423e-01
304 0 +6.876944039e-02 +4.757876944e+01 +4.757876944e+01 +2.2323e-01 +1.1166e-01
306 0 +6.170412804e-02 +4.757170413e+01 +4.757170413e+01 +2.3591e-01 +1.1262e-01
309 0 +3.897682942e-02 +4.754897683e+01 +4.754897683e+01 +3.2506e-01 +8.3958e-02
347 0 +3.676093394e-02 +4.754676093e+01 +4.754676093e+01 +3.3506e-01 +8.0460e-02
386 0 +3.594175538e-02 +4.754594176e+01 +4.754594176e+01 +3.7917e-01 +6.9747e-02
389 0 +2.774064667e-02 +4.753774065e+01 +4.753774065e+01 +3.9702e-01 +6.1520e-02
399 0 +2.664644216e-02 +4.753664644e+01 +4.753664644e+01 +3.8666e-01 +6.2264e-02
418 0 +2.320488024e-02 +4.753320488e+01 +4.753320488e+01 +4.1151e-01 +5.1945e-02
422 0 +2.053641463e-02 +4.753053641e+01 +4.753053641e+01 +4.2457e-01 +4.8057e-02
430 0 +1.849091031e-02 +4.752849091e+01 +4.752849091e+01 +4.4025e-01 +4.1869e-02
431 0 +1.660842838e-02 +4.752660843e+01 +4.752660843e+01 +4.5496e-01 +3.8792e-02
447 0 +1.551661926e-02 +4.752551662e+01 +4.752551662e+01 +4.7423e-01 +2.7945e-02
452 0 +1.387292437e-02 +4.752387292e+01 +4.752387292e+01 +5.5578e-01 -6.2072e-03
453 0 +1.200436428e-02 +4.752200436e+01 +4.752200436e+01 +5.4236e-01 +4.3102e-05
457 0 +5.897879168e-03 +4.751589788e+01 +4.751589788e+01 +5.6913e-01 -5.0212e-03
462 0 +5.142565570e-03 +4.751514257e+01 +4.751514257e+01 +7.1662e-01 -6.5843e-02
476 0 +1.725175500e-03 +4.751172518e+01 +4.751172518e+01 +6.5167e-01 -4.2789e-02
490 0 +1.437753482e-03 +4.751143775e+01 +4.751143775e+01 +6.3455e-01 -3.3124e-02
% f evaluations | g evaluations | best noise-free fitness - Fopt (5.534000000000e+01) + sum g_i+ | measured fitness | best measured fitness or single-digit g-values | x1 | x2...
1 0 +1.641795000e+00 +5.698179500e+01 +5.698179500e+01 +5.9671e-01 -3.8264e-02
3 0 +8.841254452e-01 +5.622412545e+01 +5.622412545e+01 -1.3415e-01 -1.3414e-01
12 0 +2.708425915e-01 +5.561084259e+01 +5.561084259e+01 +2.4165e-01 -1.2088e-01
48 0 +1.403180074e-01 +5.548031801e+01 +5.548031801e+01 +3.5022e-03 -1.7638e-01
97 0 +1.360067690e-01 +5.547600677e+01 +5.547600677e+01 -4.9547e-02 -1.6573e-01
100 0 +1.081773744e-01 +5.544817737e+01 +5.544817737e+01 -7.3775e-02 -1.8656e-01
106 0 +6.226681142e-02 +5.540226681e+01 +5.540226681e+01 -2.3063e-01 -2.0107e-01
109 0 +5.116596471e-02 +5.539116596e+01 +5.539116596e+01 -2.2837e-01 -1.9167e-01
225 0 +4.473557493e-02 +5.538473557e+01 +5.538473557e+01 -2.4452e-01 -1.9559e-01
239 0 +2.435082485e-02 +5.536435082e+01 +5.536435082e+01 -3.5837e-01 -2.0277e-01
246 0 +2.185332535e-02 +5.536185333e+01 +5.536185333e+01 -3.9862e-01 -1.9877e-01
250 0 +2.140531047e-02 +5.536140531e+01 +5.536140531e+01 -3.7477e-01 -2.0016e-01
270 0 +1.538586102e-02 +5.535538586e+01 +5.535538586e+01 -4.2226e-01 -2.0408e-01
271 0 +1.527224938e-02 +5.535527225e+01 +5.535527225e+01 -4.2355e-01 -2.0103e-01
272 0 +1.250315611e-02 +5.535250316e+01 +5.535250316e+01 -4.3922e-01 -2.0283e-01
308 0 +1.132866054e-02 +5.535132866e+01 +5.535132866e+01 -4.5083e-01 -2.0255e-01
312 0 +7.412509543e-03 +5.534741251e+01 +5.534741251e+01 -4.9402e-01 -2.0372e-01
337 0 +3.184810783e-03 +5.534318481e+01 +5.534318481e+01 -5.6770e-01 -2.0375e-01
344 0 +2.261700356e-03 +5.534226170e+01 +5.534226170e+01 -5.8347e-01 -2.0324e-01
364 0 +1.041845942e-03 +5.534104185e+01 +5.534104185e+01 -6.0727e-01 -2.0170e-01
367 0 +8.065757500e-05 +5.534008066e+01 +5.534008066e+01 -6.5832e-01 -2.0040e-01
443 0 +1.928354077e-05 +5.534001928e+01 +5.534001928e+01 -6.7976e-01 -1.9945e-01
453 0 +1.880164454e-05 +5.534001880e+01 +5.534001880e+01 -6.7928e-01 -1.9947e-01
466 0 +1.117963927e-05 +5.534001118e+01 +5.534001118e+01 -6.7146e-01 -2.0000e-01
485 0 +3.583536881e-07 +5.534000036e+01 +5.534000036e+01 -6.7867e-01 -1.9971e-01
% f evaluations | g evaluations | best noise-free fitness - Fopt (-9.033000000000e+01) + sum g_i+ | measured fitness | best measured fitness or single-digit g-values | x1 | x2...
1 0 +1.456295539e+01 -7.576704461e+01 -7.576704461e+01 +5.9671e-01 -3.8264e-02
5 0 +6.761083068e+00 -8.356891693e+01 -8.356891693e+01 -3.6947e-01 +6.4256e-01
18 0 +1.510412715e-01 -9.017895873e+01 -9.017895873e+01 -1.0436e+00 +9.1760e-01
47 0 +5.892690958e-02 -9.027107309e+01 -9.027107309e+01 -4.4788e-02 +2.6844e-01
108 0 +5.528576754e-02 -9.027471423e+01 -9.027471423e+01 -7.6605e-02 +2.8657e-01
110 0 +5.094547783e-02 -9.027905452e+01 -9.027905452e+01 -1.2131e-01 +3.1990e-01
114 0 +2.846345118e-02 -9.030153655e+01 -9.030153655e+01 -3.7268e-01 +5.1924e-01
131 0 +1.017857247e-02 -9.031982143e+01 -9.031982143e+01 -2.7955e-01 +4.4863e-01
141 0 +2.080553807e-03 -9.032791945e+01 -9.032791945e+01 -4.1129e-01 +5.3822e-01
191 0 +1.774749701e-03 -9.032822525e+01 -9.032822525e+01 -3.6793e-01 +5.0785e-01
202 0 +1.251865908e-03 -9.032874813e+01 -9.032874813e+01 -3.9516e-01 +5.2663e-01
203 0 +4.084486840e-04 -9.032959155e+01 -9.032959155e+01 -4.4028e-01 +5.5599e-01
217 0 +1.414617788e-04 -9.032985854e+01 -9.032985854e+01 -4.6157e-01 +5.6876e-01
296 0 +4.174649916e-05 -9.032995825e+01 -9.032995825e+01 -4.2716e-01 +5.4638e-01
358 0 +4.086455462e-06 -9.032999591e+01 -9.032999591e+01 -4.3892e-01 +5.5413e-01
409 0 +1.319591604e-06 -9.032999868e+01 -9.032999868e+01 -4.3929e-01 +5.5433e-01
418 0 +6.940353501e-07 -9.032999931e+01 -9.032999931e+01 -4.4044e-01 +5.5504e-01
473 0 +5.077749705e-07 -9.032999949e+01 -9.032999949e+01 -4.3848e-01 +5.5371e-01
486 0 +3.091174960e-07 -9.032999969e+01 -9.032999969e+01 -4.3817e-01 +5.5353e-01
487 0 +5.943911674e-08 -9.032999994e+01 -9.032999994e+01 -4.3928e-01 +5.5428e-01
% f evaluations | g evaluations | best noise-free fitness - Fopt (6.561000000000e+01) + sum g_i+ | measured fitness | best measured fitness or single-digit g-values | x1 | x2...
1 0 +4.209695466e+01 +1.077069547e+02 +1.077069547e+02 +5.9671e-01 -3.8264e-02
3 0 +3.242565344e+00 +6.885256534e+01 +6.885256534e+01 -1.3415e-01 -1.3414e-01
6 0 +3.656765691e-01 +6.597567657e+01 +6.597567657e+01 -3.6342e-01 -3.6573e-01
79 0 +3.256837538e-01 +6.593568375e+01 +6.593568375e+01 +5.1490e-03 +3.2501e-01
101 0 +2.805032473e-01 +6.589050325e+01 +6.589050325e+01 -6.8383e-02 +1.7948e-01
104 0 +2.192734394e-01 +6.582927344e+01 +6.582927344e+01 -7.3777e-02 +2.0948e-01
134 0 +2.012081154e-01 +6.581120812e+01 +6.581120812e+01 -1.0340e-01 +1.7154e-01
146 0 +1.469739517e-01 +6.575697395e+01 +6.575697395e+01 -1.6546e-01 +6.2697e-02
157 0 +1.447786857e-01 +6.575477869e+01 +6.575477869e+01 -1.6890e-01 +5.6326e-02
162 0 +1.012345134e-01 +6.571123451e+01 +6.571123451e+01 -2.2114e-01 -5.3544e-02
199 0 +9.156022443e-02 +6.570156022e+01 +6.570156022e+01 -1.9847e-01 -2.2042e-02
203 0 +7.211642213e-02 +6.568211642e+01 +6.568211642e+01 -2.2416e-01 -9.0721e-02
212 0 +5.278249877e-02 +6.566278250e+01 +6.566278250e+01 -2.9131e-01 -2.2657e-01
214 0 +4.933146197e-02 +6.565933146e+01 +6.565933146e+01 -2.5435e-01 -1.5707e-01
232 0 +4.007884919e-02 +6.565007885e+01 +6.565007885e+01 -3.4539e-01 -3.7565e-01
234 0 +3.763952636e-02 +6.564763953e+01 +6.564763953e+01 -3.2293e-01 -3.1424e-01
247 0 +8.310750081e-03 +6.561831075e+01 +6.561831075e+01 -3.4860e-01 -4.0697e-01
282 0 +5.172297664e-03 +6.561517230e+01 +6.561517230e+01 -3.7246e-01 -4.7920e-01
286 0 +1.944683562e-03 +6.561194468e+01 +6.561194468e+01 -3.7551e-01 -4.9507e-01
300 0 +1.901635769e-03 +6.561190164e+01 +6.561190164e+01 -3.8900e-01 -5.4884e-01
341 0 +6.889080109e-04 +6.561068891e+01 +6.561068891e+01 -4.0391e-01 -5.9777e-01
364 0 +5.949216829e-04 +6.561059492e+01 +6.561059492e+01 -4.0360e-01 -5.9642e-01
379 0 +5.697486418e-04 +6.561056975e+01 +6.561056975e+01 -4.1228e-01 -6.2551e-01
383 0 +4.079276588e-04 +6.561040793e+01 +6.561040793e+01 -3.8909e-01 -5.4165e-01
416 0 +3.553370367e-04 +6.561035534e+01 +6.561035534e+01 -3.9101e-01 -5.4765e-01
417 0 +2.983797715e-04 +6.561029838e+01 +6.561029838e+01 -3.9399e-01 -5.5728e-01
420 0 +8.721004049e-05 +6.561008721e+01 +6.561008721e+01 -3.9497e-01 -5.6261e-01
427 0 +5.894176562e-05 +6.561005894e+01 +6.561005894e+01 -4.0545e-01 -5.9915e-01
433 0 +2.947360505e-05 +6.561002947e+01 +6.561002947e+01 -4.0280e-01 -5.9045e-01
457 0 +1.416750493e-06 +6.561000142e+01 +6.561000142e+01 -4.0062e-01 -5.8239e-01
% f evaluations | g evaluations | best noise-free fitness - Fopt (9.348200000000e+02) + sum g_i+ | measured fitness | best measured fitness or single-digit g-values | x1 | x2...
1 0 +2.688011283e+01 +9.617001128e+02 +9.617001128e+02 +5.9671e-01 -3.8264e-02
3 0 +2.436735683e+01 +9.591873568e+02 +9.591873568e+02 -1.3415e-01 -1.3414e-01
5 0 +7.540128032e+00 +9.423601280e+02 +9.423601280e+02 -3.6947e-01 +6.4256e-01
9 0 +4.911948120e+00 +9.397319481e+02 +9.397319481e+02 -9.1283e-01 +4.1425e-01
12 0 +1.683280998e+00 +9.365032810e+02 +9.365032810e+02 -8.5871e-01 +2.6794e-01
39 0 +1.501513560e+00 +9.363215136e+02 +9.363215136e+02 -7.8859e-01 +3.0063e-01
45 0 +1.277556754e+00 +9.360975568e+02 +9.360975568e+02 -6.5532e-01 +4.1962e-01
46 0 +1.147595607e+00 +9.359675956e+02 +9.359675956e+02 -6.2322e-01 +4.1883e-01
48 0 +1.031570655e+00 +9.358515707e+02 +9.358515707e+02 -5.7041e-01 +4.2817e-01
56 0 +8.027229555e-01 +9.356227230e+02 +9.356227230e+02 -4.5700e-01 +3.8986e-01
92 0 +6.014520805e-01 +9.354214521e+02 +9.354214521e+02 -3.4379e-01 +3.7923e-01
96 0 +5.271218473e-01 +9.353471218e+02 +9.353471218e+02 -2.6183e-01 +3.8399e-01
149 0 +5.186574115e-01 +9.353386574e+02 +9.353386574e+02 -2.8267e-01 +3.8255e-01
160 0 +5.158688424e-01 +9.353358688e+02 +9.353358688e+02 -2.8165e-01 +3.8162e-01
161 0 +5.067465258e-01 +9.353267465e+02 +9.353267465e+02 -2.7732e-01 +3.6040e-01
162 0 +4.859334877e-01 +9.353059335e+02 +9.353059335e+02 -2.6843e-01 +3.6796e-01
176 0 +4.559835656e-01 +9.352759836e+02 +9.352759836e+02 -2.3737e-01 +3.6224e-01
182 0 +4.079711211e-01 +9.352279711e+02 +9.352279711e+02 -1.9833e-01 +3.2858e-01
184 0 +4.053195704e-01 +9.352253196e+02 +9.352253196e+02 -1.9422e-01 +3.4227e-01
191 0 +3.913236807e-01 +9.352113237e+02 +9.352113237e+02 -1.5700e-01 +3.3138e-01
199 0 +3.679881518e-01 +9.351879882e+02 +9.351879882e+02 -1.5683e-01 +3.2442e-01
212 0 +3.464504622e-01 +9.351664505e+02 +9.351664505e+02 -1.2240e-01 +2.8118e-01
216 0 +3.416807294e-01 +9.351616807e+02 +9.351616807e+02 -1.1541e-01 +3.0571e-01
224 0 +3.306154790e-01 +9.351506155e+02 +9.351506155e+02 -1.3215e-01 +2.9955e-01
229 0 +2.961308764e-01 +9.351161309e+02 +9.351161309e+02 -9.6543e-02 +2.8163e-01
244 0 +2.826839096e-01 +9.351026839e+02 +9.351026839e+02 -7.4495e-02 +2.7306e-01
250 0 +2.748331875e-01 +9.350948332e+02 +9.350948332e+02 -3.3602e-02 +2.5396e-01
252 0 +2.338523728e-01 +9.350538524e+02 +9.350538524e+02 -2.6567e-02 +2.3393e-01
262 0 +1.988472925e-01 +9.350188473e+02 +9.350188473e+02 +2.1366e-02 +2.0187e-01
294 0 +1.806577657e-01 +9.350006578e+02 +9.350006578e+02 +4.2611e-02 +1.8030e-01
323 0 +1.791271662e-01 +9.349991272e+02 +9.349991272e+02 +6.9963e-02 +1.6964e-01
324 0 +1.673553131e-01 +9.349873553e+02 +9.349873553e+02 +7.4194e-02 +1.6280e-01
334 0 +1.603906427e-01 +9.349803906e+02 +9.349803906e+02 +7.3031e-02 +1.5833e-01
335 0 +1.586026377e-01 +9.349786026e+02 +9.349786026e+02 +7.4931e-02 +1.5564e-01
342 0 +1.460028567e-01 +9.349660029e+02 +9.349660029e+02 +9.7009e-02 +1.3941e-01
350 0 +1.393722255e-01 +9.349593722e+02 +9.349593722e+02 +1.0536e-01 +1.3025e-01
358 0 +1.193807465e-01 +9.349393807e+02 +9.349393807e+02 +1.3881e-01 +9.8391e-02
359 0 +1.058057937e-01 +9.349258058e+02 +9.349258058e+02 +1.7415e-01 +6.0483e-02
371 0 +9.840198345e-02 +9.349184020e+02 +9.349184020e+02 +2.0164e-01 +3.1517e-02
372 0 +8.837479908e-02 +9.349083748e+02 +9.349083748e+02 +2.0163e-01 +3.6952e-02
386 0 +4.859704558e-02 +9.348685970e+02 +9.348685970e+02 +2.9504e-01 -5.5898e-02
400 0 +3.463770087e-02 +9.348546377e+02 +9.348546377e+02 +3.4076e-01 -1.0247e-01
427 0 +2.680102156e-02 +9.348468010e+02 +9.348468010e+02 +4.7581e-01 -2.5186e-01
451 0 +2.188261959e-02 +9.348418826e+02 +9.348418826e+02 +4.1038e-01 -1.7861e-01
452 0 +1.684491349e-02 +9.348368449e+02 +9.348368449e+02 +4.4814e-01 -2.2276e-01
472 0 +7.674287955e-03 +9.348276743e+02 +9.348276743e+02 +5.1473e-01 -3.0587e-01
485 0 +5.411876530e-03 +9.348254119e+02 +9.348254119e+02 +4.8560e-01 -2.7541e-01
486 0 +2.261175864e-03 +9.348222612e+02 +9.348222612e+02 +5.2819e-01 -3.2651e-01
% f evaluations | g evaluations | best noise-free fitness - Fopt (-6.371000000000e+01) + sum g_i+ | measured fitness | best measured fitness or single-digit g-values | x1 | x2...
1 0 +5.828919543e+00 -5.788108046e+01 -5.788108046e+01 +5.9671e-01 -3.8264e-02
17 0 +2.441792438e+00 -6.126820756e+01 -6.126820756e+01 -3.1267e-01 +1.5631e-01
29 0 +7.480595628e-02 -6.363519404e+01 -6.363519404e+01 +2.8164e-01 +4.6096e-02
37 0 +1.333353260e-02 -6.369666647e+01 -6.369666647e+01 +4.7490e-01 -8.9476e-02
199 0 +1.105418865e-02 -6.369894581e+01 -6.369894581e+01 +5.1440e-01 -1.1868e-01
230 0 +5.841946739e-03 -6.370415805e+01 -6.370415805e+01 +5.8274e-01 -1.6109e-01
291 0 +2.740893536e-03 -6.370725911e+01 -6.370725911e+01 +5.8158e-01 -1.6269e-01
298 0 +2.324295766e-03 -6.370767570e+01 -6.370767570e+01 +5.9406e-01 -1.7408e-01
309 0 +2.060390960e-03 -6.370793961e+01 -6.370793961e+01 +5.8924e-01 -1.6913e-01
320 0 +1.852384200e-03 -6.370814762e+01 -6.370814762e+01 +6.0859e-01 -1.8202e-01
323 0 +9.682368255e-04 -6.370903176e+01 -6.370903176e+01 +6.5844e-01 -2.1920e-01
343 0 +8.539758180e-04 -6.370914602e+01 -6.370914602e+01 +6.1899e-01 -1.9165e-01
345 0 +5.517101267e-04 -6.370944829e+01 -6.370944829e+01 +6.3267e-01 -2.0212e-01
366 0 +8.806273875e-05 -6.370991194e+01 -6.370991194e+01 +6.8572e-01 -2.4180e-01
386 0 +4.774204193e-05 -6.370995226e+01 -6.370995226e+01 +6.6050e-01 -2.2221e-01
414 0 +1.408025254e-05 -6.370998592e+01 -6.370998592e+01 +6.6248e-01 -2.2395e-01
453 0 +8.012792620e-06 -6.370999199e+01 -6.370999199e+01 +6.7100e-01 -2.3064e-01
469 0 +3.601742144e-06 -6.370999640e+01 -6.370999640e+01 +6.6830e-01 -2.2853e-01
% f evaluations | g evaluations | best noise-free fitness - Fopt (1.000000000000e+03) + sum g_i+ | measured fitness | best measured fitness or single-digit g-values | x1 | x2...
1 0 +8.893015042e+00 +1.008893015e+03 +1.008893015e+03 +5.9671e-01 -3.8264e-02
14 0 +2.097982542e-01 +1.000209798e+03 +1.000209798e+03 +4.3818e-02 +1.9888e-01
231 0 +1.628747912e-01 +1.000162875e+03 +1.000162875e+03 -1.0680e-01 +1.4653e-01
246 0 +1.140159657e-01 +1.000114016e+03 +1.000114016e+03 -1.2277e-01 +1.2207e-01
247 0 +1.131691503e-01 +1.000113169e+03 +1.000113169e+03 -1.2844e-01 +1.1757e-01
258 0 +1.062061055e-01 +1.000106206e+03 +1.000106206e+03 -1.3887e-01 +1.1651e-01
273 0 +7.572573254e-02 +1.000075726e+03 +1.000075726e+03 -2.3752e-01 +5.3079e-02
286 0 +3.678864630e-02 +1.000036789e+03 +1.000036789e+03 -3.4468e-01 -9.2352e-03
299 0 +2.153048671e-02 +1.000021530e+03 +1.000021530e+03 -4.4653e-01 -7.3421e-02
344 0 +1.749161993e-02 +1.000017492e+03 +1.000017492e+03 -4.6276e-01 -8.5684e-02
352 0 +1.425888393e-02 +1.000014259e+03 +1.000014259e+03 -4.6657e-01 -9.3590e-02
365 0 +2.588321882e-03 +1.000002588e+03 +1.000002588e+03 -6.2408e-01 -2.1210e-01
431 0 +1.703986828e-04 +1.000000170e+03 +1.000000170e+03 -6.4972e-01 -2.3012e-01
475 0 +5.334737591e-05 +1.000000053e+03 +1.000000053e+03 -6.6027e-01 -2.3750e-01
483 0 +1.935808177e-05 +1.000000019e+03 +1.000000019e+03 -6.7182e-01 -2.4697e-01
% f evaluations | g evaluations | best noise-free fitness - Fopt (3.197000000000e+01) + sum g_i+ | measured fitness | best measured fitness or single-digit g-values | x1 | x2...
1 0 +9.096253119e+01 +1.229325312e+02 +1.229325312e+02 +5.9671e-01 -3.8264e-02
2 0 +8.292808290e+01 +1.148980829e+02 +1.148980829e+02 +7.4769e-01 +1.6230e+00
3 0 +2.291857879e-01 +3.219918579e+01 +3.219918579e+01 -1.3415e-01 -1.3414e-01
20 0 +1.251591881e-01 +3.209515919e+01 +3.209515919e+01 +1.4812e-03 -3.0015e-01
102 0 +9.443320745e-02 +3.206443321e+01 +3.206443321e+01 -4.5970e-02 -2.0752e-01
104 0 +6.873262881e-02 +3.203873263e+01 +3.203873263e+01 -2.0670e-02 -2.4572e-01
105 0 +6.047928897e-02 +3.203047929e+01 +3.203047929e+01 -6.4466e-03 -2.6490e-01
107 0 +2.836373642e-02 +3.199836374e+01 +3.199836374e+01 +8.8305e-02 -3.7555e-01
117 0 +1.376851512e-02 +3.198376852e+01 +3.198376852e+01 +1.5382e-01 -4.4813e-01
131 0 +3.050308127e-03 +3.197305031e+01 +3.197305031e+01 +2.6030e-01 -5.5985e-01
265 0 +2.799378578e-03 +3.197279938e+01 +3.197279938e+01 +2.4704e-01 -5.4442e-01
297 0 +2.411335287e-03 +3.197241134e+01 +3.197241134e+01 +2.6814e-01 -5.6736e-01
303 0 +1.663035771e-03 +3.197166304e+01 +3.197166304e+01 +2.6597e-01 -5.6360e-01
307 0 +1.038184276e-03 +3.197103818e+01 +3.197103818e+01 +2.8961e-01 -5.8774e-01
323 0 +5.296487500e-04 +3.197052965e+01 +3.197052965e+01 +2.9875e-01 -5.9614e-01
324 0 +3.926365878e-04 +3.197039264e+01 +3.197039264e+01 +2.9941e-01 -5.9567e-01
333 0 +3.844002542e-04 +3.197038440e+01 +3.197038440e+01 +3.2282e-01 -6.1976e-01
338 0 +2.859289835e-05 +3.197002859e+01 +3.197002859e+01 +3.2214e-01 -6.1778e-01
384 0 +2.227299947e-05 +3.197002227e+01 +3.197002227e+01 +3.2321e-01 -6.1881e-01
419 0 +1.514085482e-05 +3.197001514e+01 +3.197001514e+01 +3.3469e-01 -6.3008e-01
420 0 +1.028101306e-05 +3.197001028e+01 +3.197001028e+01 +3.2561e-01 -6.2114e-01
447 0 +2.033523259e-06 +3.197000203e+01 +3.197000203e+01 +3.2847e-01 -6.2405e-01
449 0 +1.926147970e-06 +3.197000193e+01 +3.197000193e+01 +3.2875e-01 -6.2432e-01
463 0 +7.157254700e-08 +3.197000007e+01 +3.197000007e+01 +3.3008e-01 -6.2550e-01
486 0 +2.072323113e-08 +3.197000002e+01 +3.197000002e+01 +3.2993e-01 -6.2539e-01
% f evaluations | g evaluations | best noise-free fitness - Fopt (5.819000000000e+01) + sum g_i+ | measured fitness | best measured fitness or single-digit g-values | x1 | x2...
1 0 +6.035091873e+01 +1.185409187e+02 +1.185409187e+02 +5.9671e-01 -3.8264e-02
2 0 +6.162617722e+00 +6.435261772e+01 +6.435261772e+01 +7.4769e-01 +1.6230e+00
3 0 +2.568679612e-01 +5.844686796e+01 +5.844686796e+01 -1.3415e-01 -1.3414e-01
55 0 +2.461063974e-01 +5.843610640e+01 +5.843610640e+01 -1.7857e-01 -9.5289e-02
80 0 +2.144957636e-01 +5.840449576e+01 +5.840449576e+01 -1.0680e-01 -1.5019e-01
92 0 +2.065526658e-01 +5.839655267e+01 +5.839655267e+01 -1.2061e-01 -1.3805e-01
116 0 +1.867772425e-01 +5.837677724e+01 +5.837677724e+01 -1.6851e-01 -8.9476e-02
134 0 +1.423085071e-01 +5.833230851e+01 +5.833230851e+01 -5.3909e-02 -1.5431e-01
141 0 +8.918789568e-02 +5.827918790e+01 +5.827918790e+01 +2.8843e-02 -2.2782e-01
160 0 +2.450941818e-02 +5.821450942e+01 +5.821450942e+01 +2.4721e-01 -3.4182e-01
164 0 +2.265175296e-02 +5.821265175e+01 +5.821265175e+01 +3.6029e-01 -3.9565e-01
190 0 +1.613420947e-02 +5.820613421e+01 +5.820613421e+01 +3.2364e-01 -3.8843e-01
249 0 +1.526488242e-02 +5.820526488e+01 +5.820526488e+01 +2.8500e-01 -3.6425e-01
255 0 +1.134743836e-02 +5.820134744e+01 +5.820134744e+01 +3.1951e-01 -3.8104e-01
261 0 +6.678038370e-03 +5.819667804e+01 +5.819667804e+01 +3.6679e-01 -4.0669e-01
298 0 +6.625998125e-03 +5.819662600e+01 +5.819662600e+01 +4.0955e-01 -4.2905e-01
300 0 +3.966433851e-03 +5.819396643e+01 +5.819396643e+01 +3.9706e-01 -4.2029e-01
301 0 +2.048893613e-03 +5.819204889e+01 +5.819204889e+01 +4.3893e-01 -4.4074e-01
337 0 +1.477948664e-03 +5.819147795e+01 +5.819147795e+01 +4.5002e-01 -4.4566e-01
346 0 +6.417966367e-04 +5.819064180e+01 +5.819064180e+01 +4.7053e-01 -4.5443e-01
364 0 +1.597607965e-04 +5.819015976e+01 +5.819015976e+01 +4.9955e-01 -4.6783e-01
421 0 +1.220996513e-04 +5.819012210e+01 +5.819012210e+01 +4.9917e-01 -4.6733e-01
423 0 +9.261805922e-05 +5.819009262e+01 +5.819009262e+01 +5.0611e-01 -4.7075e-01
432 0 +6.234411664e-05 +5.819006234e+01 +5.819006234e+01 +5.0555e-01 -4.7021e-01
433 0 +3.106367516e-05 +5.819003106e+01 +5.819003106e+01 +5.1026e-01 -4.7232e-01
434 0 +2.263684477e-05 +5.819002264e+01 +5.819002264e+01 +5.2662e-01 -4.7981e-01
437 0 +4.765211543e-06 +5.819000477e+01 +5.819000477e+01 +5.2358e-01 -4.7836e-01
