% f evaluations | g evaluations | best noise-free fitness - Fopt (3.590000000000e+01) + sum g_i+ | measured fitness | best measured fitness or single-digit g-values | x1 | x2...
1 0 +3.391355936e+04 +3.394945936e+04 +3.394945936e+04 +5.9671e-01 -3.8264e-02 +7.4769e-01 +1.6230e+00 -1.3415e-01
10 0 +1.809916825e+04 +1.813506825e+04 +1.813506825e+04 -6.1984e-01 -3.6064e-01 +1.1571e+00 +4.4362e-01 -1.6630e+00
15 0 +3.090526178e+03 +3.126426178e+03 +3.126426178e+03 +4.6140e-01 +1.6380e+00 +6.4174e-02 +1.6646e+00 -2.5197e+00
27 0 +2.140124314e+03 +2.176024314e+03 +2.176024314e+03 -9.7413e-01 +1.0380e+00 +3.3624e-01 +3.6523e+00 -2.2691e+00
28 0 +3.565736832e+01 +7.155736832e+01 +7.155736832e+01 +1.5342e-01 +1.5315e+00 +5.0191e-01 +1.9976e+00 -2.2550e+00
107 0 +1.068253337e+01 +4.658253337e+01 +4.658253337e+01 +1.6207e+00 +1.2163e+00 +2.0522e+00 +3.5877e+00 -2.2882e+00
191 0 +7.535885994e+00 +4.343588599e+01 +4.343588599e+01 +1.6389e+00 +5.8294e-01 +2.6715e+00 +2.6650e+00 -2.7621e+00
246 0 +7.419776636e+00 +4.331977664e+01 +4.331977664e+01 +1.5921e+00 +5.2466e-01 +2.2879e+00 +2.6370e+00 -2.3551e+00
317 0 +6.958577586e+00 +4.285857759e+01 +4.285857759e+01 +2.0420e+00 +1.6415e+00 +2.7390e+00 +4.1499e+00 -2.5055e+00
393 0 +6.209040063e+00 +4.210904006e+01 +4.210904006e+01 +2.0622e+00 +1.2546e+00 +2.3625e+00 +3.4028e+00 -2.5885e+00
431 0 +4.285780648e+00 +4.018578065e+01 +4.018578065e+01 +2.2495e+00 +9.4067e-01 +2.7384e+00 +3.2835e+00 -2.5968e+00
502 0 +4.197640522e+00 +4.009764052e+01 +4.009764052e+01 +2.1906e+00 +5.4958e-01 +3.3172e+00 +2.8094e+00 -2.4500e+00
503 0 +3.946785756e+00 +3.984678576e+01 +3.984678576e+01 +2.3210e+00 +6.8505e-01 +2.6003e+00 +3.1853e+00 -2.4975e+00
505 0 +1.368190181e+00 +3.726819018e+01 +3.726819018e+01 +2.4298e+00 +1.1592e+00 +2.7751e+00 +3.2767e+00 -1.9788e+00
532 0 +1.135453571e+00 +3.703545357e+01 +3.703545357e+01 +2.3982e+00 +1.1859e+00 +2.7870e+00 +3.2977e+00 -1.8206e+00
627 0 +1.087811269e+00 +3.698781127e+01 +3.698781127e+01 +2.4344e+00 +1.0645e+00 +2.6441e+00 +3.2301e+00 -1.8923e+00
633 0 +7.325928143e-01 +3.663259281e+01 +3.663259281e+01 +2.5490e+00 +1.0452e+00 +2.7446e+00 +3.3791e+00 -1.8492e+00
677 0 +6.978360086e-01 +3.659783601e+01 +3.659783601e+01 +2.4972e+00 +1.3192e+00 +2.4872e+00 +3.5230e+00 -1.5543e+00
694 0 +6.594408068e-01 +3.655944081e+01 +3.655944081e+01 +2.6193e+00 +1.2690e+00 +2.4555e+00 +3.5903e+00 -1.6652e+00
695 0 +4.928351710e-01 +3.639283517e+01 +3.639283517e+01 +2.5163e+00 +1.0215e+00 +2.5075e+00 +3.2771e+00 -1.6108e+00
753 0 +4.404939797e-01 +3.634049398e+01 +3.634049398e+01 +2.5580e+00 +1.1591e+00 +2.4948e+00 +3.3373e+00 -1.6553e+00
757 0 +2.716662568e-01 +3.617166626e+01 +3.617166626e+01 +2.6255e+00 +1.0532e+00 +2.5988e+00 +3.3536e+00 -1.6448e+00
836 0 +2.554394923e-01 +3.615543949e+01 +3.615543949e+01 +2.5723e+00 +1.1630e+00 +2.5284e+00 +3.3639e+00 -1.5116e+00
842 0 +1.655521646e-01 +3.606555216e+01 +3.606555216e+01 +2.6552e+00 +1.2330e+00 +2.5628e+00 +3.4711e+00 -1.5322e+00
869 0 +1.599686014e-01 +3.605996860e+01 +3.605996860e+01 +2.6595e+00 +1.0607e+00 +2.5772e+00 +3.3700e+00 -1.5768e+00
898 0 +9.926876021e-02 +3.599926876e+01 +3.599926876e+01 +2.6454e+00 +1.1645e+00 +2.5932e+00 +3.3640e+00 -1.4873e+00
956 0 +7.706814050e-02 +3.597706814e+01 +3.597706814e+01 +2.7049e+00 +1.1421e+00 +2.5819e+00 +3.4304e+00 -1.5153e+00
1033 0 +4.211987423e-02 +3.594211987e+01 +3.594211987e+01 +2.7554e+00 +1.2117e+00 +2.5654e+00 +3.4753e+00 -1.4711e+00
1034 0 +4.058698264e-02 +3.594058698e+01 +3.594058698e+01 +2.7142e+00 +1.1334e+00 +2.6200e+00 +3.4100e+00 -1.4689e+00
1084 0 +3.415732053e-02 +3.593415732e+01 +3.593415732e+01 +2.7220e+00 +1.1361e+00 +2.6045e+00 +3.4089e+00 -1.4783e+00
1132 0 +3.227752511e-02 +3.593227753e+01 +3.593227753e+01 +2.7272e+00 +1.1044e+00 +2.5646e+00 +3.4130e+00 -1.4576e+00
1158 0 +2.643190580e-02 +3.592643191e+01 +3.592643191e+01 +2.7379e+00 +1.1052e+00 +2.5690e+00 +3.4297e+00 -1.4564e+00
1186 0 +2.118047283e-02 +3.592118047e+01 +3.592118047e+01 +2.7384e+00 +1.1423e+00 +2.5527e+00 +3.4186e+00 -1.4394e+00
1195 0 +2.065061420e-02 +3.592065061e+01 +3.592065061e+01 +2.7452e+00 +1.1197e+00 +2.5697e+00 +3.4298e+00 -1.4606e+00
1211 0 +1.097342674e-02 +3.591097343e+01 +3.591097343e+01 +2.7504e+00 +1.1582e+00 +2.5727e+00 +3.4253e+00 -1.4340e+00
1225 0 +9.740191003e-03 +3.590974019e+01 +3.590974019e+01 +2.7487e+00 +1.0972e+00 +2.5928e+00 +3.4053e+00 -1.4544e+00
% f evaluations | g evaluations | best noise-free fitness - Fopt (3.137000000000e+01) + sum g_i+ | measured fitness | best measured fitness or single-digit g-values | x1 | x2...
1 0 +1.557884825e+05 +1.558198525e+05 +1.558198525e+05 +5.9671e-01 -3.8264e-02 +7.4769e-01 +1.6230e+00 -1.3415e-01
2 0 +1.169218783e+05 +1.169532483e+05 +1.169532483e+05 -1.3414e-01 +1.6792e+00 +8.6743e-01 -3.6947e-01 +6.4256e-01
3 0 +4.598210887e+04 +4.601347887e+04 +4.601347887e+04 -3.6342e-01 -3.6573e-01 +3.4196e-01 -1.8133e+00 -1.6249e+00
4 0 +3.322559953e+04 +3.325696953e+04 +3.325696953e+04 -4.6229e-01 -9.1283e-01 +4.1425e-01 -8.0802e-01 -1.3123e+00
8 0 +7.655362115e+01 +1.079236212e+02 +1.079236212e+02 -1.1208e+00 +3.0886e-01 -1.8597e+00 -1.2282e+00 +2.9686e-01
33 0 +7.428471657e+01 +1.056547166e+02 +1.056547166e+02 -1.8701e+00 -4.8818e-02 -3.5595e-01 -4.0963e-01 +1.3829e-01
37 0 +6.899316233e+01 +1.003631623e+02 +1.003631623e+02 -2.1172e+00 +1.2052e-01 -8.5203e-01 -1.1966e-01 +3.2393e-01
59 0 +5.540050572e+01 +8.677050572e+01 +8.677050572e+01 -6.5452e-01 +7.3226e-01 -3.1556e+00 -3.2912e-01 +2.5614e-01
161 0 +5.414934883e+01 +8.551934883e+01 +8.551934883e+01 -1.1763e+00 -9.0894e-01 -1.8887e+00 -9.6734e-02 -1.1595e+00
203 0 +4.976761904e+01 +8.113761904e+01 +8.113761904e+01 -1.4364e+00 -3.8523e-01 -1.7352e+00 +4.4643e-01 -4.8601e-01
219 0 +4.008752472e+01 +7.145752472e+01 +7.145752472e+01 -1.2768e+00 +4.1202e-02 -1.6101e+00 +8.0130e-01 -8.5924e-01
235 0 +2.721084084e+01 +5.858084084e+01 +5.858084084e+01 -1.3094e+00 +7.0299e-02 -2.6150e+00 +1.3824e+00 -9.6851e-01
238 0 +2.328766236e+01 +5.465766236e+01 +5.465766236e+01 -1.3072e+00 +8.3031e-01 -3.1981e+00 +1.1569e+00 -2.1125e+00
276 0 +2.237288361e+01 +5.374288361e+01 +5.374288361e+01 -1.0677e+00 +7.0360e-02 -3.4624e+00 +1.8504e+00 -1.4973e+00
298 0 +1.724439432e+01 +4.861439432e+01 +4.861439432e+01 -3.4603e-01 +1.6231e+00 -3.1671e+00 +1.4964e+00 -7.6551e-01
302 0 +7.109771955e+00 +3.847977196e+01 +3.847977196e+01 +1.1677e-01 +9.7063e-01 -4.6730e+00 +2.5711e+00 -2.3164e+00
316 0 +2.935690607e+00 +3.430569061e+01 +3.430569061e+01 -1.6172e-01 +1.6967e+00 -3.9562e+00 +3.4448e+00 -1.7751e+00
441 0 +2.914951518e+00 +3.428495152e+01 +3.428495152e+01 -4.4939e-01 +1.0090e+00 -3.6051e+00 +3.0861e+00 -2.3964e+00
560 0 +2.296101711e+00 +3.366610171e+01 +3.366610171e+01 +1.0364e-01 +1.4077e+00 -4.0267e+00 +3.0865e+00 -1.7947e+00
583 0 +2.259522297e+00 +3.362952230e+01 +3.362952230e+01 -1.4653e-02 +1.8082e+00 -4.1976e+00 +3.0391e+00 -1.5110e+00
638 0 +1.380858824e+00 +3.275085882e+01 +3.275085882e+01 -2.8345e-01 +1.6810e+00 -4.1959e+00 +3.3158e+00 -1.9885e+00
706 0 +1.377316720e+00 +3.274731672e+01 +3.274731672e+01 -3.6047e-01 +1.3472e+00 -3.6843e+00 +3.2740e+00 -1.9653e+00
710 0 +1.307414722e+00 +3.267741472e+01 +3.267741472e+01 +3.5664e-02 +1.9947e+00 -4.3080e+00 +3.1977e+00 -1.9110e+00
767 0 +7.736799648e-01 +3.214367996e+01 +3.214367996e+01 +9.1306e-02 +1.7327e+00 -4.2803e+00 +3.3691e+00 -1.8745e+00
788 0 +6.449613157e-01 +3.201496132e+01 +3.201496132e+01 -1.5316e-01 +1.5041e+00 -4.0279e+00 +3.5196e+00 -2.0328e+00
884 0 +6.222793379e-01 +3.199227934e+01 +3.199227934e+01 -8.1732e-02 +1.5794e+00 -4.1102e+00 +3.5326e+00 -1.8785e+00
912 0 +4.427361936e-01 +3.181273619e+01 +3.181273619e+01 -2.0786e-01 +1.6376e+00 -4.0094e+00 +3.4962e+00 -1.9211e+00
934 0 +4.256791615e-01 +3.179567916e+01 +3.179567916e+01 -8.9935e-02 +1.7272e+00 -4.1429e+00 +3.4955e+00 -1.9273e+00
957 0 +3.873353033e-01 +3.175733530e+01 +3.175733530e+01 -1.6790e-01 +1.7539e+00 -4.0971e+00 +3.5126e+00 -1.9444e+00
969 0 +3.746495456e-01 +3.174464955e+01 +3.174464955e+01 -2.1825e-01 +1.5926e+00 -3.9585e+00 +3.5612e+00 -2.0019e+00
976 0 +3.028381613e-01 +3.167283816e+01 +3.167283816e+01 -2.0411e-01 +1.7294e+00 -4.0099e+00 +3.5306e+00 -1.9131e+00
990 0 +3.026025059e-01 +3.167260251e+01 +3.167260251e+01 -1.3184e-01 +1.7697e+00 -4.0400e+00 +3.5117e+00 -1.8726e+00
995 0 +2.859671270e-01 +3.165596713e+01 +3.165596713e+01 -2.5113e-01 +1.6937e+00 -4.0227e+00 +3.6242e+00 -1.9920e+00
998 0 +2.560309970e-01 +3.162603100e+01 +3.162603100e+01 -2.4828e-01 +1.7456e+00 -3.8544e+00 +3.5000e+00 -1.9660e+00
1006 0 +2.105119433e-01 +3.158051194e+01 +3.158051194e+01 -1.7161e-01 +1.8816e+00 -4.0311e+00 +3.5224e+00 -1.8870e+00
1008 0 +1.660574609e-01 +3.153605746e+01 +3.153605746e+01 -3.8024e-01 +1.7798e+00 -3.7911e+00 +3.5818e+00 -1.9577e+00
1065 0 +1.605899292e-01 +3.153058993e+01 +3.153058993e+01 -1.9745e-01 +1.9581e+00 -3.9675e+00 +3.5491e+00 -1.9219e+00
1070 0 +8.322981758e-02 +3.145322982e+01 +3.145322982e+01 -1.5716e-01 +1.8707e+00 -3.9693e+00 +3.6177e+00 -1.9475e+00
1183 0 +7.701720771e-02 +3.144701721e+01 +3.144701721e+01 -2.8417e-01 +1.8053e+00 -3.8630e+00 +3.6277e+00 -1.9300e+00
1218 0 +5.766738891e-02 +3.142766739e+01 +3.142766739e+01 -2.5309e-01 +1.8350e+00 -3.8927e+00 +3.6251e+00 -1.9388e+00
% f evaluations | g evaluations | best noise-free fitness - Fopt (-1.000000000000e+03) + sum g_i+ | measured fitness | best measured fitness or single-digit g-values | x1 | x2...
1 0 +1.093075137e+05 +1.083075137e+05 +1.083075137e+05 +5.9671e-01 -3.8264e-02 +7.4769e-01 +1.6230e+00 -1.3415e-01
23 0 +6.720816848e+04 +6.620816848e+04 +6.620816848e+04 -1.8188e+00 +7.3486e-02 +1.6023e-01 +2.5632e+00 -9.2361e-02
36 0 +4.928518064e+04 +4.828518064e+04 +4.828518064e+04 -1.6993e+00 +1.2287e+00 +1.7180e+00 +2.3925e+00 -4.7191e-01
51 0 +3.714262074e+03 +2.714262074e+03 +2.714262074e+03 -4.4521e+00 -2.9368e+00 +3.6675e+00 +4.8140e+00 -1.3955e-01
58 0 +9.783136536e+01 -9.021686346e+02 -9.021686346e+02 -3.1952e+00 +1.7025e-01 +3.2682e+00 +4.1237e+00 -1.9195e+00
82 0 +1.287953907e+01 -9.871204609e+02 -9.871204609e+02 -2.3742e+00 -3.0622e+00 +3.5284e+00 +3.9570e+00 -8.0816e-01
187 0 +9.831952037e+00 -9.901680480e+02 -9.901680480e+02 -1.3535e+00 -2.9683e+00 +4.2285e+00 +4.7898e+00 -9.7112e-01
320 0 +8.671017170e+00 -9.913289828e+02 -9.913289828e+02 -1.8321e+00 -2.0426e+00 +3.3434e+00 +3.4163e+00 -1.1509e+00
328 0 +7.584484655e+00 -9.924155153e+02 -9.924155153e+02 -1.9617e+00 -2.6425e+00 +4.1577e+00 +3.6802e+00 -1.4563e+00
344 0 +6.703035680e+00 -9.932969643e+02 -9.932969643e+02 -1.3754e+00 -2.2548e+00 +3.7016e+00 +3.2073e+00 -8.1573e-01
379 0 +5.612062511e+00 -9.943879375e+02 -9.943879375e+02 -1.5351e+00 -2.7535e+00 +3.8593e+00 +3.8885e+00 -1.3425e+00
444 0 +3.524364435e+00 -9.964756356e+02 -9.964756356e+02 -1.1325e+00 -3.4299e+00 +3.6524e+00 +2.9944e+00 -9.2218e-01
461 0 +1.849457198e+00 -9.981505428e+02 -9.981505428e+02 -1.1370e+00 -3.1125e+00 +3.1473e+00 +3.2886e+00 -1.0840e+00
510 0 +1.354058683e+00 -9.986459413e+02 -9.986459413e+02 -7.1531e-01 -3.0895e+00 +2.9982e+00 +3.2782e+00 -6.4457e-01
762 0 +7.075893041e-01 -9.992924107e+02 -9.992924107e+02 -5.0941e-01 -3.3403e+00 +3.1832e+00 +3.6188e+00 -7.6148e-01
885 0 +4.451992077e-01 -9.995548008e+02 -9.995548008e+02 -4.1480e-01 -3.1910e+00 +3.0439e+00 +3.6954e+00 -7.9154e-01
897 0 +3.166545023e-01 -9.996833455e+02 -9.996833455e+02 -4.5181e-01 -3.3016e+00 +3.0238e+00 +3.4234e+00 -7.5238e-01
912 0 +2.695304637e-01 -9.997304695e+02 -9.997304695e+02 -3.8189e-01 -3.2771e+00 +2.9904e+00 +3.4919e+00 -7.3905e-01
988 0 +2.223247594e-01 -9.997776752e+02 -9.997776752e+02 -2.7849e-01 -3.3361e+00 +2.9169e+00 +3.6065e+00 -7.1054e-01
989 0 +1.336291474e-01 -9.998663709e+02 -9.998663709e+02 -2.8685e-01 -3.3166e+00 +2.9029e+00 +3.5659e+00 -7.5608e-01
1089 0 +7.909911488e-02 -9.999209009e+02 -9.999209009e+02 -2.5297e-01 -3.2988e+00 +2.9197e+00 +3.6542e+00 -8.4109e-01
1190 0 +4.264551399e-02 -9.999573545e+02 -9.999573545e+02 -3.0657e-01 -3.3247e+00 +2.8735e+00 +3.5373e+00 -8.5731e-01
% f evaluations | g evaluations | best noise-free fitness - Fopt (1.319200000000e+02) + sum g_i+ | measured fitness | best measured fitness or single-digit g-values | x1 | x2...
1 0 +8.225699383e+05 +8.227018583e+05 +8.227018583e+05 +5.9671e-01 -3.8264e-02 +7.4769e-01 +1.6230e+00 -1.3415e-01
2 0 +5.854479426e+05 +5.855798626e+05 +5.855798626e+05 -1.3414e-01 +1.6792e+00 +8.6743e-01 -3.6947e-01 +6.4256e-01
7 0 +4.952059590e+05 +4.953378790e+05 +4.953378790e+05 -5.0171e-01 +1.9523e+00 +8.6503e-02 -9.5771e-01 +9.2254e-01
8 0 +2.466117653e+05 +2.467436853e+05 +2.467436853e+05 -1.1208e+00 +3.0886e-01 -1.8597e+00 -1.2282e+00 +2.9686e-01
26 0 +1.229531967e+05 +1.230851167e+05 +1.230851167e+05 -3.1891e+00 +2.9011e+00 -8.4158e-01 -1.1958e+00 +1.5108e+00
34 0 +7.490067336e+04 +7.503259336e+04 +7.503259336e+04 -2.6488e+00 +1.7545e+00 -2.4139e+00 +3.7179e-01 -3.0429e-01
39 0 +5.693331666e+04 +5.706523666e+04 +5.706523666e+04 -3.6261e+00 +5.9338e-02 -2.8194e+00 -2.1261e+00 -2.7663e-01
53 0 +3.828379103e+04 +3.841571103e+04 +3.841571103e+04 -3.6378e+00 +1.9492e+00 -2.7731e+00 -1.7686e-01 -2.7489e+00
60 0 +2.867621475e+04 +2.880813475e+04 +2.880813475e+04 -4.5075e+00 +1.9154e+00 -2.1897e+00 -2.0634e+00 -2.2844e+00
86 0 +3.935460957e+03 +4.067380957e+03 +4.067380957e+03 -4.3629e+00 +2.8818e+00 -3.9221e+00 +5.9966e-01 -3.1566e+00
88 0 +3.721808290e+03 +3.853728290e+03 +3.853728290e+03 -4.6735e+00 +2.6978e+00 -4.5328e+00 -1.2529e-01 -1.2936e+00
111 0 +2.230867221e+03 +2.362787221e+03 +2.362787221e+03 -4.1495e+00 +3.7506e+00 -3.0944e+00 +2.2692e-01 -6.2727e-01
157 0 +1.581105674e+01 +1.477310567e+02 +1.477310567e+02 -4.8743e+00 +4.8079e+00 -3.3809e+00 +9.7777e-01 -1.7772e+00
253 0 +3.748689434e+00 +1.356686894e+02 +1.356686894e+02 -4.3386e+00 +3.0225e+00 -3.8546e+00 -4.3678e-03 -1.5625e+00
358 0 +3.296766448e+00 +1.352167664e+02 +1.352167664e+02 -4.9336e+00 +2.3362e+00 -3.4276e+00 -1.7357e-01 -1.1962e+00
404 0 +2.697014377e+00 +1.346170144e+02 +1.346170144e+02 -4.7758e+00 +2.1265e+00 -3.6064e+00 -5.9344e-01 -1.1748e+00
425 0 +2.284552970e+00 +1.342045530e+02 +1.342045530e+02 -4.5175e+00 +2.5558e+00 -3.4385e+00 -5.3864e-01 -1.2731e+00
488 0 +2.196015569e+00 +1.341160156e+02 +1.341160156e+02 -4.6405e+00 +2.3576e+00 -3.1848e+00 -6.1094e-01 -1.0561e+00
537 0 +1.460164589e+00 +1.333801646e+02 +1.333801646e+02 -4.6415e+00 +2.1081e+00 -3.1875e+00 -4.7651e-01 -1.4408e+00
565 0 +1.365448657e+00 +1.332854487e+02 +1.332854487e+02 -4.5544e+00 +1.9886e+00 -3.6117e+00 -3.9049e-01 -1.2826e+00
566 0 +9.956553831e-01 +1.329156554e+02 +1.329156554e+02 -4.4050e+00 +2.2962e+00 -3.4666e+00 -3.2468e-01 -1.1979e+00
602 0 +8.459011485e-01 +1.327659011e+02 +1.327659011e+02 -4.4079e+00 +2.2419e+00 -3.3565e+00 -2.6571e-01 -1.1723e+00
610 0 +8.440458917e-01 +1.327640459e+02 +1.327640459e+02 -4.4912e+00 +2.1173e+00 -3.4383e+00 -2.8395e-01 -1.3336e+00
614 0 +8.336801230e-01 +1.327536801e+02 +1.327536801e+02 -4.3630e+00 +2.1972e+00 -3.6419e+00 -4.2810e-01 -1.3489e+00
638 0 +7.758378702e-01 +1.326958379e+02 +1.326958379e+02 -4.3141e+00 +2.3011e+00 -3.6081e+00 -2.1540e-01 -1.5110e+00
642 0 +4.504639670e-01 +1.323704640e+02 +1.323704640e+02 -4.3519e+00 +2.0552e+00 -3.4496e+00 -3.8785e-01 -1.3344e+00
643 0 +4.255016271e-01 +1.323455016e+02 +1.323455016e+02 -4.3501e+00 +1.9396e+00 -3.4297e+00 -3.7811e-01 -1.2273e+00
724 0 +1.636633542e-01 +1.320836634e+02 +1.320836634e+02 -4.2100e+00 +1.9138e+00 -3.5273e+00 -4.5063e-01 -1.3507e+00
779 0 +1.508728127e-01 +1.320708728e+02 +1.320708728e+02 -4.1411e+00 +1.9974e+00 -3.5962e+00 -3.5288e-01 -1.5067e+00
831 0 +1.325046572e-01 +1.320525047e+02 +1.320525047e+02 -4.0975e+00 +1.9636e+00 -3.7046e+00 -4.6731e-01 -1.4238e+00
993 0 +8.264229402e-02 +1.320026423e+02 +1.320026423e+02 -4.0592e+00 +1.9846e+00 -3.6519e+00 -4.4752e-01 -1.4106e+00
1053 0 +8.232561472e-02 +1.320023256e+02 +1.320023256e+02 -4.1154e+00 +1.9909e+00 -3.6240e+00 -4.3668e-01 -1.4519e+00
1080 0 +6.236461887e-02 +1.319823646e+02 +1.319823646e+02 -4.1029e+00 +1.9257e+00 -3.6063e+00 -4.3725e-01 -1.4139e+00
1123 0 +5.394133054e-02 +1.319739413e+02 +1.319739413e+02 -4.0789e+00 +1.9201e+00 -3.6781e+00 -4.5274e-01 -1.5410e+00
1176 0 +4.579286251e-02 +1.319657929e+02 +1.319657929e+02 -4.0723e+00 +1.9204e+00 -3.6669e+00 -4.8143e-01 -1.4126e+00
1178 0 +4.349366909e-02 +1.319634937e+02 +1.319634937e+02 -4.0605e+00 +1.9674e+00 -3.6847e+00 -4.4783e-01 -1.4942e+00
1231 0 +2.917982839e-02 +1.319491798e+02 +1.319491798e+02 -4.0445e+00 +1.9582e+00 -3.6687e+00 -4.2475e-01 -1.5038e+00
% f evaluations | g evaluations | best noise-free fitness - Fopt (5.908400000000e+02) + sum g_i+ | measured fitness | best measured fitness or single-digit g-values | x1 | x2...
1 0 +5.810606306e+05 +5.816514706e+05 +5.816514706e+05 +5.9671e-01 -3.8264e-02 +7.4769e-01 +1.6230e+00 -1.3415e-01
3 0 +2.826446321e+05 +2.832354721e+05 +2.832354721e+05 -3.6342e-01 -3.6573e-01 +3.4196e-01 -1.8133e+00 -1.6249e+00
4 0 +2.808317135e+05 +2.814225535e+05 +2.814225535e+05 -4.6229e-01 -9.1283e-01 +4.1425e-01 -8.0802e-01 -1.3123e+00
26 0 +3.120353579e+04 +3.179437579e+04 +3.179437579e+04 -1.5886e+00 -1.8235e+00 -1.9726e+00 -3.5882e+00 -2.7783e+00
51 0 +1.598813206e+02 +7.507213206e+02 +7.507213206e+02 -4.0827e+00 -4.8530e+00 -4.3822e+00 -4.0578e+00 -3.8286e+00
52 0 +6.613449568e+01 +6.569744957e+02 +6.569744957e+02 +3.0343e-01 -3.6558e+00 -3.7733e+00 -4.9924e+00 -4.0385e+00
90 0 +2.374042589e+01 +6.145804259e+02 +6.145804259e+02 +2.1389e+00 -3.1279e+00 -4.2706e+00 -3.5319e+00 -2.5058e+00
183 0 +1.254557765e+01 +6.033855777e+02 +6.033855777e+02 +7.3279e-01 -3.3382e+00 -3.4265e+00 -3.1417e+00 -5.8344e-02
235 0 +7.904252729e+00 +5.987442527e+02 +5.987442527e+02 +1.7688e+00 -3.4254e+00 -3.6315e+00 -2.9290e+00 -9.9269e-01
320 0 +6.189390664e+00 +5.970293907e+02 +5.970293907e+02 +1.7707e+00 -3.3964e+00 -4.1723e+00 -2.1369e+00 -6.1556e-01
383 0 +3.886387409e+00 +5.947263874e+02 +5.947263874e+02 +1.5596e+00 -3.2446e+00 -3.4114e+00 -2.3835e+00 -1.0919e+00
385 0 +3.790741027e+00 +5.946307410e+02 +5.946307410e+02 +1.4003e+00 -3.3752e+00 -3.9976e+00 -1.4485e+00 -1.0173e+00
423 0 +3.645558546e+00 +5.944855585e+02 +5.944855585e+02 +1.4552e+00 -3.4202e+00 -3.5414e+00 -2.2099e+00 -7.5638e-01
452 0 +7.155335355e-01 +5.915555335e+02 +5.915555335e+02 +1.4903e+00 -3.1502e+00 -3.5632e+00 -1.5571e+00 -6.1811e-01
657 0 +3.935841293e-01 +5.912335841e+02 +5.912335841e+02 +1.5785e+00 -3.4231e+00 -3.4030e+00 -1.5297e+00 -3.3574e-01
688 0 +3.858004881e-01 +5.912258005e+02 +5.912258005e+02 +1.4901e+00 -3.4263e+00 -3.4706e+00 -1.4336e+00 -4.0598e-01
708 0 +3.551235723e-01 +5.911951236e+02 +5.911951236e+02 +1.4234e+00 -3.3079e+00 -3.4556e+00 -1.4639e+00 -5.1281e-01
711 0 +1.981798489e-01 +5.910381798e+02 +5.910381798e+02 +1.4477e+00 -3.3310e+00 -3.4616e+00 -1.3928e+00 -2.9396e-01
727 0 +4.650084200e-02 +5.908865008e+02 +5.908865008e+02 +1.4840e+00 -3.3688e+00 -3.4849e+00 -1.2520e+00 -3.1811e-01
944 0 +4.539720865e-02 +5.908853972e+02 +5.908853972e+02 +1.4654e+00 -3.3250e+00 -3.4845e+00 -1.2760e+00 -3.1463e-01
1015 0 +4.507847948e-02 +5.908850785e+02 +5.908850785e+02 +1.4664e+00 -3.3389e+00 -3.5073e+00 -1.2533e+00 -3.3497e-01
1050 0 +4.321934145e-02 +5.908832193e+02 +5.908832193e+02 +1.4553e+00 -3.3484e+00 -3.4635e+00 -1.2710e+00 -3.0913e-01
1055 0 +4.124760151e-02 +5.908812476e+02 +5.908812476e+02 +1.4547e+00 -3.3665e+00 -3.5156e+00 -1.2194e+00 -2.5566e-01
1058 0 +3.501159868e-02 +5.908750116e+02 +5.908750116e+02 +1.4498e+00 -3.3382e+00 -3.5255e+00 -1.2186e+00 -2.9886e-01
1059 0 +1.863138982e-02 +5.908586314e+02 +5.908586314e+02 +1.4403e+00 -3.3585e+00 -3.4887e+00 -1.1924e+00 -3.0525e-01
1167 0 +1.512482434e-02 +5.908551248e+02 +5.908551248e+02 +1.4522e+00 -3.3391e+00 -3.5067e+00 -1.2016e+00 -3.0503e-01
1239 0 +1.315072994e-02 +5.908531507e+02 +5.908531507e+02 +1.4456e+00 -3.3411e+00 -3.4861e+00 -1.2079e+00 -3.0155e-01
% f evaluations | g evaluations | best noise-free fitness - Fopt (6.749000000000e+01) + sum g_i+ | measured fitness | best measured fitness or single-digit g-values | x1 | x2...
1 0 +6.733320635e+03 +6.800810635e+03 +6.800810635e+03 +5.9671e-01 -3.8264e-02 +7.4769e-01 +1.6230e+00 -1.3415e-01
11 0 +6.266919907e+03 +6.334409907e+03 +6.334409907e+03 +4.2408e-01 -2.8508e-01 -5.7692e-01 +7.1168e-01 +1.1310e+00
12 0 +3.778865907e+03 +3.846355907e+03 +3.846355907e+03 +1.0313e+00 -7.3922e-01 -2.0921e-01 +4.3126e-01 +1.0755e+00
23 0 +2.261836565e+03 +2.329326565e+03 +2.329326565e+03 -1.8188e+00 +7.3486e-02 +1.6023e-01 +2.5632e+00 -9.2361e-02
24 0 +2.069581955e+03 +2.137071955e+03 +2.137071955e+03 +4.0155e-01 +6.5288e-02 -1.0687e+00 +1.2428e+00 +8.5193e-01
27 0 +6.652566941e+01 +1.340156694e+02 +1.340156694e+02 +8.6633e-01 -2.8437e-01 -9.7520e-01 +1.7620e+00 -5.1670e-02
31 0 +3.968844539e+01 +1.071784454e+02 +1.071784454e+02 +1.3509e-01 -6.6873e-01 +1.1570e+00 +2.4604e+00 +5.8429e-01
90 0 +2.278482762e+01 +9.027482762e+01 +9.027482762e+01 +9.0858e-02 -5.4734e-01 -1.4893e-01 +2.0955e+00 +2.8441e+00
160 0 +2.013752341e+01 +8.762752341e+01 +8.762752341e+01 -1.1470e+00 -9.4462e-01 +4.3213e-01 +1.8700e+00 +1.8634e+00
181 0 +1.998254236e+01 +8.747254236e+01 +8.747254236e+01 +2.2217e-01 +5.9011e-01 +1.2880e+00 +2.1133e+00 +1.7760e+00
185 0 +5.646277397e+00 +7.313627740e+01 +7.313627740e+01 +4.0568e-01 -1.1242e+00 -4.0568e-02 +4.9001e-01 +3.2285e+00
404 0 +5.612537637e+00 +7.310253764e+01 +7.310253764e+01 -2.4463e-02 -1.3596e+00 +4.7554e-01 +5.2482e-01 +2.7818e+00
410 0 +5.057545836e+00 +7.254754584e+01 +7.254754584e+01 +2.9917e-01 -1.3136e+00 +2.7623e-01 +6.2756e-01 +3.3260e+00
440 0 +4.566313332e+00 +7.205631333e+01 +7.205631333e+01 -1.2499e-01 -1.2707e+00 +2.3929e-01 +8.9842e-02 +3.3439e+00
451 0 +3.542585787e+00 +7.103258579e+01 +7.103258579e+01 +2.5990e-01 -1.4088e+00 -1.4073e-01 +2.1663e-02 +3.5379e+00
470 0 +3.416861341e+00 +7.090686134e+01 +7.090686134e+01 -6.0754e-01 -1.5131e+00 +6.4762e-01 +8.3457e-01 +3.2793e+00
496 0 +3.415686824e+00 +7.090568682e+01 +7.090568682e+01 -5.9786e-01 -1.7660e+00 +5.9670e-02 +3.9728e-01 +3.4534e+00
501 0 +2.428100495e+00 +6.991810050e+01 +6.991810050e+01 -2.0893e-01 -8.7174e-01 +2.3767e-01 +2.9142e-01 +3.2166e+00
529 0 +1.632910592e+00 +6.912291059e+01 +6.912291059e+01 -5.7476e-01 -1.3174e+00 +4.6369e-01 +3.8576e-01 +3.2297e+00
539 0 +1.279031415e+00 +6.876903142e+01 +6.876903142e+01 -6.9494e-01 -1.3292e+00 +2.4379e-01 +2.6639e-01 +3.4881e+00
549 0 +1.119158192e+00 +6.860915819e+01 +6.860915819e+01 -6.9572e-01 -7.6804e-01 +7.6065e-01 +7.1957e-01 +3.2726e+00
585 0 +7.226111384e-01 +6.821261114e+01 +6.821261114e+01 -8.8366e-01 -1.0672e+00 +4.5624e-01 +3.2980e-01 +3.4042e+00
674 0 +3.961927087e-01 +6.788619271e+01 +6.788619271e+01 -8.1841e-01 -1.0371e+00 +8.0971e-01 +5.5069e-01 +3.4333e+00
776 0 +3.154463171e-01 +6.780544632e+01 +6.780544632e+01 -7.7474e-01 -8.0174e-01 +6.6626e-01 +4.7413e-01 +3.4616e+00
823 0 +2.165165227e-01 +6.770651652e+01 +6.770651652e+01 -7.8653e-01 -8.7944e-01 +7.6825e-01 +4.6931e-01 +3.4447e+00
829 0 +1.466010586e-01 +6.763660106e+01 +6.763660106e+01 -7.1060e-01 -9.2156e-01 +6.8998e-01 +3.9892e-01 +3.5505e+00
935 0 +7.324714795e-02 +6.756324715e+01 +6.756324715e+01 -8.9146e-01 -8.9903e-01 +7.2616e-01 +4.2542e-01 +3.5546e+00
972 0 +5.754966427e-02 +6.754754966e+01 +6.754754966e+01 -8.3773e-01 -9.5945e-01 +7.3275e-01 +4.0536e-01 +3.5921e+00
990 0 +4.894885612e-02 +6.753894886e+01 +6.753894886e+01 -8.2219e-01 -9.0412e-01 +7.3905e-01 +4.1328e-01 +3.5642e+00
1010 0 +9.000635090e-03 +6.749900064e+01 +6.749900064e+01 -8.6350e-01 -9.0861e-01 +7.6946e-01 +3.8863e-01 +3.5855e+00
1151 0 +8.596715528e-03 +6.749859672e+01 +6.749859672e+01 -8.7333e-01 -9.0766e-01 +7.5572e-01 +3.8051e-01 +3.5942e+00
% f evaluations | g evaluations | best noise-free fitness - Fopt (3.085000000000e+01) + sum g_i+ | measured fitness | best measured fitness or single-digit g-values | x1 | x2...
1 0 +6.031932525e+04 +6.035017525e+04 +6.035017525e+04 +5.9671e-01 -3.8264e-02 +7.4769e-01 +1.6230e+00 -1.3415e-01
11 0 +3.679332060e+04 +3.682417060e+04 +3.682417060e+04 +4.2408e-01 -2.8508e-01 -5.7692e-01 +7.1168e-01 +1.1310e+00
12 0 +2.958435594e+04 +2.961520594e+04 +2.961520594e+04 +1.0313e+00 -7.3922e-01 -2.0921e-01 +4.3126e-01 +1.0755e+00
26 0 +1.739085037e+04 +1.742170037e+04 +1.742170037e+04 +1.2382e+00 -2.4394e-01 -1.1689e+00 +1.2539e+00 +1.2347e+00
27 0 +1.221105233e+04 +1.224190233e+04 +1.224190233e+04 +1.2368e+00 -1.6547e+00 +3.3984e-01 +4.4821e-01 +2.8270e+00
52 0 +7.097492064e+03 +7.128342064e+03 +7.128342064e+03 +2.4825e+00 -1.5616e+00 +1.9983e+00 +1.2745e+00 -3.6931e-02
62 0 +1.027109145e+02 +1.335609145e+02 +1.335609145e+02 +1.4581e+00 -2.8880e-01 -3.5646e-01 +1.7580e+00 +2.3921e+00
83 0 +6.329816214e+01 +9.414816214e+01 +9.414816214e+01 +2.9426e+00 -1.2408e+00 -1.4083e+00 +2.2403e+00 +3.0539e+00
86 0 +5.920227776e+01 +9.005227776e+01 +9.005227776e+01 +4.8108e+00 -1.9043e-01 +1.6752e+00 +1.8414e+00 +3.0727e+00
104 0 +4.690625737e+01 +7.775625737e+01 +7.775625737e+01 +3.4148e+00 -6.9244e-01 -9.6538e-01 -1.3894e-02 +3.4548e+00
159 0 +4.324795866e+01 +7.409795866e+01 +7.409795866e+01 +2.9186e+00 -8.4234e-01 +6.9358e-01 +1.0966e+00 +2.5754e+00
173 0 +4.148230814e+01 +7.233230814e+01 +7.233230814e+01 +2.2999e+00 -1.3153e+00 +2.2718e-01 +8.6091e-01 +2.2222e+00
181 0 +2.466359589e+01 +5.551359589e+01 +5.551359589e+01 +3.5282e+00 -1.7727e+00 +1.6808e+00 +9.1762e-01 +1.1336e+00
224 0 +2.289401377e+01 +5.374401377e+01 +5.374401377e+01 +4.2691e+00 -1.9548e+00 +1.1221e-01 +6.9169e-02 +2.5695e+00
303 0 +2.277935169e+01 +5.362935169e+01 +5.362935169e+01 +4.0438e+00 -2.1403e+00 +2.2103e+00 +3.2333e-01 +2.0686e+00
331 0 +1.332722750e+01 +4.417722750e+01 +4.417722750e+01 +4.1314e+00 -2.1637e+00 +1.2329e+00 -7.9933e-01 +2.4564e+00
371 0 +1.171542492e+01 +4.256542492e+01 +4.256542492e+01 +3.2607e+00 -2.5813e+00 +1.5489e-01 -1.7361e-01 +1.9403e+00
464 0 +1.152695192e+01 +4.237695192e+01 +4.237695192e+01 +3.5707e+00 -2.4710e+00 +1.1219e+00 -4.2100e-01 +1.5244e+00
469 0 +1.138072701e+01 +4.223072701e+01 +4.223072701e+01 +3.6990e+00 -3.0773e+00 +4.9441e-01 +2.6703e-01 +2.0405e+00
478 0 +7.001168366e+00 +3.785116837e+01 +3.785116837e+01 +3.3143e+00 -2.5428e+00 +9.2137e-01 -8.7083e-01 +1.9446e+00
504 0 +3.501235516e+00 +3.435123552e+01 +3.435123552e+01 +3.4887e+00 -2.9355e+00 +9.7158e-02 -1.9971e+00 +2.1443e+00
633 0 +3.100648669e+00 +3.395064867e+01 +3.395064867e+01 +3.4281e+00 -3.1247e+00 +8.1874e-02 -1.3618e+00 +1.7127e+00
652 0 +2.373327881e+00 +3.322332788e+01 +3.322332788e+01 +3.4487e+00 -3.3789e+00 -8.1781e-02 -1.4602e+00 +1.5854e+00
665 0 +2.247266427e+00 +3.309726643e+01 +3.309726643e+01 +3.3128e+00 -3.4173e+00 +1.2845e-01 -1.2359e+00 +1.9717e+00
728 0 +1.312385788e+00 +3.216238579e+01 +3.216238579e+01 +3.3560e+00 -3.8437e+00 -4.4496e-01 -1.4799e+00 +1.5669e+00
771 0 +1.243553189e+00 +3.209355319e+01 +3.209355319e+01 +3.2430e+00 -3.3969e+00 +1.4855e-01 -1.6790e+00 +1.8509e+00
773 0 +7.283079598e-01 +3.157830796e+01 +3.157830796e+01 +3.1608e+00 -3.5504e+00 -2.3280e-01 -1.6834e+00 +1.8463e+00
814 0 +6.539968811e-01 +3.150399688e+01 +3.150399688e+01 +3.1387e+00 -3.5272e+00 -2.5784e-01 -1.8840e+00 +1.9501e+00
844 0 +6.400225522e-01 +3.149002255e+01 +3.149002255e+01 +3.0270e+00 -3.4329e+00 -2.5108e-02 -1.8044e+00 +1.9697e+00
893 0 +3.927929909e-01 +3.124279299e+01 +3.124279299e+01 +3.1173e+00 -3.5923e+00 -2.1149e-01 -1.8833e+00 +1.8938e+00
905 0 +3.295050274e-01 +3.117950503e+01 +3.117950503e+01 +3.0872e+00 -3.6541e+00 -2.2975e-01 -1.8029e+00 +1.8358e+00
942 0 +2.827087884e-01 +3.113270879e+01 +3.113270879e+01 +3.0724e+00 -3.5786e+00 -1.8681e-01 -2.0332e+00 +1.8559e+00
991 0 +2.673566358e-01 +3.111735664e+01 +3.111735664e+01 +3.0171e+00 -3.6102e+00 -2.6912e-01 -1.9424e+00 +1.9283e+00
1004 0 +2.551253559e-01 +3.110512536e+01 +3.110512536e+01 +3.0316e+00 -3.6012e+00 -2.3335e-01 -1.9880e+00 +1.9635e+00
1008 0 +2.147420677e-01 +3.106474207e+01 +3.106474207e+01 +3.0331e+00 -3.5943e+00 -2.0719e-01 -2.0585e+00 +1.8687e+00
1012 0 +1.669539120e-01 +3.101695391e+01 +3.101695391e+01 +3.0377e+00 -3.6440e+00 -2.2012e-01 -1.9743e+00 +1.8689e+00
1025 0 +1.064099794e-01 +3.095640998e+01 +3.095640998e+01 +2.9848e+00 -3.6625e+00 -1.8034e-01 -2.0172e+00 +1.7680e+00
1031 0 +8.979421012e-02 +3.093979421e+01 +3.093979421e+01 +2.9778e+00 -3.6998e+00 -1.4096e-01 -1.8971e+00 +1.7666e+00
1069 0 +6.010277528e-02 +3.091010278e+01 +3.091010278e+01 +2.9611e+00 -3.7026e+00 -2.0425e-01 -2.0260e+00 +1.7744e+00
1080 0 +4.274487338e-02 +3.089274487e+01 +3.089274487e+01 +2.9667e+00 -3.6982e+00 -2.0345e-01 -2.0494e+00 +1.8130e+00
1139 0 +1.987520487e-02 +3.086987520e+01 +3.086987520e+01 +2.9512e+00 -3.7171e+00 -1.6309e-01 -2.0196e+00 +1.8192e+00
1240 0 +1.169102626e-02 +3.086169103e+01 +3.086169103e+01 +2.9310e+00 -3.7043e+00 -1.3400e-01 -2.0641e+00 +1.8115e+00
% f evaluations | g evaluations | best noise-free fitness - Fopt (-1.255000000000e+01) + sum g_i+ | measured fitness | best measured fitness or single-digit g-values | x1 | x2...
1 0 +2.754559647e+05 +2.754434147e+05 +2.754434147e+05 +5.9671e-01 -3.8264e-02 +7.4769e-01 +1.6230e+00 -1.3415e-01
2 0 +1.655811493e+05 +1.655685993e+05 +1.655685993e+05 -1.3414e-01 +1.6792e+00 +8.6743e-01 -3.6947e-01 +6.4256e-01
26 0 +1.021163235e+05 +1.021037735e+05 +1.021037735e+05 +1.5796e+00 +8.4415e-01 +2.6935e+00 -2.5630e+00 +1.6094e+00
27 0 +6.530371529e+04 +6.529116529e+04 +6.529116529e+04 -1.3391e+00 +3.5034e+00 +9.5064e-01 +1.4719e+00 +1.6538e+00
29 0 +2.705181890e+04 +2.703926890e+04 +2.703926890e+04 +1.1624e+00 +2.7863e+00 +3.7246e+00 +3.8979e-01 +3.9946e-01
51 0 +5.730081739e+02 +5.604581739e+02 +5.604581739e+02 +1.2714e+00 +4.8903e+00 +4.5762e+00 +1.3396e+00 +1.4707e+00
53 0 +1.585584079e+01 +3.305840787e+00 +3.305840787e+00 +6.3000e-02 +3.2185e+00 +3.4792e+00 +1.0903e+00 +2.3271e+00
197 0 +1.288107523e+01 +3.310752314e-01 +3.310752314e-01 +9.2090e-01 +2.2447e+00 +2.5688e+00 +4.1259e-01 +3.4979e+00
227 0 +1.241151793e+01 -1.384820680e-01 -1.384820680e-01 +5.9602e-01 +2.8245e+00 +3.5656e+00 +1.1463e+00 +2.1126e+00
265 0 +1.179911727e+01 -7.508827252e-01 -7.508827252e-01 +1.3931e+00 +2.9410e+00 +3.1345e+00 -5.2687e-02 +3.1181e+00
287 0 +8.183414950e+00 -4.366585050e+00 -4.366585050e+00 +1.4825e+00 +2.5193e+00 +3.7161e+00 +1.3509e+00 +2.2339e+00
294 0 +8.081747577e+00 -4.468252423e+00 -4.468252423e+00 +2.1047e+00 +2.9360e+00 +3.5188e+00 +5.2717e-01 +2.9072e+00
321 0 +6.803662770e+00 -5.746337230e+00 -5.746337230e+00 +1.9835e+00 +2.1543e+00 +2.5034e+00 +7.5909e-01 +3.1269e+00
345 0 +4.677508532e+00 -7.872491468e+00 -7.872491468e+00 +2.3724e+00 +2.5150e+00 +3.0127e+00 +5.7905e-01 +2.7677e+00
454 0 +4.407680146e+00 -8.142319854e+00 -8.142319854e+00 +1.8767e+00 +2.6044e+00 +3.3918e+00 +1.0886e+00 +1.9960e+00
477 0 +2.267216454e+00 -1.028278355e+01 -1.028278355e+01 +2.3766e+00 +3.0237e+00 +3.1162e+00 +1.2701e+00 +1.8799e+00
533 0 +1.537275821e+00 -1.101272418e+01 -1.101272418e+01 +2.9500e+00 +2.6344e+00 +2.8951e+00 +1.1844e+00 +2.3435e+00
552 0 +1.470995067e+00 -1.107900493e+01 -1.107900493e+01 +2.7373e+00 +2.6013e+00 +3.1232e+00 +1.3410e+00 +2.1261e+00
576 0 +1.333158011e+00 -1.121684199e+01 -1.121684199e+01 +2.8834e+00 +2.8039e+00 +3.1310e+00 +1.2298e+00 +2.0224e+00
613 0 +5.746390655e-01 -1.197536093e+01 -1.197536093e+01 +3.1098e+00 +2.4824e+00 +3.0289e+00 +1.6100e+00 +1.8044e+00
708 0 +4.682924535e-01 -1.208170755e+01 -1.208170755e+01 +3.1041e+00 +2.5548e+00 +2.9394e+00 +1.2863e+00 +2.0161e+00
746 0 +4.484938368e-01 -1.210150616e+01 -1.210150616e+01 +3.0431e+00 +2.4937e+00 +2.9233e+00 +1.2848e+00 +1.9798e+00
758 0 +2.661603801e-01 -1.228383962e+01 -1.228383962e+01 +3.0638e+00 +2.6270e+00 +2.8664e+00 +1.2767e+00 +1.8398e+00
863 0 +2.486579492e-01 -1.230134205e+01 -1.230134205e+01 +3.1904e+00 +2.4789e+00 +2.9346e+00 +1.4519e+00 +1.8675e+00
920 0 +2.128704778e-01 -1.233712952e+01 -1.233712952e+01 +3.2092e+00 +2.5912e+00 +2.9182e+00 +1.3134e+00 +1.8470e+00
929 0 +1.325030550e-01 -1.241749695e+01 -1.241749695e+01 +3.1943e+00 +2.5507e+00 +2.8346e+00 +1.4069e+00 +1.8810e+00
939 0 +1.269791147e-01 -1.242302089e+01 -1.242302089e+01 +3.3183e+00 +2.5037e+00 +2.8810e+00 +1.5195e+00 +1.8594e+00
988 0 +5.538711075e-02 -1.249461289e+01 -1.249461289e+01 +3.2740e+00 +2.5167e+00 +2.8123e+00 +1.4302e+00 +1.8434e+00
1088 0 +3.190748176e-02 -1.251809252e+01 -1.251809252e+01 +3.3065e+00 +2.5182e+00 +2.7808e+00 +1.4896e+00 +1.8437e+00
1136 0 +2.477912953e-02 -1.252522087e+01 -1.252522087e+01 +3.3510e+00 +2.5500e+00 +2.8224e+00 +1.4807e+00 +1.8186e+00
1221 0 +1.797583647e-02 -1.253202416e+01 -1.253202416e+01 +3.3166e+00 +2.5428e+00 +2.7978e+00 +1.4648e+00 +1.8139e+00
% f evaluations | g evaluations | best noise-free fitness - Fopt (5.383900000000e+02) + sum g_i+ | measured fitness | best measured fitness or single-digit g-values | x1 | x2...
1 0 +3.045848773e+05 +3.051232673e+05 +3.051232673e+05 +5.9671e-01 -3.8264e-02 +7.4769e-01 +1.6230e+00 -1.3415e-01
2 0 +2.325146834e+05 +2.330530734e+05 +2.330530734e+05 -1.3414e-01 +1.6792e+00 +8.6743e-01 -3.6947e-01 +6.4256e-01
3 0 +2.211433402e+05 +2.216817302e+05 +2.216817302e+05 -3.6342e-01 -3.6573e-01 +3.4196e-01 -1.8133e+00 -1.6249e+00
5 0 +2.092489771e+05 +2.097873671e+05 +2.097873671e+05 +1.5656e+00 -1.2578e-01 +1.6753e-01 -1.3247e+00 -4.4438e-01
9 0 +1.454475131e+05 +1.459859031e+05 +1.459859031e+05 +8.3847e-01 +2.7137e-01 -1.5648e-02 -2.0110e-01 -1.3785e+00
15 0 +9.998282039e+04 +1.005212104e+05 +1.005212104e+05 +4.6140e-01 +1.6380e+00 +6.4174e-02 +1.6646e+00 -2.5197e+00
27 0 +5.517407713e+04 +5.571246713e+04 +5.571246713e+04 +1.4832e+00 +1.1268e+00 -1.2043e-01 -8.0305e-02 -2.8779e+00
33 0 +5.063988444e+04 +5.117827444e+04 +5.117827444e+04 -1.0431e+00 +3.6551e+00 +1.0963e-01 -7.2879e-01 -3.1132e+00
39 0 +9.543899324e+03 +1.008228932e+04 +1.008228932e+04 +3.0002e+00 +3.5379e+00 +1.4861e+00 +2.2795e+00 -1.7435e+00
43 0 +1.096017623e+03 +1.634407623e+03 +1.634407623e+03 +2.2852e+00 +3.7039e+00 -2.8112e-01 +1.1900e+00 -3.9031e+00
61 0 +4.635235397e+01 +5.847423540e+02 +5.847423540e+02 +3.0073e+00 +4.7762e+00 -2.6328e-01 -2.0264e-01 -2.7284e+00
66 0 +2.304190404e+01 +5.614319040e+02 +5.614319040e+02 +4.0444e+00 +3.9978e+00 -3.4287e-01 +1.5998e+00 -1.9718e+00
109 0 +1.067492313e+01 +5.490649231e+02 +5.490649231e+02 +2.7972e+00 +3.6714e+00 -1.1610e-01 +1.5763e+00 -2.1547e+00
110 0 +9.524020760e+00 +5.479140208e+02 +5.479140208e+02 +3.6076e+00 +4.3868e+00 +2.8463e-01 +3.6238e+00 -3.3126e+00
244 0 +8.852054259e+00 +5.472420543e+02 +5.472420543e+02 +3.3205e+00 +3.9189e+00 +6.6652e-01 +2.0788e+00 -2.8821e+00
252 0 +6.930263895e+00 +5.453202639e+02 +5.453202639e+02 +3.4070e+00 +4.6913e+00 +1.7381e+00 +2.7842e+00 -2.4876e+00
254 0 +6.214395548e+00 +5.446043955e+02 +5.446043955e+02 +3.3827e+00 +4.5043e+00 +9.4959e-01 +2.8135e+00 -2.4451e+00
462 0 +4.746335842e+00 +5.431363358e+02 +5.431363358e+02 +3.6029e+00 +3.3293e+00 +4.1737e-01 +2.8517e+00 -3.4576e+00
481 0 +4.036787833e+00 +5.424267878e+02 +5.424267878e+02 +3.0465e+00 +3.9725e+00 +9.2755e-01 +2.5722e+00 -2.6029e+00
486 0 +3.133726226e+00 +5.415237262e+02 +5.415237262e+02 +3.0025e+00 +3.6331e+00 +3.9190e-01 +2.7536e+00 -2.7233e+00
492 0 +2.384121692e+00 +5.407741217e+02 +5.407741217e+02 +3.1996e+00 +3.5830e+00 +3.5189e-01 +3.0034e+00 -2.7772e+00
590 0 +1.526725228e+00 +5.399167252e+02 +5.399167252e+02 +3.4712e+00 +3.0972e+00 +7.1057e-01 +3.1454e+00 -3.4245e+00
621 0 +1.475284696e+00 +5.398652847e+02 +5.398652847e+02 +3.4910e+00 +3.4122e+00 +3.5945e-01 +3.1650e+00 -2.6529e+00
627 0 +1.243915565e+00 +5.396339156e+02 +5.396339156e+02 +3.3386e+00 +2.9631e+00 +3.6707e-01 +2.9847e+00 -3.1552e+00
733 0 +8.855755298e-01 +5.392755755e+02 +5.392755755e+02 +3.3906e+00 +3.1316e+00 +6.5589e-01 +3.0897e+00 -3.1051e+00
740 0 +7.283785621e-01 +5.391183786e+02 +5.391183786e+02 +3.4974e+00 +3.0541e+00 +8.4659e-01 +3.1950e+00 -3.0987e+00
751 0 +4.062198060e-01 +5.387962198e+02 +5.387962198e+02 +3.4815e+00 +2.7849e+00 +3.4558e-01 +3.2067e+00 -3.0217e+00
836 0 +3.825156259e-01 +5.387725156e+02 +5.387725156e+02 +3.3773e+00 +2.8019e+00 +3.7436e-01 +3.1477e+00 -2.9281e+00
843 0 +3.334388890e-01 +5.387234389e+02 +5.387234389e+02 +3.4493e+00 +2.9822e+00 +6.0893e-01 +3.2608e+00 -3.0696e+00
852 0 +2.148643723e-01 +5.386048644e+02 +5.386048644e+02 +3.3690e+00 +2.8431e+00 +5.6860e-01 +3.2507e+00 -3.1633e+00
867 0 +1.439344317e-01 +5.385339344e+02 +5.385339344e+02 +3.4502e+00 +2.9467e+00 +6.3375e-01 +3.4016e+00 -3.0640e+00
1066 0 +1.174180442e-01 +5.385074180e+02 +5.385074180e+02 +3.4667e+00 +2.8066e+00 +5.9274e-01 +3.3767e+00 -3.2034e+00
1085 0 +6.858439125e-02 +5.384585844e+02 +5.384585844e+02 +3.4757e+00 +2.7948e+00 +5.2157e-01 +3.3922e+00 -3.1249e+00
1114 0 +4.932443343e-02 +5.384393244e+02 +5.384393244e+02 +3.4324e+00 +2.8112e+00 +5.9891e-01 +3.3452e+00 -3.0905e+00
1194 0 +4.163070616e-02 +5.384316307e+02 +5.384316307e+02 +3.4345e+00 +2.7869e+00 +5.7933e-01 +3.3661e+00 -3.1340e+00
1247 0 +4.152914661e-02 +5.384315291e+02 +5.384315291e+02 +3.4441e+00 +2.7956e+00 +5.3737e-01 +3.3993e+00 -3.1289e+00
% f evaluations | g evaluations | best noise-free fitness - Fopt (-1.055600000000e+02) + sum g_i+ | measured fitness | best measured fitness or single-digit g-values | x1 | x2...
1 0 +6.717353955e+04 +6.706797955e+04 +6.706797955e+04 +5.9671e-01 -3.8264e-02 +7.4769e-01 +1.6230e+00 -1.3415e-01
9 0 +6.574629930e+04 +6.564073930e+04 +6.564073930e+04 +8.3847e-01 +2.7137e-01 -1.5648e-02 -2.0110e-01 -1.3785e+00
10 0 +5.577528422e+04 +5.566972422e+04 +5.566972422e+04 -6.1984e-01 -3.6064e-01 +1.1571e+00 +4.4362e-01 -1.6630e+00
14 0 +4.870275908e+04 +4.859719908e+04 +4.859719908e+04 +1.4562e+00 +2.7990e-02 +1.1035e+00 +4.6164e-01 -5.4512e-01
15 0 +3.504295822e+04 +3.493739822e+04 +3.493739822e+04 +4.6140e-01 +1.6380e+00 +6.4174e-02 +1.6646e+00 -2.5197e+00
27 0 +1.221371920e+02 +1.657719200e+01 +1.657719200e+01 +4.9576e-01 +2.4337e+00 +3.1762e+00 +1.1957e+00 -2.6378e+00
66 0 +9.554670442e+01 -1.001329558e+01 -1.001329558e+01 +2.0153e+00 +1.4725e+00 +4.8626e+00 -7.4492e-01 -2.9029e+00
72 0 +5.566987378e+01 -4.989012622e+01 -4.989012622e+01 -1.0836e+00 -8.7561e-01 +4.0034e+00 -6.6503e-01 -3.3029e+00
126 0 +4.820175548e+01 -5.735824452e+01 -5.735824452e+01 +6.2449e-01 -1.3231e+00 +3.7294e+00 +1.5010e+00 -2.4489e+00
173 0 +3.642465472e+01 -6.913534528e+01 -6.913534528e+01 +1.8449e+00 -1.1207e+00 +4.8582e+00 -2.7690e-01 -2.8658e+00
258 0 +1.477890614e+01 -9.078109386e+01 -9.078109386e+01 +2.3603e+00 -1.8660e+00 +4.1966e+00 -7.6767e-01 -2.0300e+00
379 0 +1.439153834e+01 -9.116846166e+01 -9.116846166e+01 +2.3469e+00 -1.8608e+00 +4.3421e+00 -1.7731e-01 -3.1064e+00
536 0 +1.250316548e+01 -9.305683452e+01 -9.305683452e+01 +1.9787e+00 -2.5949e+00 +4.9739e+00 -6.8606e-01 -2.6479e+00
598 0 +1.239066160e+01 -9.316933840e+01 -9.316933840e+01 +7.9242e-01 -2.8555e+00 +4.4965e+00 -4.9568e-01 -2.7559e+00
604 0 +9.123996850e+00 -9.643600315e+01 -9.643600315e+01 +8.8128e-01 -2.8179e+00 +4.5193e+00 -9.2587e-01 -3.2792e+00
613 0 +6.556223622e+00 -9.900377638e+01 -9.900377638e+01 +1.1541e+00 -3.1082e+00 +4.5661e+00 -8.3437e-01 -2.7223e+00
709 0 +1.544053254e+00 -1.040159467e+02 -1.040159467e+02 +1.2909e+00 -3.7787e+00 +4.6805e+00 -1.1938e+00 -2.9620e+00
863 0 +1.479242637e+00 -1.040807574e+02 -1.040807574e+02 +1.2315e+00 -3.4923e+00 +4.1587e+00 -7.4974e-01 -2.7979e+00
873 0 +7.519683138e-01 -1.048080317e+02 -1.048080317e+02 +1.3127e+00 -3.6858e+00 +4.3730e+00 -1.1902e+00 -2.9574e+00
959 0 +7.106523161e-01 -1.048493477e+02 -1.048493477e+02 +1.3512e+00 -3.8642e+00 +4.4515e+00 -1.1233e+00 -2.8160e+00
960 0 +6.895305517e-01 -1.048704694e+02 -1.048704694e+02 +1.3990e+00 -3.7712e+00 +4.3611e+00 -1.0065e+00 -2.7940e+00
962 0 +6.378384163e-01 -1.049221616e+02 -1.049221616e+02 +1.3155e+00 -3.8737e+00 +4.4057e+00 -1.0622e+00 -2.8330e+00
968 0 +3.979171579e-01 -1.051620828e+02 -1.051620828e+02 +1.5426e+00 -3.6575e+00 +4.2262e+00 -1.0102e+00 -2.8661e+00
980 0 +2.868597704e-01 -1.052731402e+02 -1.052731402e+02 +1.5289e+00 -3.6789e+00 +4.1755e+00 -1.0058e+00 -2.8759e+00
1039 0 +1.573047011e-01 -1.054026953e+02 -1.054026953e+02 +1.2361e+00 -3.6580e+00 +3.9202e+00 -9.0601e-01 -2.8934e+00
1119 0 +1.433109335e-01 -1.054166891e+02 -1.054166891e+02 +1.3677e+00 -3.5826e+00 +3.9594e+00 -1.0237e+00 -2.8545e+00
