% f evaluations | g evaluations | best noise-free fitness - Fopt (1.238300000000e+02) + sum g_i+ | measured fitness | best measured fitness or single-digit g-values | x1 | x2...
1 0 +2.134850738e+03 +2.258680738e+03 +2.258680738e+03 +5.9671e-01 -3.8264e-02 +7.4769e-01 +1.6230e+00 -1.3415e-01
2 0 +1.521057945e+03 +1.644887945e+03 +1.644887945e+03 -1.3414e-01 +1.6792e+00 +8.6743e-01 -3.6947e-01 +6.4256e-01
5 0 +7.334808896e+02 +8.573108896e+02 +8.573108896e+02 +1.5656e+00 -1.2578e-01 +1.6753e-01 -1.3247e+00 -4.4438e-01
6 0 +3.986373671e+02 +5.224673671e+02 +5.224673671e+02 +2.1092e-01 -1.0510e+00 +4.7570e-01 -5.0064e-01 -1.9169e-01
13 0 +3.086668750e+02 +4.324968750e+02 +4.324968750e+02 -3.7917e-01 -8.5659e-02 -1.0063e+00 -1.0962e+00 +9.1253e-01
19 0 +7.429407286e+01 +1.981240729e+02 +1.981240729e+02 +1.9708e-01 +1.0686e+00 -6.0205e-01 -2.2766e-01 -2.9211e-01
28 0 +6.522179886e+01 +1.890517989e+02 +1.890517989e+02 -4.3124e-01 -3.5744e-01 -5.5790e-01 -8.0263e-01 -4.5003e-02
52 0 +3.030943562e+01 +1.541394356e+02 +1.541394356e+02 -3.5537e-01 -1.4615e-02 -8.8370e-01 +1.1877e-01 +1.7981e-01
130 0 +1.241853069e+01 +1.362485307e+02 +1.362485307e+02 -4.1078e-01 +3.6629e-01 -7.2040e-01 +1.3940e-01 -2.0862e-02
131 0 +1.073772783e+01 +1.345677278e+02 +1.345677278e+02 -2.4121e-01 +5.8009e-01 -7.4298e-01 +1.1921e-01 -7.8482e-02
199 0 +8.922496584e+00 +1.327524966e+02 +1.327524966e+02 -2.6224e-01 +7.8676e-01 -3.3270e-01 +1.9059e-01 -4.7722e-01
368 0 +8.547584744e+00 +1.323775847e+02 +1.323775847e+02 -4.4035e-01 +4.1605e-01 -9.5658e-01 +9.2426e-02 -4.0363e-01
375 0 +7.242707199e+00 +1.310727072e+02 +1.310727072e+02 -1.5618e-01 +6.4762e-01 -2.8999e-01 +2.3317e-01 -7.6390e-02
401 0 +4.290025839e+00 +1.281200258e+02 +1.281200258e+02 -2.1882e-01 +6.6650e-01 -5.3946e-01 +1.5161e-01 -3.2861e-01
521 0 +2.779236171e+00 +1.266092362e+02 +1.266092362e+02 -7.6171e-02 +6.3116e-01 -6.0561e-02 +2.2060e-01 -1.8186e-01
541 0 +2.676179538e+00 +1.265061795e+02 +1.265061795e+02 -1.2091e-01 +6.3452e-01 -1.9242e-01 +2.2264e-01 -2.9311e-01
828 0 +2.563394445e+00 +1.263933944e+02 +1.263933944e+02 -1.2003e-01 +7.0325e-01 -2.0286e-01 +2.1839e-01 -2.8869e-01
859 0 +2.378933251e+00 +1.262089333e+02 +1.262089333e+02 -5.6354e-02 +6.6759e-01 -3.9047e-02 +2.7381e-01 -1.6902e-01
879 0 +2.219417889e+00 +1.260494179e+02 +1.260494179e+02 +8.0732e-04 +5.9922e-01 +1.3274e-01 +3.5211e-01 -1.8637e-01
922 0 +2.037309613e+00 +1.258673096e+02 +1.258673096e+02 -8.4597e-02 +6.6083e-01 -3.9542e-02 +3.0260e-01 -1.8535e-01
934 0 +1.976909330e+00 +1.258069093e+02 +1.258069093e+02 -5.6579e-02 +5.3855e-01 +3.4853e-02 +2.7734e-01 -1.8834e-01
964 0 +1.741334995e+00 +1.255713350e+02 +1.255713350e+02 -2.5877e-02 +5.9108e-01 +6.8234e-02 +3.2343e-01 -1.8620e-01
1042 0 +1.636803406e+00 +1.254668034e+02 +1.254668034e+02 -5.6673e-02 +5.8270e-01 +4.9102e-02 +3.1106e-01 -2.1240e-01
1069 0 +1.558605374e+00 +1.253886054e+02 +1.253886054e+02 -3.9658e-02 +4.9297e-01 +1.5833e-01 +3.3528e-01 -2.0851e-01
1116 0 +1.228527136e+00 +1.250585271e+02 +1.250585271e+02 -2.8176e-02 +3.9691e-01 +2.8480e-01 +3.7733e-01 -1.7058e-01
% f evaluations | g evaluations | best noise-free fitness - Fopt (4.751000000000e+01) + sum g_i+ | measured fitness | best measured fitness or single-digit g-values | x1 | x2...
1 0 +1.143702278e+02 +1.618802278e+02 +1.618802278e+02 +5.9671e-01 -3.8264e-02 +7.4769e-01 +1.6230e+00 -1.3415e-01
20 0 +1.041708236e+02 +1.516808236e+02 +1.516808236e+02 -1.3635e+00 +3.9612e-01 +3.6106e-01 +1.0511e-01 -1.3459e-01
28 0 +5.848869038e+01 +1.059986904e+02 +1.059986904e+02 +1.2278e-01 +5.4024e-04 +2.7893e-01 -7.7318e-02 +3.0789e-01
75 0 +4.172693694e+01 +8.923693694e+01 +8.923693694e+01 +1.9922e-01 -1.0707e+00 -2.8039e-01 +4.4675e-01 -1.9090e-01
90 0 +3.043462344e+01 +7.794462344e+01 +7.794462344e+01 -2.3117e-01 -1.1218e-01 +5.3625e-01 +6.2875e-01 -3.4695e-01
113 0 +2.960886043e+01 +7.711886043e+01 +7.711886043e+01 +1.6872e-01 -5.1823e-01 +6.2305e-01 +2.4322e-01 -4.3596e-03
119 0 +1.377198052e+01 +6.128198052e+01 +6.128198052e+01 -3.9053e-01 -9.9488e-01 +6.2627e-01 +6.7670e-01 -3.8372e-01
263 0 +9.766334669e+00 +5.727633467e+01 +5.727633467e+01 -1.3881e-02 -1.2184e+00 -2.8287e-01 +5.6699e-01 -4.7391e-01
342 0 +7.861049309e+00 +5.537104931e+01 +5.537104931e+01 -1.2658e-01 -1.1784e+00 -2.7076e-01 +8.0171e-01 -6.0257e-01
374 0 +4.666092970e+00 +5.217609297e+01 +5.217609297e+01 +3.7209e-01 -1.1182e+00 -6.0061e-01 +5.1941e-01 -5.6633e-01
510 0 +4.552523509e+00 +5.206252351e+01 +5.206252351e+01 +7.0028e-01 -1.0625e+00 -7.5724e-01 +4.4576e-01 -5.5535e-01
538 0 +4.394452963e+00 +5.190445296e+01 +5.190445296e+01 +4.8478e-01 -1.0964e+00 -5.9119e-01 +4.9078e-01 -5.3859e-01
623 0 +4.228819615e+00 +5.173881961e+01 +5.173881961e+01 +2.8076e-01 -1.1464e+00 -4.9308e-01 +5.7981e-01 -5.3372e-01
648 0 +4.203692190e+00 +5.171369219e+01 +5.171369219e+01 +4.7596e-01 -1.1306e+00 -6.2690e-01 +4.7970e-01 -5.6284e-01
653 0 +4.073390481e+00 +5.158339048e+01 +5.158339048e+01 +3.6418e-01 -1.1334e+00 -5.4817e-01 +5.3183e-01 -5.5161e-01
701 0 +3.965414946e+00 +5.147541495e+01 +5.147541495e+01 +3.7302e-01 -1.1381e+00 -5.7244e-01 +5.3394e-01 -5.5221e-01
912 0 +3.964095535e+00 +5.147409553e+01 +5.147409553e+01 +4.0912e-01 -1.1374e+00 -5.9683e-01 +5.2909e-01 -5.5336e-01
913 0 +3.957247514e+00 +5.146724751e+01 +5.146724751e+01 +3.6455e-01 -1.1363e+00 -5.7572e-01 +5.3532e-01 -5.4581e-01
926 0 +3.954899476e+00 +5.146489948e+01 +5.146489948e+01 +4.6020e-01 -1.1295e+00 -6.2736e-01 +5.0513e-01 -5.6135e-01
931 0 +3.944743720e+00 +5.145474372e+01 +5.145474372e+01 +5.2611e-01 -1.1184e+00 -6.6764e-01 +4.8521e-01 -5.6343e-01
959 0 +3.942807072e+00 +5.145280707e+01 +5.145280707e+01 +5.5894e-01 -1.1103e+00 -6.7464e-01 +4.7361e-01 -5.6062e-01
1033 0 +3.942044399e+00 +5.145204440e+01 +5.145204440e+01 +4.7512e-01 -1.1270e+00 -6.3491e-01 +5.0051e-01 -5.5647e-01
1051 0 +3.936908132e+00 +5.144690813e+01 +5.144690813e+01 +5.0694e-01 -1.1181e+00 -6.5236e-01 +4.9217e-01 -5.6244e-01
1064 0 +3.933778187e+00 +5.144377819e+01 +5.144377819e+01 +4.9701e-01 -1.1203e+00 -6.4688e-01 +4.9548e-01 -5.5953e-01
1170 0 +3.932991809e+00 +5.144299181e+01 +5.144299181e+01 +5.1342e-01 -1.1185e+00 -6.5448e-01 +4.9063e-01 -5.6146e-01
1182 0 +3.932527541e+00 +5.144252754e+01 +5.144252754e+01 +5.3603e-01 -1.1130e+00 -6.6294e-01 +4.8275e-01 -5.6270e-01
1183 0 +3.932482039e+00 +5.144248204e+01 +5.144248204e+01 +5.5204e-01 -1.1107e+00 -6.7186e-01 +4.7766e-01 -5.6323e-01
1185 0 +3.932362829e+00 +5.144236283e+01 +5.144236283e+01 +5.1797e-01 -1.1167e+00 -6.5531e-01 +4.9070e-01 -5.6177e-01
% f evaluations | g evaluations | best noise-free fitness - Fopt (5.534000000000e+01) + sum g_i+ | measured fitness | best measured fitness or single-digit g-values | x1 | x2...
1 0 +7.961990943e+02 +8.515390943e+02 +8.515390943e+02 +5.9671e-01 -3.8264e-02 +7.4769e-01 +1.6230e+00 -1.3415e-01
4 0 +5.440010983e+02 +5.993410983e+02 +5.993410983e+02 -4.6229e-01 -9.1283e-01 +4.1425e-01 -8.0802e-01 -1.3123e+00
6 0 +9.297043714e+01 +1.483104371e+02 +1.483104371e+02 +2.1092e-01 -1.0510e+00 +4.7570e-01 -5.0064e-01 -1.9169e-01
51 0 +1.966683157e+01 +7.500683157e+01 +7.500683157e+01 +7.7644e-02 +3.7831e-01 +4.8852e-01 +2.4711e-01 -6.3227e-01
58 0 +1.875726138e+01 +7.409726138e+01 +7.409726138e+01 -7.5829e-02 -1.5079e-01 +3.0571e-01 -4.3774e-02 -2.2091e-01
88 0 +1.748779470e+01 +7.282779470e+01 +7.282779470e+01 -1.3815e-01 -3.3820e-01 +6.2600e-01 +3.7403e-01 -1.0190e-01
161 0 +1.387637008e+01 +6.921637008e+01 +6.921637008e+01 +3.1227e-01 +2.2069e-01 +4.3189e-01 +3.9885e-03 -2.2271e-01
281 0 +1.175912149e+01 +6.709912149e+01 +6.709912149e+01 -2.1576e-02 +1.4379e-01 +7.9312e-01 +6.7063e-02 -4.5043e-01
359 0 +1.058520638e+01 +6.592520638e+01 +6.592520638e+01 +2.8066e-01 -1.9467e-01 +4.1631e-01 +8.5198e-02 -3.3953e-01
364 0 +6.208558172e+00 +6.154855817e+01 +6.154855817e+01 +2.2642e-01 -3.5502e-01 +5.5185e-01 +2.0642e-01 -3.6133e-01
435 0 +3.741888099e+00 +5.908188810e+01 +5.908188810e+01 +1.0402e-01 -8.6761e-02 +6.4898e-01 +1.9571e-01 -3.4107e-01
511 0 +1.939459534e+00 +5.727945953e+01 +5.727945953e+01 +1.1893e-01 +7.4714e-02 +6.0621e-01 +1.3803e-01 -3.8995e-01
707 0 +1.862005556e+00 +5.720200556e+01 +5.720200556e+01 +5.7511e-02 +1.2825e-01 +5.5086e-01 +8.8463e-02 -3.7592e-01
712 0 +1.856475707e+00 +5.719647571e+01 +5.719647571e+01 +1.1174e-01 +1.3467e-01 +6.0131e-01 +7.9597e-02 -3.8872e-01
718 0 +1.768841405e+00 +5.710884141e+01 +5.710884141e+01 +7.1515e-02 +9.3471e-02 +5.6586e-01 +1.0093e-01 -3.7128e-01
719 0 +1.625126865e+00 +5.696512686e+01 +5.696512686e+01 +8.6910e-02 +1.2786e-01 +5.7035e-01 +1.0628e-01 -3.6065e-01
783 0 +1.495911591e+00 +5.683591159e+01 +5.683591159e+01 +5.0886e-02 +2.4733e-01 +5.2975e-01 +8.9221e-02 -3.7925e-01
818 0 +1.306048888e+00 +5.664604889e+01 +5.664604889e+01 +7.4235e-02 +2.3801e-01 +4.6909e-01 +8.0008e-02 -3.5573e-01
873 0 +1.173488355e+00 +5.651348836e+01 +5.651348836e+01 +6.7642e-02 +2.9572e-01 +4.5875e-01 +8.1691e-02 -3.6762e-01
909 0 +1.148617657e+00 +5.648861766e+01 +5.648861766e+01 +4.1023e-02 +3.3807e-01 +4.4650e-01 +1.0554e-01 -3.8177e-01
952 0 +1.141140033e+00 +5.648114003e+01 +5.648114003e+01 +4.1726e-02 +3.3383e-01 +4.4621e-01 +9.2509e-02 -3.8329e-01
959 0 +1.119661916e+00 +5.645966192e+01 +5.645966192e+01 +4.9763e-02 +3.1989e-01 +4.4977e-01 +8.9070e-02 -3.7758e-01
980 0 +1.049852174e+00 +5.638985217e+01 +5.638985217e+01 +4.0226e-02 +4.0658e-01 +3.7272e-01 +7.0407e-02 -3.6227e-01
1025 0 +1.049741651e+00 +5.638974165e+01 +5.638974165e+01 +4.4168e-02 +4.0623e-01 +3.7083e-01 +6.9768e-02 -3.5826e-01
1089 0 +9.623251501e-01 +5.630232515e+01 +5.630232515e+01 +3.5704e-02 +3.5829e-01 +3.8521e-01 +9.9587e-02 -3.6329e-01
1124 0 +9.011468405e-01 +5.624114684e+01 +5.624114684e+01 +6.6477e-03 +4.7042e-01 +3.0791e-01 +8.7550e-02 -3.5392e-01
1147 0 +7.177964763e-01 +5.605779648e+01 +5.605779648e+01 +7.7778e-03 +5.1549e-01 +2.2138e-01 +6.7043e-02 -3.3165e-01
1180 0 +7.109578368e-01 +5.605095784e+01 +5.605095784e+01 +2.5875e-03 +4.8504e-01 +2.3155e-01 +6.2380e-02 -3.1042e-01
1181 0 +6.633403799e-01 +5.600334038e+01 +5.600334038e+01 -1.7420e-03 +5.2652e-01 +1.3479e-01 +6.7400e-02 -3.2108e-01
1206 0 +5.880433171e-01 +5.592804332e+01 +5.592804332e+01 -1.8541e-02 +5.4622e-01 +1.1647e-01 +6.3100e-02 -2.8793e-01
% f evaluations | g evaluations | best noise-free fitness - Fopt (-9.033000000000e+01) + sum g_i+ | measured fitness | best measured fitness or single-digit g-values | x1 | x2...
1 0 +1.122096792e+03 +1.031766792e+03 +1.031766792e+03 +5.9671e-01 -3.8264e-02 +7.4769e-01 +1.6230e+00 -1.3415e-01
2 0 +9.925200630e+02 +9.021900630e+02 +9.021900630e+02 -1.3414e-01 +1.6792e+00 +8.6743e-01 -3.6947e-01 +6.4256e-01
3 0 +4.074720881e+02 +3.171420881e+02 +3.171420881e+02 -3.6342e-01 -3.6573e-01 +3.4196e-01 -1.8133e+00 -1.6249e+00
4 0 +2.214165043e+02 +1.310865043e+02 +1.310865043e+02 -4.6229e-01 -9.1283e-01 +4.1425e-01 -8.0802e-01 -1.3123e+00
6 0 +2.183178549e+02 +1.279878549e+02 +1.279878549e+02 +2.1092e-01 -1.0510e+00 +4.7570e-01 -5.0064e-01 -1.9169e-01
21 0 +1.731330129e+02 +8.280301294e+01 +8.280301294e+01 -1.3154e+00 -3.2065e-01 -2.4271e-01 -7.0228e-01 -6.1286e-02
56 0 +2.790036251e+01 -6.242963749e+01 -6.242963749e+01 -8.8262e-02 -8.0616e-01 -4.0532e-01 +5.7265e-01 +1.6144e-01
58 0 +1.085754277e+01 -7.947245723e+01 -7.947245723e+01 +3.8623e-01 -8.6091e-01 -7.8046e-02 +2.3410e-01 +1.0016e-01
167 0 +1.078736488e+01 -7.954263512e+01 -7.954263512e+01 -2.3051e-01 -7.3123e-01 -4.2429e-01 +1.8087e-02 -1.5292e-01
253 0 +8.573300615e+00 -8.175669939e+01 -8.175669939e+01 +3.5762e-01 -5.3450e-01 +1.0347e-01 +3.4830e-01 +2.5702e-01
318 0 +7.590391675e+00 -8.273960833e+01 -8.273960833e+01 +4.4429e-01 -4.7816e-01 +1.4073e-01 +1.6541e-01 +2.9883e-02
355 0 +4.900813925e+00 -8.542918607e+01 -8.542918607e+01 +1.8588e-01 -3.8584e-01 -9.5019e-02 +1.0421e-01 +1.4444e-01
356 0 +4.239955856e+00 -8.609004414e+01 -8.609004414e+01 +3.0377e-01 -3.7134e-01 +1.4301e-02 +9.2447e-02 +2.0151e-01
376 0 +3.553680490e+00 -8.677631951e+01 -8.677631951e+01 +2.4808e-01 -5.6913e-01 -1.3132e-01 +1.9682e-01 +4.5264e-02
378 0 +2.373573289e+00 -8.795642671e+01 -8.795642671e+01 +2.6399e-01 -5.1665e-01 -1.0013e-01 +2.0641e-01 +1.6550e-01
421 0 +2.142029811e+00 -8.818797019e+01 -8.818797019e+01 +3.3354e-01 -5.6660e-01 -4.4343e-02 +9.2486e-02 +9.2787e-02
509 0 +1.709584778e+00 -8.862041522e+01 -8.862041522e+01 +4.1061e-01 -5.2099e-01 +2.7566e-03 +1.5106e-01 +1.1906e-01
513 0 +9.778033817e-01 -8.935219662e+01 -8.935219662e+01 +4.1431e-01 -3.9518e-01 +9.7199e-02 +1.6734e-01 +1.7503e-01
652 0 +8.726303606e-01 -8.945736964e+01 -8.945736964e+01 +4.0367e-01 -4.2582e-01 +8.0850e-02 +1.6041e-01 +1.6987e-01
705 0 +7.982853910e-01 -8.953171461e+01 -8.953171461e+01 +5.0502e-01 -2.5535e-01 +2.8292e-01 +1.1909e-01 +2.0492e-01
738 0 +7.791210686e-01 -8.955087893e+01 -8.955087893e+01 +4.9862e-01 -2.8861e-01 +2.4274e-01 +1.4315e-01 +1.9267e-01
741 0 +7.271303690e-01 -8.960286963e+01 -8.960286963e+01 +4.6332e-01 -2.6842e-01 +2.4702e-01 +1.4197e-01 +1.9555e-01
745 0 +6.845093153e-01 -8.964549068e+01 -8.964549068e+01 +4.4239e-01 -3.6457e-01 +1.7074e-01 +1.5229e-01 +1.7985e-01
781 0 +6.583988404e-01 -8.967160116e+01 -8.967160116e+01 +4.8744e-01 -2.6481e-01 +2.5152e-01 +1.2438e-01 +2.0177e-01
803 0 +5.331570429e-01 -8.979684296e+01 -8.979684296e+01 +4.9185e-01 -2.5588e-01 +2.6576e-01 +1.0859e-01 +1.8653e-01
811 0 +4.835917160e-01 -8.984640828e+01 -8.984640828e+01 +4.9312e-01 -2.0252e-01 +2.7221e-01 +1.0460e-01 +1.8354e-01
912 0 +4.514481462e-01 -8.987855185e+01 -8.987855185e+01 +4.8350e-01 -1.9566e-01 +2.9844e-01 +9.6626e-02 +1.8597e-01
936 0 +3.784440215e-01 -8.995155598e+01 -8.995155598e+01 +5.2676e-01 -1.0707e-01 +3.6926e-01 +6.7348e-02 +1.8477e-01
972 0 +3.703360240e-01 -8.995966398e+01 -8.995966398e+01 +5.2086e-01 -1.2082e-01 +3.5916e-01 +6.8876e-02 +1.7217e-01
980 0 +3.563959680e-01 -8.997360403e+01 -8.997360403e+01 +5.2969e-01 -8.0855e-02 +3.9161e-01 +4.9798e-02 +1.7383e-01
1006 0 +3.108185331e-01 -9.001918147e+01 -9.001918147e+01 +5.2274e-01 -8.3489e-02 +3.7497e-01 +5.7611e-02 +1.8057e-01
1035 0 +2.397916298e-01 -9.009020837e+01 -9.009020837e+01 +5.3396e-01 -3.1813e-02 +3.9273e-01 +2.4509e-02 +1.6394e-01
1147 0 +2.044500502e-01 -9.012554995e+01 -9.012554995e+01 +5.3029e-01 -3.1147e-02 +4.0065e-01 +1.9051e-02 +1.6701e-01
1181 0 +1.928031736e-01 -9.013719683e+01 -9.013719683e+01 +5.3530e-01 +1.1160e-02 +4.2500e-01 -8.3117e-03 +1.5730e-01
1224 0 +1.296428293e-01 -9.020035717e+01 -9.020035717e+01 +5.5131e-01 +8.6481e-02 +4.6886e-01 -3.8695e-02 +1.4707e-01
% f evaluations | g evaluations | best noise-free fitness - Fopt (6.561000000000e+01) + sum g_i+ | measured fitness | best measured fitness or single-digit g-values | x1 | x2...
1 0 +1.932801862e+02 +2.588901862e+02 +2.588901862e+02 +5.9671e-01 -3.8264e-02 +7.4769e-01 +1.6230e+00 -1.3415e-01
14 0 +7.506631839e+01 +1.406763184e+02 +1.406763184e+02 +1.4562e+00 +2.7990e-02 +1.1035e+00 +4.6164e-01 -5.4512e-01
32 0 +5.875151892e+01 +1.243615189e+02 +1.243615189e+02 +1.1231e+00 -4.9524e-01 +7.7649e-01 +3.0436e-01 -1.2063e-01
35 0 +4.400118634e+01 +1.096111863e+02 +1.096111863e+02 +5.1283e-02 +2.2903e-01 +1.1587e+00 +1.8351e-01 -5.1196e-01
53 0 +3.970270954e+01 +1.053127095e+02 +1.053127095e+02 +7.3638e-01 +2.8479e-01 +6.9902e-01 +7.6962e-01 +3.6441e-01
86 0 +3.139879754e+01 +9.700879754e+01 +9.700879754e+01 +1.5361e+00 +2.8979e-02 +1.4200e-01 -4.6214e-02 -4.3800e-01
94 0 +9.632525637e+00 +7.524252564e+01 +7.524252564e+01 +8.9750e-01 +2.6055e-01 +6.2381e-01 +5.6184e-01 -4.3106e-01
175 0 +7.472606033e+00 +7.308260603e+01 +7.308260603e+01 +2.6016e-01 +6.8677e-02 +8.1078e-01 +2.8204e-01 -8.9442e-03
292 0 +7.422852443e+00 +7.303285244e+01 +7.303285244e+01 +8.2075e-02 +8.2374e-02 +6.9938e-01 +4.4619e-01 -1.9750e-01
316 0 +7.418891538e+00 +7.302889154e+01 +7.302889154e+01 +5.1582e-01 +2.5437e-01 +6.8730e-01 +6.7131e-01 -9.1332e-02
329 0 +6.919303971e+00 +7.252930397e+01 +7.252930397e+01 +4.9690e-01 +1.9577e-01 +8.2794e-01 +5.3370e-01 +7.7247e-02
351 0 +6.797936184e+00 +7.240793618e+01 +7.240793618e+01 +8.4039e-01 +9.2761e-02 +7.0938e-01 +5.0891e-01 -1.5320e-01
386 0 +6.746041038e+00 +7.235604104e+01 +7.235604104e+01 +1.6852e-01 +4.3696e-02 +9.0030e-01 +3.3253e-01 -1.8673e-01
401 0 +5.405059286e+00 +7.101505929e+01 +7.101505929e+01 +2.9920e-01 +8.6231e-02 +8.8342e-01 +4.5704e-01 -1.5639e-01
457 0 +4.723771441e+00 +7.033377144e+01 +7.033377144e+01 +1.4348e-01 +1.7466e-02 +8.6639e-01 +3.8323e-01 -1.5266e-01
469 0 +3.473562823e+00 +6.908356282e+01 +6.908356282e+01 -6.4989e-02 -6.7066e-02 +6.7173e-01 +1.0651e-01 -6.0898e-02
591 0 +3.385238356e+00 +6.899523836e+01 +6.899523836e+01 +1.3722e-01 +5.4408e-02 +7.8288e-01 +4.3340e-01 -5.0882e-02
720 0 +3.284196696e+00 +6.889419670e+01 +6.889419670e+01 +1.1501e-01 +1.7021e-02 +8.1818e-01 +3.6999e-01 -9.0057e-02
801 0 +3.247808754e+00 +6.885780875e+01 +6.885780875e+01 +9.4190e-02 +2.6695e-02 +8.2355e-01 +4.0963e-01 -3.2291e-02
889 0 +3.147458281e+00 +6.875745828e+01 +6.875745828e+01 +7.0973e-02 +4.5579e-02 +8.2268e-01 +3.9350e-01 -5.9781e-02
894 0 +3.076884292e+00 +6.868688429e+01 +6.868688429e+01 +5.8548e-02 +3.5531e-02 +8.0904e-01 +3.7747e-01 -6.2187e-02
900 0 +3.030576232e+00 +6.864057623e+01 +6.864057623e+01 +4.0861e-02 -2.3541e-02 +8.1051e-01 +3.7905e-01 -5.9542e-02
907 0 +2.993452606e+00 +6.860345261e+01 +6.860345261e+01 +9.0819e-03 -6.0140e-03 +7.8311e-01 +3.5289e-01 -1.0364e-01
952 0 +2.865061428e+00 +6.847506143e+01 +6.847506143e+01 +1.9361e-02 -3.0332e-03 +7.8965e-01 +3.4049e-01 -7.6401e-02
1000 0 +2.775104739e+00 +6.838510474e+01 +6.838510474e+01 -1.2580e-02 -7.0039e-02 +7.9964e-01 +2.9921e-01 -8.4631e-02
1016 0 +2.772827414e+00 +6.838282741e+01 +6.838282741e+01 +9.1359e-03 -2.1997e-02 +7.8154e-01 +3.0850e-01 -7.6166e-02
1017 0 +2.720029829e+00 +6.833002983e+01 +6.833002983e+01 -4.3929e-02 -6.9544e-02 +7.9324e-01 +2.9126e-01 -9.7238e-02
1019 0 +2.675486466e+00 +6.828548647e+01 +6.828548647e+01 -4.7231e-02 -4.9124e-02 +7.8907e-01 +2.6976e-01 -7.7980e-02
1027 0 +2.648637270e+00 +6.825863727e+01 +6.825863727e+01 -1.4418e-01 -1.1330e-01 +7.6684e-01 +1.7926e-01 -1.2838e-01
1032 0 +2.157430292e+00 +6.776743029e+01 +6.776743029e+01 -1.4844e-01 -1.3154e-01 +7.3633e-01 +8.6886e-02 -1.3297e-01
1092 0 +2.096194520e+00 +6.770619452e+01 +6.770619452e+01 -1.4787e-01 -1.0517e-01 +7.2338e-01 +9.6563e-02 -1.4183e-01
1168 0 +2.035726114e+00 +6.764572611e+01 +6.764572611e+01 -1.7656e-01 -1.1997e-01 +6.9648e-01 -6.3873e-02 -1.4611e-01
1177 0 +1.982120387e+00 +6.759212039e+01 +6.759212039e+01 -2.0660e-01 -8.6014e-02 +6.8601e-01 +4.1729e-03 -1.5099e-01
1185 0 +1.946848370e+00 +6.755684837e+01 +6.755684837e+01 -2.1551e-01 -1.1990e-01 +6.5399e-01 -2.6970e-02 -1.2486e-01
1205 0 +1.656378280e+00 +6.726637828e+01 +6.726637828e+01 -2.3872e-01 -1.3845e-01 +5.9310e-01 -1.6448e-01 -1.4895e-01
% f evaluations | g evaluations | best noise-free fitness - Fopt (9.348200000000e+02) + sum g_i+ | measured fitness | best measured fitness or single-digit g-values | x1 | x2...
1 0 +6.243185515e+02 +1.559138552e+03 +1.559138552e+03 +5.9671e-01 -3.8264e-02 +7.4769e-01 +1.6230e+00 -1.3415e-01
5 0 +5.739312974e+02 +1.508751297e+03 +1.508751297e+03 +1.5656e+00 -1.2578e-01 +1.6753e-01 -1.3247e+00 -4.4438e-01
6 0 +3.934908708e+02 +1.328310871e+03 +1.328310871e+03 +2.1092e-01 -1.0510e+00 +4.7570e-01 -5.0064e-01 -1.9169e-01
9 0 +6.511098577e+01 +9.999309858e+02 +9.999309858e+02 +8.3847e-01 +2.7137e-01 -1.5648e-02 -2.0110e-01 -1.3785e+00
28 0 +3.832321708e+01 +9.731432171e+02 +9.731432171e+02 +6.8254e-01 -2.3552e-01 +4.6385e-01 -3.4459e-01 -1.1880e+00
75 0 +1.807507726e+01 +9.528950773e+02 +9.528950773e+02 +6.0751e-01 -8.1716e-02 +6.4859e-01 -1.1102e-01 -9.7645e-01
162 0 +1.394622352e+01 +9.487662235e+02 +9.487662235e+02 +5.8541e-01 -2.3631e-01 +3.1927e-02 -7.1890e-01 -6.1492e-02
210 0 +7.727090900e+00 +9.425470909e+02 +9.425470909e+02 +3.4694e-01 +2.6164e-02 +3.8887e-01 -1.9288e-01 -6.5371e-01
234 0 +7.701679972e+00 +9.425216800e+02 +9.425216800e+02 +3.4106e-01 -2.6580e-01 -1.9187e-01 -2.8491e-01 -4.4920e-02
268 0 +4.244503543e+00 +9.390645035e+02 +9.390645035e+02 +4.2164e-01 -1.8758e-01 +5.0766e-02 -5.5005e-01 -5.0071e-01
408 0 +3.049682313e+00 +9.378696823e+02 +9.378696823e+02 +4.6250e-01 -1.7902e-01 +1.4295e-01 -4.9051e-01 -4.3902e-01
461 0 +2.726657680e+00 +9.375466577e+02 +9.375466577e+02 +4.7109e-01 -1.7666e-01 +1.5317e-01 -4.1581e-01 -4.8557e-01
576 0 +2.634529288e+00 +9.374545293e+02 +9.374545293e+02 +4.7608e-01 -2.1165e-01 +1.2595e-01 -4.3338e-01 -4.5108e-01
577 0 +2.604854439e+00 +9.374248544e+02 +9.374248544e+02 +4.2257e-01 -2.1851e-01 +2.8827e-02 -4.2360e-01 -3.7815e-01
603 0 +2.227515141e+00 +9.370475151e+02 +9.370475151e+02 +4.2382e-01 -2.6675e-01 -7.6772e-02 -4.5717e-01 -1.2470e-01
684 0 +2.210981564e+00 +9.370309816e+02 +9.370309816e+02 +4.6103e-01 -2.3682e-01 +1.9175e-02 -4.8061e-01 -3.3554e-01
727 0 +1.929900481e+00 +9.367499005e+02 +9.367499005e+02 +4.7239e-01 -2.5432e-01 -3.6233e-03 -4.7760e-01 -2.1492e-01
799 0 +1.854615147e+00 +9.366746151e+02 +9.366746151e+02 +4.6763e-01 -2.5670e-01 +4.3744e-03 -4.5849e-01 -2.3278e-01
865 0 +1.851440819e+00 +9.366714408e+02 +9.366714408e+02 +4.5846e-01 -2.5679e-01 -9.8147e-03 -4.6445e-01 -2.0057e-01
868 0 +1.847818536e+00 +9.366678185e+02 +9.366678185e+02 +4.9837e-01 -2.8853e-01 -1.6050e-02 -4.3920e-01 -2.0750e-01
876 0 +1.757764996e+00 +9.365777650e+02 +9.365777650e+02 +4.7769e-01 -3.2882e-01 -8.6704e-02 -4.4055e-01 +2.6671e-03
898 0 +1.734998166e+00 +9.365549982e+02 +9.365549982e+02 +4.5427e-01 -2.7119e-01 -1.9201e-02 -4.2557e-01 -1.9284e-01
899 0 +1.708646130e+00 +9.365286461e+02 +9.365286461e+02 +4.9604e-01 -3.0443e-01 -5.1546e-02 -4.3584e-01 -1.3609e-01
920 0 +1.511706309e+00 +9.363317063e+02 +9.363317063e+02 +4.6674e-01 -2.9502e-01 -4.2308e-02 -4.1138e-01 -8.9379e-02
926 0 +1.503157644e+00 +9.363231576e+02 +9.363231576e+02 +4.5704e-01 -3.0388e-01 -6.4636e-02 -4.2651e-01 -4.1642e-02
929 0 +1.483437482e+00 +9.363034375e+02 +9.363034375e+02 +4.3624e-01 -2.9018e-01 -6.5521e-02 -3.8162e-01 -6.1206e-02
956 0 +1.470665868e+00 +9.362906659e+02 +9.362906659e+02 +4.2589e-01 -2.9152e-01 -8.3973e-02 -3.9326e-01 -1.2845e-02
967 0 +1.238681752e+00 +9.360586818e+02 +9.360586818e+02 +4.6279e-01 -3.5431e-01 -1.0687e-01 -3.6193e-01 +4.7217e-02
1055 0 +1.144198294e+00 +9.359641983e+02 +9.359641983e+02 +4.3674e-01 -3.6680e-01 -1.2390e-01 -3.4118e-01 +1.1047e-01
1111 0 +1.109014914e+00 +9.359290149e+02 +9.359290149e+02 +4.3737e-01 -3.6265e-01 -1.3914e-01 -3.2347e-01 +1.0453e-01
1125 0 +9.504548587e-01 +9.357704549e+02 +9.357704549e+02 +4.0594e-01 -3.6482e-01 -1.5035e-01 -3.1079e-01 +1.4504e-01
1148 0 +8.578312556e-01 +9.356778313e+02 +9.356778313e+02 +3.8761e-01 -3.6703e-01 -1.6121e-01 -2.8864e-01 +1.9338e-01
1231 0 +8.274268720e-01 +9.356474269e+02 +9.356474269e+02 +3.8259e-01 -3.7260e-01 -1.6106e-01 -2.5674e-01 +2.1849e-01
1236 0 +7.547979238e-01 +9.355747979e+02 +9.355747979e+02 +3.5948e-01 -3.6543e-01 -1.7394e-01 -2.6273e-01 +2.2826e-01
% f evaluations | g evaluations | best noise-free fitness - Fopt (-6.371000000000e+01) + sum g_i+ | measured fitness | best measured fitness or single-digit g-values | x1 | x2...
1 0 +4.385864490e+02 +3.748764490e+02 +3.748764490e+02 +5.9671e-01 -3.8264e-02 +7.4769e-01 +1.6230e+00 -1.3415e-01
9 0 +2.006128290e+02 +1.369028290e+02 +1.369028290e+02 +8.3847e-01 +2.7137e-01 -1.5648e-02 -2.0110e-01 -1.3785e+00
20 0 +1.486946911e+02 +8.498469109e+01 +8.498469109e+01 -1.3635e+00 +3.9612e-01 +3.6106e-01 +1.0511e-01 -1.3459e-01
27 0 +6.733341344e+00 -5.697665866e+01 -5.697665866e+01 -4.6984e-01 -3.2130e-02 +2.7918e-01 +4.6945e-01 +3.3757e-01
261 0 +4.963578010e+00 -5.874642199e+01 -5.874642199e+01 -4.8951e-01 +4.4033e-01 +1.0879e+00 +2.1725e-01 +9.6534e-02
361 0 +4.862373101e+00 -5.884762690e+01 -5.884762690e+01 -3.1527e-01 +2.7442e-01 +6.9538e-01 +6.5244e-01 +1.7395e-01
418 0 +4.249422890e+00 -5.946057711e+01 -5.946057711e+01 -3.0095e-01 +2.5943e-01 +6.3274e-01 +6.2970e-01 +1.7052e-01
437 0 +3.891108679e+00 -5.981889132e+01 -5.981889132e+01 -2.8920e-01 +1.7163e-01 +4.8588e-01 +5.8316e-01 +1.9813e-01
450 0 +3.843040787e+00 -5.986695921e+01 -5.986695921e+01 -4.2766e-01 +3.3633e-01 +6.7390e-01 +5.6092e-01 +1.4248e-01
511 0 +3.463735924e+00 -6.024626408e+01 -6.024626408e+01 -3.7054e-01 +2.6572e-01 +5.9210e-01 +6.0235e-01 +2.1596e-01
515 0 +3.136430141e+00 -6.057356986e+01 -6.057356986e+01 -3.4611e-01 +1.3484e-01 +4.5801e-01 +5.9919e-01 +2.5344e-01
558 0 +2.996650057e+00 -6.071334994e+01 -6.071334994e+01 -3.3813e-01 +4.8474e-02 +2.9992e-01 +5.6561e-01 +3.3748e-01
678 0 +2.733401456e+00 -6.097659854e+01 -6.097659854e+01 -3.3518e-01 -1.1386e-01 +3.8799e-02 +3.3622e-01 +5.1443e-01
679 0 +2.446634653e+00 -6.126336535e+01 -6.126336535e+01 -3.1725e-01 -2.5216e-01 +1.1701e-02 +3.2481e-01 +4.8553e-01
708 0 +2.038087968e+00 -6.167191203e+01 -6.167191203e+01 -2.7132e-01 -3.1970e-01 -2.1167e-01 +5.8960e-02 +3.6364e-01
804 0 +2.026517104e+00 -6.168348290e+01 -6.168348290e+01 -2.0217e-01 -3.1914e-01 -2.6382e-01 +6.8226e-02 +5.0856e-01
807 0 +1.823838736e+00 -6.188616126e+01 -6.188616126e+01 -1.4604e-01 -3.7127e-01 -2.9345e-01 +9.0292e-03 +3.9436e-01
823 0 +1.541627434e+00 -6.216837257e+01 -6.216837257e+01 -3.1169e-01 -2.2935e-01 -1.1851e-01 +2.0345e-01 +4.9432e-01
836 0 +1.444409617e+00 -6.226559038e+01 -6.226559038e+01 -2.2321e-01 -2.3742e-01 -1.6364e-01 +1.8199e-01 +4.7410e-01
866 0 +1.358072334e+00 -6.235192767e+01 -6.235192767e+01 -2.2034e-01 -3.0478e-01 -3.0746e-01 +1.9926e-02 +4.3049e-01
875 0 +1.142487215e+00 -6.256751278e+01 -6.256751278e+01 -1.9592e-01 -2.8338e-01 -1.8010e-01 +1.4214e-01 +4.4152e-01
892 0 +1.127779749e+00 -6.258222025e+01 -6.258222025e+01 -2.3495e-01 -2.3882e-01 -1.0025e-01 +2.1136e-01 +4.5702e-01
916 0 +9.408174688e-01 -6.276918253e+01 -6.276918253e+01 -2.3454e-01 -3.2984e-01 -2.2800e-01 +8.9641e-02 +4.5921e-01
952 0 +7.214093628e-01 -6.298859064e+01 -6.298859064e+01 -2.2456e-01 -3.0252e-01 -2.4840e-01 +4.5753e-02 +4.1876e-01
1058 0 +5.294131548e-01 -6.318058685e+01 -6.318058685e+01 -1.9523e-01 -3.3132e-01 -3.0810e-01 -4.3034e-03 +3.9166e-01
1191 0 +5.061479102e-01 -6.320385209e+01 -6.320385209e+01 -2.0155e-01 -3.3661e-01 -3.0729e-01 +7.5983e-04 +3.8874e-01
1219 0 +4.801346304e-01 -6.322986537e+01 -6.322986537e+01 -1.9025e-01 -3.4903e-01 -3.3193e-01 -3.0921e-02 +3.6791e-01
1222 0 +4.699540235e-01 -6.324004598e+01 -6.324004598e+01 -1.8176e-01 -3.3988e-01 -3.1987e-01 -1.5661e-02 +3.7816e-01
1240 0 +4.661960487e-01 -6.324380395e+01 -6.324380395e+01 -1.6820e-01 -3.6756e-01 -3.7886e-01 -7.2546e-02 +3.4797e-01
% f evaluations | g evaluations | best noise-free fitness - Fopt (1.000000000000e+03) + sum g_i+ | measured fitness | best measured fitness or single-digit g-values | x1 | x2...
1 0 +1.461700249e+02 +1.146170025e+03 +1.146170025e+03 +5.9671e-01 -3.8264e-02 +7.4769e-01 +1.6230e+00 -1.3415e-01
6 0 +1.205170181e+02 +1.120517018e+03 +1.120517018e+03 +2.1092e-01 -1.0510e+00 +4.7570e-01 -5.0064e-01 -1.9169e-01
19 0 +1.105442516e+02 +1.110544252e+03 +1.110544252e+03 +1.9708e-01 +1.0686e+00 -6.0205e-01 -2.2766e-01 -2.9211e-01
28 0 +1.076341113e+02 +1.107634111e+03 +1.107634111e+03 +2.1990e-01 +2.8277e-01 -5.0124e-01 +1.2162e-01 -2.1625e-01
40 0 +7.379239399e+01 +1.073792394e+03 +1.073792394e+03 -2.8072e-01 -2.0111e-01 +1.6110e-01 -4.4778e-01 +1.4618e-01
42 0 +6.505903125e+01 +1.065059031e+03 +1.065059031e+03 +8.1638e-01 +2.0005e-01 +4.3629e-01 +4.5258e-01 +2.4711e-01
43 0 +5.578126762e+01 +1.055781268e+03 +1.055781268e+03 +5.6933e-01 -1.1775e+00 +7.1243e-01 +2.9608e-01 +1.9613e-01
58 0 +5.339482469e+01 +1.053394825e+03 +1.053394825e+03 +1.0980e+00 -3.4137e-01 +5.8269e-01 +6.3070e-01 +2.9901e-01
75 0 +4.747536465e+01 +1.047475365e+03 +1.047475365e+03 +4.3907e-03 -3.5327e-01 +3.4308e-01 -3.0279e-01 +3.7679e-02
81 0 +2.126583303e+01 +1.021265833e+03 +1.021265833e+03 +1.9682e-01 -5.2767e-01 +3.6228e-01 +3.5904e-01 -1.8965e-02
136 0 +1.382143088e+01 +1.013821431e+03 +1.013821431e+03 +2.6008e-01 -6.4179e-01 +5.2078e-01 +3.0007e-01 +4.7149e-01
189 0 +1.100006691e+01 +1.011000067e+03 +1.011000067e+03 -1.4766e-01 -3.9366e-01 +3.9972e-01 +2.4426e-01 +3.5954e-01
195 0 +7.332365017e+00 +1.007332365e+03 +1.007332365e+03 +2.2025e-02 -6.2410e-01 +7.0428e-01 +4.0876e-01 +3.6010e-01
216 0 +5.862674903e+00 +1.005862675e+03 +1.005862675e+03 +2.1286e-01 -7.7853e-01 +5.4977e-01 +4.8232e-01 +2.5420e-01
294 0 +4.412461941e+00 +1.004412462e+03 +1.004412462e+03 -1.4107e-01 -7.1372e-01 +5.9849e-01 +2.9443e-01 +1.2590e-01
403 0 +4.049624383e+00 +1.004049624e+03 +1.004049624e+03 +3.0764e-02 -7.0988e-01 +5.9252e-01 +3.5609e-01 +2.3226e-01
596 0 +3.595002343e+00 +1.003595002e+03 +1.003595002e+03 -1.3357e-01 -6.4697e-01 +5.5065e-01 +3.3282e-01 +2.0677e-01
689 0 +3.580986589e+00 +1.003580987e+03 +1.003580987e+03 -9.1139e-02 -6.6288e-01 +5.8422e-01 +3.2693e-01 +1.7491e-01
711 0 +3.294166184e+00 +1.003294166e+03 +1.003294166e+03 -2.2063e-01 -6.1356e-01 +5.7580e-01 +3.1019e-01 +1.5231e-01
757 0 +3.205816556e+00 +1.003205817e+03 +1.003205817e+03 -2.7122e-01 -5.9207e-01 +5.9640e-01 +3.0937e-01 +1.7699e-01
770 0 +3.143792848e+00 +1.003143793e+03 +1.003143793e+03 -3.0420e-01 -5.0036e-01 +5.7370e-01 +2.8657e-01 +1.2724e-01
794 0 +2.732014687e+00 +1.002732015e+03 +1.002732015e+03 -3.7574e-01 -4.4414e-01 +5.4943e-01 +2.5364e-01 +1.5563e-01
1040 0 +2.614227528e+00 +1.002614228e+03 +1.002614228e+03 -4.2137e-01 -4.1273e-01 +5.1096e-01 +2.2784e-01 +1.9282e-01
1053 0 +2.550681943e+00 +1.002550682e+03 +1.002550682e+03 -4.9187e-01 -3.3394e-01 +4.7636e-01 +2.1674e-01 +2.0835e-01
1080 0 +2.337217110e+00 +1.002337217e+03 +1.002337217e+03 -4.8185e-01 -2.9139e-01 +4.8965e-01 +2.2584e-01 +2.1004e-01
1083 0 +2.240584612e+00 +1.002240585e+03 +1.002240585e+03 -4.7058e-01 -3.1152e-01 +4.7558e-01 +2.2638e-01 +2.2817e-01
1101 0 +2.118374531e+00 +1.002118375e+03 +1.002118375e+03 -5.1166e-01 -2.1893e-01 +3.9566e-01 +2.0567e-01 +2.8118e-01
1191 0 +1.925395304e+00 +1.001925395e+03 +1.001925395e+03 -4.9733e-01 -2.3308e-01 +4.1425e-01 +2.1533e-01 +2.3339e-01
% f evaluations | g evaluations | best noise-free fitness - Fopt (3.197000000000e+01) + sum g_i+ | measured fitness | best measured fitness or single-digit g-values | x1 | x2...
1 0 +1.417057057e+03 +1.449027057e+03 +1.449027057e+03 +5.9671e-01 -3.8264e-02 +7.4769e-01 +1.6230e+00 -1.3415e-01
3 0 +1.129863685e+03 +1.161833685e+03 +1.161833685e+03 -3.6342e-01 -3.6573e-01 +3.4196e-01 -1.8133e+00 -1.6249e+00
4 0 +1.503791013e+02 +1.823491013e+02 +1.823491013e+02 -4.6229e-01 -9.1283e-01 +4.1425e-01 -8.0802e-01 -1.3123e+00
6 0 +2.657439508e+01 +5.854439508e+01 +5.854439508e+01 +2.1092e-01 -1.0510e+00 +4.7570e-01 -5.0064e-01 -1.9169e-01
86 0 +2.260082667e+01 +5.457082667e+01 +5.457082667e+01 +1.8047e-01 -1.0828e+00 +3.9149e-01 -6.1903e-01 -5.8394e-01
119 0 +2.132439032e+01 +5.329439032e+01 +5.329439032e+01 +2.7186e-01 -8.9467e-01 -7.2281e-02 -8.6178e-01 -4.8974e-01
121 0 +1.140549390e+01 +4.337549390e+01 +4.337549390e+01 -5.3011e-02 -1.0685e+00 +2.3175e-01 -5.0250e-01 -5.8302e-01
239 0 +7.077345435e+00 +3.904734544e+01 +3.904734544e+01 +1.8296e-03 -7.7144e-01 +3.2166e-01 -2.3236e-01 -5.2445e-01
361 0 +6.261895584e+00 +3.823189558e+01 +3.823189558e+01 -2.7626e-02 -6.4384e-01 +3.7790e-01 -3.7474e-01 -4.3129e-01
367 0 +6.234634183e+00 +3.820463418e+01 +3.820463418e+01 +9.8796e-02 -1.0158e+00 -1.5462e-02 -5.4185e-01 -4.6829e-01
435 0 +5.681210573e+00 +3.765121057e+01 +3.765121057e+01 +8.9932e-02 -9.6508e-01 -1.6686e-01 -4.2561e-01 -5.3235e-01
489 0 +4.215758789e+00 +3.618575879e+01 +3.618575879e+01 -2.2373e-02 -7.4800e-01 +3.2813e-01 -4.1041e-01 -3.4037e-01
521 0 +3.644316997e+00 +3.561431700e+01 +3.561431700e+01 +8.1191e-03 -7.7677e-01 +3.6132e-01 -3.3811e-01 -3.9046e-01
825 0 +3.348918447e+00 +3.531891845e+01 +3.531891845e+01 -4.9408e-02 -7.6190e-01 +3.6539e-01 -3.3465e-01 -3.2692e-01
835 0 +3.294934877e+00 +3.526493488e+01 +3.526493488e+01 -1.5121e-01 -7.0172e-01 +4.6272e-01 -2.5305e-01 -2.4025e-01
842 0 +3.019926525e+00 +3.498992652e+01 +3.498992652e+01 -1.3766e-01 -7.1666e-01 +4.0288e-01 -2.7731e-01 -2.3311e-01
863 0 +2.765626923e+00 +3.473562692e+01 +3.473562692e+01 -1.9060e-01 -6.7717e-01 +4.2518e-01 -2.2848e-01 -1.9204e-01
889 0 +2.626214284e+00 +3.459621428e+01 +3.459621428e+01 -2.3223e-01 -5.9906e-01 +4.2181e-01 -2.0462e-01 -1.2267e-01
894 0 +2.422945046e+00 +3.439294505e+01 +3.439294505e+01 -2.7796e-01 -6.0485e-01 +4.4016e-01 -1.7044e-01 -8.9821e-02
% f evaluations | g evaluations | best noise-free fitness - Fopt (5.819000000000e+01) + sum g_i+ | measured fitness | best measured fitness or single-digit g-values | x1 | x2...
1 0 +4.001356762e+02 +4.583256762e+02 +4.583256762e+02 +5.9671e-01 -3.8264e-02 +7.4769e-01 +1.6230e+00 -1.3415e-01
5 0 +2.388933811e+02 +2.970833811e+02 +2.970833811e+02 +1.5656e+00 -1.2578e-01 +1.6753e-01 -1.3247e+00 -4.4438e-01
9 0 +2.005323123e+02 +2.587223123e+02 +2.587223123e+02 +8.3847e-01 +2.7137e-01 -1.5648e-02 -2.0110e-01 -1.3785e+00
17 0 +6.498122217e+01 +1.231712222e+02 +1.231712222e+02 -1.1967e-01 +4.5711e-01 +1.5779e+00 -4.1827e-01 -7.0849e-01
90 0 +2.721234874e+01 +8.540234874e+01 +8.540234874e+01 +4.3725e-01 +7.0272e-01 +1.2487e+00 -5.4533e-01 -2.4294e-01
103 0 +2.400460546e+01 +8.219460546e+01 +8.219460546e+01 +4.2091e-01 +1.2306e-01 +2.4361e-01 -2.0297e-01 +2.4261e-02
122 0 +1.177337433e+01 +6.996337433e+01 +6.996337433e+01 -6.5940e-02 +5.2860e-01 +1.0489e+00 -1.0000e+00 -3.7655e-01
280 0 +1.129927746e+01 +6.948927746e+01 +6.948927746e+01 +2.7712e-01 +5.5511e-01 +9.8274e-01 -4.4483e-01 -2.6106e-01
286 0 +9.816913112e+00 +6.800691311e+01 +6.800691311e+01 +4.6543e-01 +3.3138e-01 +1.1325e+00 -6.1740e-01 -2.7178e-01
314 0 +8.802682290e+00 +6.699268229e+01 +6.699268229e+01 +4.2760e-01 +1.2955e-01 +7.4706e-01 -3.5867e-01 -2.3572e-01
336 0 +6.923312445e+00 +6.511331244e+01 +6.511331244e+01 +4.9244e-01 +4.0788e-01 +1.0745e+00 -4.0694e-01 -3.2959e-01
373 0 +4.350846665e+00 +6.254084666e+01 +6.254084666e+01 +6.9257e-01 +8.9460e-02 +8.2083e-01 -2.5977e-01 -2.4607e-01
694 0 +4.346734345e+00 +6.253673434e+01 +6.253673434e+01 +6.5024e-01 +1.5341e-01 +8.7217e-01 -3.6360e-01 -2.7572e-01
724 0 +4.146390157e+00 +6.233639016e+01 +6.233639016e+01 +6.8496e-01 +8.9529e-02 +7.6338e-01 -2.5142e-01 -2.3301e-01
737 0 +4.013582885e+00 +6.220358289e+01 +6.220358289e+01 +6.8125e-01 +5.2848e-02 +7.4938e-01 -2.8370e-01 -2.5279e-01
809 0 +4.013121718e+00 +6.220312172e+01 +6.220312172e+01 +6.8803e-01 +7.1082e-02 +7.3389e-01 -3.0548e-01 -2.7191e-01
839 0 +4.000192795e+00 +6.219019280e+01 +6.219019280e+01 +7.2571e-01 +2.5474e-02 +7.1900e-01 -2.6411e-01 -2.8136e-01
840 0 +3.982883001e+00 +6.217288300e+01 +6.217288300e+01 +7.0895e-01 +4.7499e-02 +7.1103e-01 -2.9294e-01 -2.8442e-01
857 0 +3.951998923e+00 +6.214199892e+01 +6.214199892e+01 +7.1724e-01 +5.3401e-02 +7.2278e-01 -2.6359e-01 -2.5290e-01
898 0 +3.948733281e+00 +6.213873328e+01 +6.213873328e+01 +6.9435e-01 +9.5198e-02 +7.0315e-01 -2.4558e-01 -2.8377e-01
912 0 +3.920387665e+00 +6.211038766e+01 +6.211038766e+01 +7.4285e-01 +4.1971e-02 +5.9081e-01 -2.0971e-01 -2.7161e-01
915 0 +3.783800725e+00 +6.197380073e+01 +6.197380073e+01 +7.3352e-01 +2.3878e-02 +6.5391e-01 -2.0069e-01 -2.8709e-01
929 0 +3.732878180e+00 +6.192287818e+01 +6.192287818e+01 +6.9751e-01 +4.0216e-02 +6.0022e-01 -2.3410e-01 -2.8931e-01
930 0 +3.669179029e+00 +6.185917903e+01 +6.185917903e+01 +7.2297e-01 +2.9290e-02 +6.4569e-01 -2.3628e-01 -3.1081e-01
938 0 +3.618171977e+00 +6.180817198e+01 +6.180817198e+01 +7.0059e-01 +3.8514e-02 +6.0168e-01 -2.2693e-01 -3.1092e-01
951 0 +3.400547969e+00 +6.159054797e+01 +6.159054797e+01 +7.1501e-01 -1.7714e-02 +5.1098e-01 -1.9524e-01 -3.5933e-01
1052 0 +3.384510842e+00 +6.157451084e+01 +6.157451084e+01 +7.3011e-01 -6.1454e-03 +4.9365e-01 -1.5866e-01 -3.4386e-01
1116 0 +3.168252015e+00 +6.135825202e+01 +6.135825202e+01 +6.5658e-01 -2.2818e-02 +3.8439e-01 -1.4419e-01 -3.7548e-01
1201 0 +2.977949310e+00 +6.116794931e+01 +6.116794931e+01 +6.7921e-01 -3.2855e-02 +3.6706e-01 -1.0092e-01 -4.2328e-01
1246 0 +2.904648840e+00 +6.109464884e+01 +6.109464884e+01 +5.9917e-01 -2.8411e-02 +2.7869e-01 -9.0525e-02 -4.4442e-01
