% f evaluations | g evaluations | best noise-free fitness - Fopt (-5.494000000000e+01) + sum g_i+ | measured fitness | best measured fitness or single-digit g-values | x1 | x2...
1 0 +9.852913834e+06 +9.852858894e+06 +9.852858894e+06 +5.9671e-01 -3.8264e-02 +7.4769e-01 +1.6230e+00 -1.3415e-01
2 0 +2.715223623e+06 +2.715168683e+06 +2.715168683e+06 -1.3414e-01 +1.6792e+00 +8.6743e-01 -3.6947e-01 +6.4256e-01
7 0 +9.085897748e+05 +9.085348348e+05 +9.085348348e+05 -5.0171e-01 +1.9523e+00 +8.6503e-02 -9.5771e-01 +9.2254e-01
8 0 +5.441882390e+05 +5.441332990e+05 +5.441332990e+05 -1.1208e+00 +3.0886e-01 -1.8597e+00 -1.2282e+00 +2.9686e-01
27 0 +3.288326464e+05 +3.287777064e+05 +3.287777064e+05 -2.9991e+00 +1.4318e+00 +3.7181e-01 +8.7586e-01 +2.5451e-01
34 0 +1.792481817e+05 +1.791932417e+05 +1.791932417e+05 -2.5319e+00 +4.6175e-01 -2.0024e-01 +1.3819e+00 +2.4808e-01
65 0 +6.687373946e+04 +6.681879946e+04 +6.681879946e+04 -1.9409e+00 +1.6967e+00 +1.2025e+00 +3.1210e+00 +1.8999e+00
90 0 +2.016170716e+04 +2.010676716e+04 +2.010676716e+04 -5.8357e-01 +1.3951e+00 -2.2997e+00 +1.6871e+00 +1.3149e+00
160 0 +3.496258833e+03 +3.441318833e+03 +3.441318833e+03 -1.1438e+00 -8.3834e-01 -1.8170e+00 +2.5526e+00 +2.7292e+00
234 0 +2.110949527e+03 +2.056009527e+03 +2.056009527e+03 -1.7004e+00 -1.2036e+00 -1.9774e+00 +3.5392e+00 +2.0371e+00
259 0 +9.589561308e+02 +9.040161308e+02 +9.040161308e+02 -2.4010e+00 -2.3390e-01 +3.7704e-01 +3.5590e+00 +2.4065e+00
272 0 +8.318825344e+02 +7.769425344e+02 +7.769425344e+02 -1.1831e+00 -9.4051e-01 -1.3357e+00 +2.9752e+00 +3.3409e+00
405 0 +1.019188364e+02 +4.697883642e+01 +4.697883642e+01 -2.5269e+00 -1.5553e+00 -1.0433e+00 +3.9644e+00 +1.8910e+00
484 0 +9.805821408e+01 +4.311821408e+01 +4.311821408e+01 -2.0081e+00 -1.6374e+00 -1.5661e+00 +3.5341e+00 +2.2639e+00
485 0 +9.063531433e+01 +3.569531433e+01 +3.569531433e+01 -2.4554e+00 -1.0829e+00 -3.3377e-01 +3.8341e+00 +2.3093e+00
506 0 +5.393182728e+01 -1.008172716e+00 -1.008172716e+00 -2.1657e+00 -1.7569e+00 -1.6246e+00 +3.7644e+00 +2.0610e+00
532 0 +4.257058657e+01 -1.236941343e+01 -1.236941343e+01 -2.1613e+00 -1.4705e+00 -1.0618e+00 +3.6735e+00 +2.4109e+00
551 0 +2.309260636e+01 -3.184739364e+01 -3.184739364e+01 -2.4458e+00 -1.3646e+00 -7.1577e-01 +3.8509e+00 +2.1665e+00
600 0 +2.177964301e+01 -3.316035699e+01 -3.316035699e+01 -2.4058e+00 -1.4452e+00 -9.0516e-01 +3.8549e+00 +2.1286e+00
602 0 +3.588912287e+00 -5.135108771e+01 -5.135108771e+01 -2.3630e+00 -1.5555e+00 -1.1642e+00 +3.8400e+00 +2.0178e+00
606 0 +2.912890873e+00 -5.202710913e+01 -5.202710913e+01 -2.3540e+00 -1.5713e+00 -1.1502e+00 +3.8300e+00 +2.0605e+00
725 0 +2.065508573e+00 -5.287449143e+01 -5.287449143e+01 -2.1750e+00 -1.5273e+00 -1.1897e+00 +3.6897e+00 +2.2867e+00
800 0 +2.018327246e+00 -5.292167275e+01 -5.292167275e+01 -2.2523e+00 -1.5549e+00 -1.2156e+00 +3.7452e+00 +2.1546e+00
805 0 +1.449374556e+00 -5.349062544e+01 -5.349062544e+01 -2.2265e+00 -1.5645e+00 -1.2799e+00 +3.7322e+00 +2.1404e+00
843 0 +9.354727536e-01 -5.400452725e+01 -5.400452725e+01 -2.2195e+00 -1.5234e+00 -1.1710e+00 +3.7216e+00 +2.2297e+00
888 0 +7.390996929e-01 -5.420090031e+01 -5.420090031e+01 -2.1839e+00 -1.5541e+00 -1.2542e+00 +3.6995e+00 +2.2300e+00
1001 0 +6.604901494e-01 -5.427950985e+01 -5.427950985e+01 -2.1322e+00 -1.5521e+00 -1.2700e+00 +3.6577e+00 +2.3005e+00
1082 0 +2.225150682e-01 -5.471748493e+01 -5.471748493e+01 -1.9188e+00 -1.5409e+00 -1.3529e+00 +3.4963e+00 +2.5681e+00
1162 0 +1.391735101e-01 -5.480082649e+01 -5.480082649e+01 -1.8672e+00 -1.5114e+00 -1.3261e+00 +3.4507e+00 +2.6582e+00
1186 0 +1.270958272e-01 -5.481290417e+01 -5.481290417e+01 -1.7914e+00 -1.5282e+00 -1.3862e+00 +3.3953e+00 +2.7401e+00
1210 0 +8.902152283e-02 -5.485097848e+01 -5.485097848e+01 -1.8293e+00 -1.5177e+00 -1.3360e+00 +3.4233e+00 +2.7175e+00
1215 0 +5.271608370e-02 -5.488728392e+01 -5.488728392e+01 -1.8059e+00 -1.5246e+00 -1.3648e+00 +3.4062e+00 +2.7337e+00
1238 0 +4.636433971e-02 -5.489363566e+01 -5.489363566e+01 -1.8113e+00 -1.5160e+00 -1.3532e+00 +3.4079e+00 +2.7293e+00
% f evaluations | g evaluations | best noise-free fitness - Fopt (5.913000000000e+01) + sum g_i+ | measured fitness | best measured fitness or single-digit g-values | x1 | x2...
1 0 +2.845916884e+06 +2.845976014e+06 +2.845976014e+06 +5.9671e-01 -3.8264e-02 +7.4769e-01 +1.6230e+00 -1.3415e-01
9 0 +2.232989408e+06 +2.233048538e+06 +2.233048538e+06 +8.3847e-01 +2.7137e-01 -1.5648e-02 -2.0110e-01 -1.3785e+00
15 0 +7.068315860e+05 +7.068907160e+05 +7.068907160e+05 +4.6140e-01 +1.6380e+00 +6.4174e-02 +1.6646e+00 -2.5197e+00
32 0 +2.833743482e+05 +2.834334782e+05 +2.834334782e+05 +2.0539e-01 -2.0652e-01 -2.9676e-01 +1.3651e+00 -3.2642e+00
68 0 +1.909578379e+05 +1.910169679e+05 +1.910169679e+05 +7.6831e-01 +1.8671e+00 -2.6002e+00 +2.8229e+00 -1.6903e+00
92 0 +1.633090275e+05 +1.633681575e+05 +1.633681575e+05 -1.6363e+00 +3.0360e+00 -9.7412e-01 +1.7925e+00 -1.6934e+00
101 0 +7.720251454e+04 +7.726164454e+04 +7.726164454e+04 +2.3562e+00 +1.8904e+00 -3.1496e+00 +4.0312e-01 -1.7873e+00
111 0 +3.221631892e+04 +3.227544892e+04 +3.227544892e+04 +4.5008e-01 +2.1944e+00 -3.2182e+00 +1.6094e+00 -2.3113e+00
154 0 +2.878849724e+04 +2.884762724e+04 +2.884762724e+04 +2.2295e-01 +2.2587e-01 -3.0823e+00 +1.0515e+00 -4.2221e+00
160 0 +2.683906982e+04 +2.689819982e+04 +2.689819982e+04 -1.5397e+00 +2.7872e+00 -3.8200e+00 +9.9858e-01 -2.9804e+00
173 0 +1.102685989e+04 +1.108598989e+04 +1.108598989e+04 +2.2396e+00 +3.4310e+00 -4.0277e+00 +6.4237e-01 -9.4362e-01
192 0 +1.002074609e+04 +1.007987609e+04 +1.007987609e+04 -6.9136e-01 +2.2769e+00 -4.1403e+00 +2.6019e+00 -2.3077e+00
217 0 +5.492569095e+03 +5.551699095e+03 +5.551699095e+03 -4.4579e-01 +1.3643e+00 -2.4734e+00 +4.5920e-01 -3.7073e+00
236 0 +1.061175155e+03 +1.120305155e+03 +1.120305155e+03 -7.9539e-01 +3.2396e+00 -2.6247e+00 +4.7151e-01 -2.1697e+00
380 0 +6.321599084e+02 +6.912899084e+02 +6.912899084e+02 -2.3867e+00 +3.0478e+00 -1.2669e+00 -1.9202e-01 -2.9597e+00
383 0 +6.124267618e+02 +6.715567618e+02 +6.715567618e+02 -1.4407e+00 +2.3935e+00 -2.5498e+00 +8.0862e-01 -3.0482e+00
461 0 +5.254977436e+02 +5.846277436e+02 +5.846277436e+02 -1.5249e+00 +3.9062e+00 -2.1855e+00 +2.6367e-01 -1.8066e+00
476 0 +3.161164126e+02 +3.752464126e+02 +3.752464126e+02 -1.3527e+00 +3.0408e+00 -1.4918e+00 -3.8052e-01 -2.6396e+00
554 0 +8.376316041e+01 +1.428931604e+02 +1.428931604e+02 -2.0709e+00 +2.7159e+00 -1.9554e+00 +4.3420e-01 -3.0465e+00
606 0 +5.435292589e+01 +1.134829259e+02 +1.134829259e+02 -2.1645e+00 +2.0143e+00 -1.6691e+00 +1.9692e-01 -3.7793e+00
667 0 +4.989987028e+01 +1.090298703e+02 +1.090298703e+02 -1.8880e+00 +2.6733e+00 -1.5678e+00 -6.0227e-02 -3.1208e+00
738 0 +2.398967127e+01 +8.311967127e+01 +8.311967127e+01 -2.1108e+00 +2.5592e+00 -1.8736e+00 +3.5353e-01 -3.2235e+00
762 0 +6.131119634e+00 +6.526111963e+01 +6.526111963e+01 -2.2251e+00 +2.1109e+00 -1.4804e+00 +2.8079e-02 -3.7455e+00
823 0 +3.875243006e+00 +6.300524301e+01 +6.300524301e+01 -2.2888e+00 +1.9680e+00 -1.4796e+00 +6.0578e-02 -3.8991e+00
858 0 +1.668053703e+00 +6.079805370e+01 +6.079805370e+01 -2.2373e+00 +2.0831e+00 -1.5147e+00 +6.9501e-02 -3.7700e+00
897 0 +2.423906528e-01 +5.937239065e+01 +5.937239065e+01 -2.0570e+00 +2.2280e+00 -1.4101e+00 -1.5400e-01 -3.6298e+00
1188 0 +2.282057967e-01 +5.935820580e+01 +5.935820580e+01 -2.2098e+00 +2.1782e+00 -1.5806e+00 +1.1520e-01 -3.6643e+00
1191 0 +2.227700669e-01 +5.935277007e+01 +5.935277007e+01 -2.1884e+00 +2.1790e+00 -1.5406e+00 +5.8755e-02 -3.6702e+00
1231 0 +1.876806489e-01 +5.931768065e+01 +5.931768065e+01 -2.1040e+00 +2.2112e+00 -1.4682e+00 -6.6906e-02 -3.6417e+00
1239 0 +1.581202512e-01 +5.928812025e+01 +5.928812025e+01 -2.1760e+00 +2.1549e+00 -1.5314e+00 +4.4096e-02 -3.6922e+00
% f evaluations | g evaluations | best noise-free fitness - Fopt (-4.915300000000e+02) + sum g_i+ | measured fitness | best measured fitness or single-digit g-values | x1 | x2...
1 0 +1.453349878e+05 +1.448434578e+05 +1.448434578e+05 +5.9671e-01 -3.8264e-02 +7.4769e-01 +1.6230e+00 -1.3415e-01
4 0 +1.008963199e+05 +1.004047899e+05 +1.004047899e+05 -4.6229e-01 -9.1283e-01 +4.1425e-01 -8.0802e-01 -1.3123e+00
11 0 +6.754048487e+03 +6.262518487e+03 +6.262518487e+03 +4.2408e-01 -2.8508e-01 -5.7692e-01 +7.1168e-01 +1.1310e+00
79 0 +3.510519570e+03 +3.018989570e+03 +3.018989570e+03 +3.6354e-01 +1.0180e+00 +6.8549e-02 -1.6603e-01 +7.7475e-02
166 0 +2.638662155e+03 +2.147132155e+03 +2.147132155e+03 +1.7526e-01 +6.4356e-01 -1.0401e+00 -6.2158e-01 -2.6285e-01
285 0 +2.427673856e+03 +1.936143856e+03 +1.936143856e+03 +5.2308e-01 +1.4786e+00 -6.1871e-01 +7.1378e-02 -2.4298e-01
306 0 +1.697184756e+03 +1.205654756e+03 +1.205654756e+03 +1.8099e-01 +1.6865e-01 -1.2571e+00 -3.7518e-01 -7.2663e-02
310 0 +6.234627482e+02 +1.319327482e+02 +1.319327482e+02 +4.7883e-01 +2.1755e+00 -5.1908e-01 -9.4257e-02 -9.3695e-01
327 0 +5.414562919e+02 +4.992629187e+01 +4.992629187e+01 +2.7465e-01 +1.4609e+00 -9.8316e-01 -3.7895e-01 -1.0084e+00
351 0 +1.744982437e+02 -3.170317563e+02 -3.170317563e+02 -6.0765e-03 +3.0945e-01 -2.6758e+00 -7.0163e-01 -1.2284e+00
483 0 +1.312366360e+02 -3.602933640e+02 -3.602933640e+02 +2.6621e-01 +8.9738e-01 -1.7055e+00 -1.3212e-01 -7.7220e-01
602 0 +1.063830055e+02 -3.851469945e+02 -3.851469945e+02 +3.5417e-01 +8.2611e-01 -1.6812e+00 +1.3877e-01 -5.7052e-01
635 0 +8.981083270e+01 -4.017191673e+02 -4.017191673e+02 +3.4799e-01 +4.3878e-01 -2.3856e+00 +2.4979e-01 -4.9780e-01
693 0 +8.376802304e+01 -4.077619770e+02 -4.077619770e+02 +3.1378e-01 +9.6247e-03 -2.6965e+00 +2.9433e-01 -2.9860e-01
706 0 +7.179566230e+00 -4.843504338e+02 -4.843504338e+02 +3.3295e-01 -6.5506e-03 -2.3896e+00 +3.4495e-01 -1.3955e-01
886 0 +5.822772272e+00 -4.857072277e+02 -4.857072277e+02 +6.2582e-02 -9.0244e-01 -3.2441e+00 -1.1177e-01 -2.3538e-01
964 0 +2.488360765e+00 -4.890416392e+02 -4.890416392e+02 +2.0551e-01 -5.2105e-01 -2.9236e+00 +1.5518e-01 -1.5324e-01
1020 0 +2.189388703e+00 -4.893406113e+02 -4.893406113e+02 +2.9048e-01 -1.2146e-01 -2.5784e+00 +2.6576e-01 -1.9838e-01
1026 0 +2.093633413e+00 -4.894363666e+02 -4.894363666e+02 +3.7103e-01 -6.0090e-02 -2.5000e+00 +4.7557e-01 -5.9147e-02
1027 0 +1.941836915e+00 -4.895881631e+02 -4.895881631e+02 +5.4708e-02 -7.9529e-01 -3.1586e+00 -1.8750e-01 -3.0214e-01
1035 0 +1.312162388e+00 -4.902178376e+02 -4.902178376e+02 +1.5440e-01 -5.8660e-01 -2.9424e+00 +2.9388e-02 -2.0928e-01
1046 0 +5.347090779e-01 -4.909952909e+02 -4.909952909e+02 +1.7582e-01 -5.3896e-01 -2.8919e+00 +7.1557e-02 -1.8212e-01
1117 0 +4.496349606e-01 -4.910803650e+02 -4.910803650e+02 +1.6827e-01 -6.3839e-01 -2.9843e+00 +8.9291e-02 -1.4947e-01
% f evaluations | g evaluations | best noise-free fitness - Fopt (-1.702000000000e+02) + sum g_i+ | measured fitness | best measured fitness or single-digit g-values | x1 | x2...
1 0 +1.057601993e+07 +1.057584973e+07 +1.057584973e+07 +5.9671e-01 -3.8264e-02 +7.4769e-01 +1.6230e+00 -1.3415e-01
11 0 +7.334823365e+06 +7.334653165e+06 +7.334653165e+06 +4.2408e-01 -2.8508e-01 -5.7692e-01 +7.1168e-01 +1.1310e+00
23 0 +6.822071283e+06 +6.821901083e+06 +6.821901083e+06 -1.8188e+00 +7.3486e-02 +1.6023e-01 +2.5632e+00 -9.2361e-02
24 0 +5.050130776e+06 +5.049960576e+06 +5.049960576e+06 +4.0155e-01 +6.5288e-02 -1.0687e+00 +1.2428e+00 +8.5193e-01
31 0 +3.089269513e+06 +3.089099313e+06 +3.089099313e+06 +1.6840e+00 +1.1687e+00 +2.0749e-01 +3.2479e+00 -1.5556e-01
33 0 +3.010974178e+06 +3.010803978e+06 +3.010803978e+06 -1.8352e+00 -8.3527e-01 -2.3937e+00 +1.0017e+00 +2.2237e+00
48 0 +3.439946966e+05 +3.438244966e+05 +3.438244966e+05 -1.4565e-01 +1.0924e+00 -1.5717e+00 +3.4043e+00 +8.7729e-01
51 0 +1.964430750e+04 +1.947410750e+04 +1.947410750e+04 -9.9358e-01 +5.4735e-01 -3.6085e-01 +4.8398e+00 +1.6800e+00
76 0 +9.211765978e+03 +9.041565978e+03 +9.041565978e+03 -2.4996e+00 -1.2671e+00 -1.0217e+00 +3.6232e+00 +3.6975e+00
238 0 +5.605699417e+03 +5.435499417e+03 +5.435499417e+03 -3.9422e+00 -3.7948e-01 -1.5407e+00 +3.8460e+00 +2.9138e+00
308 0 +4.830079977e+03 +4.659879977e+03 +4.659879977e+03 -3.0575e+00 -8.1187e-01 -9.6388e-01 +3.8846e+00 +3.1674e+00
326 0 +2.872857393e+03 +2.702657393e+03 +2.702657393e+03 -3.4332e+00 -7.5962e-01 -1.3394e+00 +3.8736e+00 +2.9143e+00
343 0 +1.381861132e+03 +1.211661132e+03 +1.211661132e+03 -3.1629e+00 -3.9606e-01 -1.8449e+00 +4.8141e+00 +6.8292e-01
366 0 +7.559800774e+02 +5.857800774e+02 +5.857800774e+02 -3.9882e+00 -1.1229e+00 -2.0608e+00 +4.1643e+00 +1.9266e+00
367 0 +1.987246239e+02 +2.852462392e+01 +2.852462392e+01 -3.9313e+00 -4.7323e-01 -2.0062e+00 +3.7780e+00 +2.4745e+00
554 0 +1.801692336e+02 +9.969233641e+00 +9.969233641e+00 -1.7325e+00 -9.6675e-01 -3.6459e-01 +4.7856e+00 +1.9804e+00
573 0 +1.687089434e+02 -1.491056606e+00 -1.491056606e+00 -3.2636e+00 -1.0414e+00 -1.2788e+00 +3.5025e+00 +3.6759e+00
585 0 +1.641464869e+02 -6.053513135e+00 -6.053513135e+00 -3.8660e+00 -1.1021e+00 -1.9476e+00 +3.7219e+00 +2.7264e+00
632 0 +1.436373155e+02 -2.656268454e+01 -2.656268454e+01 -3.2222e+00 -8.1299e-01 -1.6069e+00 +4.3185e+00 +1.8186e+00
639 0 +1.144285813e+02 -5.577141870e+01 -5.577141870e+01 -4.3557e+00 -9.7398e-01 -2.2842e+00 +3.5368e+00 +2.7899e+00
651 0 +9.129537559e+01 -7.890462441e+01 -7.890462441e+01 -3.6840e+00 -6.0944e-01 -1.7555e+00 +3.6703e+00 +2.8893e+00
681 0 +1.885663562e+01 -1.513433644e+02 -1.513433644e+02 -2.8193e+00 -7.4275e-01 -1.0055e+00 +3.6720e+00 +3.4947e+00
711 0 +7.462204477e+00 -1.627377955e+02 -1.627377955e+02 -3.6031e+00 -7.3972e-01 -1.6280e+00 +3.3529e+00 +3.5794e+00
863 0 +5.130139532e+00 -1.650698605e+02 -1.650698605e+02 -3.9393e+00 -7.3141e-01 -1.8752e+00 +3.2134e+00 +3.6462e+00
902 0 +4.771456795e+00 -1.654285432e+02 -1.654285432e+02 -3.0995e+00 -7.5551e-01 -1.2850e+00 +3.7161e+00 +3.1873e+00
921 0 +3.944082762e+00 -1.662559172e+02 -1.662559172e+02 -2.7234e+00 -7.3425e-01 -1.0614e+00 +4.0512e+00 +2.7446e+00
941 0 +3.421087601e+00 -1.667789124e+02 -1.667789124e+02 -2.8026e+00 -7.1328e-01 -1.1215e+00 +4.0036e+00 +2.7793e+00
969 0 +2.129654845e+00 -1.680703452e+02 -1.680703452e+02 -3.4611e+00 -7.5666e-01 -1.5872e+00 +3.6594e+00 +3.0603e+00
971 0 +9.823507929e-01 -1.692176492e+02 -1.692176492e+02 -3.3943e+00 -7.1722e-01 -1.5196e+00 +3.6163e+00 +3.1846e+00
1079 0 +4.009150824e-01 -1.697990849e+02 -1.697990849e+02 -3.2935e+00 -7.3268e-01 -1.4487e+00 +3.6955e+00 +3.0990e+00
1128 0 +2.863432072e-01 -1.699136568e+02 -1.699136568e+02 -3.3964e+00 -7.3283e-01 -1.5036e+00 +3.5807e+00 +3.2674e+00
1151 0 +1.956834840e-01 -1.700043165e+02 -1.700043165e+02 -3.5572e+00 -7.6386e-01 -1.6216e+00 +3.5109e+00 +3.3088e+00
1158 0 +1.835653416e-01 -1.700164347e+02 -1.700164347e+02 -3.3617e+00 -7.4474e-01 -1.4818e+00 +3.6112e+00 +3.2308e+00
1188 0 +6.211463475e-02 -1.701378854e+02 -1.701378854e+02 -3.5296e+00 -7.4737e-01 -1.6022e+00 +3.5166e+00 +3.3095e+00
% f evaluations | g evaluations | best noise-free fitness - Fopt (-4.697500000000e+02) + sum g_i+ | measured fitness | best measured fitness or single-digit g-values | x1 | x2...
1 0 +5.666156262e+06 +5.665686512e+06 +5.665686512e+06 +5.9671e-01 -3.8264e-02 +7.4769e-01 +1.6230e+00 -1.3415e-01
14 0 +4.160546314e+06 +4.160076564e+06 +4.160076564e+06 +1.4562e+00 +2.7990e-02 +1.1035e+00 +4.6164e-01 -5.4512e-01
25 0 +3.919900622e+06 +3.919430872e+06 +3.919430872e+06 +8.9103e-01 -8.0939e-01 +1.5028e+00 -1.3019e+00 +6.8686e-01
26 0 +3.663612987e+06 +3.663143237e+06 +3.663143237e+06 +1.6919e+00 +1.5075e+00 +1.1690e+00 +1.9288e+00 +5.8011e-02
29 0 +1.629720378e+06 +1.629250628e+06 +1.629250628e+06 +9.9392e-01 +1.0005e-01 +2.1582e+00 +1.1575e+00 +7.4996e-01
51 0 +4.402254066e+05 +4.397556566e+05 +4.397556566e+05 +2.8672e+00 +2.0709e+00 +4.8138e+00 -1.9183e+00 -4.1700e-02
60 0 +2.293191547e+05 +2.288494047e+05 +2.288494047e+05 +2.2636e+00 -1.8682e+00 +1.4757e+00 -7.4043e-02 +1.3232e+00
62 0 +2.107747671e+05 +2.103050171e+05 +2.103050171e+05 +3.8454e-01 -1.3397e+00 +3.6164e+00 -2.6175e-02 +7.5764e-01
79 0 +1.244683041e+04 +1.197708041e+04 +1.197708041e+04 +1.0686e+00 +1.2080e+00 +3.4241e+00 +1.2861e-01 +4.0661e+00
87 0 +5.796313926e+03 +5.326563926e+03 +5.326563926e+03 +1.9155e+00 +1.0637e+00 +3.5739e+00 +1.3971e+00 +1.6041e-01
354 0 +2.917284271e+03 +2.447534271e+03 +2.447534271e+03 +1.6339e+00 +9.0287e-01 +3.6770e+00 +1.1639e+00 +8.6100e-01
371 0 +2.895988570e+03 +2.426238570e+03 +2.426238570e+03 +1.5950e+00 +3.6484e+00 +4.1747e+00 +3.0261e+00 +1.3265e+00
444 0 +2.736858068e+03 +2.267108068e+03 +2.267108068e+03 +1.8704e+00 +2.4214e+00 +4.1322e+00 +2.7824e+00 -6.2198e-01
457 0 +2.182758531e+03 +1.713008531e+03 +1.713008531e+03 +2.1061e+00 +3.4358e+00 +3.9371e+00 +2.2319e+00 +1.1324e+00
460 0 +2.002560956e+03 +1.532810956e+03 +1.532810956e+03 +1.6020e+00 +3.7758e+00 +4.3644e+00 +3.3420e+00 +7.0096e-01
472 0 +1.374692946e+03 +9.049429459e+02 +9.049429459e+02 +1.7838e+00 +2.0762e+00 +3.8802e+00 +2.3026e+00 +3.0991e-01
487 0 +1.226373143e+03 +7.566231428e+02 +7.566231428e+02 +1.5956e+00 +1.7724e+00 +4.1024e+00 +2.4518e+00 -1.5287e-01
493 0 +1.010974472e+03 +5.412244723e+02 +5.412244723e+02 +2.2279e+00 +1.1833e+00 +3.6603e+00 +2.3657e+00 -1.2629e+00
503 0 +8.207526722e+02 +3.510026722e+02 +3.510026722e+02 +1.2008e+00 +1.1986e+00 +3.9526e+00 +1.9476e+00 +9.3196e-01
550 0 +7.713056222e+02 +3.015556222e+02 +3.015556222e+02 +1.2058e+00 +2.0627e+00 +4.2606e+00 +2.5426e+00 +6.3837e-01
590 0 +7.311162120e+02 +2.613662120e+02 +2.613662120e+02 +1.6049e+00 +1.7181e+00 +3.9523e+00 +2.2449e+00 +2.9813e-01
632 0 +4.234008382e+02 -4.634916179e+01 -4.634916179e+01 +7.7566e-02 +1.3236e+00 +4.5470e+00 +2.1445e+00 +2.2376e+00
760 0 +3.985243687e+02 -7.122563132e+01 -7.122563132e+01 +9.6114e-01 +6.8208e-01 +4.1133e+00 +2.0562e+00 +3.8579e-01
782 0 +3.336374070e+02 -1.361125930e+02 -1.361125930e+02 +9.0033e-01 +2.4106e-01 +4.0953e+00 +1.9839e+00 +1.4124e-01
816 0 +2.375764031e+02 -2.321735969e+02 -2.321735969e+02 +1.1211e-01 -1.3433e-01 +4.3234e+00 +1.7398e+00 +1.3318e+00
840 0 +1.092161321e+02 -3.605338679e+02 -3.605338679e+02 +1.8603e-01 -4.3282e-01 +4.2445e+00 +1.5772e+00 +1.1102e+00
911 0 +1.048172896e+02 -3.649327104e+02 -3.649327104e+02 +3.3141e-01 -1.4005e+00 +4.0848e+00 +1.4267e+00 +1.2519e-01
929 0 +7.393849696e+01 -3.958115030e+02 -3.958115030e+02 +1.0026e+00 -3.5576e+00 +3.4156e+00 +7.4369e-01 -1.8802e+00
1005 0 +5.508047296e+01 -4.146695270e+02 -4.146695270e+02 +1.0049e+00 -2.9092e+00 +3.5702e+00 +1.1165e+00 -1.8346e+00
1017 0 +4.694192660e+01 -4.228080734e+02 -4.228080734e+02 +3.5596e-01 -4.4977e+00 +3.6263e+00 +6.7327e-01 -1.8784e+00
1029 0 +3.382568000e+01 -4.359243200e+02 -4.359243200e+02 +7.3210e-01 -3.1463e+00 +3.6572e+00 +1.0436e+00 -1.5949e+00
1034 0 +1.425499208e+01 -4.554950079e+02 -4.554950079e+02 +7.9865e-01 -3.4772e+00 +3.5521e+00 +8.9788e-01 -1.7731e+00
1088 0 +9.497242493e+00 -4.602527575e+02 -4.602527575e+02 +7.5482e-01 -4.0563e+00 +3.5011e+00 +7.7529e-01 -2.1285e+00
1091 0 +7.907212188e+00 -4.618427878e+02 -4.618427878e+02 +8.5704e-01 -4.1134e+00 +3.4404e+00 +7.2096e-01 -2.2459e+00
1128 0 +5.848893953e+00 -4.639011060e+02 -4.639011060e+02 +3.8053e-01 -3.7806e+00 +3.6880e+00 +7.6950e-01 -1.3098e+00
1170 0 +3.870129281e+00 -4.658798707e+02 -4.658798707e+02 +7.0212e-03 -3.3039e+00 +3.9159e+00 +8.4670e-01 -4.3801e-01
1231 0 +3.360163202e+00 -4.663898368e+02 -4.663898368e+02 +1.6168e-01 -2.9133e+00 +3.8978e+00 +9.1685e-01 -3.6440e-01
1241 0 +2.343786264e+00 -4.674062137e+02 -4.674062137e+02 +1.4009e-01 -3.2980e+00 +3.8481e+00 +8.1800e-01 -5.6336e-01
% f evaluations | g evaluations | best noise-free fitness - Fopt (-5.191000000000e+01) + sum g_i+ | measured fitness | best measured fitness or single-digit g-values | x1 | x2...
1 0 +2.189234218e+06 +2.189182308e+06 +2.189182308e+06 +5.9671e-01 -3.8264e-02 +7.4769e-01 +1.6230e+00 -1.3415e-01
3 0 +1.958563159e+06 +1.958511249e+06 +1.958511249e+06 -3.6342e-01 -3.6573e-01 +3.4196e-01 -1.8133e+00 -1.6249e+00
5 0 +1.418680902e+06 +1.418628992e+06 +1.418628992e+06 +1.5656e+00 -1.2578e-01 +1.6753e-01 -1.3247e+00 -4.4438e-01
8 0 +5.397702762e+04 +5.392511762e+04 +5.392511762e+04 -1.1208e+00 +3.0886e-01 -1.8597e+00 -1.2282e+00 +2.9686e-01
30 0 +2.443360569e+04 +2.438169569e+04 +2.438169569e+04 +9.4916e-01 +1.3280e+00 -5.1409e-01 +2.1456e-01 -2.0663e+00
35 0 +8.567030133e+03 +8.515120133e+03 +8.515120133e+03 +4.5588e-01 +5.4536e-01 -8.3609e-01 -3.5638e-02 -1.5940e+00
182 0 +5.622597989e+02 +5.103497989e+02 +5.103497989e+02 +1.3314e-01 +1.2573e+00 -1.1166e+00 -2.6960e-01 -1.2094e+00
452 0 +5.085970188e+02 +4.566870188e+02 +4.566870188e+02 -2.2050e-01 +1.3753e+00 -1.0798e+00 -1.7320e-01 -1.5918e+00
491 0 +4.758647102e+02 +4.239547102e+02 +4.239547102e+02 -4.0585e-01 +1.4362e+00 -1.1294e+00 -3.3431e-01 -1.6587e+00
506 0 +3.257472218e+02 +2.738372218e+02 +2.738372218e+02 -2.8954e-01 +1.5082e+00 -1.2392e+00 -1.8060e-01 -1.1529e+00
528 0 +2.513026823e+02 +1.993926823e+02 +1.993926823e+02 -5.4094e-01 +1.5877e+00 -1.4115e+00 -5.0015e-01 -8.9787e-01
565 0 +7.575786297e+01 +2.384786297e+01 +2.384786297e+01 -9.3741e-01 +1.7829e+00 -2.1148e+00 -1.0452e+00 +8.6902e-01
803 0 +5.182718293e+01 -8.281707118e-02 -8.281707118e-02 -1.5659e+00 +1.8186e+00 -2.3200e+00 -1.8650e+00 +8.0041e-01
902 0 +4.988987275e+01 -2.020127255e+00 -2.020127255e+00 -1.0320e+00 +1.8005e+00 -2.2693e+00 -1.2809e+00 +1.2419e+00
905 0 +3.264797278e+01 -1.926202722e+01 -1.926202722e+01 -4.7934e-01 +2.0178e+00 -2.0792e+00 -1.0174e-01 +1.3712e+00
946 0 +2.565252556e+01 -2.625747444e+01 -2.625747444e+01 -6.9041e-01 +1.9218e+00 -2.1902e+00 -5.9608e-01 +1.4361e+00
1000 0 +2.247926701e+01 -2.943073299e+01 -2.943073299e+01 -5.3938e-01 +1.9702e+00 -2.1555e+00 -3.5177e-01 +1.4989e+00
1026 0 +1.697305264e+01 -3.493694736e+01 -3.493694736e+01 -1.9099e-01 +2.0216e+00 -2.0540e+00 +2.1102e-01 +1.6061e+00
1029 0 +1.293621600e+01 -3.897378400e+01 -3.897378400e+01 +3.8913e-01 +2.1302e+00 -2.0167e+00 +1.0730e+00 +2.1796e+00
1059 0 +4.627866570e+00 -4.728213343e+01 -4.728213343e+01 +1.2844e+00 +2.2002e+00 -1.6968e+00 +2.4501e+00 +2.2478e+00
1224 0 +1.946693872e+00 -4.996330613e+01 -4.996330613e+01 +1.1492e+00 +2.2197e+00 -1.7455e+00 +2.3158e+00 +2.2544e+00
% f evaluations | g evaluations | best noise-free fitness - Fopt (4.808000000000e+01) + sum g_i+ | measured fitness | best measured fitness or single-digit g-values | x1 | x2...
1 0 +7.655939359e+06 +7.655987439e+06 +7.655987439e+06 +5.9671e-01 -3.8264e-02 +7.4769e-01 +1.6230e+00 -1.3415e-01
2 0 +5.817326131e+06 +5.817374211e+06 +5.817374211e+06 -1.3414e-01 +1.6792e+00 +8.6743e-01 -3.6947e-01 +6.4256e-01
3 0 +2.471456532e+06 +2.471504612e+06 +2.471504612e+06 -3.6342e-01 -3.6573e-01 +3.4196e-01 -1.8133e+00 -1.6249e+00
7 0 +2.056560075e+06 +2.056608155e+06 +2.056608155e+06 -5.0171e-01 +1.9523e+00 +8.6503e-02 -9.5771e-01 +9.2254e-01
8 0 +2.680933670e+05 +2.681414470e+05 +2.681414470e+05 -1.1208e+00 +3.0886e-01 -1.8597e+00 -1.2282e+00 +2.9686e-01
38 0 +1.134026077e+05 +1.134506877e+05 +1.134506877e+05 +9.3815e-01 +1.3512e+00 -3.0898e+00 -2.0318e+00 +1.7476e+00
39 0 +8.424196195e+04 +8.429004195e+04 +8.429004195e+04 -1.8893e+00 +1.2832e+00 -8.8530e-01 -1.2242e-02 +6.1005e-01
59 0 +8.096445347e+04 +8.101253347e+04 +8.101253347e+04 -6.7139e-01 +1.3455e+00 -1.8320e+00 +1.9248e+00 +7.8569e-01
72 0 +3.107339506e+04 +3.112147506e+04 +3.112147506e+04 -9.7237e-01 +3.6128e-01 -1.5799e+00 +1.7215e+00 +1.7615e+00
114 0 +2.220216570e+04 +2.225024570e+04 +2.225024570e+04 -5.5550e-01 -9.3002e-02 -1.6700e+00 -4.9050e+00 -1.1971e-01
209 0 +8.705664716e+03 +8.753744716e+03 +8.753744716e+03 +3.3616e-01 -9.2373e-01 -2.4800e+00 -1.9192e+00 +1.0089e+00
256 0 +7.612392650e+03 +7.660472650e+03 +7.660472650e+03 +8.5704e-01 -1.2209e+00 -2.8839e+00 -2.3061e+00 +1.5769e+00
303 0 +2.884551837e+03 +2.932631837e+03 +2.932631837e+03 +9.1258e-01 -2.4454e+00 -2.9188e+00 -3.4232e+00 +1.4190e+00
306 0 +1.222171052e+03 +1.270251052e+03 +1.270251052e+03 +7.0480e-01 -2.9572e+00 -2.8862e+00 -1.9830e+00 +2.1019e+00
555 0 +4.596455606e+02 +5.077255606e+02 +5.077255606e+02 +2.0564e+00 -2.3163e+00 -3.8827e+00 -8.1108e-01 +1.8255e+00
582 0 +2.842296020e+02 +3.323096020e+02 +3.323096020e+02 +2.0655e+00 -3.4082e+00 -3.8753e+00 -3.5485e+00 +1.3516e+00
665 0 +2.388031206e+02 +2.868831206e+02 +2.868831206e+02 +1.6602e+00 -3.6105e+00 -3.5222e+00 -4.5977e+00 +1.0793e+00
681 0 +7.788413853e+01 +1.259641385e+02 +1.259641385e+02 +1.8018e+00 -3.4750e+00 -3.6816e+00 -3.6713e+00 +1.3809e+00
729 0 +4.623299974e+01 +9.431299974e+01 +9.431299974e+01 +1.8094e+00 -3.1931e+00 -3.6568e+00 -3.6031e+00 +1.2284e+00
856 0 +3.875269461e+01 +8.683269461e+01 +8.683269461e+01 +1.7028e+00 -3.3290e+00 -3.6101e+00 -3.3024e+00 +1.5172e+00
869 0 +3.694435548e+01 +8.502435548e+01 +8.502435548e+01 +1.7425e+00 -2.9025e+00 -3.6407e+00 -2.4301e+00 +1.5994e+00
875 0 +8.219877067e+00 +5.629987707e+01 +5.629987707e+01 +1.9410e+00 -3.1011e+00 -3.7746e+00 -3.0253e+00 +1.3606e+00
947 0 +6.514642272e+00 +5.459464227e+01 +5.459464227e+01 +1.0127e+00 -3.2755e+00 -3.1083e+00 -3.1184e+00 +1.8453e+00
990 0 +1.337998237e+00 +4.941799824e+01 +4.941799824e+01 +1.3145e+00 -3.3263e+00 -3.3249e+00 -3.2815e+00 +1.6729e+00
1080 0 +1.259247279e+00 +4.933924728e+01 +4.933924728e+01 +1.2588e+00 -3.2926e+00 -3.2850e+00 -3.2018e+00 +1.7111e+00
1091 0 +5.734693250e-01 +4.865346933e+01 +4.865346933e+01 +1.2373e+00 -3.3523e+00 -3.2712e+00 -3.2576e+00 +1.7317e+00
1162 0 +3.149414073e-01 +4.839494141e+01 +4.839494141e+01 +1.3052e+00 -3.3458e+00 -3.3175e+00 -3.3110e+00 +1.6655e+00
1187 0 +1.754892345e-01 +4.825548923e+01 +4.825548923e+01 +1.1867e+00 -3.3544e+00 -3.2332e+00 -3.2720e+00 +1.7460e+00
1216 0 +5.225180733e-02 +4.813225181e+01 +4.813225181e+01 +1.0720e+00 -3.3674e+00 -3.1530e+00 -3.2250e+00 +1.8292e+00
% f evaluations | g evaluations | best noise-free fitness - Fopt (3.058000000000e+01) + sum g_i+ | measured fitness | best measured fitness or single-digit g-values | x1 | x2...
1 0 +5.129698096e+06 +5.129728676e+06 +5.129728676e+06 +5.9671e-01 -3.8264e-02 +7.4769e-01 +1.6230e+00 -1.3415e-01
3 0 +3.849577660e+06 +3.849608240e+06 +3.849608240e+06 -3.6342e-01 -3.6573e-01 +3.4196e-01 -1.8133e+00 -1.6249e+00
4 0 +2.425531194e+06 +2.425561774e+06 +2.425561774e+06 -4.6229e-01 -9.1283e-01 +4.1425e-01 -8.0802e-01 -1.3123e+00
6 0 +2.328608918e+06 +2.328639498e+06 +2.328639498e+06 +2.1092e-01 -1.0510e+00 +4.7570e-01 -5.0064e-01 -1.9169e-01
25 0 +1.523876975e+06 +1.523907555e+06 +1.523907555e+06 +8.9103e-01 -8.0939e-01 +1.5028e+00 -1.3019e+00 +6.8686e-01
26 0 +1.660388100e+05 +1.660693900e+05 +1.660693900e+05 +6.8877e-01 -1.0539e+00 +3.0678e+00 -1.5069e+00 +1.0295e+00
60 0 +1.426740312e+05 +1.427046112e+05 +1.427046112e+05 +1.3109e+00 -1.4567e+00 +2.0777e+00 -1.6070e+00 +2.5709e+00
100 0 +1.262157679e+05 +1.262463479e+05 +1.262463479e+05 -2.3201e-01 -2.0867e+00 +7.8611e-01 +1.1382e+00 +2.5913e+00
108 0 +2.589872734e+04 +2.592930734e+04 +2.592930734e+04 -1.5013e+00 -1.1253e+00 +1.5161e-01 +4.8356e-01 +4.0588e+00
114 0 +2.034358632e+04 +2.037416632e+04 +2.037416632e+04 -3.5142e+00 +3.0229e-01 +1.7444e+00 +2.4781e+00 +1.3313e+00
194 0 +8.561224955e+03 +8.591804955e+03 +8.591804955e+03 -4.9766e+00 +1.9285e+00 +2.3648e+00 -1.5849e+00 -1.3213e-01
224 0 +3.729553555e+03 +3.760133555e+03 +3.760133555e+03 -4.3232e+00 -1.7628e-01 -7.0680e-01 -8.6774e-01 +1.4535e+00
290 0 +3.444900586e+03 +3.475480586e+03 +3.475480586e+03 -2.6525e+00 -7.9444e-01 -1.2836e-02 +1.1435e+00 +2.3524e+00
294 0 +2.776832700e+03 +2.807412700e+03 +2.807412700e+03 -4.4694e+00 -1.0922e-01 -4.2687e-01 +1.6543e+00 +1.4211e+00
310 0 +1.636737596e+03 +1.667317596e+03 +1.667317596e+03 -1.7953e+00 -1.1670e+00 -3.4745e-01 -9.8962e-01 +3.2232e+00
340 0 +1.076759922e+03 +1.107339922e+03 +1.107339922e+03 -2.8311e+00 -7.2320e-01 -3.3541e-01 +5.8188e-01 +2.7143e+00
369 0 +8.393277248e+02 +8.699077248e+02 +8.699077248e+02 -8.5397e-01 -1.5163e+00 -4.4269e-01 -1.1665e+00 +4.1597e+00
428 0 +7.499509201e+02 +7.805309201e+02 +7.805309201e+02 -4.0250e-01 -1.7027e+00 -2.1910e-01 -8.2875e-01 +4.3934e+00
463 0 +4.122232778e+02 +4.428032778e+02 +4.428032778e+02 -2.9658e+00 -1.1145e+00 -1.2156e+00 -8.5525e-02 +2.8531e+00
501 0 +1.949844440e+02 +2.255644440e+02 +2.255644440e+02 -4.1521e+00 -1.4783e+00 -2.6502e+00 +1.8148e+00 +2.7045e+00
592 0 +1.428638115e+02 +1.734438115e+02 +1.734438115e+02 -4.8894e+00 -4.1581e-01 -1.3513e+00 +1.4173e+00 +1.5613e+00
619 0 +7.971211521e+01 +1.102921152e+02 +1.102921152e+02 -2.2197e+00 -1.5801e+00 -1.4623e+00 +1.1145e-02 +3.5623e+00
628 0 +4.707056272e+01 +7.765056272e+01 +7.765056272e+01 -4.0746e+00 -1.3538e+00 -2.4420e+00 +1.2588e+00 +2.6086e+00
712 0 +4.132984920e+01 +7.190984920e+01 +7.190984920e+01 -1.4052e+00 -2.5207e+00 -2.6529e+00 -2.7111e-01 +4.7415e+00
726 0 +3.687729874e+01 +6.745729874e+01 +6.745729874e+01 -1.2198e+00 -2.4773e+00 -2.4133e+00 -4.3368e-01 +4.7286e+00
729 0 +3.253397904e+01 +6.311397904e+01 +6.311397904e+01 -3.1509e+00 -1.6152e+00 -2.2745e+00 +6.5500e-01 +3.2551e+00
730 0 +2.789430234e+01 +5.847430234e+01 +5.847430234e+01 -2.3976e+00 -2.2803e+00 -2.9322e+00 +4.0927e-01 +4.1452e+00
773 0 +4.176711145e+00 +3.475671114e+01 +3.475671114e+01 -2.7689e+00 -1.8184e+00 -2.3319e+00 +5.3981e-01 +3.5641e+00
806 0 +2.539747718e+00 +3.311974772e+01 +3.311974772e+01 -2.9732e+00 -1.8731e+00 -2.5940e+00 +6.8331e-01 +3.5279e+00
827 0 +1.624287530e+00 +3.220428753e+01 +3.220428753e+01 -2.9743e+00 -1.7835e+00 -2.4291e+00 +6.4315e-01 +3.4591e+00
989 0 +8.986257615e-01 +3.147862576e+01 +3.147862576e+01 -2.9190e+00 -1.7954e+00 -2.4153e+00 +6.0287e-01 +3.4952e+00
1057 0 +8.091151084e-01 +3.138911511e+01 +3.138911511e+01 -2.2218e+00 -2.1000e+00 -2.4543e+00 +2.0968e-01 +4.0278e+00
1073 0 +5.635895716e-01 +3.114358957e+01 +3.114358957e+01 -2.7627e+00 -1.8729e+00 -2.4412e+00 +5.1728e-01 +3.6245e+00
1081 0 +4.071011446e-01 +3.098710114e+01 +3.098710114e+01 -2.4995e+00 -1.9617e+00 -2.4093e+00 +3.5029e-01 +3.8017e+00
1126 0 +2.099422235e-01 +3.078994222e+01 +3.078994222e+01 -3.0219e+00 -1.8126e+00 -2.5256e+00 +6.6788e-01 +3.4662e+00
1137 0 +1.628959271e-01 +3.074289593e+01 +3.074289593e+01 -2.5822e+00 -1.9500e+00 -2.4480e+00 +4.1149e-01 +3.7579e+00
1189 0 +1.403594557e-01 +3.072035946e+01 +3.072035946e+01 -2.8385e+00 -1.8601e+00 -2.4721e+00 +5.7023e-01 +3.5786e+00
1221 0 +9.411315311e-02 +3.067411315e+01 +3.067411315e+01 -2.6778e+00 -1.9166e+00 -2.4598e+00 +4.6134e-01 +3.6918e+00
1247 0 +5.072999560e-02 +3.063073000e+01 +3.063073000e+01 -2.7657e+00 -1.8796e+00 -2.4550e+00 +5.1439e-01 +3.6235e+00
% f evaluations | g evaluations | best noise-free fitness - Fopt (1.000000000000e+03) + sum g_i+ | measured fitness | best measured fitness or single-digit g-values | x1 | x2...
1 0 +7.800350395e+06 +7.801350395e+06 +7.801350395e+06 +5.9671e-01 -3.8264e-02 +7.4769e-01 +1.6230e+00 -1.3415e-01
2 0 +4.442581272e+06 +4.443581272e+06 +4.443581272e+06 -1.3414e-01 +1.6792e+00 +8.6743e-01 -3.6947e-01 +6.4256e-01
3 0 +4.368225056e+04 +4.468225056e+04 +4.468225056e+04 -3.6342e-01 -3.6573e-01 +3.4196e-01 -1.8133e+00 -1.6249e+00
35 0 +1.548719003e+04 +1.648719003e+04 +1.648719003e+04 -1.0633e+00 -1.7643e-01 -1.4271e+00 -9.7497e-01 -8.1089e-01
44 0 +1.474619799e+04 +1.574619799e+04 +1.574619799e+04 +1.0434e+00 -1.1192e+00 -1.2816e+00 -2.8192e-02 -1.2460e+00
66 0 +1.466110828e+04 +1.566110828e+04 +1.566110828e+04 +1.1995e+00 -1.8582e+00 -3.8783e-01 -2.3861e-01 -9.6713e-01
145 0 +1.358193875e+04 +1.458193875e+04 +1.458193875e+04 -2.5042e-03 -6.9923e-01 -3.9808e-01 -1.1485e+00 -1.8813e+00
185 0 +5.763357353e+03 +6.763357353e+03 +6.763357353e+03 -4.0554e-01 -8.7971e-01 -2.4667e-01 -1.2992e+00 -6.3519e-01
219 0 +5.592131757e+03 +6.592131757e+03 +6.592131757e+03 -2.4680e-01 -1.1893e+00 +1.0423e-01 -1.5086e+00 -5.6177e-01
236 0 +4.686119329e+03 +5.686119329e+03 +5.686119329e+03 -1.2241e+00 -1.1308e+00 +2.5156e-01 -1.9334e+00 -2.1430e-02
257 0 +4.002058509e+03 +5.002058509e+03 +5.002058509e+03 -6.9671e-01 -1.0201e+00 -3.6216e-02 -1.5883e+00 -4.7652e-01
262 0 +3.307784194e+03 +4.307784194e+03 +4.307784194e+03 -4.3630e-01 -1.6490e+00 +4.1709e-01 -1.5841e+00 -1.8265e-01
296 0 +2.836961934e+03 +3.836961934e+03 +3.836961934e+03 -1.7244e+00 -1.7770e+00 +6.8708e-01 -2.1612e+00 +2.9081e-01
422 0 +2.302192582e+03 +3.302192582e+03 +3.302192582e+03 -1.2831e+00 -1.7405e+00 +4.9023e-01 -1.8518e+00 +2.8200e-01
455 0 +1.777197201e+03 +2.777197201e+03 +2.777197201e+03 -1.6002e+00 -1.0130e+00 -2.0704e-02 -1.8463e+00 -3.8541e-01
504 0 +1.501869620e+03 +2.501869620e+03 +2.501869620e+03 -1.5573e+00 -5.2598e-01 +1.8933e-01 -2.1992e+00 -5.9268e-01
532 0 +1.312342990e+03 +2.312342990e+03 +2.312342990e+03 -1.3677e+00 +4.7123e-01 -4.7406e-01 -2.0545e+00 -1.4589e+00
547 0 +1.308666183e+03 +2.308666183e+03 +2.308666183e+03 -1.1621e+00 +3.1073e-01 +6.0662e-01 -2.8283e+00 -1.4105e+00
566 0 +1.030564619e+03 +2.030564619e+03 +2.030564619e+03 -1.7293e+00 +1.4622e+00 +6.2682e-01 -3.5614e+00 -2.1151e+00
569 0 +6.526085776e+02 +1.652608578e+03 +1.652608578e+03 -2.5255e+00 +2.3523e+00 -9.9281e-01 -2.7610e+00 -2.6254e+00
598 0 +1.578441930e+02 +1.157844193e+03 +1.157844193e+03 -2.6500e+00 +4.5871e+00 -3.9855e+00 -1.2272e+00 -4.3473e+00
661 0 +9.773406272e+01 +1.097734063e+03 +1.097734063e+03 -2.2044e+00 +4.4106e+00 +5.9343e-02 -4.5135e+00 -4.2058e+00
773 0 +7.681081778e+01 +1.076810818e+03 +1.076810818e+03 -2.4718e+00 +4.2047e+00 -2.8014e+00 -2.0211e+00 -4.0398e+00
820 0 +7.425549593e+01 +1.074255496e+03 +1.074255496e+03 -2.6951e+00 +3.9506e+00 -3.6596e+00 -1.2308e+00 -3.7833e+00
821 0 +6.937211700e+01 +1.069372117e+03 +1.069372117e+03 -2.7151e+00 +4.3094e+00 -2.9476e+00 -2.0276e+00 -4.0879e+00
827 0 +2.461895621e+01 +1.024618956e+03 +1.024618956e+03 -2.6496e+00 +2.9780e+00 -4.2047e+00 -3.2493e-01 -3.0886e+00
863 0 +1.591474286e+01 +1.015914743e+03 +1.015914743e+03 -2.7020e+00 +3.3971e+00 -4.1287e+00 -5.9613e-01 -3.4274e+00
912 0 +9.878172439e+00 +1.009878172e+03 +1.009878172e+03 -2.5780e+00 +3.2810e+00 -3.3099e+00 -1.2103e+00 -3.3220e+00
966 0 +9.626633854e+00 +1.009626634e+03 +1.009626634e+03 -2.5648e+00 +3.7832e+00 -2.4055e+00 -2.2073e+00 -3.6677e+00
997 0 +7.697541860e+00 +1.007697542e+03 +1.007697542e+03 -2.7076e+00 +3.9838e+00 -3.0589e+00 -1.7778e+00 -3.8001e+00
1004 0 +1.410751757e+00 +1.001410752e+03 +1.001410752e+03 -2.5833e+00 +4.0076e+00 -2.6794e+00 -2.0772e+00 -3.8542e+00
1098 0 +9.449304347e-01 +1.000944930e+03 +1.000944930e+03 -2.6626e+00 +3.6445e+00 -3.5332e+00 -1.2030e+00 -3.5877e+00
1124 0 +3.821848705e-01 +1.000382185e+03 +1.000382185e+03 -2.6131e+00 +3.7415e+00 -3.1711e+00 -1.5439e+00 -3.6617e+00
1149 0 +2.734550327e-01 +1.000273455e+03 +1.000273455e+03 -2.6411e+00 +3.6997e+00 -3.2253e+00 -1.4871e+00 -3.6227e+00
% f evaluations | g evaluations | best noise-free fitness - Fopt (-4.236000000000e+01) + sum g_i+ | measured fitness | best measured fitness or single-digit g-values | x1 | x2...
1 0 +4.299884506e+05 +4.299460906e+05 +4.299460906e+05 +5.9671e-01 -3.8264e-02 +7.4769e-01 +1.6230e+00 -1.3415e-01
2 0 +3.060139924e+05 +3.059716324e+05 +3.059716324e+05 -1.3414e-01 +1.6792e+00 +8.6743e-01 -3.6947e-01 +6.4256e-01
6 0 +9.893211758e+04 +9.888975758e+04 +9.888975758e+04 +2.1092e-01 -1.0510e+00 +4.7570e-01 -5.0064e-01 -1.9169e-01
10 0 +2.777560141e+04 +2.773324141e+04 +2.773324141e+04 -6.1984e-01 -3.6064e-01 +1.1571e+00 +4.4362e-01 -1.6630e+00
29 0 +1.504407004e+04 +1.500171004e+04 +1.500171004e+04 -1.0621e+00 -4.4541e-03 +1.2691e+00 -1.0734e+00 +1.0171e+00
78 0 +1.127125743e+04 +1.122889743e+04 +1.122889743e+04 -2.3255e-01 -1.1243e+00 +2.8057e+00 -1.2868e-01 +1.6843e+00
104 0 +1.026274455e+04 +1.022038455e+04 +1.022038455e+04 -1.2340e+00 -1.4881e-01 +2.2124e-01 -9.8002e-01 -2.5464e-01
166 0 +5.283519056e+03 +5.241159056e+03 +5.241159056e+03 +1.8434e+00 -2.1307e+00 +3.7049e+00 +1.9762e+00 +8.3132e-01
184 0 +3.934844091e+03 +3.892484091e+03 +3.892484091e+03 +2.2120e+00 -1.8849e+00 +3.9483e+00 +2.4193e+00 +7.7674e-01
227 0 +1.956884217e+03 +1.914524217e+03 +1.914524217e+03 +3.4623e+00 -2.3277e+00 +4.0938e+00 +2.7397e+00 +1.8556e+00
364 0 +1.795084379e+03 +1.752724379e+03 +1.752724379e+03 +1.8058e+00 -1.3590e+00 +2.9499e+00 +1.4035e+00 +1.4468e+00
374 0 +4.804082832e+02 +4.380482832e+02 +4.380482832e+02 +1.1507e+00 -7.0138e-01 +1.7522e+00 -6.6185e-02 +2.6374e+00
396 0 +8.434137199e+01 +4.198137199e+01 +4.198137199e+01 +1.1705e-01 -1.0166e+00 +2.4379e+00 -3.2809e-01 +2.0543e+00
572 0 +8.089051508e+01 +3.853051508e+01 +3.853051508e+01 +4.8886e-01 -8.0470e-01 +1.9603e+00 -4.5422e-01 +2.5281e+00
576 0 +3.970697173e+01 -2.653028273e+00 -2.653028273e+00 +4.4506e-01 +1.3785e-01 +6.1162e-01 -1.7563e+00 +4.3486e+00
598 0 +3.233779762e+01 -1.002220238e+01 -1.002220238e+01 +3.1736e-01 -1.2855e+00 +2.8069e+00 +6.7429e-02 +1.7219e+00
610 0 +2.776343337e+01 -1.459656663e+01 -1.459656663e+01 +1.0203e+00 -1.1690e+00 +2.6559e+00 +2.5709e-01 +2.3614e+00
626 0 +2.866682538e+00 -3.949331746e+01 -3.949331746e+01 +4.3405e-01 -1.1799e+00 +2.6801e+00 -9.5185e-04 +1.9939e+00
766 0 +2.147381236e+00 -4.021261876e+01 -4.021261876e+01 +3.5173e-01 -1.0294e+00 +2.4689e+00 -2.5883e-01 +2.2749e+00
801 0 +1.631291101e+00 -4.072870890e+01 -4.072870890e+01 +5.2024e-01 -8.0274e-01 +2.1313e+00 -4.7081e-01 +2.7735e+00
837 0 +1.388217048e+00 -4.097178295e+01 -4.097178295e+01 +4.9421e-01 -8.3468e-01 +2.1714e+00 -4.3086e-01 +2.6728e+00
903 0 +1.035432346e+00 -4.132456765e+01 -4.132456765e+01 +3.9124e-01 -9.0342e-01 +2.2697e+00 -3.9777e-01 +2.5001e+00
906 0 +9.088902695e-01 -4.145110973e+01 -4.145110973e+01 +4.4264e-01 -9.7306e-01 +2.3823e+00 -2.8065e-01 +2.4111e+00
907 0 +2.063624735e-01 -4.215363753e+01 -4.215363753e+01 +6.2300e-01 -7.4016e-01 +2.0213e+00 -4.9600e-01 +2.9179e+00
1151 0 +1.556246410e-01 -4.220437536e+01 -4.220437536e+01 +5.6434e-01 -7.7792e-01 +2.0768e+00 -4.7591e-01 +2.8162e+00
1154 0 +1.262141856e-01 -4.223378581e+01 -4.223378581e+01 +5.6680e-01 -8.1765e-01 +2.1397e+00 -4.2253e-01 +2.7499e+00
1220 0 +8.428330069e-02 -4.227571670e+01 -4.227571670e+01 +5.2865e-01 -8.6658e-01 +2.2100e+00 -3.7811e-01 +2.6388e+00
1231 0 +7.425941892e-02 -4.228574058e+01 -4.228574058e+01 +6.0720e-01 -7.4506e-01 +2.0262e+00 -4.9902e-01 +2.9012e+00
