% f evaluations | g evaluations | best noise-free fitness - Fopt (-5.494000000000e+01) + sum g_i+ | measured fitness | best measured fitness or single-digit g-values | x1 | x2...
1 0 +9.852913834e+06 +9.852858894e+06 +9.852858894e+06 +5.9671e-01 -3.8264e-02 +7.4769e-01 +1.6230e+00 -1.3415e-01
2 0 +2.715223623e+06 +2.715168683e+06 +2.715168683e+06 -1.3414e-01 +1.6792e+00 +8.6743e-01 -3.6947e-01 +6.4256e-01
7 0 +9.085897748e+05 +9.085348348e+05 +9.085348348e+05 -5.0171e-01 +1.9523e+00 +8.6503e-02 -9.5771e-01 +9.2254e-01
8 0 +5.441882390e+05 +5.441332990e+05 +5.441332990e+05 -1.1208e+00 +3.0886e-01 -1.8597e+00 -1.2282e+00 +2.9686e-01
26 0 +1.553513874e+05 +1.552964474e+05 +1.552964474e+05 -7.5959e-01 +1.8509e+00 -2.2139e+00 -2.4216e-02 +1.0166e+00
27 0 +6.902214418e+04 +6.896720418e+04 +6.896720418e+04 -1.4092e+00 +3.2803e-01 -1.8476e+00 +1.3796e+00 +1.1325e+00
89 0 +3.197328688e+04 +3.191834688e+04 +3.191834688e+04 +8.3895e-01 -1.6437e+00 -4.7922e+00 +2.5386e+00 +4.1409e+00
166 0 +1.231585369e+04 +1.226091369e+04 +1.226091369e+04 -2.4381e+00 +1.7429e+00 +4.4537e-01 +3.6126e+00 +7.9399e-01
169 0 +7.727129571e+03 +7.672189571e+03 +7.672189571e+03 -1.1863e+00 +7.3521e-01 -8.5031e-01 +2.8984e+00 +2.4817e+00
317 0 +1.488455209e+03 +1.433515209e+03 +1.433515209e+03 -2.7829e+00 -2.3452e-01 +1.1619e+00 +4.0791e+00 +2.6289e+00
426 0 +9.916942156e+02 +9.367542156e+02 +9.367542156e+02 -1.6614e+00 -2.3189e+00 -2.0745e+00 +3.5498e+00 +2.8950e+00
489 0 +9.548117066e+02 +8.998717066e+02 +8.998717066e+02 -1.6650e+00 -1.3368e+00 -1.5552e+00 +3.1276e+00 +2.5589e+00
497 0 +5.566008054e+02 +5.016608054e+02 +5.016608054e+02 -1.5100e+00 -1.4530e+00 -1.8857e-01 +3.0709e+00 +4.3521e+00
499 0 +4.049022537e+02 +3.499622537e+02 +3.499622537e+02 -6.7409e-01 -1.4663e+00 -2.3957e+00 +2.5026e+00 +3.5191e+00
515 0 +2.070212126e+02 +1.520812126e+02 +1.520812126e+02 -2.0060e+00 -1.7367e+00 -1.7558e+00 +3.5912e+00 +2.1406e+00
604 0 +2.028947799e+02 +1.479547799e+02 +1.479547799e+02 -1.1797e+00 -1.6114e+00 -2.0873e+00 +3.0463e+00 +3.1540e+00
649 0 +1.135916741e+02 +5.865167412e+01 +5.865167412e+01 -1.6987e+00 -1.5456e+00 -1.9982e+00 +3.3787e+00 +2.3032e+00
663 0 +6.320501203e+01 +8.265012030e+00 +8.265012030e+00 -2.2639e+00 -1.8437e+00 -1.6306e+00 +3.7821e+00 +1.9546e+00
713 0 +5.019911451e+01 -4.740885490e+00 -4.740885490e+00 -2.1715e+00 -1.6228e+00 -1.3363e+00 +3.6664e+00 +2.2088e+00
757 0 +4.059322678e+01 -1.434677322e+01 -1.434677322e+01 -2.2002e+00 -1.7849e+00 -1.8667e+00 +3.7872e+00 +1.7723e+00
768 0 +2.919430224e+01 -2.574569776e+01 -2.574569776e+01 -2.2292e+00 -1.6056e+00 -1.3888e+00 +3.7771e+00 +2.0691e+00
776 0 +2.504361162e+01 -2.989638838e+01 -2.989638838e+01 -3.0624e+00 -1.7651e+00 -1.2214e+00 +4.4252e+00 +9.4791e-01
791 0 +2.209163746e+01 -3.284836254e+01 -3.284836254e+01 -2.5512e+00 -1.5986e+00 -1.3245e+00 +4.0056e+00 +1.5861e+00
800 0 +1.198532808e+01 -4.295467192e+01 -4.295467192e+01 -2.3665e+00 -1.5392e+00 -1.2842e+00 +3.8530e+00 +1.8810e+00
841 0 +9.614136755e+00 -4.532586324e+01 -4.532586324e+01 -2.8237e+00 -1.5201e+00 -9.1323e-01 +4.1912e+00 +1.4692e+00
847 0 +4.601794892e+00 -5.033820511e+01 -5.033820511e+01 -2.6966e+00 -1.5631e+00 -9.7997e-01 +4.0927e+00 +1.6507e+00
919 0 +4.474902414e+00 -5.046509759e+01 -5.046509759e+01 -2.5858e+00 -1.5708e+00 -1.1306e+00 +4.0031e+00 +1.6913e+00
955 0 +4.127068872e+00 -5.081293113e+01 -5.081293113e+01 -2.7843e+00 -1.6134e+00 -1.0711e+00 +4.1667e+00 +1.4480e+00
1064 0 +3.453229266e+00 -5.148677073e+01 -5.148677073e+01 -2.6049e+00 -1.5806e+00 -1.1637e+00 +4.0273e+00 +1.6326e+00
1086 0 +2.798483703e+00 -5.214151630e+01 -5.214151630e+01 -2.3688e+00 -1.5760e+00 -1.1734e+00 +3.8397e+00 +2.0159e+00
1130 0 +5.359303580e-01 -5.440406964e+01 -5.440406964e+01 -2.0061e+00 -1.5148e+00 -1.2475e+00 +3.5540e+00 +2.5053e+00
% f evaluations | g evaluations | best noise-free fitness - Fopt (5.913000000000e+01) + sum g_i+ | measured fitness | best measured fitness or single-digit g-values | x1 | x2...
1 0 +2.845916884e+06 +2.845976014e+06 +2.845976014e+06 +5.9671e-01 -3.8264e-02 +7.4769e-01 +1.6230e+00 -1.3415e-01
9 0 +2.232989408e+06 +2.233048538e+06 +2.233048538e+06 +8.3847e-01 +2.7137e-01 -1.5648e-02 -2.0110e-01 -1.3785e+00
15 0 +7.068315860e+05 +7.068907160e+05 +7.068907160e+05 +4.6140e-01 +1.6380e+00 +6.4174e-02 +1.6646e+00 -2.5197e+00
26 0 +3.485704258e+05 +3.486295558e+05 +3.486295558e+05 +1.2452e+00 -2.4121e-01 +3.6526e-01 +9.4204e-01 -3.1411e+00
29 0 +2.031851917e+05 +2.032443217e+05 +2.032443217e+05 +1.0847e+00 +6.3405e-01 +3.3800e-01 -1.0536e-01 -3.1378e+00
54 0 +1.720559370e+05 +1.721150670e+05 +1.721150670e+05 +2.7912e+00 -4.7509e-01 +7.0404e-01 -1.9433e+00 -3.8774e+00
67 0 +1.449903363e+05 +1.450494663e+05 +1.450494663e+05 +1.2674e+00 +2.0637e-01 -1.2690e-01 -2.0499e+00 -4.0290e+00
74 0 +1.240547896e+05 +1.241139196e+05 +1.241139196e+05 +9.1527e-01 +9.9432e-01 +8.5756e-01 -1.4914e+00 -3.2282e+00
81 0 +1.053263367e+05 +1.053854667e+05 +1.053854667e+05 +4.9796e-02 +2.6198e+00 -2.7263e+00 -9.9025e-01 -3.6190e+00
88 0 +5.167748214e+04 +5.173661214e+04 +5.173661214e+04 +1.5943e+00 +1.3658e+00 +6.4080e-01 -3.0363e+00 -3.2965e+00
96 0 +3.394055505e+04 +3.399968505e+04 +3.399968505e+04 +2.6320e+00 +2.9384e+00 -2.4941e+00 -1.3926e+00 -1.5200e+00
125 0 +3.122321353e+04 +3.128234353e+04 +3.128234353e+04 +2.0878e+00 +2.2593e+00 +3.1145e-01 -4.6662e+00 -3.2447e+00
143 0 +1.531799405e+04 +1.537712405e+04 +1.537712405e+04 +7.0142e-02 +2.8178e+00 -1.4203e+00 -2.0597e+00 -3.1100e+00
166 0 +5.665866407e+03 +5.724996407e+03 +5.724996407e+03 +1.0167e+00 +1.9454e+00 -1.1969e+00 -1.9853e+00 -3.3578e+00
309 0 +4.088721699e+03 +4.147851699e+03 +4.147851699e+03 +5.3830e-01 +2.9897e+00 -9.4879e-01 -1.6027e+00 -2.2854e+00
316 0 +3.611713974e+03 +3.670843974e+03 +3.670843974e+03 +8.0006e-01 +3.1243e+00 -1.6776e+00 -1.3739e+00 -2.2243e+00
380 0 +3.531041973e+03 +3.590171973e+03 +3.590171973e+03 +4.9730e-01 +2.8727e+00 -1.0767e+00 -1.5102e+00 -2.3977e+00
403 0 +3.215227152e+03 +3.274357152e+03 +3.274357152e+03 +6.2463e-01 +2.7925e+00 -8.4898e-01 -2.3380e+00 -2.7648e+00
406 0 +3.070412348e+03 +3.129542348e+03 +3.129542348e+03 -7.0843e-01 +2.9867e+00 -7.5536e-01 -1.9131e+00 -3.0446e+00
416 0 +2.681827468e+03 +2.740957468e+03 +2.740957468e+03 -8.4016e-01 +2.7006e+00 -2.2460e+00 -3.5553e-02 -2.8861e+00
441 0 +2.377149013e+03 +2.436279013e+03 +2.436279013e+03 -4.8703e-01 +3.2467e+00 -2.1153e+00 -5.2574e-01 -2.3664e+00
446 0 +2.104714255e+03 +2.163844255e+03 +2.163844255e+03 +1.4412e-01 +1.9398e+00 -2.0901e-01 -2.6387e+00 -3.7746e+00
452 0 +8.420289176e+02 +9.011589176e+02 +9.011589176e+02 -4.4827e-01 +2.6992e+00 -1.6781e+00 -6.2776e-01 -2.7744e+00
497 0 +2.358995270e+02 +2.950295270e+02 +2.950295270e+02 -3.1267e-01 +3.0319e+00 -7.2937e-01 -1.8109e+00 -2.7007e+00
541 0 +1.518932647e+02 +2.110232647e+02 +2.110232647e+02 +4.7872e-02 +3.6848e+00 -5.9331e-01 -2.1543e+00 -2.0181e+00
579 0 +1.244537049e+02 +1.835837049e+02 +1.835837049e+02 -6.7153e-01 +3.5120e+00 -9.6757e-01 -1.4817e+00 -2.2956e+00
627 0 +7.284301671e+01 +1.319730167e+02 +1.319730167e+02 -6.1707e-01 +3.4813e+00 -9.6980e-01 -1.4439e+00 -2.2751e+00
697 0 +7.138455436e+01 +1.305145544e+02 +1.305145544e+02 -4.8318e-01 +3.0047e+00 +3.0732e-01 -2.9215e+00 -3.0391e+00
712 0 +7.122034253e+01 +1.303503425e+02 +1.303503425e+02 -2.7009e-01 +3.3694e+00 -3.9385e-01 -2.2058e+00 -2.4373e+00
770 0 +2.799594377e+01 +8.712594377e+01 +8.712594377e+01 -4.4168e-01 +3.2064e+00 -1.1949e-01 -2.4403e+00 -2.7060e+00
791 0 +1.915033034e+01 +7.828033034e+01 +7.828033034e+01 -4.7995e-01 +3.2114e+00 -4.0333e-01 -2.1138e+00 -2.6424e+00
819 0 +1.872577430e+01 +7.785577430e+01 +7.785577430e+01 -4.5630e-01 +3.2069e+00 -3.9350e-01 -2.1396e+00 -2.6460e+00
851 0 +1.535134381e+01 +7.448134381e+01 +7.448134381e+01 -6.3213e-01 +3.1767e+00 -5.2363e-01 -1.9144e+00 -2.6799e+00
881 0 +1.427366091e+01 +7.340366091e+01 +7.340366091e+01 -5.0650e-01 +3.1080e+00 -2.2320e-01 -2.2978e+00 -2.7907e+00
931 0 +1.352834252e+01 +7.265834252e+01 +7.265834252e+01 -6.0183e-01 +3.1409e+00 -3.7299e-01 -2.0924e+00 -2.7450e+00
965 0 +1.324254171e+01 +7.237254171e+01 +7.237254171e+01 -5.8321e-01 +2.9603e+00 -2.0251e-01 -2.2862e+00 -2.9574e+00
970 0 +1.306745240e+01 +7.219745240e+01 +7.219745240e+01 -5.0461e-01 +3.0509e+00 -1.6363e-01 -2.3709e+00 -2.8633e+00
980 0 +1.116906392e+01 +7.029906392e+01 +7.029906392e+01 -9.1223e-01 +2.7839e+00 -5.0617e-01 -1.7645e+00 -3.1059e+00
988 0 +1.012842920e+01 +6.925842920e+01 +6.925842920e+01 -7.5138e-01 +2.9536e+00 -4.3305e-01 -1.9455e+00 -2.9400e+00
996 0 +9.529878475e+00 +6.865987847e+01 +6.865987847e+01 -8.7405e-01 +2.9202e+00 -5.1476e-01 -1.7851e+00 -2.9692e+00
1006 0 +7.522407942e+00 +6.665240794e+01 +6.665240794e+01 -1.2595e+00 +2.7075e+00 -9.2378e-01 -1.1329e+00 -3.1472e+00
1054 0 +2.771464733e+00 +6.190146473e+01 +6.190146473e+01 -2.0186e+00 +2.3028e+00 -1.4322e+00 -1.4590e-01 -3.5411e+00
1083 0 +1.626334403e+00 +6.075633440e+01 +6.075633440e+01 -2.0438e+00 +2.3172e+00 -1.5200e+00 -4.0769e-02 -3.5141e+00
1154 0 +7.923605836e-01 +5.992236058e+01 +5.992236058e+01 -2.4337e+00 +2.0573e+00 -1.7540e+00 +4.2881e-01 -3.7786e+00
% f evaluations | g evaluations | best noise-free fitness - Fopt (-4.915300000000e+02) + sum g_i+ | measured fitness | best measured fitness or single-digit g-values | x1 | x2...
1 0 +1.453349878e+05 +1.448434578e+05 +1.448434578e+05 +5.9671e-01 -3.8264e-02 +7.4769e-01 +1.6230e+00 -1.3415e-01
4 0 +1.008963199e+05 +1.004047899e+05 +1.004047899e+05 -4.6229e-01 -9.1283e-01 +4.1425e-01 -8.0802e-01 -1.3123e+00
11 0 +6.754048487e+03 +6.262518487e+03 +6.262518487e+03 +4.2408e-01 -2.8508e-01 -5.7692e-01 +7.1168e-01 +1.1310e+00
65 0 +6.147007788e+03 +5.655477788e+03 +5.655477788e+03 +3.0045e-01 +1.1703e+00 -1.0389e+00 -6.4607e-01 -4.2218e-01
138 0 +4.348000021e+03 +3.856470021e+03 +3.856470021e+03 +3.1717e-01 +1.9306e+00 -3.0792e-01 -5.0798e-01 -1.2014e+00
153 0 +2.778385482e+03 +2.286855482e+03 +2.286855482e+03 +2.0458e-03 +1.3832e+00 -1.0671e-01 -1.1549e+00 -1.1201e+00
181 0 +1.491087711e+03 +9.995577107e+02 +9.995577107e+02 +2.3283e-01 +1.3352e+00 -3.9230e-01 -5.0792e-01 -6.3665e-01
237 0 +1.015515523e+03 +5.239855228e+02 +5.239855228e+02 +6.2162e-01 +1.8284e+00 -8.0948e-01 +6.6294e-01 -4.9961e-01
260 0 +2.549012294e+02 -2.366287706e+02 -2.366287706e+02 +5.6073e-01 +2.4975e+00 -5.2531e-01 +1.4369e-01 -1.1280e+00
451 0 +1.139574158e+02 -3.775725842e+02 -3.775725842e+02 +7.0284e-01 +5.1864e-01 -1.6585e+00 +1.1752e+00 +4.4398e-01
459 0 +1.110294888e+02 -3.805005112e+02 -3.805005112e+02 +6.0373e-01 +7.8908e-01 -1.5188e+00 +8.4016e-01 +3.3346e-02
510 0 +1.075209303e+02 -3.840090697e+02 -3.840090697e+02 +4.3899e-01 +3.9561e-01 -1.8409e+00 +4.7244e-01 -2.5277e-02
513 0 +6.835014651e+01 -4.231798535e+02 -4.231798535e+02 +6.6337e-01 +1.1266e+00 -1.6222e+00 +9.3227e-01 -1.4879e-01
521 0 +4.508739272e+01 -4.464426073e+02 -4.464426073e+02 +2.3287e-01 +4.3503e-01 -2.1986e+00 -9.7581e-02 -6.5271e-01
557 0 +4.282581918e+01 -4.487041808e+02 -4.487041808e+02 +5.9648e-01 +3.5007e-01 -1.9379e+00 +9.7633e-01 +2.6740e-01
568 0 +3.247048827e+01 -4.590595117e+02 -4.590595117e+02 +6.1371e-01 +6.2938e-01 -1.8000e+00 +9.4707e-01 +1.0767e-01
605 0 +2.969573475e+01 -4.618342653e+02 -4.618342653e+02 +4.6415e-01 +4.6188e-01 -2.1818e+00 +5.6930e-01 -1.9346e-01
607 0 +1.357160763e+01 -4.779583924e+02 -4.779583924e+02 +4.2648e-01 -1.0793e-01 -2.5543e+00 +6.6819e-01 +5.6023e-02
619 0 +1.031374825e+01 -4.812162517e+02 -4.812162517e+02 +4.6683e-01 +2.3064e-01 -2.2688e+00 +6.4652e-01 -3.6522e-02
718 0 +9.937662211e+00 -4.815923378e+02 -4.815923378e+02 +3.9474e-01 -1.1102e-02 -2.4414e+00 +5.3950e-01 -2.8691e-02
750 0 +5.699679717e+00 -4.858303203e+02 -4.858303203e+02 +5.0770e-01 +1.7688e-01 -2.2166e+00 +7.8624e-01 +1.1976e-01
762 0 +4.577076133e+00 -4.869529239e+02 -4.869529239e+02 +3.6787e-01 -2.2278e-01 -2.6273e+00 +5.1850e-01 +3.2356e-02
787 0 +3.511536241e+00 -4.880184638e+02 -4.880184638e+02 +3.9501e-01 -4.3886e-02 -2.4512e+00 +5.3114e-01 -3.5040e-03
800 0 +3.466178226e+00 -4.880638218e+02 -4.880638218e+02 +4.9245e-01 +1.7430e-01 -2.2647e+00 +7.4283e-01 +6.8499e-02
804 0 +1.101832703e+00 -4.904281673e+02 -4.904281673e+02 +2.5680e-01 -4.0727e-01 -2.7658e+00 +2.6290e-01 -8.9935e-02
861 0 +8.874961654e-01 -4.906425038e+02 -4.906425038e+02 +2.0877e-01 -4.3764e-01 -2.8192e+00 +1.3687e-01 -1.7604e-01
961 0 +7.694813472e-01 -4.907605187e+02 -4.907605187e+02 +1.1337e-01 -7.0993e-01 -3.0331e+00 -5.2377e-02 -2.1247e-01
1001 0 +3.444780907e-01 -4.911855219e+02 -4.911855219e+02 +2.9522e-02 -8.6725e-01 -3.2109e+00 -2.3242e-01 -3.1562e-01
1018 0 +2.838948061e-01 -4.912461052e+02 -4.912461052e+02 +1.6169e-01 -6.2578e-01 -2.9679e+00 +6.2765e-02 -1.6671e-01
1037 0 +9.515561808e-02 -4.914348444e+02 -4.914348444e+02 +9.1563e-02 -7.3955e-01 -3.0745e+00 -1.0046e-01 -2.4864e-01
1088 0 +8.608164531e-02 -4.914439184e+02 -4.914439184e+02 +1.4491e-02 -9.5280e-01 -3.2676e+00 -2.4922e-01 -2.9170e-01
1107 0 +7.606245969e-02 -4.914539375e+02 -4.914539375e+02 +1.0157e-01 -7.6379e-01 -3.0912e+00 -6.2328e-02 -2.1411e-01
1110 0 +2.196778387e-02 -4.915080322e+02 -4.915080322e+02 +8.2840e-02 -7.9088e-01 -3.1211e+00 -1.0633e-01 -2.4028e-01
1184 0 +2.037099076e-02 -4.915096290e+02 -4.915096290e+02 +6.1024e-02 -8.2969e-01 -3.1551e+00 -1.5732e-01 -2.6198e-01
1193 0 +1.408080982e-02 -4.915159192e+02 -4.915159192e+02 +7.0352e-02 -8.2793e-01 -3.1524e+00 -1.3041e-01 -2.4453e-01
1197 0 +1.195784369e-02 -4.915180422e+02 -4.915180422e+02 +6.6563e-02 -8.3239e-01 -3.1566e+00 -1.3999e-01 -2.4942e-01
1217 0 +7.667237790e-03 -4.915223328e+02 -4.915223328e+02 +6.1329e-02 -8.3379e-01 -3.1593e+00 -1.5417e-01 -2.5987e-01
1222 0 +4.260242352e-03 -4.915257398e+02 -4.915257398e+02 +6.2916e-02 -8.3220e-01 -3.1573e+00 -1.5019e-01 -2.5772e-01
% f evaluations | g evaluations | best noise-free fitness - Fopt (-1.702000000000e+02) + sum g_i+ | measured fitness | best measured fitness or single-digit g-values | x1 | x2...
1 0 +1.057601993e+07 +1.057584973e+07 +1.057584973e+07 +5.9671e-01 -3.8264e-02 +7.4769e-01 +1.6230e+00 -1.3415e-01
11 0 +7.334823365e+06 +7.334653165e+06 +7.334653165e+06 +4.2408e-01 -2.8508e-01 -5.7692e-01 +7.1168e-01 +1.1310e+00
23 0 +6.822071283e+06 +6.821901083e+06 +6.821901083e+06 -1.8188e+00 +7.3486e-02 +1.6023e-01 +2.5632e+00 -9.2361e-02
24 0 +5.050130776e+06 +5.049960576e+06 +5.049960576e+06 +4.0155e-01 +6.5288e-02 -1.0687e+00 +1.2428e+00 +8.5193e-01
27 0 +4.896710194e+06 +4.896539994e+06 +4.896539994e+06 +3.3633e-01 +2.4252e-01 -1.2991e-01 +2.4977e+00 -1.2052e-01
33 0 +1.123550297e+06 +1.123380097e+06 +1.123380097e+06 -8.4122e-01 -5.6282e-02 -2.2516e+00 +2.5969e+00 +5.3933e-01
42 0 +4.462489113e+05 +4.460787113e+05 +4.460787113e+05 -2.8582e-01 -1.2257e+00 -1.3562e+00 +3.9456e+00 +2.1197e-01
51 0 +4.259729468e+05 +4.258027468e+05 +4.258027468e+05 +1.8005e-02 -4.0192e-01 -8.0835e-01 +1.7866e+00 +4.4473e+00
52 0 +2.548103517e+05 +2.546401517e+05 +2.546401517e+05 -3.8669e+00 -2.3823e+00 -2.5184e+00 +3.4505e+00 +1.4833e+00
53 0 +1.988743033e+05 +1.987041033e+05 +1.987041033e+05 -9.7601e-01 -1.8998e+00 -1.4770e+00 +4.5788e+00 +1.6183e+00
58 0 +1.318955517e+05 +1.317253517e+05 +1.317253517e+05 -7.8530e-01 +1.1958e+00 -7.3256e-01 +4.1565e+00 +1.1690e+00
79 0 +4.633552411e+04 +4.616532411e+04 +4.616532411e+04 -2.6667e+00 +2.5825e-01 -2.2618e+00 +3.2808e+00 +2.2218e+00
108 0 +2.590895603e+04 +2.573875603e+04 +2.573875603e+04 +1.5884e+00 +2.8841e+00 +2.0965e+00 +4.3513e+00 +4.1355e+00
191 0 +2.582229720e+04 +2.565209720e+04 +2.565209720e+04 -2.0598e+00 -2.6268e-01 -1.9211e+00 +4.7313e+00 +2.4302e-01
206 0 +1.872149447e+04 +1.855129447e+04 +1.855129447e+04 -1.7915e+00 +9.5303e-01 -3.4949e-01 +4.4059e+00 +2.7041e+00
229 0 +1.370189227e+04 +1.353169227e+04 +1.353169227e+04 -1.7497e+00 +1.3846e+00 -1.7129e-01 +3.3465e+00 +4.5641e+00
269 0 +7.432612755e+03 +7.262412755e+03 +7.262412755e+03 -2.5660e+00 -5.6550e-01 -3.7708e-01 +3.9707e+00 +3.5246e+00
322 0 +2.326589850e+03 +2.156389850e+03 +2.156389850e+03 -1.5614e+00 +4.5975e-01 +9.8748e-02 +3.6532e+00 +4.2472e+00
414 0 +6.736850714e+02 +5.034850714e+02 +5.034850714e+02 -4.1576e+00 -1.0695e+00 -2.0902e+00 +3.7905e+00 +2.5771e+00
428 0 +6.164943387e+02 +4.462943387e+02 +4.462943387e+02 -2.9473e+00 -5.9652e-01 -1.0741e+00 +3.6558e+00 +3.5229e+00
469 0 +4.648494535e+02 +2.946494535e+02 +2.946494535e+02 -2.8719e+00 +2.6005e-02 -1.2307e+00 +3.9794e+00 +2.6210e+00
506 0 +4.407797812e+02 +2.705797812e+02 +2.705797812e+02 -3.9236e+00 -3.3374e-01 -2.2454e+00 +3.9903e+00 +1.8255e+00
514 0 +3.396282795e+02 +1.694282795e+02 +1.694282795e+02 -2.9131e+00 -1.6707e-01 -1.1799e+00 +3.8956e+00 +2.8515e+00
516 0 +2.041879841e+02 +3.398798410e+01 +3.398798410e+01 -2.0497e+00 -3.2554e-01 -6.1003e-01 +4.5126e+00 +2.2125e+00
607 0 +1.642404004e+02 -5.959599608e+00 -5.959599608e+00 -3.1670e+00 -1.0480e+00 -1.4447e+00 +4.1872e+00 +2.2570e+00
613 0 +1.021238239e+02 -6.807617606e+01 -6.807617606e+01 -3.2555e+00 -4.2977e-01 -1.5574e+00 +4.0259e+00 +2.3563e+00
665 0 +1.015200725e+02 -6.867992748e+01 -6.867992748e+01 -3.1545e+00 -4.5605e-01 -1.4323e+00 +4.0368e+00 +2.4381e+00
668 0 +8.665330800e+01 -8.354669200e+01 -8.354669200e+01 -2.4548e+00 -6.8532e-01 -9.8373e-01 +4.4096e+00 +2.1324e+00
673 0 +5.248979685e+01 -1.177102032e+02 -1.177102032e+02 -4.4083e+00 -8.7882e-01 -2.2427e+00 +3.2413e+00 +3.3635e+00
685 0 +4.126070037e+01 -1.289392996e+02 -1.289392996e+02 -3.1916e+00 -7.0436e-01 -1.4327e+00 +4.0400e+00 +2.4903e+00
688 0 +3.722602820e+01 -1.329739718e+02 -1.329739718e+02 -3.0514e+00 -5.9640e-01 -1.4058e+00 +4.2520e+00 +2.0984e+00
726 0 +1.808107110e+01 -1.521189289e+02 -1.521189289e+02 -3.4022e+00 -7.7130e-01 -1.5556e+00 +3.8157e+00 +2.8150e+00
789 0 +8.567530224e+00 -1.616324698e+02 -1.616324698e+02 -3.2384e+00 -7.7142e-01 -1.4507e+00 +3.8294e+00 +2.8537e+00
810 0 +6.833347447e+00 -1.633666526e+02 -1.633666526e+02 -3.0714e+00 -6.7924e-01 -1.3351e+00 +3.9105e+00 +2.7751e+00
816 0 +4.849561478e+00 -1.653504385e+02 -1.653504385e+02 -3.0312e+00 -7.4738e-01 -1.2578e+00 +3.8234e+00 +3.0103e+00
856 0 +4.414172875e+00 -1.657858271e+02 -1.657858271e+02 -3.2194e+00 -7.8675e-01 -1.3881e+00 +3.7218e+00 +3.1053e+00
871 0 +3.230515626e+00 -1.669694844e+02 -1.669694844e+02 -2.5523e+00 -6.9039e-01 -9.4682e-01 +4.1595e+00 +2.6296e+00
895 0 +3.187563775e+00 -1.670124362e+02 -1.670124362e+02 -3.0323e+00 -6.7668e-01 -1.2730e+00 +3.8331e+00 +2.9711e+00
903 0 +2.688986116e+00 -1.675110139e+02 -1.675110139e+02 -3.1704e+00 -7.6095e-01 -1.3658e+00 +3.7765e+00 +3.0163e+00
944 0 +1.665294486e+00 -1.685347055e+02 -1.685347055e+02 -3.1082e+00 -7.2379e-01 -1.3242e+00 +3.8305e+00 +2.9495e+00
951 0 +1.245058232e+00 -1.689549418e+02 -1.689549418e+02 -2.9953e+00 -7.3598e-01 -1.2423e+00 +3.8681e+00 +2.9421e+00
1000 0 +1.199511943e+00 -1.690004881e+02 -1.690004881e+02 -3.2179e+00 -7.5026e-01 -1.3973e+00 +3.7330e+00 +3.0706e+00
1009 0 +4.490602886e-01 -1.697509397e+02 -1.697509397e+02 -3.3293e+00 -7.4599e-01 -1.4730e+00 +3.6745e+00 +3.1212e+00
1022 0 +2.250000682e-01 -1.699749999e+02 -1.699749999e+02 -3.4188e+00 -7.4716e-01 -1.5255e+00 +3.5775e+00 +3.2562e+00
1068 0 +2.046057979e-01 -1.699953942e+02 -1.699953942e+02 -3.4476e+00 -7.4666e-01 -1.5340e+00 +3.5380e+00 +3.3247e+00
1144 0 +1.876992138e-01 -1.700123008e+02 -1.700123008e+02 -3.3074e+00 -7.4283e-01 -1.4482e+00 +3.6532e+00 +3.1786e+00
1151 0 +1.857731390e-01 -1.700142269e+02 -1.700142269e+02 -3.3744e+00 -7.3626e-01 -1.4927e+00 +3.5971e+00 +3.2448e+00
1170 0 +1.171368604e-01 -1.700828631e+02 -1.700828631e+02 -3.3728e+00 -7.4073e-01 -1.4926e+00 +3.6046e+00 +3.2323e+00
1198 0 +1.154650932e-01 -1.700845349e+02 -1.700845349e+02 -3.3617e+00 -7.4499e-01 -1.4839e+00 +3.6103e+00 +3.2291e+00
1225 0 +8.291721501e-02 -1.701170828e+02 -1.701170828e+02 -3.5128e+00 -7.4591e-01 -1.5912e+00 +3.5330e+00 +3.2883e+00
1239 0 +5.215181172e-02 -1.701478482e+02 -1.701478482e+02 -3.4430e+00 -7.4557e-01 -1.5420e+00 +3.5694e+00 +3.2600e+00
1248 0 +4.759162688e-02 -1.701524084e+02 -1.701524084e+02 -3.4611e+00 -7.4935e-01 -1.5521e+00 +3.5549e+00 +3.2795e+00
% f evaluations | g evaluations | best noise-free fitness - Fopt (-4.697500000000e+02) + sum g_i+ | measured fitness | best measured fitness or single-digit g-values | x1 | x2...
1 0 +5.666156262e+06 +5.665686512e+06 +5.665686512e+06 +5.9671e-01 -3.8264e-02 +7.4769e-01 +1.6230e+00 -1.3415e-01
14 0 +4.160546314e+06 +4.160076564e+06 +4.160076564e+06 +1.4562e+00 +2.7990e-02 +1.1035e+00 +4.6164e-01 -5.4512e-01
25 0 +3.919900622e+06 +3.919430872e+06 +3.919430872e+06 +8.9103e-01 -8.0939e-01 +1.5028e+00 -1.3019e+00 +6.8686e-01
42 0 +3.257565511e+06 +3.257095761e+06 +3.257095761e+06 +3.2575e-01 -1.5466e-01 +2.0322e+00 -5.6400e-01 +1.8909e+00
48 0 +2.171488230e+06 +2.171018480e+06 +2.171018480e+06 +9.9614e-01 -9.8890e-01 +2.3080e+00 +7.2412e-01 -1.3125e+00
60 0 +1.974374208e+06 +1.973904458e+06 +1.973904458e+06 -1.4414e-01 -1.3180e+00 +3.0904e+00 -6.1913e-01 +5.4887e-01
70 0 +1.545751324e+06 +1.545281574e+06 +1.545281574e+06 +1.4904e+00 -1.8074e+00 +1.3282e+00 +1.7658e+00 -9.4964e-01
75 0 +6.981174182e+05 +6.976476682e+05 +6.976476682e+05 +2.1018e+00 -7.5583e-01 +1.0334e+00 +1.8663e+00 +9.7655e-01
78 0 +5.831998635e+05 +5.827301135e+05 +5.827301135e+05 +2.0840e+00 -1.8040e+00 +6.7958e-01 +1.2768e+00 +1.8225e+00
82 0 +3.803565797e+05 +3.798868297e+05 +3.798868297e+05 +2.5708e+00 -9.0063e-02 +1.7324e+00 +1.4045e+00 -2.0456e-01
85 0 +3.618505866e+05 +3.613808366e+05 +3.613808366e+05 +3.9277e-01 -1.3334e+00 +2.8369e+00 +1.3628e+00 +8.7230e-01
103 0 +2.056376999e+05 +2.051679499e+05 +2.051679499e+05 +2.6476e+00 +2.2698e-01 +2.7304e+00 +3.3268e+00 -6.1739e-01
113 0 +4.232946243e+04 +4.185971243e+04 +4.185971243e+04 +1.2291e+00 -1.4975e+00 +4.0970e+00 +1.4412e+00 -1.6055e+00
137 0 +3.873936030e+04 +3.826961030e+04 +3.826961030e+04 +3.8873e+00 -1.6401e+00 +1.3428e+00 -1.8551e+00 +1.2336e+00
165 0 +7.515031455e+03 +7.045281455e+03 +7.045281455e+03 +1.4624e+00 -1.7235e+00 +2.9780e+00 -1.7452e-01 +1.0328e+00
191 0 +4.497144392e+03 +4.027394392e+03 +4.027394392e+03 -9.8484e-03 +1.8087e-01 +4.4097e+00 +2.3904e+00 +1.0572e+00
336 0 +4.342588794e+03 +3.872838794e+03 +3.872838794e+03 -2.8963e-01 -9.3192e-01 +4.1151e+00 +1.1197e+00 +2.2813e+00
345 0 +2.939209823e+03 +2.469459823e+03 +2.469459823e+03 -3.0535e-01 -1.1963e+00 +4.2121e+00 +4.1074e-01 +2.6666e+00
360 0 +2.206973831e+02 -2.490526169e+02 -2.490526169e+02 -1.0824e+00 -1.8143e+00 +4.5601e+00 +1.1823e+00 +2.2228e+00
468 0 +1.772979743e+02 -2.924520257e+02 -2.924520257e+02 -5.2781e-01 -1.4172e+00 +4.4774e+00 +1.3507e+00 +1.3210e+00
482 0 +1.547537416e+02 -3.149962584e+02 -3.149962584e+02 -4.4834e-01 -1.4777e+00 +4.4152e+00 +1.2551e+00 +1.2818e+00
503 0 +1.016564793e+02 -3.680935207e+02 -3.680935207e+02 -3.1650e-01 -1.1337e+00 +4.3265e+00 +1.2556e+00 +1.6451e+00
582 0 +9.257399213e+01 -3.771760079e+02 -3.771760079e+02 +1.1456e-01 -6.9954e-01 +4.2381e+00 +1.5345e+00 +1.0208e+00
668 0 +8.246236769e+01 -3.872876323e+02 -3.872876323e+02 -1.2085e-01 -9.1777e-01 +4.3054e+00 +1.4263e+00 +1.2946e+00
678 0 +5.476046738e+01 -4.149895326e+02 -4.149895326e+02 -3.3204e-01 -1.2920e+00 +4.3329e+00 +1.3096e+00 +1.4105e+00
681 0 +3.484973361e+01 -4.349002664e+02 -4.349002664e+02 -4.5799e-01 -1.0607e+00 +4.4343e+00 +1.3775e+00 +1.6661e+00
777 0 +2.792819009e+01 -4.418218099e+02 -4.418218099e+02 -4.3737e-01 -1.1381e+00 +4.4011e+00 +1.2726e+00 +1.7104e+00
829 0 +2.703086355e+01 -4.427191365e+02 -4.427191365e+02 -5.4136e-01 -1.1810e+00 +4.4496e+00 +1.2769e+00 +1.7909e+00
841 0 +2.590739254e+01 -4.438426075e+02 -4.438426075e+02 -6.0661e-01 -1.2773e+00 +4.4508e+00 +1.2022e+00 +1.9115e+00
848 0 +2.406834421e+01 -4.456816558e+02 -4.456816558e+02 -7.4234e-01 -1.1372e+00 +4.5393e+00 +1.2690e+00 +2.1232e+00
876 0 +2.238523474e+01 -4.473647653e+02 -4.473647653e+02 -5.9404e-01 -1.6540e+00 +4.3729e+00 +1.0718e+00 +1.7307e+00
901 0 +9.063635529e+00 -4.606863645e+02 -4.606863645e+02 -7.6865e-01 -1.5375e+00 +4.4869e+00 +1.1618e+00 +1.9421e+00
1001 0 +7.230355210e+00 -4.625196448e+02 -4.625196448e+02 -6.1247e-01 -1.8533e+00 +4.3729e+00 +1.0949e+00 +1.5077e+00
1028 0 +4.881624982e+00 -4.648683750e+02 -4.648683750e+02 -6.2255e-01 -2.0714e+00 +4.3534e+00 +1.0597e+00 +1.3524e+00
1103 0 +2.632995115e+00 -4.671170049e+02 -4.671170049e+02 -2.9795e-01 -2.4824e+00 +4.1560e+00 +1.0059e+00 +5.7997e-01
1109 0 +2.558797711e+00 -4.671912023e+02 -4.671912023e+02 -3.4236e-01 -2.3743e+00 +4.1815e+00 +9.9572e-01 +7.7144e-01
1166 0 +1.707505318e+00 -4.680424947e+02 -4.680424947e+02 -3.1932e-01 -2.6272e+00 +4.1378e+00 +9.4174e-01 +5.6239e-01
1186 0 +8.573548744e-01 -4.688926451e+02 -4.688926451e+02 +8.0073e-02 -2.8859e+00 +3.9342e+00 +9.2448e-01 -2.2999e-01
1222 0 +4.393189048e-01 -4.693106811e+02 -4.693106811e+02 -1.2795e-02 -2.9622e+00 +3.9666e+00 +8.9688e-01 -1.4270e-01
% f evaluations | g evaluations | best noise-free fitness - Fopt (-5.191000000000e+01) + sum g_i+ | measured fitness | best measured fitness or single-digit g-values | x1 | x2...
1 0 +2.189234218e+06 +2.189182308e+06 +2.189182308e+06 +5.9671e-01 -3.8264e-02 +7.4769e-01 +1.6230e+00 -1.3415e-01
3 0 +1.958563159e+06 +1.958511249e+06 +1.958511249e+06 -3.6342e-01 -3.6573e-01 +3.4196e-01 -1.8133e+00 -1.6249e+00
5 0 +1.418680902e+06 +1.418628992e+06 +1.418628992e+06 +1.5656e+00 -1.2578e-01 +1.6753e-01 -1.3247e+00 -4.4438e-01
8 0 +5.397702762e+04 +5.392511762e+04 +5.392511762e+04 -1.1208e+00 +3.0886e-01 -1.8597e+00 -1.2282e+00 +2.9686e-01
26 0 +5.339075677e+04 +5.333884677e+04 +5.333884677e+04 +9.2698e-01 +3.0778e-01 -5.5985e-01 -4.6354e-01 -1.4280e+00
28 0 +4.311794737e+04 +4.306603737e+04 +4.306603737e+04 +5.6201e-01 +1.0746e+00 -6.6028e-01 +5.6188e-01 -1.3016e+00
41 0 +7.562129622e+03 +7.510219622e+03 +7.510219622e+03 +2.4796e+00 +1.2294e+00 -6.5952e-01 +1.4823e+00 -4.3330e-01
96 0 +6.518139327e+03 +6.466229327e+03 +6.466229327e+03 -3.4471e-01 +9.2951e-01 -1.2822e+00 -7.3471e-01 -1.1797e+00
113 0 +3.966874973e+03 +3.914964973e+03 +3.914964973e+03 +4.8832e-01 +4.5325e-01 -1.1186e+00 -1.0966e+00 -1.0323e+00
210 0 +3.575647451e+03 +3.523737451e+03 +3.523737451e+03 +8.5009e-01 +4.9635e-01 -8.3495e-01 -8.2051e-01 -1.5008e+00
246 0 +3.374720158e+03 +3.322810158e+03 +3.322810158e+03 +7.0358e-01 +3.5275e-01 -8.7059e-01 -1.1633e+00 -1.6072e+00
253 0 +2.301792520e+03 +2.249882520e+03 +2.249882520e+03 +9.0056e-01 +7.9120e-01 -7.0953e-01 -2.2259e-01 -1.8614e+00
281 0 +2.258363072e+03 +2.206453072e+03 +2.206453072e+03 +4.9471e-01 +8.7145e-01 -8.3466e-01 -1.0576e-01 -1.6100e+00
296 0 +1.811571600e+03 +1.759661600e+03 +1.759661600e+03 +4.1271e-01 +8.3928e-01 -8.7493e-01 -8.1480e-01 -1.9285e+00
328 0 +1.644394459e+03 +1.592484459e+03 +1.592484459e+03 +7.8435e-01 +1.3315e+00 -5.8866e-01 +7.8377e-01 -2.2614e+00
340 0 +9.765439395e+02 +9.246339395e+02 +9.246339395e+02 +3.9484e-01 +1.2728e+00 -1.0551e+00 -8.7339e-02 -1.1622e+00
348 0 +9.475173518e+02 +8.956073518e+02 +8.956073518e+02 +4.2187e-01 +1.1321e+00 -9.7719e-01 -1.2982e-02 -1.3093e+00
356 0 +9.230740145e+02 +8.711640145e+02 +8.711640145e+02 +2.0136e-01 +1.2923e+00 -1.1029e+00 -1.9225e-01 -1.1442e+00
360 0 +7.987894144e+02 +7.468794144e+02 +7.468794144e+02 -6.8565e-02 +1.7000e+00 -1.0888e+00 +6.7611e-01 -1.2923e+00
366 0 +6.322506672e+02 +5.803406672e+02 +5.803406672e+02 +3.0451e-01 +1.5643e+00 -9.8440e-01 +6.7985e-01 -1.3494e+00
379 0 +3.393812271e+02 +2.874712271e+02 +2.874712271e+02 +1.7645e-01 +1.6130e+00 -1.2403e+00 +3.8332e-01 -6.9564e-01
430 0 +3.367556444e+02 +2.848456444e+02 +2.848456444e+02 +5.8634e-01 +1.6387e+00 -1.0527e+00 +9.8079e-01 -7.8781e-01
451 0 +2.240630464e+02 +1.721530464e+02 +1.721530464e+02 -3.3922e-01 +2.0119e+00 -1.8211e+00 +3.3343e-01 +7.4064e-01
593 0 +2.033135691e+02 +1.514035691e+02 +1.514035691e+02 -4.1941e-01 +1.8797e+00 -1.6169e+00 +1.0116e-01 -2.8080e-03
613 0 +1.980817076e+02 +1.461717076e+02 +1.461717076e+02 -8.1227e-01 +1.8495e+00 -1.7518e+00 -4.8526e-01 -5.3477e-02
619 0 +1.115092017e+02 +5.959920174e+01 +5.959920174e+01 -2.6516e-01 +1.7653e+00 -1.6465e+00 -2.7900e-02 +1.8692e-01
703 0 +5.825297273e+01 +6.342972731e+00 +6.342972731e+00 -1.0025e+00 +1.9980e+00 -2.2547e+00 -8.8077e-01 +1.2946e+00
769 0 +5.606796862e+01 +4.157968616e+00 +4.157968616e+00 -1.2626e+00 +1.8733e+00 -2.2081e+00 -1.3223e+00 +8.1958e-01
780 0 +3.205886274e+01 -1.985113726e+01 -1.985113726e+01 -8.0329e-01 +1.8924e+00 -2.2017e+00 -7.9015e-01 +1.3344e+00
802 0 +3.084176843e+01 -2.106823157e+01 -2.106823157e+01 -2.5382e-01 +2.0362e+00 -2.0119e+00 +2.4472e-01 +1.4176e+00
816 0 +2.320118030e+01 -2.870881970e+01 -2.870881970e+01 -5.2499e-01 +1.9887e+00 -2.1563e+00 -3.0484e-01 +1.5210e+00
830 0 +2.202764073e+01 -2.988235927e+01 -2.988235927e+01 +8.8609e-02 +2.1052e+00 -1.9406e+00 +7.9207e-01 +1.6142e+00
845 0 +1.870057100e+01 -3.320942900e+01 -3.320942900e+01 -3.8838e-01 +1.9733e+00 -2.0925e+00 -1.0856e-01 +1.4818e+00
869 0 +1.862694018e+01 -3.328305982e+01 -3.328305982e+01 -5.4461e-01 +2.0036e+00 -2.2142e+00 -3.1697e-01 +1.6937e+00
873 0 +1.810222828e+01 -3.380777172e+01 -3.380777172e+01 -3.0660e-01 +2.0085e+00 -2.1120e+00 +9.7466e-03 +1.6378e+00
920 0 +1.463440951e+01 -3.727559049e+01 -3.727559049e+01 -7.5425e-02 +2.1206e+00 -2.1823e+00 +4.4173e-01 +2.1650e+00
935 0 +1.210218369e+01 -3.980781631e+01 -3.980781631e+01 +3.9702e-02 +2.0529e+00 -2.0457e+00 +5.4486e-01 +1.8587e+00
939 0 +3.319519600e+00 -4.859048040e+01 -4.859048040e+01 +7.7234e-01 +2.1602e+00 -1.8233e+00 +1.7200e+00 +2.0413e+00
996 0 +9.241362281e-01 -5.098586377e+01 -5.098586377e+01 +1.6703e+00 +2.3025e+00 -1.6052e+00 +3.1474e+00 +2.4442e+00
1141 0 +6.616510786e-01 -5.124834892e+01 -5.124834892e+01 +1.4317e+00 +2.2721e+00 -1.6920e+00 +2.7639e+00 +2.4284e+00
1169 0 +6.344199452e-01 -5.127558005e+01 -5.127558005e+01 +1.3349e+00 +2.2671e+00 -1.7176e+00 +2.6255e+00 +2.3944e+00
1196 0 +2.134864675e-01 -5.169651353e+01 -5.169651353e+01 +1.7145e+00 +2.3147e+00 -1.6126e+00 +3.2071e+00 +2.5178e+00
1202 0 +1.468173971e-01 -5.176318260e+01 -5.176318260e+01 +1.5459e+00 +2.2906e+00 -1.6636e+00 +2.9410e+00 +2.4751e+00
1237 0 +1.355655498e-01 -5.177443445e+01 -5.177443445e+01 +1.6635e+00 +2.3011e+00 -1.6282e+00 +3.1096e+00 +2.5003e+00
1238 0 +1.138656447e-01 -5.179613436e+01 -5.179613436e+01 +1.6978e+00 +2.3195e+00 -1.6305e+00 +3.1884e+00 +2.5560e+00
% f evaluations | g evaluations | best noise-free fitness - Fopt (4.808000000000e+01) + sum g_i+ | measured fitness | best measured fitness or single-digit g-values | x1 | x2...
1 0 +7.655939359e+06 +7.655987439e+06 +7.655987439e+06 +5.9671e-01 -3.8264e-02 +7.4769e-01 +1.6230e+00 -1.3415e-01
2 0 +5.817326131e+06 +5.817374211e+06 +5.817374211e+06 -1.3414e-01 +1.6792e+00 +8.6743e-01 -3.6947e-01 +6.4256e-01
3 0 +2.471456532e+06 +2.471504612e+06 +2.471504612e+06 -3.6342e-01 -3.6573e-01 +3.4196e-01 -1.8133e+00 -1.6249e+00
7 0 +2.056560075e+06 +2.056608155e+06 +2.056608155e+06 -5.0171e-01 +1.9523e+00 +8.6503e-02 -9.5771e-01 +9.2254e-01
8 0 +2.680933670e+05 +2.681414470e+05 +2.681414470e+05 -1.1208e+00 +3.0886e-01 -1.8597e+00 -1.2282e+00 +2.9686e-01
33 0 +6.436728399e+04 +6.441536399e+04 +6.441536399e+04 -3.0784e+00 +2.0658e+00 +3.7427e-01 -7.4801e-01 +7.6141e-01
38 0 +4.070927510e+04 +4.075735510e+04 +4.075735510e+04 +5.7127e-03 -1.3849e+00 -2.5215e+00 -2.0432e+00 +1.8756e+00
116 0 +3.218313640e+04 +3.223121640e+04 +3.223121640e+04 -7.7340e-01 +7.2393e-01 -1.5034e+00 -7.2413e-01 +1.9834e+00
135 0 +9.894282372e+03 +9.942362372e+03 +9.942362372e+03 -9.4488e-01 -1.7375e+00 -1.7173e+00 -2.0540e+00 +2.2777e+00
213 0 +9.172845592e+03 +9.220925592e+03 +9.220925592e+03 -1.5267e+00 -2.2758e+00 -1.2708e+00 -5.3557e-01 +4.2159e+00
263 0 +8.120076063e+03 +8.168156063e+03 +8.168156063e+03 -6.6840e-01 -1.5211e+00 -1.7381e+00 -1.2530e+00 +2.1619e+00
289 0 +4.488739642e+03 +4.536819642e+03 +4.536819642e+03 +9.4081e-01 -2.9783e+00 -3.2542e+00 -1.8124e-01 +3.0881e+00
321 0 +1.549994360e+03 +1.598074360e+03 +1.598074360e+03 +6.3749e-01 -3.6062e+00 -2.8859e+00 -1.7288e+00 +2.9049e+00
499 0 +5.582239746e+02 +6.063039746e+02 +6.063039746e+02 -2.6954e-01 -2.9215e+00 -2.2460e+00 -6.1408e-01 +3.2789e+00
510 0 +5.081165396e+02 +5.561965396e+02 +5.561965396e+02 +2.8833e-01 -2.0286e+00 -2.6290e+00 -9.9660e-02 +2.8622e+00
549 0 +4.375496250e+02 +4.856296250e+02 +4.856296250e+02 +3.8289e-01 -2.5560e+00 -2.6778e+00 -8.6168e-01 +2.7281e+00
562 0 +4.352773742e+02 +4.833573742e+02 +4.833573742e+02 +9.3543e-01 -2.2854e+00 -3.1026e+00 -7.0561e-01 +2.4083e+00
577 0 +4.104847346e+02 +4.585647346e+02 +4.585647346e+02 +2.2163e-01 -2.6354e+00 -2.6251e+00 -3.2220e-02 +3.2599e+00
580 0 +1.902309986e+02 +2.383109986e+02 +2.383109986e+02 +6.1076e-01 -2.7391e+00 -2.8647e+00 -1.3825e+00 +2.5675e+00
655 0 +1.618921027e+02 +2.099721027e+02 +2.099721027e+02 +3.9106e-01 -3.0467e+00 -2.7140e+00 -1.5510e+00 +2.7698e+00
666 0 +1.090565802e+02 +1.571365802e+02 +1.571365802e+02 +4.4197e-01 -2.9685e+00 -2.7246e+00 -1.8075e+00 +2.5097e+00
692 0 +6.348755808e+01 +1.115675581e+02 +1.115675581e+02 +1.4854e+00 -2.9911e+00 -3.4708e+00 -2.2549e+00 +1.8879e+00
764 0 +4.400887437e+01 +9.208887437e+01 +9.208887437e+01 +3.8543e-01 -3.3479e+00 -2.6801e+00 -2.5786e+00 +2.4709e+00
771 0 +3.396549310e+01 +8.204549310e+01 +8.204549310e+01 +2.9178e-01 -3.6504e+00 -2.6123e+00 -3.1352e+00 +2.4130e+00
816 0 +3.353384556e+01 +8.161384556e+01 +8.161384556e+01 -5.0955e-01 -3.4181e+00 -2.0510e+00 -2.3123e+00 +3.0272e+00
830 0 +1.108000790e+01 +5.916000790e+01 +5.916000790e+01 +9.6187e-01 -3.4698e+00 -3.0833e+00 -3.2414e+00 +1.9413e+00
852 0 +9.853820145e+00 +5.793382015e+01 +5.793382015e+01 -6.6025e-02 -3.5602e+00 -2.3555e+00 -2.8929e+00 +2.6303e+00
857 0 +3.370333234e+00 +5.145033323e+01 +5.145033323e+01 +9.5912e-01 -3.3845e+00 -3.0673e+00 -3.3366e+00 +1.8446e+00
962 0 +1.300804888e+00 +4.938080489e+01 +4.938080489e+01 +5.5141e-01 -3.5099e+00 -2.7822e+00 -3.2705e+00 +2.1380e+00
1038 0 +4.100438909e-01 +4.849004389e+01 +4.849004389e+01 +9.5350e-01 -3.4306e+00 -3.0667e+00 -3.3296e+00 +1.8730e+00
1067 0 +3.396965780e-01 +4.841969658e+01 +4.841969658e+01 +1.1981e+00 -3.3471e+00 -3.2437e+00 -3.2316e+00 +1.7569e+00
1108 0 +2.803528941e-01 +4.836035289e+01 +4.836035289e+01 +1.1916e+00 -3.3685e+00 -3.2357e+00 -3.3259e+00 +1.7269e+00
1111 0 +1.549623523e-01 +4.823496235e+01 +4.823496235e+01 +9.2400e-01 -3.3888e+00 -3.0481e+00 -3.1927e+00 +1.9242e+00
1181 0 +3.926592221e-02 +4.811926592e+01 +4.811926592e+01 +8.6755e-01 -3.4118e+00 -3.0075e+00 -3.2260e+00 +1.9511e+00
1244 0 +2.468204947e-02 +4.810468205e+01 +4.810468205e+01 +9.1584e-01 -3.3987e+00 -3.0415e+00 -3.2252e+00 +1.9205e+00
% f evaluations | g evaluations | best noise-free fitness - Fopt (3.058000000000e+01) + sum g_i+ | measured fitness | best measured fitness or single-digit g-values | x1 | x2...
1 0 +5.129698096e+06 +5.129728676e+06 +5.129728676e+06 +5.9671e-01 -3.8264e-02 +7.4769e-01 +1.6230e+00 -1.3415e-01
3 0 +3.849577660e+06 +3.849608240e+06 +3.849608240e+06 -3.6342e-01 -3.6573e-01 +3.4196e-01 -1.8133e+00 -1.6249e+00
4 0 +2.425531194e+06 +2.425561774e+06 +2.425561774e+06 -4.6229e-01 -9.1283e-01 +4.1425e-01 -8.0802e-01 -1.3123e+00
6 0 +2.328608918e+06 +2.328639498e+06 +2.328639498e+06 +2.1092e-01 -1.0510e+00 +4.7570e-01 -5.0064e-01 -1.9169e-01
25 0 +1.523876975e+06 +1.523907555e+06 +1.523907555e+06 +8.9103e-01 -8.0939e-01 +1.5028e+00 -1.3019e+00 +6.8686e-01
36 0 +1.300014370e+06 +1.300044950e+06 +1.300044950e+06 -1.1571e+00 +1.3405e-01 +1.2599e+00 -1.8534e+00 -2.5530e-01
38 0 +8.977975734e+05 +8.978281534e+05 +8.978281534e+05 -9.9161e-01 -1.6648e+00 -8.6254e-02 +1.3229e+00 -6.3309e-01
39 0 +5.968477466e+05 +5.968783266e+05 +5.968783266e+05 -3.2706e-02 -1.8447e+00 +8.8228e-01 -3.7126e-01 -1.6525e-01
45 0 +1.617780056e+05 +1.618085856e+05 +1.618085856e+05 -6.6717e-01 -1.1772e+00 +1.1852e+00 +4.7416e-02 +1.3806e+00
55 0 +4.619271224e+04 +4.622329224e+04 +4.622329224e+04 -2.9483e+00 +4.7541e-01 +2.0645e+00 +1.0754e+00 +5.4403e-01
126 0 +1.240487304e+04 +1.243545304e+04 +1.243545304e+04 +4.2181e-01 -5.3186e-01 +2.9657e+00 +2.7706e-01 +3.3185e+00
151 0 +1.063027882e+04 +1.066085882e+04 +1.066085882e+04 +3.4714e-01 -7.5542e-01 +2.6080e+00 +1.0015e-01 +3.6902e+00
222 0 +9.572759522e+03 +9.603339522e+03 +9.603339522e+03 -2.5923e+00 +7.9767e-02 +1.8329e+00 +2.6277e-01 +1.4280e+00
265 0 +8.891947339e+03 +8.922527339e+03 +8.922527339e+03 -1.0137e+00 -4.6188e-01 +2.1294e+00 +4.9169e-01 +2.7433e+00
296 0 +6.095507366e+03 +6.126087366e+03 +6.126087366e+03 -8.8170e-01 -6.6539e-01 +1.6568e+00 +7.9708e-01 +3.0665e+00
321 0 +4.067557122e+03 +4.098137122e+03 +4.098137122e+03 -2.7511e+00 +4.5813e-01 +2.0249e+00 +4.1293e-01 +1.8403e+00
327 0 +4.065963584e+03 +4.096543584e+03 +4.096543584e+03 -1.5848e+00 -7.6603e-02 +2.2509e+00 +5.7882e-01 +2.2330e+00
378 0 +3.496398295e+03 +3.526978295e+03 +3.526978295e+03 -2.1415e+00 +2.9158e-01 +2.4472e+00 +8.6721e-01 +1.7784e+00
418 0 +3.005050381e+03 +3.035630381e+03 +3.035630381e+03 -1.6195e+00 -2.7363e-01 +1.7719e+00 +6.2229e-01 +2.5250e+00
436 0 +1.979379224e+03 +2.009959224e+03 +2.009959224e+03 -9.3350e-01 -4.5034e-01 +1.7809e+00 -4.7056e-01 +3.1067e+00
439 0 +1.687437888e+03 +1.718017888e+03 +1.718017888e+03 -2.3005e+00 +4.9359e-01 +2.3192e+00 -6.7548e-01 +1.8721e+00
442 0 +1.625381627e+03 +1.655961627e+03 +1.655961627e+03 -1.8314e+00 -2.4834e-02 +1.8071e+00 -2.0454e-01 +2.3780e+00
455 0 +1.440602135e+03 +1.471182135e+03 +1.471182135e+03 -5.7401e-01 -6.5400e-01 +1.6560e+00 -9.8329e-01 +3.3657e+00
457 0 +1.309131877e+03 +1.339711877e+03 +1.339711877e+03 -8.4453e-01 -4.4287e-01 +1.8099e+00 -8.7184e-01 +3.1111e+00
472 0 +1.149928113e+03 +1.180508113e+03 +1.180508113e+03 -2.9126e+00 +3.4684e-01 +1.5556e+00 -2.5533e-01 +1.6299e+00
480 0 +8.795975231e+02 +9.101775231e+02 +9.101775231e+02 -3.2801e+00 +2.4177e-01 +1.0049e+00 -3.0519e-01 +1.6592e+00
512 0 +7.339052509e+02 +7.644852509e+02 +7.644852509e+02 -2.8366e+00 +5.1531e-02 +1.0671e+00 -3.2065e-01 +1.9682e+00
535 0 +6.270073868e+02 +6.575873868e+02 +6.575873868e+02 -1.3998e+00 -8.8996e-01 +4.5274e-01 -6.1457e-01 +3.3604e+00
620 0 +6.084544040e+02 +6.390344040e+02 +6.390344040e+02 -1.9059e+00 -4.1017e-01 +9.1468e-01 -7.5939e-01 +2.6757e+00
631 0 +5.919884124e+02 +6.225684124e+02 +6.225684124e+02 -2.5894e+00 -4.9161e-01 +2.5852e-01 -5.0114e-02 +2.5681e+00
634 0 +4.856207074e+02 +5.162007074e+02 +5.162007074e+02 -2.6957e+00 -1.0992e+00 -9.6971e-01 +3.5142e-01 +3.0506e+00
664 0 +3.011246134e+02 +3.317046134e+02 +3.317046134e+02 -3.3747e+00 -1.1782e+00 -1.5971e+00 +4.2357e-01 +2.7006e+00
676 0 +3.580570476e+01 +6.638570476e+01 +6.638570476e+01 -2.7118e+00 -2.0046e+00 -2.6045e+00 +6.7627e-01 +3.7246e+00
855 0 +2.459872071e+01 +5.517872071e+01 +5.517872071e+01 -2.9812e+00 -1.7958e+00 -2.4820e+00 +5.9028e-01 +3.5018e+00
866 0 +1.558366535e+01 +4.616366535e+01 +4.616366535e+01 -3.0953e+00 -1.6676e+00 -2.2918e+00 +7.7939e-01 +3.3125e+00
891 0 +6.554620971e+00 +3.713462097e+01 +3.713462097e+01 -2.1354e+00 -2.0432e+00 -2.2705e+00 +1.8133e-01 +4.0033e+00
921 0 +6.491542919e+00 +3.707154292e+01 +3.707154292e+01 -2.3665e+00 -1.9342e+00 -2.2558e+00 +2.1441e-01 +3.8264e+00
934 0 +4.797304376e+00 +3.537730438e+01 +3.537730438e+01 -2.2824e+00 -1.9936e+00 -2.2936e+00 +2.4370e-01 +3.9012e+00
937 0 +2.524564888e+00 +3.310456489e+01 +3.310456489e+01 -2.2315e+00 -1.9922e+00 -2.2577e+00 +1.7326e-01 +3.9263e+00
1006 0 +1.787086790e+00 +3.236708679e+01 +3.236708679e+01 -2.4038e+00 -1.9410e+00 -2.3014e+00 +2.5473e-01 +3.8234e+00
1026 0 +1.018008470e+00 +3.159800847e+01 +3.159800847e+01 -2.9293e+00 -1.7984e+00 -2.4315e+00 +5.9256e-01 +3.4965e+00
1078 0 +8.065220890e-01 +3.138652209e+01 +3.138652209e+01 -2.8482e+00 -1.8425e+00 -2.4435e+00 +5.8452e-01 +3.5564e+00
1097 0 +3.305528945e-01 +3.091055289e+01 +3.091055289e+01 -2.4004e+00 -2.0206e+00 -2.4431e+00 +3.0042e-01 +3.8898e+00
1107 0 +2.777423842e-01 +3.085774238e+01 +3.085774238e+01 -2.6846e+00 -1.8948e+00 -2.4246e+00 +4.4886e-01 +3.6678e+00
1110 0 +2.057751942e-01 +3.078577519e+01 +3.078577519e+01 -2.7004e+00 -1.9173e+00 -2.4799e+00 +4.6799e-01 +3.6838e+00
1120 0 +8.363983422e-02 +3.066363983e+01 +3.066363983e+01 -2.8366e+00 -1.8487e+00 -2.4535e+00 +5.4738e-01 +3.5708e+00
1158 0 +6.635012775e-02 +3.064635013e+01 +3.064635013e+01 -2.8921e+00 -1.8402e+00 -2.4792e+00 +5.8478e-01 +3.5407e+00
1206 0 +5.113375838e-02 +3.063113376e+01 +3.063113376e+01 -2.8503e+00 -1.8518e+00 -2.4671e+00 +5.6909e-01 +3.5665e+00
% f evaluations | g evaluations | best noise-free fitness - Fopt (1.000000000000e+03) + sum g_i+ | measured fitness | best measured fitness or single-digit g-values | x1 | x2...
1 0 +7.800350395e+06 +7.801350395e+06 +7.801350395e+06 +5.9671e-01 -3.8264e-02 +7.4769e-01 +1.6230e+00 -1.3415e-01
2 0 +4.442581272e+06 +4.443581272e+06 +4.443581272e+06 -1.3414e-01 +1.6792e+00 +8.6743e-01 -3.6947e-01 +6.4256e-01
3 0 +4.368225056e+04 +4.468225056e+04 +4.468225056e+04 -3.6342e-01 -3.6573e-01 +3.4196e-01 -1.8133e+00 -1.6249e+00
30 0 +4.289717560e+04 +4.389717560e+04 +4.389717560e+04 -6.4520e-01 +1.3730e-02 +3.6913e-02 -2.3375e+00 -2.0600e+00
47 0 +3.515440616e+04 +3.615440616e+04 +3.615440616e+04 -1.6737e+00 +8.9785e-01 -1.1967e-01 -2.6153e+00 -3.0925e+00
51 0 +6.194720724e+03 +7.194720724e+03 +7.194720724e+03 -1.6794e+00 -3.4276e-01 -2.0461e+00 -5.0827e-01 -1.2166e+00
81 0 +2.112257744e+03 +3.112257744e+03 +3.112257744e+03 -9.4970e-01 +1.0032e+00 -2.4144e-01 -2.3575e+00 -1.9500e+00
339 0 +1.177569683e+03 +2.177569683e+03 +2.177569683e+03 -1.8375e+00 -2.4422e-01 -9.1996e-02 -2.1884e+00 -7.6755e-01
352 0 +1.095345623e+03 +2.095345623e+03 +2.095345623e+03 -2.3458e+00 -1.4865e-01 -1.6793e+00 -1.0146e+00 -7.5588e-01
416 0 +1.076743157e+03 +2.076743157e+03 +2.076743157e+03 -1.4928e+00 -7.5543e-02 -1.0594e+00 -1.3105e+00 -1.1482e+00
453 0 +7.833643930e+02 +1.783364393e+03 +1.783364393e+03 -2.0322e+00 +1.3778e-01 -1.6413e+00 -1.0613e+00 -1.0983e+00
480 0 +7.138951156e+02 +1.713895116e+03 +1.713895116e+03 -1.9553e+00 +1.0661e-01 -2.1500e+00 -5.9268e-01 -1.1679e+00
513 0 +6.541185156e+02 +1.654118516e+03 +1.654118516e+03 -1.8509e+00 +2.9356e-01 -1.5500e+00 -1.1664e+00 -1.2346e+00
517 0 +6.521317156e+02 +1.652131716e+03 +1.652131716e+03 -1.7637e+00 +1.7117e-01 -2.5482e+00 -2.3851e-01 -1.2698e+00
530 0 +6.001633154e+02 +1.600163315e+03 +1.600163315e+03 -2.1484e+00 +7.1902e-01 -2.4576e+00 -6.7682e-01 -1.6257e+00
541 0 +5.701326222e+02 +1.570132622e+03 +1.570132622e+03 -1.8870e+00 +3.9095e-01 -2.2791e+00 -6.0084e-01 -1.4101e+00
570 0 +5.307441683e+02 +1.530744168e+03 +1.530744168e+03 -1.8254e+00 +1.1789e+00 -2.5153e+00 -7.3983e-01 -1.9607e+00
580 0 +2.385455385e+02 +1.238545539e+03 +1.238545539e+03 -2.4272e+00 +2.5717e+00 -1.8476e+00 -2.1064e+00 -2.7108e+00
632 0 +2.083269890e+02 +1.208326989e+03 +1.208326989e+03 -2.4141e+00 +3.8561e+00 -9.0074e-01 -3.4987e+00 -3.6485e+00
685 0 +6.547679454e+01 +1.065476795e+03 +1.065476795e+03 -2.8988e+00 +4.0704e+00 -3.9855e+00 -1.0685e+00 -3.8593e+00
703 0 +4.816165139e+01 +1.048161651e+03 +1.048161651e+03 -2.5844e+00 +4.7869e+00 -2.3287e+00 -2.7292e+00 -4.4714e+00
816 0 +4.307746866e+01 +1.043077469e+03 +1.043077469e+03 -2.7462e+00 +4.0486e+00 -3.4394e+00 -1.4974e+00 -3.8569e+00
828 0 +3.898037556e+01 +1.038980376e+03 +1.038980376e+03 -2.5000e+00 +3.7602e+00 -2.2668e+00 -2.2952e+00 -3.6338e+00
877 0 +3.444905137e+01 +1.034449051e+03 +1.034449051e+03 -2.5784e+00 +4.3840e+00 -2.5954e+00 -2.3170e+00 -4.1058e+00
879 0 +3.437915184e+01 +1.034379152e+03 +1.034379152e+03 -2.5960e+00 +4.0906e+00 -3.4906e+00 -1.4207e+00 -3.9434e+00
883 0 +3.254612722e+01 +1.032546127e+03 +1.032546127e+03 -2.5608e+00 +3.4689e+00 -2.8581e+00 -1.6693e+00 -3.4369e+00
884 0 +3.022210079e+01 +1.030222101e+03 +1.030222101e+03 -2.5529e+00 +3.7886e+00 -2.3602e+00 -2.2453e+00 -3.6487e+00
887 0 +1.411199854e+01 +1.014111999e+03 +1.014111999e+03 -2.5495e+00 +4.0012e+00 -2.0552e+00 -2.6001e+00 -3.8151e+00
902 0 +2.725066668e+00 +1.002725067e+03 +1.002725067e+03 -2.5916e+00 +4.0024e+00 -2.8869e+00 -1.8988e+00 -3.8552e+00
1102 0 +2.514370655e+00 +1.002514371e+03 +1.002514371e+03 -2.5528e+00 +3.8662e+00 -2.6345e+00 -2.0456e+00 -3.7524e+00
1111 0 +2.448183263e+00 +1.002448183e+03 +1.002448183e+03 -2.5570e+00 +4.0784e+00 -2.5153e+00 -2.2428e+00 -3.9116e+00
1140 0 +1.617853386e+00 +1.001617853e+03 +1.001617853e+03 -2.5857e+00 +3.8982e+00 -2.6887e+00 -2.0221e+00 -3.7650e+00
1164 0 +1.176407661e+00 +1.001176408e+03 +1.001176408e+03 -2.6297e+00 +3.8642e+00 -3.0373e+00 -1.7199e+00 -3.7391e+00
1177 0 +5.882401156e-01 +1.000588240e+03 +1.000588240e+03 -2.6477e+00 +3.6950e+00 -3.3924e+00 -1.3429e+00 -3.6220e+00
% f evaluations | g evaluations | best noise-free fitness - Fopt (-4.236000000000e+01) + sum g_i+ | measured fitness | best measured fitness or single-digit g-values | x1 | x2...
1 0 +4.299884506e+05 +4.299460906e+05 +4.299460906e+05 +5.9671e-01 -3.8264e-02 +7.4769e-01 +1.6230e+00 -1.3415e-01
2 0 +3.060139924e+05 +3.059716324e+05 +3.059716324e+05 -1.3414e-01 +1.6792e+00 +8.6743e-01 -3.6947e-01 +6.4256e-01
6 0 +9.893211758e+04 +9.888975758e+04 +9.888975758e+04 +2.1092e-01 -1.0510e+00 +4.7570e-01 -5.0064e-01 -1.9169e-01
10 0 +2.777560141e+04 +2.773324141e+04 +2.773324141e+04 -6.1984e-01 -3.6064e-01 +1.1571e+00 +4.4362e-01 -1.6630e+00
33 0 +8.404515663e+03 +8.362155663e+03 +8.362155663e+03 -3.2948e-01 -4.0174e-01 -4.6011e-03 -7.4015e-01 +2.0192e-01
81 0 +7.951301966e+03 +7.908941966e+03 +7.908941966e+03 -2.4604e-01 -3.5369e-01 +3.1185e-01 -5.4232e-01 +2.2227e-01
238 0 +6.449291907e+03 +6.406931907e+03 +6.406931907e+03 -1.2712e+00 -1.1219e+00 +1.1606e+00 -8.7881e-01 -2.6816e-01
254 0 +6.308944996e+03 +6.266584996e+03 +6.266584996e+03 -3.7890e-01 -1.7989e+00 +2.4170e+00 +3.4073e-01 -6.6625e-01
277 0 +3.444997613e+03 +3.402637613e+03 +3.402637613e+03 -2.5534e-01 -1.3351e+00 +2.4720e+00 +6.3892e-01 -6.2170e-01
295 0 +3.033449521e+03 +2.991089521e+03 +2.991089521e+03 -1.0626e+00 -1.0683e+00 +1.4734e+00 -6.5041e-01 -7.7076e-02
305 0 +2.374522073e+03 +2.332162073e+03 +2.332162073e+03 -1.1701e+00 -1.1899e+00 +2.0340e+00 -9.4667e-01 +8.4842e-01
311 0 +1.819206918e+03 +1.776846918e+03 +1.776846918e+03 -1.1860e+00 -1.0954e+00 +2.1872e+00 -4.5299e-01 +5.3336e-02
316 0 +8.857209666e+02 +8.433609666e+02 +8.433609666e+02 -3.1649e-01 -1.4264e+00 +2.7146e+00 +2.7453e-01 +2.1568e-01
372 0 +3.932476445e+02 +3.508876445e+02 +3.508876445e+02 -2.1981e+00 -2.1135e+00 +3.9985e+00 -4.4547e-02 -1.2627e+00
450 0 +3.880328445e+02 +3.456728445e+02 +3.456728445e+02 -1.3937e+00 -4.5487e-01 +1.4857e+00 -2.0037e+00 +2.4677e+00
469 0 +2.513577379e+02 +2.089977379e+02 +2.089977379e+02 -1.1663e+00 -3.3095e-01 +1.3622e+00 -1.9773e+00 +2.7457e+00
482 0 +1.854019316e+02 +1.430419316e+02 +1.430419316e+02 -7.8067e-01 -7.3764e-01 +1.9171e+00 -1.2106e+00 +2.1084e+00
492 0 +1.775351480e+02 +1.351751480e+02 +1.351751480e+02 -1.0926e+00 -1.6280e+00 +3.3704e+00 -7.2096e-02 +1.4844e-01
529 0 +9.814362788e+01 +5.578362788e+01 +5.578362788e+01 -5.7335e-01 -1.3159e+00 +2.7387e+00 -2.8879e-01 +9.8487e-01
633 0 +9.507143330e+01 +5.271143330e+01 +5.271143330e+01 -5.1980e-01 -1.3069e+00 +2.7401e+00 -3.3731e-01 +1.1682e+00
647 0 +5.875306373e+01 +1.639306373e+01 +1.639306373e+01 -3.4701e-01 -1.6973e+00 +3.3411e+00 +3.1365e-01 +4.7470e-01
682 0 +4.998619424e+01 +7.626194235e+00 +7.626194235e+00 -4.4364e-01 -1.3146e+00 +2.8498e+00 -2.8253e-01 +1.2698e+00
687 0 +2.523880552e+01 -1.712119448e+01 -1.712119448e+01 -1.1325e-01 -1.3035e+00 +2.8178e+00 -1.0130e-01 +1.3983e+00
711 0 +2.451085981e+01 -1.784914019e+01 -1.784914019e+01 -3.3964e-01 -1.7982e+00 +3.5714e+00 +4.5745e-01 +3.5416e-01
716 0 +1.790081325e+01 -2.445918675e+01 -2.445918675e+01 -2.3604e-01 -1.9637e+00 +3.8854e+00 +7.0327e-01 +2.2413e-01
769 0 +1.569236115e+01 -2.666763885e+01 -2.666763885e+01 -1.7513e-01 -1.6037e+00 +3.2799e+00 +2.7217e-01 +8.2079e-01
782 0 +1.347217786e+01 -2.888782214e+01 -2.888782214e+01 +2.1284e-01 -1.7520e+00 +3.5632e+00 +6.6353e-01 +8.1834e-01
785 0 +1.167459824e+01 -3.068540176e+01 -3.068540176e+01 +1.3175e-01 -1.7809e+00 +3.5892e+00 +6.6097e-01 +7.0627e-01
832 0 +1.081331598e+01 -3.154668402e+01 -3.154668402e+01 -4.9214e-02 -1.6609e+00 +3.3835e+00 +3.9548e-01 +8.3566e-01
851 0 +9.616655212e+00 -3.274334479e+01 -3.274334479e+01 +2.7194e-02 -1.7774e+00 +3.5741e+00 +5.8102e-01 +6.9233e-01
854 0 +8.646581805e+00 -3.371341820e+01 -3.371341820e+01 +2.9407e-01 -1.4719e+00 +3.1170e+00 +3.3198e-01 +1.3547e+00
930 0 +6.897910178e+00 -3.546208982e+01 -3.546208982e+01 +2.8977e-01 -1.6157e+00 +3.3364e+00 +4.9498e-01 +1.1412e+00
937 0 +6.678146784e+00 -3.568185322e+01 -3.568185322e+01 +2.1658e-01 -1.6409e+00 +3.3819e+00 +4.8551e-01 +1.0744e+00
953 0 +5.294822213e+00 -3.706517779e+01 -3.706517779e+01 +2.7949e-01 -1.4598e+00 +3.1088e+00 +2.7448e-01 +1.4455e+00
1000 0 +5.175923387e+00 -3.718407661e+01 -3.718407661e+01 +3.0914e-01 -1.4607e+00 +3.0992e+00 +2.9579e-01 +1.4383e+00
1020 0 +1.923655964e+00 -4.043634404e+01 -4.043634404e+01 +3.4955e-01 -1.1725e+00 +2.6675e+00 -6.6937e-02 +1.9897e+00
1112 0 +1.726121966e+00 -4.063387803e+01 -4.063387803e+01 +4.8276e-01 -1.0409e+00 +2.4800e+00 -1.7873e-01 +2.3232e+00
1166 0 +1.330610250e+00 -4.102938975e+01 -4.102938975e+01 +4.2121e-01 -8.8938e-01 +2.2356e+00 -4.0879e-01 +2.5447e+00
1173 0 +5.870235826e-01 -4.177297642e+01 -4.177297642e+01 +5.9558e-01 -8.6085e-01 +2.1931e+00 -3.5410e-01 +2.6818e+00
