% f evaluations | g evaluations | best noise-free fitness - Fopt (-9.210000000000e+00) + sum g_i+ | measured fitness | best measured fitness or single-digit g-values | x1 | x2...
1 0 +9.445828197e+01 +8.524828197e+01 +8.524828197e+01 +5.9671e-01 -3.8264e-02 +7.4769e-01 +1.6230e+00 -1.3415e-01
9 0 +9.389396990e+01 +8.468396990e+01 +8.468396990e+01 +8.3847e-01 +2.7137e-01 -1.5648e-02 -2.0110e-01 -1.3785e+00
10 0 +8.629682003e+01 +7.708682003e+01 +7.708682003e+01 -6.1984e-01 -3.6064e-01 +1.1571e+00 +4.4362e-01 -1.6630e+00
15 0 +6.968420319e+01 +6.047420319e+01 +6.047420319e+01 +4.6140e-01 +1.6380e+00 +6.4174e-02 +1.6646e+00 -2.5197e+00
26 0 +5.614260909e+01 +4.693260909e+01 +4.693260909e+01 -6.7165e-01 +2.0279e+00 +1.7246e+00 +2.2891e+00 -3.0417e+00
29 0 +5.358979611e+01 +4.437979611e+01 +4.437979611e+01 +4.9501e-01 +2.3334e+00 +1.3238e+00 -2.9978e-01 -4.7085e+00
53 0 +4.441425295e+01 +3.520425295e+01 +3.520425295e+01 -1.8793e-03 +2.9037e+00 -1.2039e+00 +2.8154e+00 -4.6219e+00
55 0 +4.327371971e+01 +3.406371971e+01 +3.406371971e+01 +3.0456e+00 +4.3751e-01 +4.6301e+00 +1.7548e+00 -3.6213e+00
85 0 +4.158232010e+01 +3.237232010e+01 +3.237232010e+01 -1.0282e+00 +2.1001e+00 +1.5919e-01 +2.7590e+00 -4.7513e+00
99 0 +3.868651595e+01 +2.947651595e+01 +2.947651595e+01 +3.3259e+00 +1.3747e+00 +1.4303e+00 +4.9941e+00 -3.0756e+00
101 0 +3.164062879e+01 +2.243062879e+01 +2.243062879e+01 -2.1264e+00 +3.6752e+00 -1.5241e+00 +4.7827e+00 -4.9695e+00
103 0 +2.188090989e+01 +1.267090989e+01 +1.267090989e+01 +2.3713e+00 -1.6092e+00 +3.7342e+00 +4.6988e+00 -4.8198e+00
179 0 +1.552481641e+01 +6.314816406e+00 +6.314816406e+00 +2.8530e+00 +1.5882e+00 +3.6869e+00 +4.7251e+00 -4.8388e+00
204 0 +1.243142812e+01 +3.221428119e+00 +3.221428119e+00 +4.7038e+00 +2.7379e+00 +3.3532e+00 +4.5621e+00 -4.9557e+00
326 0 +1.190022792e+01 +2.690227918e+00 +2.690227918e+00 +3.6935e+00 +1.3111e+00 +4.8705e+00 +4.5906e+00 -4.8678e+00
353 0 +1.055935360e+01 +1.349353598e+00 +1.349353598e+00 +3.5288e+00 +1.7634e+00 +4.5645e+00 +4.7670e+00 -4.9355e+00
429 0 +8.370457823e+00 -8.395421772e-01 -8.395421772e-01 +4.5015e+00 +1.6646e+00 +4.6780e+00 +4.9190e+00 -4.9533e+00
476 0 +8.112752114e+00 -1.097247886e+00 -1.097247886e+00 +4.4311e+00 +1.6763e+00 +4.9996e+00 +4.7751e+00 -4.9633e+00
483 0 +7.295135025e+00 -1.914864975e+00 -1.914864975e+00 +4.0928e+00 +2.3758e+00 +4.5784e+00 +4.9454e+00 -4.9919e+00
501 0 +7.252109633e+00 -1.957890367e+00 -1.957890367e+00 +4.7762e+00 +2.1836e+00 +4.9532e+00 +4.7032e+00 -4.9797e+00
502 0 +6.997877490e+00 -2.212122510e+00 -2.212122510e+00 +4.7512e+00 +2.5869e+00 +4.7407e+00 +4.7510e+00 -4.9762e+00
509 0 +6.857294629e+00 -2.352705371e+00 -2.352705371e+00 +4.3317e+00 +2.5384e+00 +4.8166e+00 +4.8059e+00 -4.9859e+00
526 0 +5.904121181e+00 -3.305878819e+00 -3.305878819e+00 +4.5520e+00 +4.7336e+00 +4.8833e+00 +4.4265e+00 -4.8612e+00
552 0 +4.874578364e+00 -4.335421636e+00 -4.335421636e+00 +4.6854e+00 +3.8866e+00 +4.8768e+00 +4.9801e+00 -4.7921e+00
553 0 +4.806238264e+00 -4.403761736e+00 -4.403761736e+00 +4.0683e+00 +4.2349e+00 +4.6546e+00 +4.8599e+00 -4.9366e+00
578 0 +4.766923720e+00 -4.443076280e+00 -4.443076280e+00 +4.7860e+00 +3.5797e+00 +4.4697e+00 +4.9394e+00 -4.9990e+00
601 0 +3.110436410e+00 -6.099563590e+00 -6.099563590e+00 +4.2993e+00 +4.8107e+00 +4.9384e+00 +4.8021e+00 -4.9234e+00
651 0 +2.465574841e+00 -6.744425159e+00 -6.744425159e+00 +4.2464e+00 +4.7430e+00 +4.7586e+00 +4.9163e+00 -4.9979e+00
714 0 +2.308458867e+00 -6.901541133e+00 -6.901541133e+00 +4.0868e+00 +4.7824e+00 +4.9965e+00 +4.9609e+00 -4.9223e+00
730 0 +1.846522745e+00 -7.363477255e+00 -7.363477255e+00 +4.2559e+00 +4.9773e+00 +4.8656e+00 +4.9343e+00 -4.9732e+00
801 0 +1.070212390e+00 -8.139787610e+00 -8.139787610e+00 +4.8305e+00 +4.9287e+00 +4.9820e+00 +4.9690e+00 -4.9457e+00
837 0 +9.330297386e-01 -8.276970261e+00 -8.276970261e+00 +5.0000e+00 +4.7170e+00 +5.0000e+00 +4.9830e+00 -4.9666e+00
852 0 +6.338253435e-01 -8.576174656e+00 -8.576174656e+00 +4.9541e+00 +4.9953e+00 +4.9135e+00 +4.9456e+00 -5.0000e+00
1005 0 +6.321247631e-01 -8.577875237e+00 -8.577875237e+00 +4.9457e+00 +4.9446e+00 +4.9998e+00 +4.9557e+00 -4.9770e+00
1058 0 +5.219443279e-01 -8.688055672e+00 -8.688055672e+00 +4.8697e+00 +4.9995e+00 +4.9705e+00 +4.9706e+00 -4.9868e+00
1097 0 +5.201136796e-01 -8.689886320e+00 -8.689886320e+00 +4.9437e+00 +4.9595e+00 +4.9889e+00 +4.9473e+00 -4.9939e+00
1117 0 +5.168211169e-01 -8.693178883e+00 -8.693178883e+00 +4.8626e+00 +4.9488e+00 +4.9875e+00 +4.9593e+00 -4.9980e+00
1199 0 +5.152041243e-01 -8.694795876e+00 -8.694795876e+00 +4.9571e+00 +4.9105e+00 +4.9820e+00 +4.9576e+00 -4.9983e+00
% f evaluations | g evaluations | best noise-free fitness - Fopt (6.559900000000e+02) + sum g_i+ | measured fitness | best measured fitness or single-digit g-values | x1 | x2...
1 0 +9.905099025e+01 +7.550409902e+02 +7.550409902e+02 +5.9671e-01 -3.8264e-02 +7.4769e-01 +1.6230e+00 -1.3415e-01
9 0 +9.476013873e+01 +7.507501387e+02 +7.507501387e+02 +8.3847e-01 +2.7137e-01 -1.5648e-02 -2.0110e-01 -1.3785e+00
10 0 +9.233247056e+01 +7.483224706e+02 +7.483224706e+02 -6.1984e-01 -3.6064e-01 +1.1571e+00 +4.4362e-01 -1.6630e+00
15 0 +7.591584835e+01 +7.319058484e+02 +7.319058484e+02 +4.6140e-01 +1.6380e+00 +6.4174e-02 +1.6646e+00 -2.5197e+00
26 0 +7.390479339e+01 +7.298947934e+02 +7.298947934e+02 +2.8413e+00 -1.2691e+00 +1.6534e+00 +1.0626e+00 -2.8070e+00
31 0 +6.612194996e+01 +7.221119500e+02 +7.221119500e+02 +2.0926e-01 +2.2149e+00 -2.3199e+00 +1.6275e+00 -2.8939e+00
34 0 +6.445104005e+01 +7.204410400e+02 +7.204410400e+02 -8.4258e-01 +1.7811e+00 -1.6369e+00 -2.6351e-01 -4.3684e+00
46 0 +4.127993772e+01 +6.972699377e+02 +6.972699377e+02 +3.0844e-01 +1.3880e+00 +8.3204e-02 +3.7585e+00 -4.7827e+00
51 0 +3.169514315e+01 +6.876851432e+02 +6.876851432e+02 -3.5487e+00 +2.7429e+00 -4.4940e+00 +4.4084e+00 -4.5550e+00
54 0 +2.958359531e+01 +6.855735953e+02 +6.855735953e+02 +1.9508e-01 +6.1023e-01 -4.9624e+00 +3.1987e+00 -4.5446e+00
126 0 +1.896328542e+01 +6.749532854e+02 +6.749532854e+02 +3.8918e+00 -4.1422e+00 -2.0131e+00 +4.3030e+00 -4.7035e+00
127 0 +1.882139026e+01 +6.748113903e+02 +6.748113903e+02 +4.2133e+00 -2.6934e+00 -2.1127e+00 +4.9317e+00 -4.5582e+00
157 0 +1.472989732e+01 +6.707198973e+02 +6.707198973e+02 +2.5908e+00 -2.0869e+00 -3.7754e+00 +4.4345e+00 -4.9912e+00
309 0 +1.451595781e+01 +6.705059578e+02 +6.705059578e+02 +2.9900e+00 -3.5754e+00 -4.0377e+00 +3.9660e+00 -4.8885e+00
329 0 +1.186165295e+01 +6.678516529e+02 +6.678516529e+02 +1.3181e+00 -2.1769e+00 -4.8877e+00 +4.6966e+00 -4.8902e+00
351 0 +1.052087230e+01 +6.665108723e+02 +6.665108723e+02 +3.2962e-01 -4.8586e+00 -4.0920e+00 +4.6342e+00 -4.9329e+00
356 0 +1.016698469e+01 +6.661569847e+02 +6.661569847e+02 +1.9107e+00 -3.3790e+00 -4.6720e+00 +4.8083e+00 -4.7920e+00
378 0 +1.008873071e+01 +6.660787307e+02 +6.660787307e+02 +1.9368e+00 -4.5227e+00 -4.1062e+00 +4.5835e+00 -4.8992e+00
382 0 +9.732062697e+00 +6.657220627e+02 +6.657220627e+02 +9.8273e-01 -4.7599e+00 -4.1764e+00 +4.8548e+00 -4.8133e+00
404 0 +7.348453675e+00 +6.633384537e+02 +6.633384537e+02 +3.4042e+00 -4.2824e+00 -4.2074e+00 +4.6507e+00 -4.9994e+00
415 0 +7.212216889e+00 +6.632022169e+02 +6.632022169e+02 +1.5384e+00 -4.8522e+00 -4.5003e+00 +4.8492e+00 -4.8940e+00
426 0 +5.783929547e+00 +6.617739295e+02 +6.617739295e+02 +4.3896e+00 -4.5078e+00 -4.3279e+00 +4.8358e+00 -4.8751e+00
428 0 +4.471109168e+00 +6.604611092e+02 +6.604611092e+02 +2.8115e+00 -4.7549e+00 -4.9804e+00 +4.7555e+00 -4.9590e+00
453 0 +3.964666198e+00 +6.599546662e+02 +6.599546662e+02 +4.8149e+00 -4.3128e+00 -4.5949e+00 +4.8857e+00 -4.9366e+00
526 0 +3.283618616e+00 +6.592736186e+02 +6.592736186e+02 +3.3822e+00 -4.6916e+00 -4.9173e+00 +4.9470e+00 -4.9442e+00
586 0 +2.433510109e+00 +6.584235101e+02 +6.584235101e+02 +3.9564e+00 -4.7959e+00 -4.9920e+00 +4.9558e+00 -4.9247e+00
627 0 +2.022694301e+00 +6.580126943e+02 +6.580126943e+02 +4.5029e+00 -4.9121e+00 -4.9071e+00 +4.8369e+00 -4.9842e+00
746 0 +1.913189935e+00 +6.579031899e+02 +6.579031899e+02 +4.6998e+00 -4.7259e+00 -4.8920e+00 +4.9503e+00 -4.9496e+00
751 0 +1.653138774e+00 +6.576431388e+02 +6.576431388e+02 +4.9337e+00 -4.6705e+00 -4.8720e+00 +4.9686e+00 -4.9580e+00
757 0 +1.599528516e+00 +6.575895285e+02 +6.575895285e+02 +4.3078e+00 -4.9696e+00 -4.9206e+00 +4.9096e+00 -4.9906e+00
758 0 +1.573184972e+00 +6.575631850e+02 +6.575631850e+02 +4.5330e+00 -4.9849e+00 -4.9755e+00 +4.8998e+00 -4.9561e+00
772 0 +1.487758123e+00 +6.574777581e+02 +6.574777581e+02 +4.7689e+00 -4.6807e+00 -4.9892e+00 +4.9595e+00 -4.9573e+00
776 0 +1.413908661e+00 +6.574039087e+02 +6.574039087e+02 +4.6426e+00 -4.8982e+00 -4.9857e+00 +4.9656e+00 -4.9363e+00
785 0 +1.235165045e+00 +6.572251650e+02 +6.572251650e+02 +4.9099e+00 -4.7176e+00 -4.9463e+00 +4.9695e+00 -4.9699e+00
1041 0 +1.233859600e+00 +6.572238596e+02 +6.572238596e+02 +4.9277e+00 -4.9910e+00 -4.9673e+00 +4.8969e+00 -4.9538e+00
1078 0 +1.216033975e+00 +6.572060340e+02 +6.572060340e+02 +4.9359e+00 -4.9479e+00 -4.9830e+00 +4.8596e+00 -4.9784e+00
1103 0 +1.172345458e+00 +6.571623455e+02 +6.571623455e+02 +4.8964e+00 -4.9834e+00 -4.9733e+00 +4.8400e+00 -4.9945e+00
1166 0 +1.165435897e+00 +6.571554359e+02 +6.571554359e+02 +4.9600e+00 -4.9146e+00 -4.9929e+00 +4.8573e+00 -4.9851e+00
1168 0 +1.158521874e+00 +6.571485219e+02 +6.571485219e+02 +4.9715e+00 -4.9177e+00 -4.9950e+00 +4.8827e+00 -4.9692e+00
1184 0 +1.138051561e+00 +6.571280516e+02 +6.571280516e+02 +4.9509e+00 -4.9641e+00 -4.9561e+00 +4.8610e+00 -4.9896e+00
1224 0 +1.136564048e+00 +6.571265640e+02 +6.571265640e+02 +4.9867e+00 -4.9328e+00 -4.9833e+00 +4.8939e+00 -4.9645e+00
1225 0 +1.071963397e+00 +6.570619634e+02 +6.570619634e+02 +4.9633e+00 -4.9868e+00 -4.9904e+00 +4.8764e+00 -4.9714e+00
% f evaluations | g evaluations | best noise-free fitness - Fopt (6.671000000000e+01) + sum g_i+ | measured fitness | best measured fitness or single-digit g-values | x1 | x2...
1 0 +1.002444186e+02 +1.669544186e+02 +1.669544186e+02 +5.9671e-01 -3.8264e-02 +7.4769e-01 +1.6230e+00 -1.3415e-01
4 0 +9.846507666e+01 +1.651750767e+02 +1.651750767e+02 -4.6229e-01 -9.1283e-01 +4.1425e-01 -8.0802e-01 -1.3123e+00
9 0 +9.643707189e+01 +1.631470719e+02 +1.631470719e+02 +8.3847e-01 +2.7137e-01 -1.5648e-02 -2.0110e-01 -1.3785e+00
10 0 +9.109278215e+01 +1.578027821e+02 +1.578027821e+02 -6.1984e-01 -3.6064e-01 +1.1571e+00 +4.4362e-01 -1.6630e+00
15 0 +7.683863956e+01 +1.435486396e+02 +1.435486396e+02 +4.6140e-01 +1.6380e+00 +6.4174e-02 +1.6646e+00 -2.5197e+00
26 0 +6.342073061e+01 +1.301307306e+02 +1.301307306e+02 -1.3924e+00 -3.1946e-03 +1.1129e+00 -2.2327e-02 -4.6646e+00
29 0 +6.262217378e+01 +1.293321738e+02 +1.293321738e+02 -1.7248e+00 +3.2362e-01 -3.7089e-01 +3.9403e+00 -2.0718e+00
30 0 +5.391429305e+01 +1.206242930e+02 +1.206242930e+02 +2.7280e-03 +2.6040e+00 +2.0608e+00 +3.8253e+00 -4.3544e+00
51 0 +4.201156748e+01 +1.087215675e+02 +1.087215675e+02 -3.8489e+00 -3.6761e+00 -2.2366e+00 +3.8358e+00 -2.6779e+00
56 0 +3.999183839e+01 +1.067018384e+02 +1.067018384e+02 -1.2780e+00 +2.7528e+00 -6.2738e-01 +4.2272e+00 -4.5690e+00
76 0 +1.383789483e+01 +8.054789483e+01 +8.054789483e+01 -3.0699e+00 -2.1920e+00 -4.0635e+00 +4.6423e+00 -4.8058e+00
234 0 +1.154605983e+01 +7.825605983e+01 +7.825605983e+01 -4.9522e+00 -2.1187e+00 -3.8679e+00 +4.5304e+00 -4.9846e+00
279 0 +9.029338722e+00 +7.573933872e+01 +7.573933872e+01 -4.5872e+00 -2.2166e+00 -4.3371e+00 +4.7342e+00 -4.9924e+00
326 0 +6.723872097e+00 +7.343387210e+01 +7.343387210e+01 -3.4749e+00 -4.5612e+00 -4.7445e+00 +4.8534e+00 -4.7214e+00
367 0 +5.571106775e+00 +7.228110678e+01 +7.228110678e+01 -4.6211e+00 -4.8146e+00 -4.5667e+00 +4.5607e+00 -4.8978e+00
452 0 +4.393263222e+00 +7.110326322e+01 +7.110326322e+01 -4.3408e+00 -4.4453e+00 -4.4564e+00 +4.9429e+00 -4.9292e+00
476 0 +4.011320661e+00 +7.072132066e+01 +7.072132066e+01 -4.5145e+00 -4.5004e+00 -4.9741e+00 +4.6373e+00 -4.9485e+00
506 0 +2.560094609e+00 +6.927009461e+01 +6.927009461e+01 -4.4064e+00 -4.9132e+00 -4.9714e+00 +4.8449e+00 -4.9151e+00
602 0 +2.444114908e+00 +6.915411491e+01 +6.915411491e+01 -4.4183e+00 -4.8953e+00 -4.8853e+00 +4.8551e+00 -4.9502e+00
605 0 +2.416143363e+00 +6.912614336e+01 +6.912614336e+01 -4.3302e+00 -4.7767e+00 -4.7426e+00 +4.9564e+00 -4.9710e+00
626 0 +2.405282227e+00 +6.911528223e+01 +6.911528223e+01 -4.9254e+00 -4.9559e+00 -4.9140e+00 +4.6831e+00 -4.9802e+00
651 0 +2.088253728e+00 +6.879825373e+01 +6.879825373e+01 -4.9036e+00 -4.9139e+00 -4.8308e+00 +4.7725e+00 -4.9976e+00
665 0 +1.856311069e+00 +6.856631107e+01 +6.856631107e+01 -4.1524e+00 -4.7744e+00 -4.9780e+00 +4.9611e+00 -4.9681e+00
730 0 +1.820239947e+00 +6.853023995e+01 +6.853023995e+01 -4.5961e+00 -4.6676e+00 -4.9479e+00 +4.9167e+00 -4.9808e+00
732 0 +1.787108112e+00 +6.849710811e+01 +6.849710811e+01 -4.9134e+00 -4.9134e+00 -4.7365e+00 +4.8784e+00 -4.9971e+00
757 0 +1.770752532e+00 +6.848075253e+01 +6.848075253e+01 -4.5160e+00 -4.8336e+00 -4.9511e+00 +4.8998e+00 -4.9727e+00
762 0 +1.205110540e+00 +6.791511054e+01 +6.791511054e+01 -4.9553e+00 -4.8806e+00 -4.9754e+00 +4.8842e+00 -4.9781e+00
801 0 +1.204301568e+00 +6.791430157e+01 +6.791430157e+01 -4.8138e+00 -4.9437e+00 -4.9907e+00 +4.9319e+00 -4.9495e+00
826 0 +1.090785784e+00 +6.780078578e+01 +6.780078578e+01 -4.8035e+00 -4.9751e+00 -4.9359e+00 +4.9262e+00 -4.9767e+00
860 0 +1.038700466e+00 +6.774870047e+01 +6.774870047e+01 -4.9139e+00 -4.9956e+00 -4.9817e+00 +4.9334e+00 -4.9488e+00
915 0 +9.756895545e-01 +6.768568955e+01 +6.768568955e+01 -4.9844e+00 -4.8767e+00 -4.9588e+00 +4.9862e+00 -4.9467e+00
923 0 +8.178469684e-01 +6.752784697e+01 +6.752784697e+01 -4.9886e+00 -4.9867e+00 -4.9378e+00 +4.9375e+00 -4.9766e+00
1008 0 +7.723355734e-01 +6.748233557e+01 +6.748233557e+01 -4.8954e+00 -4.9658e+00 -4.9772e+00 +4.9741e+00 -4.9610e+00
1009 0 +7.604865907e-01 +6.747048659e+01 +6.747048659e+01 -4.9372e+00 -4.9343e+00 -4.8919e+00 +4.9801e+00 -4.9873e+00
1016 0 +7.022522233e-01 +6.741225222e+01 +6.741225222e+01 -4.9577e+00 -4.9877e+00 -4.9610e+00 +4.9946e+00 -4.9516e+00
1096 0 +6.892572588e-01 +6.739925726e+01 +6.739925726e+01 -4.9957e+00 -4.9672e+00 -4.9673e+00 +4.9876e+00 -4.9546e+00
1141 0 +6.859162700e-01 +6.739591627e+01 +6.739591627e+01 -4.9550e+00 -4.8793e+00 -4.9988e+00 +4.9734e+00 -4.9727e+00
1196 0 +6.804873781e-01 +6.739048738e+01 +6.739048738e+01 -4.9511e+00 -4.9340e+00 -4.9768e+00 +4.9921e+00 -4.9603e+00
1210 0 +6.236917015e-01 +6.733369170e+01 +6.733369170e+01 -4.9969e+00 -4.8760e+00 -4.9641e+00 +4.9986e+00 -4.9721e+00
1242 0 +6.203451624e-01 +6.733034516e+01 +6.733034516e+01 -4.9439e+00 -4.9474e+00 -4.9424e+00 +4.9958e+00 -4.9735e+00
% f evaluations | g evaluations | best noise-free fitness - Fopt (9.416700000000e+02) + sum g_i+ | measured fitness | best measured fitness or single-digit g-values | x1 | x2...
1 0 +9.551562103e+01 +1.037185621e+03 +1.037185621e+03 +5.9671e-01 -3.8264e-02 +7.4769e-01 +1.6230e+00 -1.3415e-01
10 0 +8.377449861e+01 +1.025444499e+03 +1.025444499e+03 -6.1984e-01 -3.6064e-01 +1.1571e+00 +4.4362e-01 -1.6630e+00
15 0 +7.643276780e+01 +1.018102768e+03 +1.018102768e+03 +4.6140e-01 +1.6380e+00 +6.4174e-02 +1.6646e+00 -2.5197e+00
27 0 +6.295744565e+01 +1.004627446e+03 +1.004627446e+03 -2.2865e+00 -4.4252e-01 -3.6051e-03 +3.5854e+00 -2.1638e+00
36 0 +3.583793054e+01 +9.775079305e+02 +9.775079305e+02 -1.5492e+00 +1.8666e+00 +2.4722e+00 +3.1237e+00 -4.8368e+00
87 0 +3.037926691e+01 +9.720492669e+02 +9.720492669e+02 -4.0082e+00 -3.6788e+00 -1.5617e+00 +4.7864e+00 -4.4913e+00
180 0 +3.013274026e+01 +9.718027403e+02 +9.718027403e+02 -1.2480e+00 +3.4230e+00 +2.4974e+00 +4.5691e+00 -4.8935e+00
182 0 +2.790223464e+01 +9.695722346e+02 +9.695722346e+02 -2.2516e-01 +7.0629e-01 +4.0223e+00 +4.0493e+00 -4.5458e+00
202 0 +1.883184693e+01 +9.605018469e+02 +9.605018469e+02 -2.6049e+00 +3.8716e-01 +4.9279e+00 +4.4940e+00 -4.6216e+00
226 0 +1.524552088e+01 +9.569155209e+02 +9.569155209e+02 -2.6833e+00 -2.6205e+00 +4.0943e+00 +4.9643e+00 -4.4368e+00
324 0 +1.510613389e+01 +9.567761339e+02 +9.567761339e+02 -2.3105e+00 -4.0780e+00 +4.5987e+00 +3.7256e+00 -4.7659e+00
352 0 +1.215335758e+01 +9.538233576e+02 +9.538233576e+02 -2.8832e+00 -4.6985e+00 +3.2695e+00 +4.9161e+00 -4.6444e+00
384 0 +1.049109942e+01 +9.521610994e+02 +9.521610994e+02 -4.5366e+00 -4.3934e+00 +4.8919e+00 +4.8757e+00 -4.2092e+00
422 0 +1.012224109e+01 +9.517922411e+02 +9.517922411e+02 -2.7584e+00 -4.1451e+00 +4.3944e+00 +4.6839e+00 -4.7333e+00
426 0 +5.414225775e+00 +9.470842258e+02 +9.470842258e+02 -3.6086e+00 -4.8231e+00 +4.8902e+00 +4.6939e+00 -4.8360e+00
427 0 +4.721109187e+00 +9.463911092e+02 +9.463911092e+02 -4.1502e+00 -4.5129e+00 +4.7473e+00 +4.6850e+00 -4.9566e+00
526 0 +3.905679106e+00 +9.455756791e+02 +9.455756791e+02 -4.7550e+00 -4.6863e+00 +4.6681e+00 +4.9286e+00 -4.8348e+00
551 0 +2.049694477e+00 +9.437196945e+02 +9.437196945e+02 -4.5909e+00 -4.7933e+00 +4.9292e+00 +4.8396e+00 -4.9853e+00
734 0 +1.467170101e+00 +9.431371701e+02 +9.431371701e+02 -4.9528e+00 -4.9591e+00 +4.9962e+00 +4.9377e+00 -4.9015e+00
757 0 +1.124857103e+00 +9.427948571e+02 +9.427948571e+02 -4.8418e+00 -4.7822e+00 +4.9832e+00 +4.9948e+00 -4.9503e+00
853 0 +1.104840049e+00 +9.427748400e+02 +9.427748400e+02 -4.9465e+00 -4.9617e+00 +4.9855e+00 +4.8356e+00 -4.9987e+00
900 0 +9.302765130e-01 +9.426002765e+02 +9.426002765e+02 -4.5608e+00 -4.9937e+00 +4.9667e+00 +4.9823e+00 -4.9725e+00
933 0 +9.199954457e-01 +9.425899954e+02 +9.425899954e+02 -4.9237e+00 -4.9847e+00 +4.9828e+00 +4.9214e+00 -4.9680e+00
936 0 +7.449739855e-01 +9.424149740e+02 +9.424149740e+02 -4.9284e+00 -4.8104e+00 +4.9947e+00 +4.9911e+00 -4.9731e+00
965 0 +5.145207444e-01 +9.421845207e+02 +9.421845207e+02 -4.9870e+00 -4.9929e+00 +4.9744e+00 +4.9626e+00 -4.9802e+00
998 0 +4.862478034e-01 +9.421562478e+02 +9.421562478e+02 -4.9149e+00 -4.8882e+00 +5.0000e+00 +4.9932e+00 -4.9836e+00
% f evaluations | g evaluations | best noise-free fitness - Fopt (-3.745000000000e+01) + sum g_i+ | measured fitness | best measured fitness or single-digit g-values | x1 | x2...
1 0 +1.127122172e+02 +7.526221717e+01 +7.526221717e+01 +5.9671e-01 -3.8264e-02 +7.4769e-01 +1.6230e+00 -1.3415e-01
2 0 +1.065727028e+02 +6.912270280e+01 +6.912270280e+01 -1.3414e-01 +1.6792e+00 +8.6743e-01 -3.6947e-01 +6.4256e-01
3 0 +8.130625686e+01 +4.385625686e+01 +4.385625686e+01 -3.6342e-01 -3.6573e-01 +3.4196e-01 -1.8133e+00 -1.6249e+00
27 0 +6.936418289e+01 +3.191418289e+01 +3.191418289e+01 +2.1635e+00 -3.4473e-01 +3.8895e-02 -2.3855e+00 -2.3367e+00
33 0 +5.953849467e+01 +2.208849467e+01 +2.208849467e+01 -5.9058e-01 -1.2576e+00 -4.8685e-02 -3.3047e+00 -3.2679e+00
42 0 +5.874680668e+01 +2.129680668e+01 +2.129680668e+01 -2.9458e-01 +1.7402e+00 +2.5642e+00 -1.2915e+00 -3.0902e+00
51 0 +4.106081410e+01 +3.610814101e+00 +3.610814101e+00 -1.2934e+00 -2.9167e+00 +2.8739e+00 -4.4951e+00 -3.8873e+00
52 0 +3.725844172e+01 -1.915582845e-01 -1.915582845e-01 +2.6612e+00 -6.4812e-01 +1.0854e+00 -3.9607e+00 -4.3348e+00
53 0 +3.068422877e+01 -6.765771230e+00 -6.765771230e+00 -6.4805e-01 +1.6499e+00 +2.5070e-01 -4.9640e+00 -4.6142e+00
79 0 +2.940103902e+01 -8.048960985e+00 -8.048960985e+00 -4.4569e+00 -6.6009e-01 +3.3718e+00 -4.5620e+00 -4.7733e+00
102 0 +2.706452303e+01 -1.038547697e+01 -1.038547697e+01 +2.6630e+00 +2.2888e-02 +2.2839e+00 -3.7637e+00 -4.9665e+00
155 0 +2.307190577e+01 -1.437809423e+01 -1.437809423e+01 +4.7007e-01 +3.8463e+00 +1.7195e+00 -4.3391e+00 -4.7600e+00
161 0 +1.426659295e+01 -2.318340705e+01 -2.318340705e+01 +2.1358e-01 +2.3662e+00 +4.5270e+00 -4.7416e+00 -4.8152e+00
178 0 +1.273500152e+01 -2.471499848e+01 -2.471499848e+01 +1.0620e+00 +3.0924e+00 +4.9714e+00 -4.5945e+00 -4.6966e+00
306 0 +8.366593465e+00 -2.908340654e+01 -2.908340654e+01 +6.9390e-01 +3.8101e+00 +4.7183e+00 -4.8688e+00 -4.9684e+00
351 0 +6.286936578e+00 -3.116306342e+01 -3.116306342e+01 +2.8365e+00 +4.8508e+00 +4.6849e+00 -4.9588e+00 -4.7370e+00
426 0 +4.444294791e+00 -3.300570521e+01 -3.300570521e+01 +3.7657e+00 +4.8732e+00 +4.4450e+00 -4.9278e+00 -4.9177e+00
476 0 +3.544255759e+00 -3.390574424e+01 -3.390574424e+01 +4.1968e+00 +4.1304e+00 +4.6775e+00 -4.9777e+00 -4.9951e+00
501 0 +2.428705380e+00 -3.502129462e+01 -3.502129462e+01 +4.4553e+00 +4.6136e+00 +4.8956e+00 -4.9781e+00 -4.9256e+00
526 0 +1.123904028e+00 -3.632609597e+01 -3.632609597e+01 +4.5335e+00 +4.8861e+00 +4.9518e+00 -4.9509e+00 -4.9974e+00
720 0 +1.107432142e+00 -3.634256786e+01 -3.634256786e+01 +4.8994e+00 +4.8820e+00 +4.9280e+00 -4.9230e+00 -4.9864e+00
724 0 +9.782104023e-01 -3.647178960e+01 -3.647178960e+01 +4.9478e+00 +4.7851e+00 +4.9776e+00 -4.9972e+00 -4.9543e+00
739 0 +7.313380451e-01 -3.671866195e+01 -3.671866195e+01 +4.8275e+00 +4.9629e+00 +4.9118e+00 -4.9696e+00 -4.9957e+00
819 0 +7.092907290e-01 -3.674070927e+01 -3.674070927e+01 +4.9391e+00 +4.9262e+00 +4.9093e+00 -4.9961e+00 -4.9791e+00
827 0 +6.766435453e-01 -3.677335645e+01 -3.677335645e+01 +4.8729e+00 +4.9640e+00 +4.9059e+00 -4.9982e+00 -4.9822e+00
833 0 +5.767395364e-01 -3.687326046e+01 -3.687326046e+01 +4.8474e+00 +4.9953e+00 +4.9103e+00 -4.9812e+00 -4.9973e+00
837 0 +5.016007955e-01 -3.694839920e+01 -3.694839920e+01 +4.9333e+00 +4.9042e+00 +4.9934e+00 -4.9913e+00 -4.9805e+00
897 0 +4.733858090e-01 -3.697661419e+01 -3.697661419e+01 +4.8956e+00 +4.9605e+00 +4.9788e+00 -4.9698e+00 -4.9938e+00
931 0 +3.209382869e-01 -3.712906171e+01 -3.712906171e+01 +4.9880e+00 +4.9988e+00 +4.9265e+00 -4.9901e+00 -4.9982e+00
999 0 +3.020032238e-01 -3.714799678e+01 -3.714799678e+01 +4.9678e+00 +4.9999e+00 +4.9580e+00 -4.9939e+00 -4.9897e+00
1069 0 +2.728439205e-01 -3.717715608e+01 -3.717715608e+01 +4.8943e+00 +4.9619e+00 +4.9911e+00 -4.9995e+00 -4.9932e+00
1088 0 +2.635002665e-01 -3.718649973e+01 -3.718649973e+01 +4.9492e+00 +4.9721e+00 +4.9640e+00 -4.9962e+00 -4.9972e+00
1117 0 +2.556023538e-01 -3.719439765e+01 -3.719439765e+01 +4.9768e+00 +4.9715e+00 +4.9889e+00 -4.9742e+00 -4.9998e+00
1133 0 +2.478735711e-01 -3.720212643e+01 -3.720212643e+01 +4.9687e+00 +4.9771e+00 +4.9815e+00 -4.9946e+00 -4.9913e+00
1145 0 +2.405614438e-01 -3.720943856e+01 -3.720943856e+01 +4.9858e+00 +4.9837e+00 +4.9666e+00 -4.9871e+00 -4.9981e+00
1149 0 +2.323566672e-01 -3.721764333e+01 -3.721764333e+01 +4.9970e+00 +4.9901e+00 +4.9768e+00 -4.9788e+00 -4.9981e+00
1230 0 +2.316199191e-01 -3.721838008e+01 -3.721838008e+01 +4.9154e+00 +4.9900e+00 +4.9969e+00 -4.9914e+00 -4.9929e+00
1237 0 +2.238247675e-01 -3.722617523e+01 -3.722617523e+01 +4.9808e+00 +4.9306e+00 +4.9839e+00 -4.9956e+00 -4.9995e+00
% f evaluations | g evaluations | best noise-free fitness - Fopt (-6.639000000000e+01) + sum g_i+ | measured fitness | best measured fitness or single-digit g-values | x1 | x2...
1 0 +1.003805078e+02 +3.399050779e+01 +3.399050779e+01 +5.9671e-01 -3.8264e-02 +7.4769e-01 +1.6230e+00 -1.3415e-01
9 0 +9.547193463e+01 +2.908193463e+01 +2.908193463e+01 +8.3847e-01 +2.7137e-01 -1.5648e-02 -2.0110e-01 -1.3785e+00
10 0 +9.237541515e+01 +2.598541515e+01 +2.598541515e+01 -6.1984e-01 -3.6064e-01 +1.1571e+00 +4.4362e-01 -1.6630e+00
15 0 +7.101286617e+01 +4.622866165e+00 +4.622866165e+00 +4.6140e-01 +1.6380e+00 +6.4174e-02 +1.6646e+00 -2.5197e+00
27 0 +6.811922486e+01 +1.729224863e+00 +1.729224863e+00 +1.5317e+00 +3.0084e+00 -2.4319e-01 +2.8061e+00 -1.9334e+00
28 0 +5.880710939e+01 -7.582890605e+00 -7.582890605e+00 +1.6560e-01 -3.3452e-01 -1.9242e+00 +2.7077e+00 -2.8462e+00
51 0 +5.066162232e+01 -1.572837768e+01 -1.572837768e+01 +3.3955e+00 +3.3864e+00 -4.9190e+00 +3.0668e+00 -2.1731e+00
54 0 +4.886966947e+01 -1.752033053e+01 -1.752033053e+01 +1.8343e+00 +2.2007e+00 +4.9412e-01 +1.8036e+00 -4.8291e+00
59 0 +3.568559074e+01 -3.070440926e+01 -3.070440926e+01 +7.9527e-01 +3.0472e+00 -2.4086e+00 +4.2537e+00 -3.5974e+00
77 0 +2.685089264e+01 -3.953910736e+01 -3.953910736e+01 +2.9154e+00 +4.1396e+00 -3.4689e+00 +4.8329e+00 -3.8376e+00
152 0 +2.085510500e+01 -4.553489500e+01 -4.553489500e+01 -2.5734e+00 -1.7470e+00 -3.7761e+00 +4.7639e+00 -4.8767e+00
223 0 +1.905132061e+01 -4.733867939e+01 -4.733867939e+01 +3.4713e-01 +2.7587e+00 -4.4779e+00 +3.5912e+00 -4.9855e+00
259 0 +1.559280211e+01 -5.079719789e+01 -5.079719789e+01 -3.2485e+00 +3.6747e-01 -4.6072e+00 +4.5476e+00 -4.8182e+00
277 0 +1.306611586e+01 -5.332388414e+01 -5.332388414e+01 -2.6677e+00 +1.4678e+00 -4.7749e+00 +4.8311e+00 -4.7209e+00
377 0 +1.083822341e+01 -5.555177659e+01 -5.555177659e+01 -2.9084e+00 +1.8468e+00 -4.9929e+00 +4.6690e+00 -4.8744e+00
379 0 +1.075909487e+01 -5.563090513e+01 -5.563090513e+01 -3.3290e+00 +1.0871e+00 -4.8146e+00 +4.7407e+00 -4.9915e+00
413 0 +8.147956018e+00 -5.824204398e+01 -5.824204398e+01 -4.5851e+00 +2.0180e+00 -4.8140e+00 +4.7835e+00 -4.9376e+00
479 0 +7.431098441e+00 -5.895890156e+01 -5.895890156e+01 -4.0503e+00 +2.6299e+00 -4.8770e+00 +4.9632e+00 -4.8329e+00
501 0 +7.206033513e+00 -5.918396649e+01 -5.918396649e+01 -3.6413e+00 +3.0505e+00 -4.9431e+00 +4.6319e+00 -4.9869e+00
550 0 +6.808299317e+00 -5.958170068e+01 -5.958170068e+01 -1.3970e+00 +4.6272e+00 -4.9253e+00 +4.8195e+00 -4.8709e+00
556 0 +6.581798136e+00 -5.980820186e+01 -5.980820186e+01 -3.9178e+00 +4.9612e+00 -4.7573e+00 +4.9116e+00 -4.5834e+00
559 0 +6.160075832e+00 -6.022992417e+01 -6.022992417e+01 -4.5690e+00 +4.7402e+00 -3.8012e+00 +4.7501e+00 -4.9929e+00
576 0 +2.126868619e+00 -6.426313138e+01 -6.426313138e+01 -4.7502e+00 +4.4334e+00 -4.9726e+00 +4.9773e+00 -4.9345e+00
816 0 +2.065792895e+00 -6.432420710e+01 -6.432420710e+01 -4.9420e+00 +4.7475e+00 -4.8234e+00 +4.8624e+00 -4.9774e+00
828 0 +1.688397549e+00 -6.470160245e+01 -6.470160245e+01 -4.9597e+00 +4.9210e+00 -4.9147e+00 +4.8940e+00 -4.9358e+00
859 0 +1.680703617e+00 -6.470929638e+01 -6.470929638e+01 -4.9450e+00 +4.7083e+00 -4.9041e+00 +4.9739e+00 -4.9343e+00
876 0 +1.671012797e+00 -6.471898720e+01 -6.471898720e+01 -4.8992e+00 +4.9680e+00 -4.8846e+00 +4.8717e+00 -4.9573e+00
877 0 +1.303103985e+00 -6.508689601e+01 -6.508689601e+01 -4.9273e+00 +4.8879e+00 -4.7907e+00 +4.9657e+00 -4.9823e+00
1000 0 +1.299702346e+00 -6.509029765e+01 -6.509029765e+01 -4.8850e+00 +4.9928e+00 -4.9250e+00 +4.9301e+00 -4.9459e+00
1137 0 +1.254852950e+00 -6.513514705e+01 -6.513514705e+01 -4.9669e+00 +4.8316e+00 -4.9572e+00 +4.9008e+00 -4.9771e+00
1168 0 +1.240689171e+00 -6.514931083e+01 -6.514931083e+01 -4.6560e+00 +4.8814e+00 -4.9905e+00 +4.8864e+00 -4.9983e+00
% f evaluations | g evaluations | best noise-free fitness - Fopt (-2.260100000000e+02) + sum g_i+ | measured fitness | best measured fitness or single-digit g-values | x1 | x2...
1 0 +9.565171027e+01 -1.303582897e+02 -1.303582897e+02 +5.9671e-01 -3.8264e-02 +7.4769e-01 +1.6230e+00 -1.3415e-01
9 0 +9.557090306e+01 -1.304390969e+02 -1.304390969e+02 +8.3847e-01 +2.7137e-01 -1.5648e-02 -2.0110e-01 -1.3785e+00
10 0 +8.505713161e+01 -1.409528684e+02 -1.409528684e+02 -6.1984e-01 -3.6064e-01 +1.1571e+00 +4.4362e-01 -1.6630e+00
15 0 +7.060699440e+01 -1.554030056e+02 -1.554030056e+02 +4.6140e-01 +1.6380e+00 +6.4174e-02 +1.6646e+00 -2.5197e+00
26 0 +5.410514735e+01 -1.719048526e+02 -1.719048526e+02 -7.1988e-01 +1.8706e+00 +1.8338e+00 +2.1605e+00 -3.1720e+00
51 0 +4.751025868e+01 -1.784997413e+02 -1.784997413e+02 -2.4719e-01 +2.6738e+00 +1.2313e-01 +1.1168e+00 -4.8638e+00
52 0 +3.035697276e+01 -1.956530272e+02 -1.956530272e+02 -6.0673e-01 +2.0158e+00 +2.9484e+00 +2.8245e+00 -4.8064e+00
54 0 +2.974958232e+01 -1.962604177e+02 -1.962604177e+02 -3.6137e-01 +8.1855e-01 +2.0151e+00 +4.6390e+00 -4.3794e+00
77 0 +2.928996355e+01 -1.967200364e+02 -1.967200364e+02 -2.8582e+00 +3.7661e+00 +4.9981e+00 +3.8940e+00 -3.1272e+00
103 0 +2.399808991e+01 -2.020119101e+02 -2.020119101e+02 -4.2814e-03 +2.5904e+00 +2.6068e+00 +3.8713e+00 -4.9198e+00
127 0 +2.144203527e+01 -2.045679647e+02 -2.045679647e+02 -6.2381e-01 +3.5489e+00 +2.4865e+00 +4.2673e+00 -4.7583e+00
151 0 +1.614220380e+01 -2.098677962e+02 -2.098677962e+02 +1.5336e+00 +4.9924e+00 +3.4057e+00 +4.7530e+00 -4.6836e+00
201 0 +1.447704640e+01 -2.115329536e+02 -2.115329536e+02 -2.6341e+00 +3.5109e+00 +3.3556e+00 +4.9532e+00 -4.6000e+00
252 0 +1.310272125e+01 -2.129072788e+02 -2.129072788e+02 -3.6242e+00 +3.3419e+00 +2.8673e+00 +4.9476e+00 -4.8261e+00
254 0 +1.200795045e+01 -2.140020496e+02 -2.140020496e+02 -1.2338e+00 +3.7137e+00 +3.6705e+00 +4.9332e+00 -4.8626e+00
276 0 +7.050574965e+00 -2.189594250e+02 -2.189594250e+02 -3.8377e+00 +4.2826e+00 +4.1331e+00 +4.8382e+00 -4.9039e+00
326 0 +7.046719636e+00 -2.189632804e+02 -2.189632804e+02 -3.4259e+00 +4.6842e+00 +4.3840e+00 +4.6639e+00 -4.8927e+00
351 0 +6.072310046e+00 -2.199376900e+02 -2.199376900e+02 -3.3562e+00 +4.9527e+00 +4.9331e+00 +4.5029e+00 -4.8663e+00
352 0 +5.418455236e+00 -2.205915448e+02 -2.205915448e+02 -4.2312e+00 +4.6684e+00 +4.5324e+00 +4.5752e+00 -4.9807e+00
403 0 +5.317290716e+00 -2.206927093e+02 -2.206927093e+02 -3.0076e+00 +4.3694e+00 +4.5585e+00 +4.9732e+00 -4.9344e+00
453 0 +2.554478934e+00 -2.234555211e+02 -2.234555211e+02 -3.2591e+00 +4.9317e+00 +4.9490e+00 +4.9932e+00 -4.9507e+00
562 0 +2.385029298e+00 -2.236249707e+02 -2.236249707e+02 -3.7300e+00 +4.7727e+00 +4.8935e+00 +4.9784e+00 -4.9748e+00
579 0 +2.016772991e+00 -2.239932270e+02 -2.239932270e+02 -4.1022e+00 +4.7584e+00 +4.9282e+00 +4.9205e+00 -4.9985e+00
609 0 +1.728323443e+00 -2.242816766e+02 -2.242816766e+02 -4.5854e+00 +4.8772e+00 +4.9303e+00 +4.8558e+00 -4.9936e+00
628 0 +1.722265541e+00 -2.242877345e+02 -2.242877345e+02 -4.5525e+00 +4.9012e+00 +4.8586e+00 +4.8917e+00 -4.9957e+00
675 0 +1.637640707e+00 -2.243723593e+02 -2.243723593e+02 -4.7894e+00 +4.8111e+00 +4.9433e+00 +4.8544e+00 -4.9907e+00
690 0 +1.333198256e+00 -2.246768017e+02 -2.246768017e+02 -4.9828e+00 +4.4821e+00 +4.9404e+00 +4.9719e+00 -4.9951e+00
713 0 +1.177829005e+00 -2.248321710e+02 -2.248321710e+02 -4.9908e+00 +4.8893e+00 +4.9838e+00 +4.8407e+00 -4.9976e+00
731 0 +8.907916750e-01 -2.251192083e+02 -2.251192083e+02 -4.8225e+00 +4.9088e+00 +4.9440e+00 +4.9640e+00 -4.9828e+00
776 0 +4.209050019e-01 -2.255890950e+02 -2.255890950e+02 -4.9165e+00 +4.9531e+00 +4.9417e+00 +4.9968e+00 -4.9948e+00
996 0 +4.178208031e-01 -2.255921792e+02 -2.255921792e+02 -4.9322e+00 +4.9823e+00 +4.9914e+00 +4.9507e+00 -4.9985e+00
1042 0 +4.106398420e-01 -2.255993602e+02 -2.255993602e+02 -4.9668e+00 +4.9620e+00 +4.9801e+00 +4.9911e+00 -4.9803e+00
1059 0 +3.561223136e-01 -2.256538777e+02 -2.256538777e+02 -4.9323e+00 +4.9780e+00 +4.9947e+00 +4.9967e+00 -4.9786e+00
1107 0 +3.160687695e-01 -2.256939312e+02 -2.256939312e+02 -4.9280e+00 +4.9963e+00 +4.9945e+00 +4.9745e+00 -4.9923e+00
1131 0 +2.818363790e-01 -2.257281636e+02 -2.257281636e+02 -4.9350e+00 +4.9862e+00 +4.9999e+00 +4.9736e+00 -4.9957e+00
1163 0 +2.374881233e-01 -2.257725119e+02 -2.257725119e+02 -4.9926e+00 +4.9488e+00 +4.9781e+00 +4.9908e+00 -4.9982e+00
% f evaluations | g evaluations | best noise-free fitness - Fopt (1.000000000000e+03) + sum g_i+ | measured fitness | best measured fitness or single-digit g-values | x1 | x2...
1 0 +9.565171027e+01 +1.095651710e+03 +1.095651710e+03 +5.9671e-01 -3.8264e-02 +7.4769e-01 +1.6230e+00 -1.3415e-01
9 0 +9.557090306e+01 +1.095570903e+03 +1.095570903e+03 +8.3847e-01 +2.7137e-01 -1.5648e-02 -2.0110e-01 -1.3785e+00
10 0 +8.505713161e+01 +1.085057132e+03 +1.085057132e+03 -6.1984e-01 -3.6064e-01 +1.1571e+00 +4.4362e-01 -1.6630e+00
15 0 +7.060699440e+01 +1.070606994e+03 +1.070606994e+03 +4.6140e-01 +1.6380e+00 +6.4174e-02 +1.6646e+00 -2.5197e+00
26 0 +5.503933624e+01 +1.055039336e+03 +1.055039336e+03 +4.9293e-01 +2.2967e+00 +1.1955e+00 -3.7928e-01 -4.7542e+00
37 0 +5.410514735e+01 +1.054105147e+03 +1.054105147e+03 -7.1988e-01 +1.8706e+00 +1.8338e+00 +2.1605e+00 -3.1720e+00
51 0 +5.241703970e+01 +1.052417040e+03 +1.052417040e+03 +1.2537e+00 +2.7867e+00 +2.6162e+00 +3.1514e+00 -2.5706e+00
52 0 +3.447292673e+01 +1.034472927e+03 +1.034472927e+03 -6.9457e-01 +2.8794e+00 +2.1036e+00 +3.7692e+00 -3.9684e+00
57 0 +2.242691350e+01 +1.022426914e+03 +1.022426914e+03 -3.7680e+00 -4.7886e-01 +4.5280e+00 +3.5687e+00 -4.8090e+00
77 0 +2.070825871e+01 +1.020708259e+03 +1.020708259e+03 -4.5458e+00 +2.2539e+00 +4.1379e+00 +3.6764e+00 -4.4798e+00
202 0 +1.792008710e+01 +1.017920087e+03 +1.017920087e+03 -3.6095e+00 +3.6141e-01 +4.8722e+00 +4.2245e+00 -4.6484e+00
203 0 +1.644114537e+01 +1.016441145e+03 +1.016441145e+03 -9.8204e-01 +3.7144e+00 +3.1097e+00 +4.5113e+00 -4.8588e+00
232 0 +5.754360739e+00 +1.005754361e+03 +1.005754361e+03 -3.0221e+00 +4.7585e+00 +4.1228e+00 +4.9121e+00 -4.9921e+00
351 0 +5.348673966e+00 +1.005348674e+03 +1.005348674e+03 -4.7712e+00 +3.3482e+00 +4.5211e+00 +4.9494e+00 -4.9616e+00
403 0 +5.267282664e+00 +1.005267283e+03 +1.005267283e+03 -3.7206e+00 +4.7715e+00 +4.3316e+00 +4.8517e+00 -4.9366e+00
426 0 +4.618466333e+00 +1.004618466e+03 +1.004618466e+03 -3.7877e+00 +4.4579e+00 +4.5300e+00 +4.8955e+00 -4.9632e+00
451 0 +3.650221144e+00 +1.003650221e+03 +1.003650221e+03 -4.4110e+00 +4.4808e+00 +4.4704e+00 +4.9624e+00 -4.9748e+00
501 0 +2.542523964e+00 +1.002542524e+03 +1.002542524e+03 -4.9821e+00 +4.4212e+00 +4.6414e+00 +4.9480e+00 -4.9931e+00
551 0 +1.875027770e+00 +1.001875028e+03 +1.001875028e+03 -4.9812e+00 +4.7508e+00 +4.8826e+00 +4.8272e+00 -4.9930e+00
576 0 +7.882496742e-01 +1.000788250e+03 +1.000788250e+03 -4.7714e+00 +4.8923e+00 +4.9019e+00 +4.9931e+00 -4.9981e+00
665 0 +6.799725627e-01 +1.000679973e+03 +1.000679973e+03 -4.8309e+00 +4.9681e+00 +4.9703e+00 +4.9394e+00 -4.9981e+00
870 0 +6.777368071e-01 +1.000677737e+03 +1.000677737e+03 -4.8719e+00 +4.9212e+00 +4.9506e+00 +4.9641e+00 -4.9949e+00
912 0 +6.374797504e-01 +1.000637480e+03 +1.000637480e+03 -4.8871e+00 +4.9902e+00 +4.9426e+00 +4.9482e+00 -4.9966e+00
929 0 +6.056612444e-01 +1.000605661e+03 +1.000605661e+03 -4.8814e+00 +4.9953e+00 +4.8984e+00 +4.9868e+00 -4.9917e+00
940 0 +5.738841333e-01 +1.000573884e+03 +1.000573884e+03 -4.8392e+00 +4.9625e+00 +4.9670e+00 +4.9597e+00 -4.9985e+00
1055 0 +5.617353667e-01 +1.000561735e+03 +1.000561735e+03 -4.9595e+00 +4.9898e+00 +4.9359e+00 +4.9507e+00 -4.9976e+00
1091 0 +5.430061993e-01 +1.000543006e+03 +1.000543006e+03 -4.9396e+00 +4.9465e+00 +4.9908e+00 +4.9406e+00 -4.9975e+00
1171 0 +5.381234982e-01 +1.000538123e+03 +1.000538123e+03 -4.9178e+00 +4.9698e+00 +4.9953e+00 +4.9387e+00 -4.9957e+00
1189 0 +5.140142940e-01 +1.000514014e+03 +1.000514014e+03 -4.9723e+00 +4.9834e+00 +4.9805e+00 +4.9393e+00 -4.9946e+00
1207 0 +5.088671782e-01 +1.000508867e+03 +1.000508867e+03 -4.9822e+00 +4.9885e+00 +4.9763e+00 +4.9320e+00 -4.9987e+00
% f evaluations | g evaluations | best noise-free fitness - Fopt (-1.830200000000e+02) + sum g_i+ | measured fitness | best measured fitness or single-digit g-values | x1 | x2...
1 0 +1.173049255e+02 -6.571507455e+01 -6.571507455e+01 +5.9671e-01 -3.8264e-02 +7.4769e-01 +1.6230e+00 -1.3415e-01
3 0 +8.216827678e+01 -1.008517232e+02 -1.008517232e+02 -3.6342e-01 -3.6573e-01 +3.4196e-01 -1.8133e+00 -1.6249e+00
26 0 +4.104948627e+01 -1.419705137e+02 -1.419705137e+02 -1.4026e+00 -1.9883e+00 -9.4859e-01 -2.0881e+00 -4.9895e+00
51 0 +3.932519369e+01 -1.436948063e+02 -1.436948063e+02 -2.1786e+00 -1.3105e+00 -2.6971e+00 -4.1118e+00 -3.6692e+00
63 0 +3.613779157e+01 -1.468822084e+02 -1.468822084e+02 -4.5074e+00 +8.3792e-01 -4.3725e+00 -3.0696e+00 -4.6591e+00
78 0 +2.770826989e+01 -1.553117301e+02 -1.553117301e+02 +5.0639e-02 -8.0341e-01 -3.4717e+00 -4.7294e+00 -4.1059e+00
134 0 +1.773433163e+01 -1.652856684e+02 -1.652856684e+02 +1.7708e+00 -2.7366e+00 -3.6191e+00 -4.3649e+00 -4.7458e+00
202 0 +1.649349347e+01 -1.665265065e+02 -1.665265065e+02 +6.7866e-01 -1.9231e+00 -4.5890e+00 -4.7129e+00 -4.6214e+00
252 0 +1.347593165e+01 -1.695440684e+02 -1.695440684e+02 +5.6370e-02 -3.5584e+00 -4.2392e+00 -4.8309e+00 -4.7388e+00
276 0 +9.114203264e+00 -1.739057967e+02 -1.739057967e+02 -1.9477e-01 -4.8012e+00 -4.9414e+00 -4.6394e+00 -4.8647e+00
355 0 +8.739054795e+00 -1.742809452e+02 -1.742809452e+02 +6.7641e-01 -4.5327e+00 -4.9710e+00 -4.9721e+00 -4.6664e+00
356 0 +7.671345120e+00 -1.753486549e+02 -1.753486549e+02 +3.0510e+00 -3.7443e+00 -4.8574e+00 -4.8878e+00 -4.7593e+00
401 0 +6.140837309e+00 -1.768791627e+02 -1.768791627e+02 +3.2494e+00 -4.2264e+00 -4.9334e+00 -4.9622e+00 -4.7408e+00
407 0 +5.894262171e+00 -1.771257378e+02 -1.771257378e+02 +4.7379e+00 -3.5790e+00 -4.5117e+00 -4.9806e+00 -4.8548e+00
454 0 +3.141034421e+00 -1.798789656e+02 -1.798789656e+02 +2.4745e+00 -4.9215e+00 -4.9655e+00 -4.9421e+00 -4.9959e+00
551 0 +1.855999774e+00 -1.811640002e+02 -1.811640002e+02 +3.9910e+00 -4.9633e+00 -4.9407e+00 -4.9012e+00 -4.9962e+00
576 0 +1.661242925e+00 -1.813587571e+02 -1.813587571e+02 +4.0729e+00 -4.8432e+00 -4.9974e+00 -4.9327e+00 -4.9932e+00
630 0 +1.555536812e+00 -1.814644632e+02 -1.814644632e+02 +4.9841e+00 -4.8882e+00 -4.8432e+00 -4.9659e+00 -4.9347e+00
651 0 +9.847480115e-01 -1.820352520e+02 -1.820352520e+02 +4.8879e+00 -4.9665e+00 -4.9347e+00 -4.9996e+00 -4.9396e+00
754 0 +9.378518647e-01 -1.820821481e+02 -1.820821481e+02 +4.9803e+00 -4.8702e+00 -4.9026e+00 -4.9534e+00 -4.9883e+00
802 0 +9.308753263e-01 -1.820891247e+02 -1.820891247e+02 +4.8912e+00 -4.9495e+00 -4.8822e+00 -4.9941e+00 -4.9673e+00
816 0 +7.817038465e-01 -1.822382962e+02 -1.822382962e+02 +4.6731e+00 -4.9348e+00 -4.9387e+00 -4.9982e+00 -4.9865e+00
865 0 +5.744225632e-01 -1.824455774e+02 -1.824455774e+02 +4.8730e+00 -4.9265e+00 -4.9787e+00 -4.9812e+00 -4.9856e+00
974 0 +5.641705232e-01 -1.824558295e+02 -1.824558295e+02 +4.9919e+00 -4.9880e+00 -4.9992e+00 -4.9611e+00 -4.9686e+00
1055 0 +5.192613468e-01 -1.825007387e+02 -1.825007387e+02 +4.9871e+00 -4.9948e+00 -4.9826e+00 -4.9771e+00 -4.9686e+00
1136 0 +4.718307343e-01 -1.825481693e+02 -1.825481693e+02 +4.9816e+00 -4.9877e+00 -4.9828e+00 -4.9930e+00 -4.9662e+00
% f evaluations | g evaluations | best noise-free fitness - Fopt (-1.026200000000e+02) + sum g_i+ | measured fitness | best measured fitness or single-digit g-values | x1 | x2...
1 0 +1.211814213e+02 +1.856142126e+01 +1.856142126e+01 +5.9671e-01 -3.8264e-02 +7.4769e-01 +1.6230e+00 -1.3415e-01
2 0 +1.049115861e+02 +2.291586100e+00 +2.291586100e+00 -1.3414e-01 +1.6792e+00 +8.6743e-01 -3.6947e-01 +6.4256e-01
7 0 +9.645233344e+01 -6.167666560e+00 -6.167666560e+00 -5.0171e-01 +1.9523e+00 +8.6503e-02 -9.5771e-01 +9.2254e-01
8 0 +9.149225038e+01 -1.112774962e+01 -1.112774962e+01 -1.1208e+00 +3.0886e-01 -1.8597e+00 -1.2282e+00 +2.9686e-01
13 0 +8.881636009e+01 -1.380363991e+01 -1.380363991e+01 -3.7917e-01 -8.5659e-02 -1.0063e+00 -1.0962e+00 +9.1253e-01
27 0 +8.499607517e+01 -1.762392483e+01 -1.762392483e+01 +8.5582e-01 -2.1121e-01 -1.1526e+00 +1.1858e+00 +2.6328e+00
41 0 +6.445451101e+01 -3.816548899e+01 -3.816548899e+01 -2.4106e+00 -1.0463e+00 -2.8252e+00 -2.5134e+00 +1.6026e+00
54 0 +5.462349109e+01 -4.799650891e+01 -4.799650891e+01 -3.9422e-01 -3.1157e+00 -2.2538e+00 -3.2596e+00 +2.1804e+00
55 0 +3.701582961e+01 -6.560417039e+01 -6.560417039e+01 -2.4215e+00 -1.6272e+00 -3.3621e+00 -3.7393e+00 +3.3829e+00
59 0 +3.358470825e+01 -6.903529175e+01 -6.903529175e+01 -1.7222e+00 -1.6168e+00 -4.8353e+00 -1.3734e+00 +4.6624e+00
76 0 +3.178031511e+01 -7.083968489e+01 -7.083968489e+01 -6.1307e-01 -4.5096e+00 -4.6306e+00 -4.3058e+00 +2.8551e+00
77 0 +2.342121398e+01 -7.919878602e+01 -7.919878602e+01 -3.7288e+00 -3.8684e+00 -3.1394e+00 -3.2544e+00 +4.5563e+00
126 0 +1.888499679e+01 -8.373500321e+01 -8.373500321e+01 -3.7533e+00 -1.8720e+00 -3.5945e+00 -4.7368e+00 +4.3849e+00
151 0 +1.653580072e+01 -8.608419928e+01 -8.608419928e+01 -2.0431e+00 -2.2786e+00 -4.8310e+00 -4.9889e+00 +4.1857e+00
176 0 +1.085949488e+01 -9.176050512e+01 -9.176050512e+01 -4.3040e+00 -4.2295e+00 -3.5570e+00 -4.3009e+00 +4.9701e+00
226 0 +8.594320649e+00 -9.402567935e+01 -9.402567935e+01 -1.8960e+00 -3.3179e+00 -4.8093e+00 -4.8732e+00 +4.8817e+00
326 0 +5.465671522e+00 -9.715432848e+01 -9.715432848e+01 -2.5646e+00 -4.5363e+00 -4.8873e+00 -4.6967e+00 +4.9856e+00
376 0 +5.176429830e+00 -9.744357017e+01 -9.744357017e+01 -4.5564e+00 -4.9127e+00 -4.9448e+00 -4.7814e+00 +4.6826e+00
451 0 +4.401565590e+00 -9.821843441e+01 -9.821843441e+01 -4.1166e+00 -4.5227e+00 -4.5403e+00 -4.8910e+00 +4.9397e+00
476 0 +3.837065790e+00 -9.878293421e+01 -9.878293421e+01 -3.4756e+00 -4.6716e+00 -4.9311e+00 -4.8918e+00 +4.9098e+00
478 0 +3.597951335e+00 -9.902204867e+01 -9.902204867e+01 -3.9081e+00 -4.4460e+00 -4.6901e+00 -4.9816e+00 +4.9562e+00
501 0 +3.023420420e+00 -9.959657958e+01 -9.959657958e+01 -4.0287e+00 -4.9814e+00 -4.4945e+00 -4.9769e+00 +4.9709e+00
526 0 +2.458636074e+00 -1.001613639e+02 -1.001613639e+02 -4.2070e+00 -4.9212e+00 -4.8245e+00 -4.9900e+00 +4.9085e+00
552 0 +2.093423689e+00 -1.005265763e+02 -1.005265763e+02 -4.2028e+00 -4.7914e+00 -4.9053e+00 -4.9327e+00 +4.9753e+00
578 0 +1.997900669e+00 -1.006220993e+02 -1.006220993e+02 -4.2970e+00 -4.8156e+00 -4.8752e+00 -4.9062e+00 +4.9955e+00
606 0 +1.617762358e+00 -1.010022376e+02 -1.010022376e+02 -4.3425e+00 -4.9270e+00 -4.9167e+00 -4.9014e+00 +4.9987e+00
607 0 +1.477322043e+00 -1.011426780e+02 -1.011426780e+02 -4.5316e+00 -4.8858e+00 -4.8997e+00 -4.9230e+00 +4.9944e+00
614 0 +1.457753644e+00 -1.011622464e+02 -1.011622464e+02 -4.6706e+00 -4.9865e+00 -4.9205e+00 -4.9699e+00 +4.9316e+00
626 0 +1.389076547e+00 -1.012309235e+02 -1.012309235e+02 -4.5696e+00 -4.9272e+00 -4.9532e+00 -4.9877e+00 +4.9388e+00
628 0 +1.342491860e+00 -1.012775081e+02 -1.012775081e+02 -4.3184e+00 -4.8987e+00 -4.8973e+00 -4.9729e+00 +4.9996e+00
652 0 +1.259525356e+00 -1.013604746e+02 -1.013604746e+02 -4.6984e+00 -4.8976e+00 -4.8915e+00 -4.9820e+00 +4.9669e+00
693 0 +1.211626957e+00 -1.014083730e+02 -1.014083730e+02 -4.9179e+00 -4.9283e+00 -4.8823e+00 -4.9695e+00 +4.9541e+00
729 0 +9.619328928e-01 -1.016580671e+02 -1.016580671e+02 -4.8831e+00 -4.9598e+00 -4.9406e+00 -4.9329e+00 +4.9792e+00
753 0 +7.929923444e-01 -1.018270077e+02 -1.018270077e+02 -4.9711e+00 -4.9184e+00 -4.9361e+00 -4.9837e+00 +4.9675e+00
779 0 +7.645914837e-01 -1.018554085e+02 -1.018554085e+02 -4.8682e+00 -4.9677e+00 -4.9895e+00 -4.9380e+00 +4.9806e+00
801 0 +6.206322551e-01 -1.019993677e+02 -1.019993677e+02 -4.9992e+00 -4.9653e+00 -4.9472e+00 -4.9863e+00 +4.9686e+00
803 0 +5.381872268e-01 -1.020818128e+02 -1.020818128e+02 -4.9517e+00 -4.9835e+00 -4.9623e+00 -4.9951e+00 +4.9686e+00
834 0 +4.427480930e-01 -1.021772519e+02 -1.021772519e+02 -4.8332e+00 -4.9779e+00 -4.9856e+00 -4.9992e+00 +4.9813e+00
853 0 +3.839168138e-01 -1.022360832e+02 -1.022360832e+02 -4.9272e+00 -4.9988e+00 -5.0000e+00 -4.9701e+00 +4.9859e+00
878 0 +3.107557916e-01 -1.023092442e+02 -1.023092442e+02 -4.9402e+00 -4.9764e+00 -4.9795e+00 -4.9748e+00 +4.9997e+00
969 0 +2.998877608e-01 -1.023201122e+02 -1.023201122e+02 -4.9157e+00 -4.9577e+00 -4.9723e+00 -4.9919e+00 +4.9993e+00
1005 0 +2.672040823e-01 -1.023527959e+02 -1.023527959e+02 -4.9174e+00 -4.9521e+00 -4.9938e+00 -4.9863e+00 +4.9997e+00
1010 0 +2.294889640e-01 -1.023905110e+02 -1.023905110e+02 -4.9364e+00 -4.9989e+00 -4.9860e+00 -4.9989e+00 +4.9887e+00
1012 0 +1.969247382e-01 -1.024230753e+02 -1.024230753e+02 -4.9951e+00 -4.9905e+00 -4.9807e+00 -4.9898e+00 +4.9943e+00
1109 0 +1.827385185e-01 -1.024372615e+02 -1.024372615e+02 -4.9503e+00 -4.9797e+00 -4.9995e+00 -4.9958e+00 +4.9928e+00
1113 0 +1.725142070e-01 -1.024474858e+02 -1.024474858e+02 -4.9302e+00 -4.9805e+00 -4.9987e+00 -4.9900e+00 +4.9992e+00
1137 0 +1.394210578e-01 -1.024805789e+02 -1.024805789e+02 -4.9703e+00 -4.9589e+00 -4.9884e+00 -5.0000e+00 +5.0000e+00
1183 0 +1.331900956e-01 -1.024868099e+02 -1.024868099e+02 -4.9955e+00 -4.9743e+00 -4.9889e+00 -4.9925e+00 +4.9994e+00
