% f evaluations | g evaluations | best noise-free fitness - Fopt (-1.694000000000e+01) + sum g_i+ | measured fitness | best measured fitness or single-digit g-values | x1 | x2...
1 0 +1.285945330e+02 +1.116545330e+02 +1.116545330e+02 +5.9671e-01 -3.8264e-02 +7.4769e-01 +1.6230e+00 -1.3415e-01 -1.3414e-01 +1.6792e+00 +8.6743e-01 -3.6947e-01 +6.4256e-01
4 0 +1.244974470e+02 +1.075574470e+02 +1.075574470e+02 -5.0171e-01 +1.9523e+00 +8.6503e-02 -9.5771e-01 +9.2254e-01 -1.1208e+00 +3.0886e-01 -1.8597e+00 -1.2282e+00 +2.9686e-01
5 0 +8.215471805e+01 +6.521471805e+01 +6.521471805e+01 +8.3847e-01 +2.7137e-01 -1.5648e-02 -2.0110e-01 -1.3785e+00 -6.1984e-01 -3.6064e-01 +1.1571e+00 +4.4362e-01 -1.6630e+00
8 0 +6.416805909e+01 +4.722805909e+01 +4.722805909e+01 +4.6140e-01 +1.6380e+00 +6.4174e-02 +1.6646e+00 -2.5197e+00 +9.2190e-01 +1.8705e-01 -1.9901e-01 +1.9176e-01 -1.8876e+00
43 0 +6.142466708e+01 +4.448466708e+01 +4.448466708e+01 +2.1607e+00 +1.8553e+00 -1.4896e-01 +1.0716e+00 +7.4538e-01 +1.4686e+00 -8.6492e-01 +7.8605e-01 +1.1584e+00 -1.6587e+00
52 0 +3.573242734e+01 +1.879242734e+01 +1.879242734e+01 +1.1987e+00 +1.8135e+00 -1.4478e+00 +2.5562e-01 -3.5923e-02 -5.0473e-01 +3.1634e-01 +1.5271e+00 +2.5669e-01 -3.1942e-01
142 0 +3.384258652e+01 +1.690258652e+01 +1.690258652e+01 +1.6919e+00 +2.0036e+00 +1.7685e+00 +3.0794e+00 +8.0225e-02 -1.9919e+00 +2.6301e+00 -8.3039e-02 -2.0648e+00 -1.3196e+00
151 0 +3.104971866e+01 +1.410971866e+01 +1.410971866e+01 +2.8621e+00 +2.1787e+00 -2.3183e+00 +1.3446e+00 +1.0144e+00 +1.2260e+00 +1.0995e+00 -2.7169e-02 -2.9861e+00 -4.5209e+00
153 0 +2.896181714e+01 +1.202181714e+01 +1.202181714e+01 +3.2318e+00 +3.6782e+00 -7.1706e-01 +5.9031e-01 -2.6996e+00 +3.6905e-01 -4.7960e-01 +1.0667e+00 -1.6732e+00 -3.7783e+00
170 0 +2.657054562e+01 +9.630545615e+00 +9.630545615e+00 +2.8984e+00 +1.8160e+00 -1.0239e-01 +1.2017e+00 +1.5024e+00 -2.3245e+00 +2.3671e+00 +1.5806e+00 -1.0207e+00 -1.5640e+00
200 0 +2.395541133e+01 +7.015411333e+00 +7.015411333e+00 +1.2809e+00 +1.5329e+00 -1.6973e+00 +2.3808e+00 +2.2077e+00 -2.3134e-02 -5.9197e-01 -1.4069e+00 +1.0836e+00 -3.2728e+00
250 0 +1.442297738e+01 -2.517022621e+00 -2.517022621e+00 +4.2928e+00 +2.2698e+00 -1.9202e+00 +1.1344e+00 +1.9856e+00 -3.5128e+00 +1.7983e+00 -1.8546e+00 -5.9192e-01 -2.2942e+00
397 0 +1.246865563e+01 -4.471344374e+00 -4.471344374e+00 +3.2299e+00 +3.4824e+00 -3.2272e+00 +3.2117e-01 +2.9608e+00 -2.6258e+00 +3.1518e+00 -4.0782e+00 -9.9038e-01 -1.6525e+00
435 0 +1.241711288e+01 -4.522887122e+00 -4.522887122e+00 +4.9153e+00 +3.9807e+00 -9.8859e-01 +2.5758e+00 -1.3576e+00 -2.2803e+00 +2.3858e+00 -1.9493e+00 -7.3790e-01 -1.4288e+00
519 0 +1.096105487e+01 -5.978945135e+00 -5.978945135e+00 +3.1219e+00 +2.5840e+00 -2.2911e+00 +2.2276e+00 +8.7771e-01 -2.6221e+00 +3.7344e+00 -3.9928e+00 -9.0119e-01 -1.0737e+00
569 0 +8.789177433e+00 -8.150822567e+00 -8.150822567e+00 +3.7089e+00 +2.4799e+00 -5.5281e-01 +1.8232e+00 -4.0557e-01 -2.9707e+00 +3.3130e+00 -1.9988e+00 -6.7094e-01 -2.3536e+00
655 0 +8.560175656e+00 -8.379824344e+00 -8.379824344e+00 +3.4899e+00 +2.6033e+00 -2.6584e+00 +1.5962e+00 +1.2268e-01 -1.9589e+00 +3.4979e+00 -2.5512e+00 -4.7032e-01 -2.6395e+00
765 0 +7.711807928e+00 -9.228192072e+00 -9.228192072e+00 +3.6623e+00 +3.0269e+00 +1.4575e-01 +2.1591e+00 +1.8197e+00 -1.6266e+00 +4.0017e+00 -1.9700e+00 +3.8234e-01 -2.6813e+00
796 0 +7.337228569e+00 -9.602771431e+00 -9.602771431e+00 +3.1093e+00 +2.6611e+00 -7.0132e-01 +2.2702e+00 +9.5157e-01 -2.4338e+00 +3.9581e+00 -2.7205e+00 -1.1397e+00 -2.1667e+00
813 0 +6.527722605e+00 -1.041227739e+01 -1.041227739e+01 +3.6138e+00 +2.0066e+00 -8.4611e-01 +2.5118e+00 +1.3339e+00 -2.2372e+00 +3.5671e+00 -2.0231e+00 -4.1667e-01 -1.5096e+00
815 0 +6.326045258e+00 -1.061395474e+01 -1.061395474e+01 +4.3206e+00 +2.8967e+00 -5.5531e-01 +2.0082e+00 +3.9005e-01 -1.3375e+00 +3.9676e+00 -1.9901e+00 -4.1410e-01 -2.4413e+00
880 0 +6.123301233e+00 -1.081669877e+01 -1.081669877e+01 +3.4777e+00 +2.9204e+00 -1.3871e-01 +2.5142e+00 +1.1758e+00 -1.6043e+00 +4.4592e+00 -2.5625e+00 -4.9663e-01 -1.9678e+00
888 0 +5.796607083e+00 -1.114339292e+01 -1.114339292e+01 +3.6519e+00 +2.8105e+00 -1.2021e+00 +2.5248e+00 +1.1770e+00 -1.7651e+00 +3.5852e+00 -1.9145e+00 -6.1997e-01 -1.8290e+00
919 0 +5.026347163e+00 -1.191365284e+01 -1.191365284e+01 +3.8503e+00 +2.5416e+00 -1.4199e+00 +2.0516e+00 +1.1587e+00 -1.4661e+00 +3.3731e+00 -2.7760e+00 -3.3867e-01 -1.7578e+00
920 0 +4.811117387e+00 -1.212888261e+01 -1.212888261e+01 +3.2194e+00 +2.4630e+00 -1.0331e+00 +1.7475e+00 +1.4382e+00 -1.7851e+00 +4.3843e+00 -1.8435e+00 -6.1357e-01 -2.7601e+00
991 0 +4.710720300e+00 -1.222927970e+01 -1.222927970e+01 +3.5645e+00 +2.6856e+00 -1.6965e+00 +1.1523e+00 +1.9232e+00 -1.9743e+00 +2.9658e+00 -2.1542e+00 -3.3765e-01 -2.1080e+00
995 0 +3.378786973e+00 -1.356121303e+01 -1.356121303e+01 +3.7872e+00 +2.6852e+00 -7.5707e-01 +1.1309e+00 +7.0436e-01 -1.6822e+00 +2.9409e+00 -2.3298e+00 -1.0153e-01 -1.7940e+00
1107 0 +2.829269339e+00 -1.411073066e+01 -1.411073066e+01 +3.3777e+00 +2.6424e+00 -1.2047e+00 +1.9637e+00 +1.7636e+00 -1.8512e+00 +3.6763e+00 -2.4497e+00 -2.8788e-01 -2.0057e+00
1155 0 +2.712191618e+00 -1.422780838e+01 -1.422780838e+01 +3.4894e+00 +2.5184e+00 -9.8502e-01 +1.5046e+00 +1.3641e+00 -2.2234e+00 +3.6244e+00 -2.5209e+00 -1.8026e-01 -2.0872e+00
1334 0 +2.061575030e+00 -1.487842497e+01 -1.487842497e+01 +3.6697e+00 +2.4640e+00 -2.0697e+00 +1.7219e+00 +1.6917e+00 -1.8874e+00 +3.3268e+00 -2.4886e+00 -1.4079e-01 -1.7632e+00
1460 0 +1.871754157e+00 -1.506824584e+01 -1.506824584e+01 +3.4339e+00 +2.4628e+00 -9.1663e-01 +1.5511e+00 +1.0673e+00 -1.9011e+00 +3.2373e+00 -2.4251e+00 -3.2331e-01 -2.1105e+00
1471 0 +1.602824892e+00 -1.533717511e+01 -1.533717511e+01 +3.3022e+00 +2.5646e+00 -1.2634e+00 +1.5292e+00 +1.3062e+00 -1.9789e+00 +3.5177e+00 -2.3564e+00 -1.8022e-01 -1.7167e+00
1510 0 +1.595738380e+00 -1.534426162e+01 -1.534426162e+01 +3.4814e+00 +2.3728e+00 -1.3942e+00 +1.5689e+00 +1.5241e+00 -1.9664e+00 +3.4865e+00 -2.5505e+00 -2.2476e-01 -1.8947e+00
1563 0 +1.232152245e+00 -1.570784775e+01 -1.570784775e+01 +3.5354e+00 +2.5066e+00 -1.3011e+00 +1.8324e+00 +1.4986e+00 -1.6932e+00 +3.6942e+00 -2.1655e+00 -2.3434e-01 -2.0216e+00
1597 0 +1.163015766e+00 -1.577698423e+01 -1.577698423e+01 +3.5829e+00 +2.5337e+00 -1.5264e+00 +1.6161e+00 +1.5401e+00 -1.8682e+00 +3.3478e+00 -2.5879e+00 -1.9981e-01 -1.8576e+00
1678 0 +7.563380781e-01 -1.618366192e+01 -1.618366192e+01 +3.7173e+00 +2.4602e+00 -1.4419e+00 +1.5253e+00 +1.2130e+00 -1.8103e+00 +3.5144e+00 -2.2604e+00 -4.1105e-01 -2.0826e+00
1889 0 +7.137699757e-01 -1.622623002e+01 -1.622623002e+01 +3.5797e+00 +2.6042e+00 -1.1476e+00 +1.6643e+00 +1.1787e+00 -1.9119e+00 +3.5466e+00 -2.1957e+00 -3.0821e-01 -2.0965e+00
1987 0 +6.138721912e-01 -1.632612781e+01 -1.632612781e+01 +3.6211e+00 +2.5076e+00 -1.7396e+00 +1.4101e+00 +1.4999e+00 -1.9967e+00 +3.4745e+00 -2.4686e+00 -3.2992e-01 -2.0366e+00
2019 0 +4.636349813e-01 -1.647636502e+01 -1.647636502e+01 +3.6885e+00 +2.5354e+00 -1.5926e+00 +1.4099e+00 +1.3591e+00 -1.9136e+00 +3.4504e+00 -2.3778e+00 -3.7577e-01 -2.0667e+00
2092 0 +4.479758966e-01 -1.649202410e+01 -1.649202410e+01 +3.5750e+00 +2.5500e+00 -1.4277e+00 +1.5020e+00 +1.2657e+00 -1.9227e+00 +3.4924e+00 -2.2849e+00 -3.5766e-01 -2.0937e+00
2141 0 +4.333567067e-01 -1.650664329e+01 -1.650664329e+01 +3.6318e+00 +2.5600e+00 -1.5812e+00 +1.3839e+00 +1.4463e+00 -1.9193e+00 +3.4802e+00 -2.3861e+00 -4.0077e-01 -2.0207e+00
2184 0 +3.469078607e-01 -1.659309214e+01 -1.659309214e+01 +3.5822e+00 +2.5467e+00 -1.4558e+00 +1.5431e+00 +1.4211e+00 -1.9070e+00 +3.5394e+00 -2.3658e+00 -3.4961e-01 -2.0540e+00
2307 0 +2.846468983e-01 -1.665535310e+01 -1.665535310e+01 +3.6637e+00 +2.5381e+00 -1.5664e+00 +1.4230e+00 +1.4002e+00 -1.9109e+00 +3.5083e+00 -2.3817e+00 -3.6899e-01 -2.0283e+00
2316 0 +2.530588296e-01 -1.668694117e+01 -1.668694117e+01 +3.5867e+00 +2.5245e+00 -1.4187e+00 +1.5043e+00 +1.3039e+00 -1.9251e+00 +3.5008e+00 -2.3223e+00 -3.3477e-01 -2.0987e+00
% f evaluations | g evaluations | best noise-free fitness - Fopt (1.881000000000e+01) + sum g_i+ | measured fitness | best measured fitness or single-digit g-values | x1 | x2...
1 0 +3.920605467e+01 +5.801605467e+01 +5.801605467e+01 +5.9671e-01 -3.8264e-02 +7.4769e-01 +1.6230e+00 -1.3415e-01 -1.3414e-01 +1.6792e+00 +8.6743e-01 -3.6947e-01 +6.4256e-01
3 0 +3.889614342e+01 +5.770614342e+01 +5.770614342e+01 +1.5656e+00 -1.2578e-01 +1.6753e-01 -1.3247e+00 -4.4438e-01 +2.1092e-01 -1.0510e+00 +4.7570e-01 -5.0064e-01 -1.9169e-01
4 0 +3.573796686e+01 +5.454796686e+01 +5.454796686e+01 -5.0171e-01 +1.9523e+00 +8.6503e-02 -9.5771e-01 +9.2254e-01 -1.1208e+00 +3.0886e-01 -1.8597e+00 -1.2282e+00 +2.9686e-01
9 0 +3.300541816e+01 +5.181541816e+01 +5.181541816e+01 -1.1967e-01 +4.5711e-01 +1.5779e+00 -4.1827e-01 -7.0849e-01 -4.0176e-01 +1.0154e+00 +4.2875e-01 -4.2976e-01 +6.1327e-01
10 0 +2.293013372e+01 +4.174013372e+01 +4.174013372e+01 +1.9708e-01 +1.0686e+00 -6.0205e-01 -2.2766e-01 -2.9211e-01 -1.3635e+00 +3.9612e-01 +3.6106e-01 +1.0511e-01 -1.3459e-01
16 0 +1.918655397e+01 +3.799655397e+01 +3.799655397e+01 +3.5049e-01 +4.4645e-01 -5.8002e-01 +3.3225e-01 +3.9307e-01 -6.1435e-01 +1.9658e+00 +5.7383e-01 -1.0913e+00 +7.5655e-01
29 0 +1.237787101e+01 +3.118787101e+01 +3.118787101e+01 +2.1352e-01 +7.6213e-01 +1.6860e+00 -1.1378e+00 +2.2330e+00 -1.8521e+00 -5.1785e-02 +6.8832e-01 +3.8099e-01 -5.2270e-01
351 0 +1.127414452e+01 +3.008414452e+01 +3.008414452e+01 -1.2900e+00 +1.5688e+00 -6.4559e-01 -3.4228e-01 +2.0000e+00 -2.9513e+00 -8.2583e-01 +5.4199e-01 +5.3392e-01 +3.9051e+00
419 0 +1.097319008e+01 +2.978319008e+01 +2.978319008e+01 -5.0575e-02 +1.3456e+00 +8.8640e-01 -6.5640e-01 +2.4713e+00 -3.4027e+00 +3.4887e-01 -2.1754e-01 +9.4374e-01 +2.0446e+00
479 0 +9.297632625e+00 +2.810763263e+01 +2.810763263e+01 +2.5033e-01 +1.5767e+00 -8.1140e-01 +5.7196e-01 +1.9467e+00 -2.3560e+00 +7.3755e-01 +1.0792e+00 -1.0165e-01 +2.9276e+00
555 0 +8.304514208e+00 +2.711451421e+01 +2.711451421e+01 -2.7583e-01 +1.9972e+00 -1.8809e+00 -1.9024e-02 +1.4839e+00 -2.8852e+00 +1.2141e+00 +8.8219e-01 +5.5918e-01 +2.6641e+00
572 0 +7.931065996e+00 +2.674106600e+01 +2.674106600e+01 +9.1402e-02 +1.8771e+00 -1.9518e-01 -1.2056e+00 +2.2056e+00 -1.7477e+00 +9.9865e-01 +3.0086e-01 -1.9577e-01 +1.9452e+00
601 0 +7.871431128e+00 +2.668143113e+01 +2.668143113e+01 -1.6883e+00 +2.2168e+00 -1.3688e+00 -2.5369e-01 +1.1035e+00 -3.8117e+00 +1.4395e+00 +1.3178e-01 +1.3032e+00 +3.1224e+00
639 0 +7.867307616e+00 +2.667730762e+01 +2.667730762e+01 -7.7611e-01 +1.1838e+00 -3.8862e-01 -7.1080e-01 +2.2751e+00 -2.3728e+00 +5.5203e-01 +1.0342e+00 +2.9167e-01 +2.0280e+00
664 0 +6.916599128e+00 +2.572659913e+01 +2.572659913e+01 -1.0256e+00 +1.0084e+00 -1.1580e+00 -5.4725e-01 +1.2953e+00 -2.7759e+00 +6.0388e-03 -7.4400e-01 +5.4502e-01 +3.4733e+00
700 0 +4.858838795e+00 +2.366883880e+01 +2.366883880e+01 -1.5650e-01 +2.6542e+00 -1.0932e+00 +4.3606e-01 +1.7868e+00 -2.7777e+00 +1.4135e+00 +6.9704e-01 -8.4902e-02 +2.7339e+00
814 0 +3.436692270e+00 +2.224669227e+01 +2.224669227e+01 -3.2483e-01 +1.0207e+00 -1.4239e+00 -4.9125e-02 +1.1904e+00 -2.9682e+00 +9.7159e-02 -4.1945e-01 +1.1597e+00 +3.2390e+00
840 0 +2.945678115e+00 +2.175567811e+01 +2.175567811e+01 -1.8698e-01 +1.2752e+00 -9.1329e-01 +3.5339e-01 +1.5870e+00 -2.9350e+00 +3.9419e-01 +2.4631e-01 +4.6976e-01 +2.8910e+00
851 0 +2.537089994e+00 +2.134708999e+01 +2.134708999e+01 -6.2507e-01 +1.7038e+00 -8.7702e-01 -3.8197e-01 +1.3647e+00 -3.0985e+00 +2.1349e-01 +2.3718e-01 +3.0464e-01 +2.7049e+00
1112 0 +1.577115636e+00 +2.038711564e+01 +2.038711564e+01 -5.8972e-01 +1.3785e+00 -1.1703e+00 -1.3615e-01 +1.7871e+00 -3.7269e+00 +4.0173e-01 +3.1086e-01 +4.7894e-01 +2.2950e+00
1276 0 +1.432501100e+00 +2.024250110e+01 +2.024250110e+01 -4.5567e-01 +2.0044e+00 -1.0021e+00 -5.3828e-02 +1.6674e+00 -3.2749e+00 +5.4154e-01 +5.1063e-01 +2.3828e-01 +2.4274e+00
1371 0 +1.138464408e+00 +1.994846441e+01 +1.994846441e+01 -2.9109e-01 +1.8597e+00 -9.5377e-01 +4.3286e-02 +1.7403e+00 -3.2118e+00 +3.1739e-01 +3.9035e-01 +6.0671e-01 +2.8746e+00
1612 0 +9.589850839e-01 +1.976898508e+01 +1.976898508e+01 -3.2741e-01 +1.5451e+00 -1.0088e+00 +5.3332e-04 +1.5377e+00 -3.3388e+00 +1.3728e-01 +3.4358e-01 +4.1139e-01 +2.7547e+00
1687 0 +9.165906127e-01 +1.972659061e+01 +1.972659061e+01 -6.4170e-01 +1.5832e+00 -1.1247e+00 -1.2626e-01 +1.5036e+00 -3.2943e+00 +4.3461e-01 -3.4303e-03 +7.1962e-01 +2.8498e+00
1724 0 +8.402121985e-01 +1.965021220e+01 +1.965021220e+01 -3.1824e-01 +1.7595e+00 -1.0520e+00 -9.5900e-02 +1.5338e+00 -3.3880e+00 +2.9499e-01 +3.1638e-01 +4.1481e-01 +2.6809e+00
1789 0 +6.707482542e-01 +1.948074825e+01 +1.948074825e+01 -2.8801e-02 +1.7970e+00 -7.4686e-01 +4.5754e-02 +1.6712e+00 -3.1900e+00 +2.0095e-01 +4.5931e-01 +2.4472e-01 +2.6086e+00
1808 0 +5.151118695e-01 +1.932511187e+01 +1.932511187e+01 -2.3430e-01 +1.7947e+00 -7.8035e-01 -8.3358e-03 +1.6776e+00 -3.2902e+00 +1.1248e-01 +3.6839e-01 +4.4782e-01 +2.5934e+00
1862 0 +5.097233364e-01 +1.931972334e+01 +1.931972334e+01 -1.6047e-01 +1.8300e+00 -7.7062e-01 +1.2995e-02 +1.6372e+00 -3.3107e+00 +1.7096e-01 +3.1817e-01 +3.7032e-01 +2.6038e+00
2131 0 +4.999850488e-01 +1.930998505e+01 +1.930998505e+01 -3.4464e-01 +1.8136e+00 -9.2222e-01 +7.1692e-03 +1.7350e+00 -3.3362e+00 +2.4626e-01 +4.9769e-01 +2.7996e-01 +2.4770e+00
2188 0 +3.567726501e-01 +1.916677265e+01 +1.916677265e+01 -2.0231e-01 +1.8169e+00 -8.0928e-01 -1.1934e-02 +1.7262e+00 -3.2187e+00 +2.1812e-01 +3.8096e-01 +3.7185e-01 +2.6145e+00
2344 0 +1.739746931e-01 +1.898397469e+01 +1.898397469e+01 -2.6481e-01 +1.7403e+00 -8.4630e-01 -8.2731e-02 +1.6593e+00 -3.2343e+00 +2.5692e-01 +3.2924e-01 +4.1986e-01 +2.6951e+00
% f evaluations | g evaluations | best noise-free fitness - Fopt (2.731500000000e+02) + sum g_i+ | measured fitness | best measured fitness or single-digit g-values | x1 | x2...
1 0 +8.502759335e+01 +3.581775933e+02 +3.581775933e+02 +5.9671e-01 -3.8264e-02 +7.4769e-01 +1.6230e+00 -1.3415e-01 -1.3414e-01 +1.6792e+00 +8.6743e-01 -3.6947e-01 +6.4256e-01
4 0 +5.198835973e+01 +3.251383597e+02 +3.251383597e+02 -5.0171e-01 +1.9523e+00 +8.6503e-02 -9.5771e-01 +9.2254e-01 -1.1208e+00 +3.0886e-01 -1.8597e+00 -1.2282e+00 +2.9686e-01
78 0 +3.486438188e+01 +3.080143819e+02 +3.080143819e+02 +3.0869e-01 +9.6482e-01 -3.6129e-01 -9.4569e-02 +1.7909e-01 -5.7185e-01 +2.9404e+00 -1.9521e+00 +8.3549e-01 +1.0053e+00
106 0 +2.603194765e+01 +2.991819476e+02 +2.991819476e+02 -1.0109e+00 +2.4256e+00 +7.6043e-01 +1.1024e+00 +3.5164e-01 -4.6043e+00 +8.0215e-01 -4.4591e+00 -2.4662e+00 +1.0458e+00
176 0 +2.128183323e+01 +2.944318332e+02 +2.944318332e+02 -1.9416e+00 +3.4409e+00 +2.0571e+00 +2.5860e+00 +3.1463e+00 -2.2601e+00 -1.4516e-01 -4.5909e-01 -1.6647e+00 +1.6643e+00
247 0 +1.861493759e+01 +2.917649376e+02 +2.917649376e+02 -9.4873e-01 +4.5827e+00 +4.1903e-01 +2.7511e+00 +5.3794e-01 -3.9473e+00 +1.3445e+00 -3.4037e-01 -2.2508e+00 +2.2012e+00
274 0 +1.805111523e+01 +2.912011152e+02 +2.912011152e+02 -1.6490e+00 +4.0829e+00 +6.1710e-01 +3.6935e+00 -1.5594e+00 -2.8270e+00 +1.1053e+00 -1.2038e+00 -2.9605e+00 +2.1587e+00
345 0 +1.449160733e+01 +2.876416073e+02 +2.876416073e+02 -4.7701e+00 +3.6328e+00 +9.3831e-01 +2.7373e+00 +1.6468e+00 -2.4598e+00 -5.0534e-01 -3.7359e-01 -2.3447e+00 +1.6310e+00
434 0 +1.417255797e+01 +2.873225580e+02 +2.873225580e+02 -3.6656e+00 +4.2193e+00 +3.7786e-01 +2.1409e-01 +3.7543e+00 -2.6768e+00 +8.4252e-01 +3.8723e-01 -1.9812e-02 +3.6961e+00
452 0 +1.002957758e+01 +2.831795776e+02 +2.831795776e+02 -3.4917e+00 +2.3036e+00 -9.0001e-01 +4.6827e+00 -8.2604e-01 -3.1660e+00 -1.0427e+00 -1.3280e+00 -2.3992e+00 +4.6867e+00
726 0 +9.014365444e+00 +2.821643654e+02 +2.821643654e+02 -2.7658e+00 +2.2143e+00 -5.1431e-02 +3.2979e+00 +2.2673e+00 -3.9719e+00 +4.0001e-01 -1.7553e+00 -1.8044e+00 +3.2755e+00
818 0 +8.374130110e+00 +2.815241301e+02 +2.815241301e+02 -3.7526e+00 +2.5576e+00 +4.1448e-01 +2.9661e+00 +2.4816e+00 -2.9983e+00 +7.3901e-01 -7.0148e-01 -1.1123e+00 +4.4096e+00
1065 0 +8.261152599e+00 +2.814111526e+02 +2.814111526e+02 -3.4120e+00 +4.1333e+00 -2.6633e-01 +2.5635e+00 +8.6867e-01 -3.4816e+00 -7.0167e-01 -1.9890e+00 -2.1465e+00 +3.3022e+00
1095 0 +8.213539785e+00 +2.813635398e+02 +2.813635398e+02 -3.9810e+00 +4.1103e+00 -1.2869e+00 +3.3239e+00 +1.7391e+00 -3.6898e+00 -1.7068e-01 -8.1867e-01 -2.1562e+00 +4.1611e+00
1111 0 +6.667698220e+00 +2.798176982e+02 +2.798176982e+02 -3.7033e+00 +3.0619e+00 -1.0166e+00 +3.7661e+00 +4.9448e-01 -4.3825e+00 -5.5050e-01 -1.2968e+00 -2.8759e+00 +3.2067e+00
1119 0 +6.634471478e+00 +2.797844715e+02 +2.797844715e+02 -2.8433e+00 +3.5544e+00 -9.2013e-01 +3.3894e+00 +1.1976e+00 -4.2840e+00 -6.5654e-01 -1.5743e+00 -2.5419e+00 +2.6662e+00
1120 0 +4.601414703e+00 +2.777514147e+02 +2.777514147e+02 -3.4939e+00 +3.9330e+00 -6.3748e-01 +2.2828e+00 +1.4712e+00 -3.7510e+00 -1.2995e+00 -1.0454e+00 -1.7333e+00 +2.9721e+00
1149 0 +4.487418222e+00 +2.776374182e+02 +2.776374182e+02 -3.0686e+00 +3.1879e+00 +2.5676e-01 +3.3104e+00 +1.7420e+00 -4.2536e+00 -4.2331e-01 -6.0742e-01 -2.4899e+00 +3.1207e+00
1160 0 +4.353206400e+00 +2.775032064e+02 +2.775032064e+02 -3.0382e+00 +2.9641e+00 -2.5798e-01 +4.0748e+00 +1.1844e+00 -4.8110e+00 -1.1894e+00 -1.4826e+00 -2.9333e+00 +3.0039e+00
1291 0 +3.721920098e+00 +2.768719201e+02 +2.768719201e+02 -3.9104e+00 +3.0289e+00 +1.6013e-01 +2.5273e+00 +1.5507e+00 -4.0196e+00 -7.5518e-01 -1.0146e+00 -2.0161e+00 +3.5640e+00
1398 0 +3.255691870e+00 +2.764056919e+02 +2.764056919e+02 -3.4023e+00 +3.8048e+00 -6.5809e-01 +2.7008e+00 +1.7717e+00 -4.0072e+00 -6.9660e-01 -1.0114e+00 -2.5352e+00 +2.9859e+00
1448 0 +3.228088996e+00 +2.763780890e+02 +2.763780890e+02 -3.3253e+00 +3.3881e+00 -7.5738e-01 +2.8845e+00 +1.4800e+00 -3.8194e+00 -8.5422e-01 -9.0376e-01 -2.0497e+00 +3.8368e+00
1504 0 +3.105560224e+00 +2.762555602e+02 +2.762555602e+02 -3.4133e+00 +3.2473e+00 -4.5803e-01 +2.9835e+00 +1.8648e+00 -4.3732e+00 -9.3234e-01 -1.4600e+00 -1.9983e+00 +3.1516e+00
1507 0 +2.823939018e+00 +2.759739390e+02 +2.759739390e+02 -3.7073e+00 +3.6571e+00 -2.3630e-01 +2.6608e+00 +2.0905e+00 -4.0444e+00 -9.3490e-01 -8.2571e-01 -2.3108e+00 +2.5731e+00
1527 0 +2.761606411e+00 +2.759116064e+02 +2.759116064e+02 -3.9184e+00 +3.4622e+00 -1.8423e-01 +2.8086e+00 +1.5205e+00 -3.9632e+00 -1.1398e+00 -9.3437e-01 -2.0393e+00 +3.2433e+00
1686 0 +2.413576583e+00 +2.755635766e+02 +2.755635766e+02 -3.6333e+00 +3.0881e+00 -4.2464e-01 +3.2010e+00 +1.1802e+00 -4.1988e+00 -1.1729e+00 -1.5259e+00 -2.4107e+00 +3.1560e+00
1732 0 +2.172143977e+00 +2.753221440e+02 +2.753221440e+02 -3.3203e+00 +3.0068e+00 -1.6202e-01 +3.4458e+00 +6.9315e-01 -4.1845e+00 -8.4928e-01 -1.2758e+00 -2.7432e+00 +3.1111e+00
1745 0 +2.164169069e+00 +2.753141691e+02 +2.753141691e+02 -3.0657e+00 +3.7467e+00 -8.5888e-01 +2.9414e+00 +1.8426e+00 -3.9148e+00 -7.1087e-01 -1.2595e+00 -2.1314e+00 +3.2282e+00
1762 0 +1.530063528e+00 +2.746800635e+02 +2.746800635e+02 -3.2902e+00 +3.2617e+00 -1.5985e-01 +3.3453e+00 +1.1815e+00 -4.3347e+00 -8.4800e-01 -1.2151e+00 -2.5415e+00 +2.9708e+00
1886 0 +1.515389397e+00 +2.746653894e+02 +2.746653894e+02 -3.3333e+00 +3.2745e+00 -2.1063e-01 +2.9831e+00 +1.3516e+00 -4.3364e+00 -7.2316e-01 -1.0849e+00 -2.3982e+00 +3.0974e+00
1897 0 +1.331474296e+00 +2.744814743e+02 +2.744814743e+02 -3.3513e+00 +3.5870e+00 -4.6005e-01 +2.9384e+00 +1.5115e+00 -4.0621e+00 -7.2157e-01 -9.3363e-01 -2.3902e+00 +3.1874e+00
2067 0 +1.070587330e+00 +2.742205873e+02 +2.742205873e+02 -3.4848e+00 +3.4809e+00 -3.3733e-01 +3.1688e+00 +1.4413e+00 -4.1410e+00 -8.4055e-01 -1.1225e+00 -2.4871e+00 +3.0642e+00
2166 0 +9.162359009e-01 +2.740662359e+02 +2.740662359e+02 -3.7602e+00 +3.5266e+00 -3.6069e-01 +2.7324e+00 +1.7991e+00 -3.9937e+00 -1.1690e+00 -1.2122e+00 -2.0741e+00 +3.1074e+00
2261 0 +8.901688937e-01 +2.740401689e+02 +2.740401689e+02 -3.5115e+00 +3.5117e+00 -4.1308e-01 +2.7387e+00 +1.5865e+00 -4.1404e+00 -9.9503e-01 -1.0864e+00 -2.2005e+00 +3.2250e+00
2263 0 +8.208274710e-01 +2.739708275e+02 +2.739708275e+02 -3.6148e+00 +3.4210e+00 -3.1907e-01 +2.8890e+00 +1.5238e+00 -4.0721e+00 -1.1362e+00 -1.1915e+00 -2.2326e+00 +3.1025e+00
2332 0 +7.495219767e-01 +2.738995220e+02 +2.738995220e+02 -3.6413e+00 +3.3768e+00 -2.9307e-01 +2.9155e+00 +1.5556e+00 -4.0996e+00 -1.1531e+00 -1.2652e+00 -2.2669e+00 +3.0876e+00
% f evaluations | g evaluations | best noise-free fitness - Fopt (3.718000000000e+01) + sum g_i+ | measured fitness | best measured fitness or single-digit g-values | x1 | x2...
1 0 +8.365132529e+01 +1.208313253e+02 +1.208313253e+02 +5.9671e-01 -3.8264e-02 +7.4769e-01 +1.6230e+00 -1.3415e-01 -1.3414e-01 +1.6792e+00 +8.6743e-01 -3.6947e-01 +6.4256e-01
2 0 +6.726068337e+01 +1.044406834e+02 +1.044406834e+02 -3.6342e-01 -3.6573e-01 +3.4196e-01 -1.8133e+00 -1.6249e+00 -4.6229e-01 -9.1283e-01 +4.1425e-01 -8.0802e-01 -1.3123e+00
3 0 +5.648008176e+01 +9.366008176e+01 +9.366008176e+01 +1.5656e+00 -1.2578e-01 +1.6753e-01 -1.3247e+00 -4.4438e-01 +2.1092e-01 -1.0510e+00 +4.7570e-01 -5.0064e-01 -1.9169e-01
12 0 +4.838140490e+01 +8.556140490e+01 +8.556140490e+01 -1.8188e+00 +7.3486e-02 +1.6023e-01 +2.5632e+00 -9.2361e-02 +4.0155e-01 +6.5288e-02 -1.0687e+00 +1.2428e+00 +8.5193e-01
22 0 +4.756717306e+01 +8.474717306e+01 +8.474717306e+01 +6.7089e-01 +1.2356e+00 +1.0540e+00 +7.5139e-01 -2.1527e-01 +8.5897e-01 -6.7283e-01 -1.3682e-01 -3.8536e-01 +1.8187e-01
25 0 +4.682686845e+01 +8.400686845e+01 +8.400686845e+01 -6.9252e-01 -1.4736e-02 +6.0499e-01 +9.6576e-01 -1.1003e+00 -2.3450e-01 -3.7495e-01 -5.5333e-01 +1.8655e+00 +5.0498e-01
26 0 +2.811197526e+01 +6.529197526e+01 +6.529197526e+01 -1.1609e+00 +1.0179e+00 +2.2222e+00 +1.1325e+00 -1.4194e+00 -3.8423e-01 +1.3669e+00 -6.0767e-01 +5.4382e-01 +8.7463e-01
124 0 +2.065364405e+01 +5.783364405e+01 +5.783364405e+01 -1.1588e+00 +1.1787e+00 +2.1333e+00 +3.6582e-01 -1.2430e+00 +7.9650e-01 -2.4863e+00 -1.7519e+00 +2.3225e+00 +7.4777e-01
192 0 +2.059135067e+01 +5.777135067e+01 +5.777135067e+01 -1.9926e+00 +1.5114e+00 +2.3727e+00 +1.0831e+00 -4.5916e-01 +7.2950e-01 -1.7994e+00 -3.0654e+00 +1.5328e+00 +2.0533e+00
320 0 +1.847319168e+01 +5.565319168e+01 +5.565319168e+01 -3.7356e+00 -5.6716e-01 +3.7161e+00 +1.5845e+00 -2.9964e+00 -6.6679e-01 -1.2260e+00 -2.0973e+00 -9.7617e-01 +7.3683e-01
388 0 +1.702538614e+01 +5.420538614e+01 +5.420538614e+01 -3.8592e+00 +4.3948e+00 +1.8408e+00 +1.1162e+00 -4.3215e+00 -3.2818e+00 -3.2586e-01 -2.5377e+00 -6.9384e-01 +3.7076e+00
406 0 +1.658709627e+01 +5.376709627e+01 +5.376709627e+01 -2.8520e+00 +9.0362e-01 +3.3248e+00 +1.4160e+00 -3.2550e+00 -1.2902e-01 -7.3146e-01 -3.8086e+00 +1.1525e+00 +3.5542e+00
449 0 +1.494304833e+01 +5.212304833e+01 +5.212304833e+01 -3.4692e+00 +2.7173e+00 +1.3258e+00 -7.0508e-01 -3.6352e+00 -2.6890e+00 -1.3719e+00 -2.8464e+00 -1.6472e+00 +3.3388e+00
590 0 +1.041545358e+01 +4.759545358e+01 +4.759545358e+01 -3.9281e+00 +1.3005e+00 +2.9657e+00 +4.6831e-01 -3.7330e+00 -1.9100e+00 -3.5876e-01 -2.2709e+00 -1.4415e+00 +2.2622e+00
620 0 +9.099606906e+00 +4.627960691e+01 +4.627960691e+01 -4.3005e+00 +2.1751e+00 +3.9233e+00 -2.2915e-01 -2.6172e+00 +5.9811e-01 +2.0407e-01 -3.8911e+00 -1.0704e+00 +3.4489e+00
730 0 +7.689009883e+00 +4.486900988e+01 +4.486900988e+01 -3.9483e+00 +3.2926e+00 +1.3346e+00 +1.2259e+00 -3.5906e+00 -1.1352e+00 +3.7667e-01 -2.8227e+00 -7.9957e-01 +3.2401e+00
864 0 +4.488112573e+00 +4.166811257e+01 +4.166811257e+01 -3.7676e+00 +2.0956e+00 +1.0453e+00 +2.0169e+00 -3.9202e+00 -1.9045e+00 -4.2878e-01 -3.2572e+00 -1.5056e+00 +3.1593e+00
1100 0 +4.441883105e+00 +4.162188311e+01 +4.162188311e+01 -3.9538e+00 +1.5055e+00 +1.6277e+00 +1.9821e+00 -3.2284e+00 -1.0123e+00 -1.3955e-01 -3.3061e+00 -1.7935e+00 +2.6771e+00
1136 0 +3.734092051e+00 +4.091409205e+01 +4.091409205e+01 -3.6573e+00 +1.9519e+00 +1.5237e+00 +2.1773e+00 -3.7000e+00 -1.4624e+00 +3.7449e-01 -3.5207e+00 -1.6523e+00 +2.8920e+00
1148 0 +3.560592943e+00 +4.074059294e+01 +4.074059294e+01 -4.1437e+00 +2.1153e+00 +1.9437e+00 +2.1593e+00 -3.2374e+00 -1.1358e+00 +2.3478e-01 -3.6381e+00 -1.9042e+00 +3.1997e+00
1213 0 +3.543534529e+00 +4.072353453e+01 +4.072353453e+01 -3.7475e+00 +1.5891e+00 +1.2139e+00 +2.3474e+00 -3.3097e+00 -9.3610e-01 +5.7441e-01 -3.7320e+00 -1.8706e+00 +2.8534e+00
1358 0 +3.483270686e+00 +4.066327069e+01 +4.066327069e+01 -3.6119e+00 +2.2146e+00 +2.3577e+00 +1.9049e+00 -3.3422e+00 -1.4903e+00 +7.6266e-02 -3.3699e+00 -1.9540e+00 +3.6369e+00
1430 0 +2.632526588e+00 +3.981252659e+01 +3.981252659e+01 -3.9742e+00 +1.1041e+00 +1.1151e+00 +2.1673e+00 -3.1380e+00 -1.5932e+00 +5.7198e-01 -3.1015e+00 -1.5175e+00 +2.2195e+00
1601 0 +1.583985010e+00 +3.876398501e+01 +3.876398501e+01 -3.8008e+00 +2.1553e+00 +1.5441e+00 +1.9663e+00 -3.3709e+00 -1.5459e+00 +3.6664e-01 -3.2775e+00 -1.8179e+00 +3.0077e+00
1766 0 +1.432908630e+00 +3.861290863e+01 +3.861290863e+01 -3.7864e+00 +2.0540e+00 +1.9987e+00 +1.6374e+00 -3.5311e+00 -1.2048e+00 +4.2483e-01 -3.6187e+00 -1.7670e+00 +3.0551e+00
1823 0 +1.321528565e+00 +3.850152857e+01 +3.850152857e+01 -3.7455e+00 +2.0216e+00 +1.9728e+00 +1.9182e+00 -3.4744e+00 -1.1685e+00 +1.7271e-02 -3.4890e+00 -1.8955e+00 +3.1060e+00
1863 0 +1.272795692e+00 +3.845279569e+01 +3.845279569e+01 -4.0502e+00 +2.0437e+00 +1.9659e+00 +1.6442e+00 -3.5620e+00 -1.1740e+00 +3.9394e-01 -3.3967e+00 -1.6910e+00 +3.0601e+00
1884 0 +1.083789239e+00 +3.826378924e+01 +3.826378924e+01 -3.8009e+00 +1.9959e+00 +1.9280e+00 +1.8077e+00 -3.4543e+00 -1.2542e+00 +3.5150e-01 -3.4865e+00 -1.9557e+00 +3.1833e+00
1949 0 +7.766505569e-01 +3.795665056e+01 +3.795665056e+01 -3.9189e+00 +1.9347e+00 +1.8383e+00 +1.8013e+00 -3.5656e+00 -1.4194e+00 +3.1805e-01 -3.3103e+00 -1.8354e+00 +2.9838e+00
2120 0 +7.339612278e-01 +3.791396123e+01 +3.791396123e+01 -3.9255e+00 +2.0552e+00 +2.0055e+00 +1.7147e+00 -3.4981e+00 -1.3232e+00 +2.8780e-01 -3.3695e+00 -1.8330e+00 +2.9924e+00
2172 0 +7.000958472e-01 +3.788009585e+01 +3.788009585e+01 -3.9017e+00 +1.9354e+00 +1.8022e+00 +1.7787e+00 -3.5183e+00 -1.3288e+00 +4.1551e-01 -3.3848e+00 -1.7497e+00 +2.9687e+00
2182 0 +6.793907481e-01 +3.785939075e+01 +3.785939075e+01 -3.9360e+00 +1.9164e+00 +2.0343e+00 +1.7268e+00 -3.5040e+00 -1.1695e+00 +3.8844e-01 -3.5283e+00 -1.9389e+00 +2.9857e+00
2224 0 +5.333951474e-01 +3.771339515e+01 +3.771339515e+01 -3.9773e+00 +2.1429e+00 +2.1335e+00 +1.4970e+00 -3.6408e+00 -1.1895e+00 +4.5184e-01 -3.4787e+00 -1.8320e+00 +3.2002e+00
2233 0 +4.905672023e-01 +3.767056720e+01 +3.767056720e+01 -3.9429e+00 +2.0402e+00 +2.0062e+00 +1.5584e+00 -3.5747e+00 -1.2726e+00 +5.2685e-01 -3.4587e+00 -1.7769e+00 +3.0938e+00
2244 0 +3.274876799e-01 +3.750748768e+01 +3.750748768e+01 -3.9585e+00 +2.0593e+00 +2.1261e+00 +1.5139e+00 -3.5245e+00 -1.1865e+00 +3.8146e-01 -3.3915e+00 -1.7687e+00 +3.0153e+00
2446 0 +2.834797189e-01 +3.746347972e+01 +3.746347972e+01 -3.9303e+00 +1.8926e+00 +1.9317e+00 +1.7152e+00 -3.5029e+00 -1.2123e+00 +3.4526e-01 -3.4806e+00 -1.8959e+00 +2.9343e+00
% f evaluations | g evaluations | best noise-free fitness - Fopt (-1.479000000000e+02) + sum g_i+ | measured fitness | best measured fitness or single-digit g-values | x1 | x2...
1 0 +3.116887320e+01 -1.167311268e+02 -1.167311268e+02 +5.9671e-01 -3.8264e-02 +7.4769e-01 +1.6230e+00 -1.3415e-01 -1.3414e-01 +1.6792e+00 +8.6743e-01 -3.6947e-01 +6.4256e-01
2 0 +2.090232876e+01 -1.269976712e+02 -1.269976712e+02 -3.6342e-01 -3.6573e-01 +3.4196e-01 -1.8133e+00 -1.6249e+00 -4.6229e-01 -9.1283e-01 +4.1425e-01 -8.0802e-01 -1.3123e+00
9 0 +2.057829552e+01 -1.273217045e+02 -1.273217045e+02 -1.1967e-01 +4.5711e-01 +1.5779e+00 -4.1827e-01 -7.0849e-01 -4.0176e-01 +1.0154e+00 +4.2875e-01 -4.2976e-01 +6.1327e-01
20 0 +1.805115423e+01 -1.298488458e+02 -1.298488458e+02 -3.4651e-01 +9.5640e-01 +3.1409e-01 -1.1457e+00 +2.7318e-01 +4.8532e-01 -7.8386e-01 +2.5373e-01 +1.5821e-01 -1.0430e+00
37 0 +1.665151451e+01 -1.312484855e+02 -1.312484855e+02 +6.1935e-01 +1.6327e+00 -8.7601e-03 +5.0171e-01 +7.9014e-01 -3.0122e-01 +3.2409e-01 +1.1259e-01 +1.9768e-01 -6.7301e-01
62 0 +1.401497330e+01 -1.338850267e+02 -1.338850267e+02 -2.3072e-01 +1.3341e+00 -2.4542e-01 -1.5789e+00 -1.2077e+00 +9.0683e-01 -1.1954e+00 +1.1081e+00 -1.2781e+00 -1.6847e-01
115 0 +1.214030180e+01 -1.357596982e+02 -1.357596982e+02 -2.0129e+00 +1.0097e+00 +5.0332e-01 -2.0592e+00 +7.9773e-01 +1.2305e+00 -1.0342e+00 +7.3038e-01 -1.5439e+00 -1.7970e-02
164 0 +1.180521036e+01 -1.360947896e+02 -1.360947896e+02 -2.0737e+00 +4.6601e-01 +5.1349e-01 -1.4565e+00 -2.1429e+00 +1.7578e+00 +6.1262e-01 -3.3314e+00 -3.4411e+00 +1.7011e+00
329 0 +9.909326025e+00 -1.379906740e+02 -1.379906740e+02 -2.8723e+00 +6.7943e-01 +2.0321e+00 -9.0880e-01 -2.6141e+00 +1.2477e+00 -2.0265e+00 -1.2237e+00 -4.0632e+00 +2.9892e+00
480 0 +8.556659351e+00 -1.393433406e+02 -1.393433406e+02 -3.0501e+00 +4.0039e-01 +4.8459e-02 -2.1933e+00 -1.3047e+00 +8.1356e-01 -7.9353e-01 -2.5142e-02 -3.5141e+00 +2.7764e+00
680 0 +8.267267843e+00 -1.396327322e+02 -1.396327322e+02 -2.2048e+00 -5.1723e-01 +1.6642e+00 -2.3453e+00 -3.0645e+00 +3.1517e-01 -1.4962e+00 -1.7648e+00 -2.3063e+00 +2.1714e+00
745 0 +7.018927683e+00 -1.408810723e+02 -1.408810723e+02 -1.8912e+00 +7.9511e-01 +3.9398e-01 -2.1366e+00 -3.1579e+00 +2.6464e+00 -2.0037e+00 -2.1957e+00 -3.9462e+00 +2.0252e+00
764 0 +6.340631877e+00 -1.415593681e+02 -1.415593681e+02 -2.0704e+00 +6.0314e-01 +7.4852e-01 -1.8318e+00 -2.6261e+00 +1.4840e+00 -1.9463e+00 -2.5588e+00 -3.8252e+00 +2.3357e+00
819 0 +5.010093837e+00 -1.428899062e+02 -1.428899062e+02 -2.2703e+00 +4.9640e-01 +8.0474e-01 -2.0959e+00 -3.4714e+00 +1.3500e+00 -1.4194e+00 -1.6922e+00 -3.2739e+00 +1.6361e+00
1010 0 +3.862196676e+00 -1.440378033e+02 -1.440378033e+02 -2.2523e+00 +1.4564e-01 +1.4833e+00 -1.3676e+00 -2.6442e+00 +1.9681e+00 -1.9180e+00 -2.3193e+00 -3.2680e+00 +1.3544e+00
1066 0 +3.857184231e+00 -1.440428158e+02 -1.440428158e+02 -2.0598e+00 +2.6520e-01 +8.3344e-01 -1.7476e+00 -2.7676e+00 +1.4830e+00 -1.3738e+00 -1.8922e+00 -3.5660e+00 +1.7170e+00
1102 0 +3.400731399e+00 -1.444992686e+02 -1.444992686e+02 -1.6345e+00 +2.9480e-01 +1.1130e+00 -1.9237e+00 -2.7545e+00 +1.6737e+00 -1.9200e+00 -2.1510e+00 -3.0275e+00 +1.5326e+00
1152 0 +3.362837866e+00 -1.445371621e+02 -1.445371621e+02 -1.0303e+00 +5.0395e-01 +9.8613e-01 -1.7803e+00 -2.4078e+00 +1.5870e+00 -1.6143e+00 -1.8679e+00 -3.1051e+00 +7.5281e-01
1153 0 +3.336689208e+00 -1.445633108e+02 -1.445633108e+02 -1.7210e+00 +2.3420e-01 +9.3806e-01 -1.7527e+00 -2.6066e+00 +1.7197e+00 -1.5701e+00 -1.9916e+00 -3.3628e+00 +1.6642e+00
1175 0 +2.765722599e+00 -1.451342774e+02 -1.451342774e+02 -1.4519e+00 +6.6075e-01 +1.1130e+00 -1.6446e+00 -2.5273e+00 +2.2955e+00 -1.8498e+00 -2.3091e+00 -3.5756e+00 +1.8672e+00
1301 0 +2.271188648e+00 -1.456288114e+02 -1.456288114e+02 -1.6242e+00 +5.4387e-01 +1.4013e+00 -1.9851e+00 -2.7565e+00 +1.2968e+00 -1.6968e+00 -2.2197e+00 -3.2651e+00 +1.3988e+00
1309 0 +2.266459442e+00 -1.456335406e+02 -1.456335406e+02 -1.5728e+00 -8.6313e-03 +1.2986e+00 -1.9370e+00 -3.2489e+00 +1.5002e+00 -1.9705e+00 -2.6539e+00 -3.5322e+00 +1.7949e+00
1331 0 +2.231021459e+00 -1.456689785e+02 -1.456689785e+02 -1.2860e+00 +8.3403e-02 +9.1837e-01 -2.3484e+00 -3.2860e+00 +1.8480e+00 -2.0112e+00 -2.2057e+00 -4.0269e+00 +1.8569e+00
1394 0 +2.151233816e+00 -1.457487662e+02 -1.457487662e+02 -1.8886e+00 +5.9858e-01 +1.0535e+00 -1.9970e+00 -3.1320e+00 +1.4180e+00 -1.4014e+00 -1.9656e+00 -3.2416e+00 +1.6005e+00
1412 0 +1.913613939e+00 -1.459863861e+02 -1.459863861e+02 -1.5095e+00 +2.0050e-01 +1.1080e+00 -1.8829e+00 -2.9870e+00 +1.6080e+00 -1.4997e+00 -2.0665e+00 -3.6849e+00 +1.6718e+00
1425 0 +1.629623624e+00 -1.462703764e+02 -1.462703764e+02 -1.8085e+00 +2.6528e-02 +1.2537e+00 -2.0586e+00 -3.0546e+00 +1.3089e+00 -1.7474e+00 -2.5857e+00 -3.7125e+00 +1.5292e+00
1561 0 +1.495726682e+00 -1.464042733e+02 -1.464042733e+02 -1.3848e+00 -1.5620e-02 +1.0031e+00 -2.1551e+00 -3.1708e+00 +1.2621e+00 -1.5523e+00 -2.1006e+00 -3.9663e+00 +1.4587e+00
1613 0 +1.316998848e+00 -1.465830012e+02 -1.465830012e+02 -1.6992e+00 +1.8755e-01 +1.1737e+00 -2.0970e+00 -3.1322e+00 +1.3041e+00 -1.7928e+00 -2.3191e+00 -3.9205e+00 +1.7233e+00
1682 0 +1.269571455e+00 -1.466304285e+02 -1.466304285e+02 -1.4071e+00 -6.4304e-02 +1.0568e+00 -2.2426e+00 -3.5352e+00 +1.4801e+00 -1.6214e+00 -2.2248e+00 -3.7988e+00 +1.5814e+00
1705 0 +1.123228538e+00 -1.467767715e+02 -1.467767715e+02 -1.7760e+00 -4.7936e-02 +1.1191e+00 -2.1319e+00 -3.4527e+00 +1.3625e+00 -1.5998e+00 -2.4426e+00 -3.8504e+00 +1.8751e+00
1824 0 +1.114122269e+00 -1.467858777e+02 -1.467858777e+02 -1.6963e+00 +1.0468e-01 +1.2187e+00 -2.1001e+00 -3.3698e+00 +1.3637e+00 -1.5442e+00 -2.4851e+00 -3.6083e+00 +1.4907e+00
1861 0 +1.024906828e+00 -1.468750932e+02 -1.468750932e+02 -1.6287e+00 +1.7433e-01 +1.1664e+00 -1.9618e+00 -3.0158e+00 +1.4200e+00 -1.4611e+00 -2.2330e+00 -3.6622e+00 +1.6301e+00
1889 0 +8.010462031e-01 -1.470989538e+02 -1.470989538e+02 -1.7842e+00 +1.7871e-01 +1.3285e+00 -1.8670e+00 -3.1613e+00 +1.5017e+00 -1.5978e+00 -2.4057e+00 -3.6574e+00 +1.8129e+00
1910 0 +7.451358937e-01 -1.471548641e+02 -1.471548641e+02 -1.6631e+00 +1.1660e-01 +1.0645e+00 -2.0096e+00 -3.1009e+00 +1.5800e+00 -1.6650e+00 -2.2779e+00 -3.7609e+00 +1.8371e+00
2047 0 +7.100317219e-01 -1.471899683e+02 -1.471899683e+02 -1.6752e+00 +1.0342e-01 +1.1618e+00 -1.9964e+00 -3.0687e+00 +1.3212e+00 -1.5594e+00 -2.3046e+00 -3.7134e+00 +1.7345e+00
2078 0 +6.668637601e-01 -1.472331362e+02 -1.472331362e+02 -1.5585e+00 -1.4991e-02 +1.0129e+00 -2.2073e+00 -3.3549e+00 +1.4037e+00 -1.5990e+00 -2.2598e+00 -3.9657e+00 +1.7274e+00
2126 0 +5.963666022e-01 -1.473036334e+02 -1.473036334e+02 -1.6895e+00 +1.9058e-01 +1.2812e+00 -1.8793e+00 -3.2477e+00 +1.5452e+00 -1.6337e+00 -2.4880e+00 -3.7091e+00 +1.7919e+00
2160 0 +5.353443778e-01 -1.473646556e+02 -1.473646556e+02 -1.6901e+00 +1.9956e-01 +1.2045e+00 -1.9483e+00 -3.0688e+00 +1.4507e+00 -1.6437e+00 -2.2976e+00 -3.6417e+00 +1.7001e+00
2222 0 +5.333159823e-01 -1.473666840e+02 -1.473666840e+02 -1.6243e+00 +1.1580e-01 +1.0683e+00 -2.0623e+00 -3.3246e+00 +1.4823e+00 -1.6229e+00 -2.3860e+00 -3.8010e+00 +1.6807e+00
2232 0 +3.737955180e-01 -1.475262045e+02 -1.475262045e+02 -1.7605e+00 -4.7821e-02 +1.1256e+00 -2.0635e+00 -3.3840e+00 +1.4140e+00 -1.5910e+00 -2.3908e+00 -3.9266e+00 +1.8795e+00
2410 0 +3.541908201e-01 -1.475458092e+02 -1.475458092e+02 -1.6642e+00 +1.1104e-01 +1.1876e+00 -1.9965e+00 -3.2720e+00 +1.4823e+00 -1.6058e+00 -2.3505e+00 -3.7923e+00 +1.7262e+00
2450 0 +3.392698869e-01 -1.475607301e+02 -1.475607301e+02 -1.6911e+00 -1.8095e-02 +1.0697e+00 -2.0962e+00 -3.4544e+00 +1.4626e+00 -1.6212e+00 -2.4235e+00 -3.9428e+00 +1.8045e+00
% f evaluations | g evaluations | best noise-free fitness - Fopt (4.817100000000e+02) + sum g_i+ | measured fitness | best measured fitness or single-digit g-values | x1 | x2...
1 0 +8.102514800e+01 +5.627351480e+02 +5.627351480e+02 +5.9671e-01 -3.8264e-02 +7.4769e-01 +1.6230e+00 -1.3415e-01 -1.3414e-01 +1.6792e+00 +8.6743e-01 -3.6947e-01 +6.4256e-01
6 0 +3.891937011e+01 +5.206293701e+02 +5.206293701e+02 +4.2408e-01 -2.8508e-01 -5.7692e-01 +7.1168e-01 +1.1310e+00 +1.0313e+00 -7.3922e-01 -2.0921e-01 +4.3126e-01 +1.0755e+00
55 0 +3.796963590e+01 +5.196796359e+02 +5.196796359e+02 +8.1809e-01 -1.5912e+00 -1.3393e+00 +2.4184e+00 +3.0476e+00 +7.8362e-01 -1.5868e-01 +4.2652e-01 +3.1176e-02 +1.8803e+00
63 0 +2.979337321e+01 +5.115033732e+02 +5.115033732e+02 +1.6352e+00 -3.3879e-01 -1.8834e+00 +3.0039e+00 +1.6148e+00 +1.7817e+00 +9.8971e-01 +4.9920e-01 +1.3205e+00 -5.6856e-01
84 0 +2.820829677e+01 +5.099182968e+02 +5.099182968e+02 +1.8255e-01 -1.8176e+00 -9.4310e-01 +1.3202e+00 +1.0745e+00 -6.8118e-01 +7.5657e-01 -3.7751e-01 +4.7495e-01 +1.0904e+00
119 0 +2.001252609e+01 +5.017225261e+02 +5.017225261e+02 +1.9202e+00 -6.9596e-01 -3.0140e+00 +2.6777e+00 +2.1581e+00 +1.0652e+00 -6.1138e-01 +7.6006e-01 -4.4049e-01 +2.7097e-01
211 0 +1.893388186e+01 +5.006438819e+02 +5.006438819e+02 +9.0187e-01 -2.0159e+00 -2.9958e+00 +1.7961e+00 +9.7757e-01 -2.8218e-01 -2.5428e+00 +2.4542e-01 -3.3648e-01 +1.2061e+00
240 0 +1.792181526e+01 +4.996318153e+02 +4.996318153e+02 +1.7797e+00 -2.5539e+00 -3.9460e+00 +8.1836e-01 +8.6331e-01 -5.2479e-01 -1.3461e+00 -2.6480e+00 -2.2786e+00 +5.9034e-01
383 0 +1.213096117e+01 +4.938409612e+02 +4.938409612e+02 +1.6855e+00 -2.9696e+00 -3.9429e+00 +3.2695e+00 -8.1307e-02 -6.2329e-01 -2.7770e+00 -1.2058e+00 -1.9466e+00 -1.2094e+00
546 0 +1.131480253e+01 +4.930248025e+02 +4.930248025e+02 +7.2629e-01 -4.0831e+00 -4.6000e+00 +3.5066e+00 -5.5752e-02 -6.7610e-01 +1.5149e+00 -1.8248e+00 -1.4888e+00 +2.9169e-01
567 0 +1.079303753e+01 +4.925030375e+02 +4.925030375e+02 +3.3203e-01 -3.2548e+00 -2.4737e+00 +1.8757e+00 +1.1847e+00 -1.0490e+00 -2.9354e-01 -1.3564e+00 -2.2784e+00 +1.3255e+00
572 0 +9.289365255e+00 +4.909993653e+02 +4.909993653e+02 -1.2824e-02 -3.6188e+00 -3.6984e+00 +2.2306e+00 +6.7750e-01 -1.2028e+00 -1.7419e-01 -1.3731e+00 -1.0220e-01 +3.4207e-01
622 0 +6.786734701e+00 +4.884967347e+02 +4.884967347e+02 +1.6266e+00 -3.6601e+00 -4.0323e+00 +2.1245e+00 -7.3299e-01 -7.1470e-01 +3.2946e-01 -2.3225e+00 -2.0056e+00 -6.9731e-03
742 0 +6.511668716e+00 +4.882216687e+02 +4.882216687e+02 +1.4595e-01 -2.9494e+00 -3.3277e+00 +4.2467e+00 +1.2044e+00 -1.0981e+00 +3.6786e-02 -2.2006e+00 -8.7526e-01 -1.0533e-01
771 0 +6.152996690e+00 +4.878629967e+02 +4.878629967e+02 +2.7398e-01 -2.8910e+00 -3.2452e+00 +3.8431e+00 -6.1978e-02 -9.3451e-01 +4.5913e-01 -3.1148e+00 -1.2468e+00 +4.8189e-01
798 0 +5.589909745e+00 +4.872999097e+02 +4.872999097e+02 +3.1561e-01 -2.2886e+00 -2.6899e+00 +3.9850e+00 +1.0646e+00 -7.7133e-01 +6.9454e-01 -1.7495e+00 -1.5654e+00 +6.3516e-01
804 0 +5.281880783e+00 +4.869918808e+02 +4.869918808e+02 +1.2389e+00 -3.7415e+00 -3.7353e+00 +2.9517e+00 -1.0197e-01 -4.3745e-01 +2.2813e-02 -1.8776e+00 -1.5816e+00 +5.7112e-01
859 0 +4.589227936e+00 +4.862992279e+02 +4.862992279e+02 +1.0776e+00 -3.0777e+00 -3.2102e+00 +2.3272e+00 -1.1841e-01 -4.4368e-01 -1.5681e-01 -6.6803e-01 -1.7803e+00 +4.9949e-01
960 0 +3.259342890e+00 +4.849693429e+02 +4.849693429e+02 +6.5638e-01 -2.9312e+00 -3.0534e+00 +3.6172e+00 -3.0375e-01 -9.8623e-01 +9.5048e-01 -2.0310e+00 -1.7353e+00 +3.2668e-01
1135 0 +2.646215618e+00 +4.843562156e+02 +4.843562156e+02 +5.2602e-01 -3.0545e+00 -2.6922e+00 +4.5631e+00 -8.4591e-02 -1.1196e+00 -8.3232e-02 -2.1966e+00 -1.9333e+00 -2.5885e-01
1267 0 +2.476911931e+00 +4.841869119e+02 +4.841869119e+02 +7.9642e-01 -2.8359e+00 -3.0313e+00 +4.0473e+00 +1.9485e-01 -7.9922e-01 +8.2899e-01 -1.7702e+00 -1.8918e+00 +2.5419e-01
1310 0 +2.035726480e+00 +4.837457265e+02 +4.837457265e+02 +1.0367e+00 -2.7474e+00 -2.7805e+00 +3.6252e+00 -2.1792e-01 -8.0351e-01 +2.9580e-01 -2.0664e+00 -1.7666e+00 +5.0348e-01
1413 0 +1.602952900e+00 +4.833129529e+02 +4.833129529e+02 +8.1110e-01 -3.1683e+00 -2.8818e+00 +3.4926e+00 -3.0606e-01 -8.7726e-01 +9.8564e-01 -1.8560e+00 -1.7286e+00 +4.2951e-01
1466 0 +8.992688167e-01 +4.826092688e+02 +4.826092688e+02 +7.4269e-01 -3.0418e+00 -2.8337e+00 +3.5956e+00 -1.8311e-01 -1.0433e+00 +4.5727e-01 -1.9084e+00 -1.9137e+00 +4.0452e-01
1815 0 +5.918829791e-01 +4.823018830e+02 +4.823018830e+02 +1.1058e+00 -2.9954e+00 -2.8751e+00 +2.7209e+00 -3.4879e-01 -7.5943e-01 +7.7916e-01 -1.6181e+00 -1.7600e+00 +7.5033e-01
1912 0 +5.141792439e-01 +4.822241792e+02 +4.822241792e+02 +1.1102e+00 -2.9771e+00 -2.9301e+00 +2.9381e+00 -3.8878e-01 -8.5067e-01 +5.9564e-01 -1.5777e+00 -1.8500e+00 +5.6807e-01
2022 0 +4.045138777e-01 +4.821145139e+02 +4.821145139e+02 +1.1135e+00 -2.9754e+00 -2.8002e+00 +2.9147e+00 -4.5526e-01 -8.5948e-01 +7.9894e-01 -1.5323e+00 -1.9093e+00 +6.4689e-01
2089 0 +3.837258965e-01 +4.820937259e+02 +4.820937259e+02 +1.0568e+00 -2.9765e+00 -2.8988e+00 +3.0502e+00 -3.3904e-01 -8.4317e-01 +6.0025e-01 -1.5830e+00 -1.9103e+00 +5.2090e-01
2179 0 +2.979745543e-01 +4.820079746e+02 +4.820079746e+02 +1.0751e+00 -2.9790e+00 -2.8337e+00 +2.9754e+00 -3.9537e-01 -8.7450e-01 +7.2742e-01 -1.5029e+00 -1.9133e+00 +5.6378e-01
2221 0 +2.815960524e-01 +4.819915961e+02 +4.819915961e+02 +1.0117e+00 -3.0140e+00 -2.8994e+00 +3.0623e+00 -3.6999e-01 -8.9079e-01 +6.8873e-01 -1.6664e+00 -1.8588e+00 +5.2500e-01
2438 0 +2.447856805e-01 +4.819547857e+02 +4.819547857e+02 +1.0229e+00 -2.9697e+00 -2.8496e+00 +3.0626e+00 -3.9528e-01 -8.7917e-01 +7.0169e-01 -1.6049e+00 -1.8811e+00 +5.5240e-01
% f evaluations | g evaluations | best noise-free fitness - Fopt (-3.646000000000e+01) + sum g_i+ | measured fitness | best measured fitness or single-digit g-values | x1 | x2...
1 0 +1.451125285e+02 +1.086525285e+02 +1.086525285e+02 +5.9671e-01 -3.8264e-02 +7.4769e-01 +1.6230e+00 -1.3415e-01 -1.3414e-01 +1.6792e+00 +8.6743e-01 -3.6947e-01 +6.4256e-01
7 0 +1.389135016e+02 +1.024535016e+02 +1.024535016e+02 -3.7917e-01 -8.5659e-02 -1.0063e+00 -1.0962e+00 +9.1253e-01 +1.4562e+00 +2.7990e-02 +1.1035e+00 +4.6164e-01 -5.4512e-01
11 0 +7.588826061e+01 +3.942826061e+01 +3.942826061e+01 -1.3154e+00 -3.2065e-01 -2.4271e-01 -7.0228e-01 -6.1286e-02 +5.0405e-01 +1.9862e+00 +2.7458e-01 +3.5755e-01 +2.5554e-02
42 0 +6.961415182e+01 +3.315415182e+01 +3.315415182e+01 +8.1161e-01 -1.0246e+00 -1.4341e+00 +1.3777e+00 +4.3231e-01 -6.4849e-01 +1.6512e+00 +2.1567e-01 +1.2793e+00 +1.6752e-01
54 0 +6.636906348e+01 +2.990906348e+01 +2.990906348e+01 -3.6769e+00 -2.3862e-01 -1.3207e+00 +2.3515e+00 -2.8745e-01 +1.3326e+00 +1.0737e+00 +1.6773e+00 +8.3272e-01 +2.7929e-01
60 0 +6.051535011e+01 +2.405535011e+01 +2.405535011e+01 +8.9964e-01 -1.2695e+00 -5.1932e-01 +1.8344e+00 -7.7716e-01 +9.4206e-01 +1.2278e+00 +2.6411e+00 -8.4903e-01 -3.8579e+00
70 0 +5.307712223e+01 +1.661712223e+01 +1.661712223e+01 +2.8182e+00 -2.9365e+00 -1.2356e+00 +1.4850e+00 +3.8595e-01 +5.5044e-01 +1.2400e+00 -4.2180e-02 -5.3359e-01 -7.0869e-01
95 0 +4.004810832e+01 +3.588108318e+00 +3.588108318e+00 +2.1654e+00 -2.2380e+00 -1.9175e+00 +1.4338e+00 -2.1485e-01 +1.7475e+00 +2.1981e+00 +3.0378e+00 +1.3209e+00 +8.1771e-01
115 0 +3.349778772e+01 -2.962212282e+00 -2.962212282e+00 -1.6964e+00 -3.2881e+00 -3.6421e+00 -7.8293e-01 +2.0959e-01 +2.7998e+00 +1.7957e+00 +2.8780e+00 +1.3314e+00 -2.5008e-01
178 0 +2.607624761e+01 -1.038375239e+01 -1.038375239e+01 -1.0836e+00 -2.0400e+00 -2.2726e+00 +3.3958e+00 +2.6241e+00 +2.5409e+00 +2.2008e+00 +3.4392e+00 +5.8111e-01 -1.5649e+00
221 0 +2.206967095e+01 -1.439032905e+01 -1.439032905e+01 +1.1979e+00 -1.2639e+00 -9.3460e-01 +6.4866e-01 +2.5869e+00 +4.6945e+00 +1.8361e+00 +2.8320e+00 -4.5868e+00 -2.5296e+00
316 0 +2.060877821e+01 -1.585122179e+01 -1.585122179e+01 +1.6933e+00 -3.7014e+00 -1.6408e+00 +1.2268e+00 +1.9646e+00 +3.1749e+00 +2.1466e+00 +6.0177e-01 -2.1400e+00 -1.5911e+00
333 0 +1.670409296e+01 -1.975590704e+01 -1.975590704e+01 +2.3312e+00 -4.1074e+00 -1.7490e+00 +1.2075e+00 +2.4736e-01 +4.5332e+00 +3.0504e+00 -1.5819e-02 -2.1988e+00 -3.1988e+00
495 0 +1.252506307e+01 -2.393493693e+01 -2.393493693e+01 +1.1363e+00 -2.1428e+00 -3.1285e+00 +1.0529e+00 +4.7482e+00 +2.5321e+00 +1.5384e+00 +2.5698e+00 -2.1692e+00 -1.7262e+00
627 0 +1.044641270e+01 -2.601358730e+01 -2.601358730e+01 +8.9899e-01 -3.1053e+00 -1.9487e+00 +2.2525e+00 +3.7721e+00 +3.2351e+00 +2.6205e+00 +4.5404e+00 -2.3223e+00 -2.7906e+00
629 0 +9.393241022e+00 -2.706675898e+01 -2.706675898e+01 +1.8896e+00 -1.9680e+00 -3.1658e+00 +1.2802e+00 +4.4203e+00 +3.9397e+00 +1.3024e+00 +4.0945e+00 -2.5297e+00 -3.6509e+00
735 0 +7.581782269e+00 -2.887821773e+01 -2.887821773e+01 +2.3007e+00 -2.3443e+00 -3.5039e+00 +6.2551e-01 +2.8318e+00 +2.7205e+00 +2.6532e+00 +3.1945e+00 -3.0061e+00 -2.4497e+00
784 0 +7.377817849e+00 -2.908218215e+01 -2.908218215e+01 +2.7516e+00 -3.4775e+00 -1.9514e+00 +5.5741e-01 +3.5142e+00 +3.5442e+00 +1.7321e+00 +2.8954e+00 -3.2566e+00 -3.2099e+00
800 0 +6.321050938e+00 -3.013894906e+01 -3.013894906e+01 +2.0659e+00 -2.8911e+00 -2.4215e+00 -1.0324e-01 +4.2738e+00 +4.2550e+00 +2.7026e+00 +3.4978e+00 -4.1721e+00 -3.3065e+00
842 0 +5.480624302e+00 -3.097937570e+01 -3.097937570e+01 +1.9372e+00 -2.8946e+00 -1.9711e+00 +9.4803e-01 +3.0453e+00 +3.8548e+00 +2.5591e+00 +3.5426e+00 -3.6054e+00 -3.2617e+00
883 0 +5.415659578e+00 -3.104434042e+01 -3.104434042e+01 +2.0932e+00 -2.9529e+00 -1.6141e+00 +1.4611e-01 +3.1301e+00 +4.4074e+00 +1.7046e+00 +2.8355e+00 -4.6090e+00 -4.4400e+00
902 0 +5.063829251e+00 -3.139617075e+01 -3.139617075e+01 +1.2705e+00 -3.7154e+00 -2.7944e+00 +1.1963e+00 +3.7824e+00 +2.8151e+00 +1.7804e+00 +3.8223e+00 -2.8373e+00 -3.1135e+00
994 0 +4.120123150e+00 -3.233987685e+01 -3.233987685e+01 +2.7767e+00 -2.7106e+00 -1.9534e+00 -1.7138e-01 +3.4506e+00 +3.9073e+00 +1.6369e+00 +2.7940e+00 -4.0293e+00 -4.6712e+00
1051 0 +3.604890465e+00 -3.285510954e+01 -3.285510954e+01 +2.5565e+00 -2.8469e+00 -1.9837e+00 +3.7482e-01 +3.4353e+00 +4.0486e+00 +1.6811e+00 +2.6232e+00 -4.6674e+00 -4.5259e+00
1136 0 +3.467766470e+00 -3.299223353e+01 -3.299223353e+01 +2.5416e+00 -2.4449e+00 -2.4547e+00 +1.3092e+00 +4.0201e+00 +3.9177e+00 +2.0672e+00 +3.2502e+00 -4.0862e+00 -3.5619e+00
1179 0 +2.804010845e+00 -3.365598916e+01 -3.365598916e+01 +2.3265e+00 -2.6087e+00 -2.2340e+00 +5.3664e-01 +3.7112e+00 +3.8242e+00 +1.9455e+00 +3.0033e+00 -4.2371e+00 -4.0765e+00
1191 0 +2.660324786e+00 -3.379967521e+01 -3.379967521e+01 +2.1501e+00 -3.0376e+00 -2.2662e+00 +8.5750e-01 +4.2308e+00 +3.4966e+00 +1.8928e+00 +2.9300e+00 -3.8179e+00 -3.5163e+00
1252 0 +2.417402020e+00 -3.404259798e+01 -3.404259798e+01 +1.8959e+00 -2.6225e+00 -2.5834e+00 +5.6389e-01 +4.1200e+00 +3.0048e+00 +1.5416e+00 +3.0803e+00 -2.8569e+00 -3.6915e+00
1282 0 +2.052864326e+00 -3.440713567e+01 -3.440713567e+01 +2.4248e+00 -2.8187e+00 -2.1649e+00 +1.0175e+00 +4.0853e+00 +3.8594e+00 +2.0939e+00 +3.3082e+00 -3.9116e+00 -3.8264e+00
1307 0 +1.349607792e+00 -3.511039221e+01 -3.511039221e+01 +2.3323e+00 -2.7573e+00 -2.1659e+00 +9.1826e-01 +4.0519e+00 +3.5885e+00 +2.2462e+00 +3.3453e+00 -3.9297e+00 -3.2784e+00
1723 0 +9.855398010e-01 -3.547446020e+01 -3.547446020e+01 +2.1705e+00 -2.8174e+00 -2.1466e+00 +8.1428e-01 +3.9947e+00 +3.6195e+00 +2.2625e+00 +3.3464e+00 -3.8154e+00 -3.6997e+00
1959 0 +8.175637156e-01 -3.564243628e+01 -3.564243628e+01 +2.2319e+00 -2.5291e+00 -2.1423e+00 +6.7150e-01 +3.9818e+00 +3.6966e+00 +1.9971e+00 +3.1447e+00 -3.9174e+00 -3.7734e+00
2131 0 +7.365544044e-01 -3.572344560e+01 -3.572344560e+01 +2.0266e+00 -2.8975e+00 -2.2676e+00 +9.1857e-01 +4.0382e+00 +3.7225e+00 +2.2266e+00 +3.2900e+00 -3.7392e+00 -3.5340e+00
2205 0 +4.320237827e-01 -3.602797622e+01 -3.602797622e+01 +2.1311e+00 -2.8645e+00 -2.2232e+00 +8.9611e-01 +4.0439e+00 +3.7879e+00 +2.2462e+00 +3.2042e+00 -3.8448e+00 -3.6606e+00
2306 0 +4.095578451e-01 -3.605044215e+01 -3.605044215e+01 +2.1090e+00 -2.8490e+00 -2.2295e+00 +9.7550e-01 +4.0634e+00 +3.6279e+00 +2.1944e+00 +3.3003e+00 -3.8055e+00 -3.4681e+00
% f evaluations | g evaluations | best noise-free fitness - Fopt (3.920000000000e+01) + sum g_i+ | measured fitness | best measured fitness or single-digit g-values | x1 | x2...
1 0 +6.258597322e+01 +1.017859732e+02 +1.017859732e+02 +5.9671e-01 -3.8264e-02 +7.4769e-01 +1.6230e+00 -1.3415e-01 -1.3414e-01 +1.6792e+00 +8.6743e-01 -3.6947e-01 +6.4256e-01
26 0 +5.649839685e+01 +9.569839685e+01 +9.569839685e+01 -1.1609e+00 +1.0179e+00 +2.2222e+00 +1.1325e+00 -1.4194e+00 -3.8423e-01 +1.3669e+00 -6.0767e-01 +5.4382e-01 +8.7463e-01
32 0 +5.016370075e+01 +8.936370075e+01 +8.936370075e+01 -1.1768e-01 +1.1988e+00 +9.2542e-01 +9.1351e-01 +1.4055e+00 +1.2100e-01 +7.8195e-01 -2.1027e-01 +4.2417e-01 -3.0143e-02
37 0 +4.969377646e+01 +8.889377646e+01 +8.889377646e+01 +6.1935e-01 +1.6327e+00 -8.7601e-03 +5.0171e-01 +7.9014e-01 -3.0122e-01 +3.2409e-01 +1.1259e-01 +1.9768e-01 -6.7301e-01
43 0 +4.965416915e+01 +8.885416915e+01 +8.885416915e+01 +2.1607e+00 +1.8553e+00 -1.4896e-01 +1.0716e+00 +7.4538e-01 +1.4686e+00 -8.6492e-01 +7.8605e-01 +1.1584e+00 -1.6587e+00
55 0 +3.753631631e+01 +7.673631631e+01 +7.673631631e+01 +9.4229e-01 +7.6014e-01 +3.6620e-01 +1.6791e+00 +1.6357e+00 +5.8322e-01 +1.7708e+00 +2.9526e-01 +1.7250e+00 -8.2858e-01
105 0 +3.736884993e+01 +7.656884993e+01 +7.656884993e+01 +1.9954e+00 +1.6957e+00 +1.8241e-01 +3.0763e+00 +1.5875e+00 +4.7261e-01 +1.5828e+00 +1.5401e-01 +3.7402e+00 -3.6672e-01
109 0 +3.640192497e+01 +7.560192497e+01 +7.560192497e+01 -7.7046e-02 +1.6073e+00 +1.8501e+00 +1.5688e+00 +1.0853e+00 +4.7448e-01 -7.0585e-02 +3.2596e-01 +1.5198e+00 +1.1732e-02
164 0 +3.575800198e+01 +7.495800198e+01 +7.495800198e+01 +2.8588e+00 +1.6766e+00 -7.9095e-01 -3.3356e-01 +1.1987e+00 +1.1792e+00 +1.8487e+00 -9.9706e-02 +2.1610e+00 -1.4366e+00
168 0 +3.148694171e+01 +7.068694171e+01 +7.068694171e+01 +3.0599e+00 +8.4501e-01 +6.6589e-02 +2.4125e+00 +1.6307e+00 +4.8989e-01 +1.5383e+00 -5.1711e-01 +1.5229e-01 -1.5321e+00
180 0 +2.703163223e+01 +6.623163223e+01 +6.623163223e+01 +7.0023e-01 +8.0432e-01 +2.9683e+00 +4.6430e+00 +2.5192e+00 +6.4827e-01 +3.0174e+00 -1.6212e+00 +1.8554e+00 -1.0436e+00
197 0 +2.679718811e+01 +6.599718811e+01 +6.599718811e+01 +2.2736e+00 +2.8786e+00 +4.8274e+00 +3.4448e+00 +2.8551e+00 +2.1141e+00 +2.8830e+00 -1.1261e+00 +2.8279e+00 -7.4608e-01
218 0 +2.547920935e+01 +6.467920935e+01 +6.467920935e+01 +1.9469e+00 +1.5471e+00 +1.1202e+00 +4.2749e+00 +4.5910e-01 +2.5719e-01 +3.9362e+00 -2.9040e-01 +2.4523e+00 -2.5861e+00
264 0 +1.879851107e+01 +5.799851107e+01 +5.799851107e+01 +1.3213e+00 +4.0562e+00 +2.1495e+00 +2.3379e+00 +1.5248e+00 -1.4723e-01 +1.6964e+00 -2.7592e+00 +1.5652e+00 -3.4017e+00
271 0 +1.762227901e+01 +5.682227901e+01 +5.682227901e+01 +1.6625e+00 +1.8149e+00 +2.8602e+00 +3.8264e+00 +7.0844e-01 +2.2377e+00 +1.7162e+00 -4.1343e+00 +1.2389e-01 -5.4853e-01
456 0 +1.541971289e+01 +5.461971289e+01 +5.461971289e+01 +3.7857e+00 +1.2567e+00 +2.8293e+00 +1.7922e+00 +1.5277e+00 -4.3360e-01 +2.0632e+00 -1.3555e+00 -3.2010e-01 -1.7601e+00
470 0 +1.310356215e+01 +5.230356215e+01 +5.230356215e+01 +2.2646e+00 +3.1575e+00 +1.8245e+00 +3.2185e+00 +3.0813e-01 +7.0476e-01 +3.2347e+00 -2.8505e+00 +1.4794e+00 -1.3173e+00
521 0 +1.299880198e+01 +5.219880198e+01 +5.219880198e+01 +2.8295e+00 +2.6241e+00 +1.0198e+00 +3.1950e+00 +1.8621e+00 +2.5926e-01 +3.8361e+00 -3.5106e+00 -8.1228e-02 -2.3473e+00
541 0 +1.253841359e+01 +5.173841359e+01 +5.173841359e+01 +4.0699e+00 +8.5785e-01 +1.7695e+00 +3.1210e+00 +1.2111e+00 +6.9962e-01 +2.2153e+00 -2.6924e+00 +8.1504e-01 -4.1793e+00
614 0 +1.185239845e+01 +5.105239845e+01 +5.105239845e+01 +3.3381e+00 +1.7016e+00 +2.7410e-01 +2.2875e+00 +3.0176e+00 +2.0179e+00 +1.9784e+00 -3.1252e+00 +6.4026e-01 -3.1010e+00
672 0 +1.174101295e+01 +5.094101295e+01 +5.094101295e+01 +1.9127e+00 +3.5103e+00 +1.5167e+00 +3.4560e+00 +1.9840e+00 +1.2014e-01 +2.8307e+00 -7.7183e-01 +6.7854e-01 -3.9732e+00
674 0 +8.745090013e+00 +4.794509001e+01 +4.794509001e+01 +4.4351e+00 +2.7447e+00 +2.9070e+00 +2.7541e+00 +2.2819e+00 +1.0353e+00 +1.2619e+00 -2.5750e+00 +3.4301e-01 -3.6795e+00
741 0 +6.875448896e+00 +4.607544890e+01 +4.607544890e+01 +3.7946e+00 +2.8844e+00 +4.7682e+00 +2.6165e+00 +1.6987e+00 +1.0360e+00 +1.9017e+00 -3.3044e+00 -5.9210e-02 -3.9065e+00
955 0 +3.982773515e+00 +4.318277352e+01 +4.318277352e+01 +3.0047e+00 +1.9853e+00 +2.9697e+00 +3.9619e+00 +1.6600e+00 -1.0962e-01 +2.0271e+00 -2.8373e+00 +8.5894e-01 -3.0970e+00
1073 0 +3.837428231e+00 +4.303742823e+01 +4.303742823e+01 +3.9131e+00 +1.8109e+00 +2.7581e+00 +2.9968e+00 +1.9816e+00 +4.9825e-01 +2.3441e+00 -2.4829e+00 +5.6902e-01 -3.3215e+00
1451 0 +3.682365376e+00 +4.288236538e+01 +4.288236538e+01 +3.2526e+00 +1.5919e+00 +2.5143e+00 +3.4940e+00 +2.0274e+00 +8.1170e-02 +1.7462e+00 -2.8661e+00 +8.4988e-01 -3.4669e+00
1481 0 +3.242837504e+00 +4.244283750e+01 +4.244283750e+01 +3.5745e+00 +1.4916e+00 +3.2324e+00 +3.4420e+00 +2.6125e+00 +7.3479e-02 +2.1481e+00 -2.7909e+00 +4.7827e-01 -3.5236e+00
1515 0 +2.872946261e+00 +4.207294626e+01 +4.207294626e+01 +3.7833e+00 +9.5249e-01 +1.5830e+00 +3.0626e+00 +2.3989e+00 +7.5004e-01 +2.2826e+00 -3.4503e+00 +1.7858e-01 -3.5315e+00
1518 0 +2.167222146e+00 +4.136722215e+01 +4.136722215e+01 +4.4196e+00 +8.9314e-01 +2.2858e+00 +2.2963e+00 +2.7036e+00 +4.9311e-01 +1.9334e+00 -2.9402e+00 +2.0114e-01 -3.4685e+00
1611 0 +2.095916930e+00 +4.129591693e+01 +4.129591693e+01 +4.2098e+00 +1.2700e+00 +2.0175e+00 +2.8940e+00 +2.3983e+00 +3.8714e-01 +2.1260e+00 -2.5882e+00 +2.9192e-01 -3.3581e+00
1657 0 +1.975838198e+00 +4.117583820e+01 +4.117583820e+01 +3.9305e+00 +1.7734e+00 +2.5891e+00 +3.4768e+00 +2.2748e+00 +5.1335e-01 +2.1000e+00 -2.8125e+00 +4.3224e-01 -3.4670e+00
1763 0 +1.944509173e+00 +4.114450917e+01 +4.114450917e+01 +3.5090e+00 +1.7110e+00 +2.7959e+00 +3.2350e+00 +2.2776e+00 +3.4366e-01 +2.0490e+00 -2.7221e+00 +8.2241e-01 -3.3488e+00
1779 0 +1.715425065e+00 +4.091542507e+01 +4.091542507e+01 +3.6505e+00 +1.6375e+00 +2.5799e+00 +3.5775e+00 +2.3154e+00 +3.5885e-01 +2.1890e+00 -2.8273e+00 +5.0925e-01 -3.5302e+00
1802 0 +1.508347051e+00 +4.070834705e+01 +4.070834705e+01 +4.1353e+00 +1.2736e+00 +2.5772e+00 +2.9843e+00 +2.2529e+00 +6.1677e-01 +1.8571e+00 -2.7818e+00 +4.1722e-01 -3.3407e+00
1817 0 +1.467120952e+00 +4.066712095e+01 +4.066712095e+01 +4.0409e+00 +1.4761e+00 +2.7040e+00 +3.1338e+00 +2.2776e+00 +4.9653e-01 +2.0618e+00 -2.5191e+00 +6.4461e-01 -3.3765e+00
1824 0 +1.254031592e+00 +4.045403159e+01 +4.045403159e+01 +3.5441e+00 +1.8331e+00 +2.7663e+00 +3.4755e+00 +2.0803e+00 +5.3358e-01 +2.0902e+00 -2.8241e+00 +4.7360e-01 -3.2122e+00
1855 0 +1.074940722e+00 +4.027494072e+01 +4.027494072e+01 +3.5280e+00 +1.5743e+00 +2.5219e+00 +3.2074e+00 +2.3357e+00 +4.1723e-01 +1.9673e+00 -2.8030e+00 +6.2840e-01 -3.4162e+00
1924 0 +8.563081069e-01 +4.005630811e+01 +4.005630811e+01 +3.8916e+00 +1.5955e+00 +2.4964e+00 +3.1795e+00 +2.2696e+00 +4.4031e-01 +1.9986e+00 -2.7996e+00 +5.1866e-01 -3.4144e+00
1953 0 +7.231234139e-01 +3.992312341e+01 +3.992312341e+01 +3.7443e+00 +1.4942e+00 +2.5859e+00 +3.1452e+00 +2.3032e+00 +4.7836e-01 +2.0807e+00 -2.8392e+00 +5.1278e-01 -3.3127e+00
2113 0 +6.266214682e-01 +3.982662147e+01 +3.982662147e+01 +3.8892e+00 +1.4337e+00 +2.5589e+00 +3.0819e+00 +2.3964e+00 +5.4122e-01 +1.9618e+00 -2.7902e+00 +5.0094e-01 -3.3479e+00
2150 0 +6.097572437e-01 +3.980975724e+01 +3.980975724e+01 +3.8954e+00 +1.4069e+00 +2.3510e+00 +2.9974e+00 +2.4861e+00 +5.1858e-01 +2.0576e+00 -2.8418e+00 +4.4865e-01 -3.3468e+00
2166 0 +5.679514037e-01 +3.976795140e+01 +3.976795140e+01 +3.8696e+00 +1.5540e+00 +2.4858e+00 +3.1105e+00 +2.4193e+00 +4.5779e-01 +2.0060e+00 -2.7412e+00 +4.8389e-01 -3.3260e+00
2229 0 +5.337413211e-01 +3.973374132e+01 +3.973374132e+01 +3.6946e+00 +1.6857e+00 +2.5739e+00 +3.1927e+00 +2.3031e+00 +4.9916e-01 +2.0371e+00 -2.7971e+00 +5.0712e-01 -3.3969e+00
2375 0 +5.253453923e-01 +3.972534539e+01 +3.972534539e+01 +3.7371e+00 +1.6355e+00 +2.5756e+00 +3.0902e+00 +2.3726e+00 +4.8990e-01 +2.0128e+00 -2.8053e+00 +5.3068e-01 -3.4091e+00
2409 0 +4.550332409e-01 +3.965503324e+01 +3.965503324e+01 +3.7160e+00 +1.6447e+00 +2.4546e+00 +3.1230e+00 +2.1991e+00 +6.0285e-01 +2.0629e+00 -2.8591e+00 +4.3433e-01 -3.3250e+00
2444 0 +4.390880743e-01 +3.963908807e+01 +3.963908807e+01 +3.7781e+00 +1.5921e+00 +2.4652e+00 +3.1517e+00 +2.2929e+00 +4.9703e-01 +2.0651e+00 -2.8415e+00 +4.7684e-01 -3.3614e+00
% f evaluations | g evaluations | best noise-free fitness - Fopt (-3.225000000000e+01) + sum g_i+ | measured fitness | best measured fitness or single-digit g-values | x1 | x2...
1 0 +4.516970759e+02 +4.194470759e+02 +4.194470759e+02 +5.9671e-01 -3.8264e-02 +7.4769e-01 +1.6230e+00 -1.3415e-01 -1.3414e-01 +1.6792e+00 +8.6743e-01 -3.6947e-01 +6.4256e-01
2 0 +3.102541802e+02 +2.780041802e+02 +2.780041802e+02 -3.6342e-01 -3.6573e-01 +3.4196e-01 -1.8133e+00 -1.6249e+00 -4.6229e-01 -9.1283e-01 +4.1425e-01 -8.0802e-01 -1.3123e+00
3 0 +1.749215143e+02 +1.426715143e+02 +1.426715143e+02 +1.5656e+00 -1.2578e-01 +1.6753e-01 -1.3247e+00 -4.4438e-01 +2.1092e-01 -1.0510e+00 +4.7570e-01 -5.0064e-01 -1.9169e-01
4 0 +1.449302454e+02 +1.126802454e+02 +1.126802454e+02 -5.0171e-01 +1.9523e+00 +8.6503e-02 -9.5771e-01 +9.2254e-01 -1.1208e+00 +3.0886e-01 -1.8597e+00 -1.2282e+00 +2.9686e-01
20 0 +1.307360089e+02 +9.848600894e+01 +9.848600894e+01 -3.4651e-01 +9.5640e-01 +3.1409e-01 -1.1457e+00 +2.7318e-01 +4.8532e-01 -7.8386e-01 +2.5373e-01 +1.5821e-01 -1.0430e+00
24 0 +1.138745005e+02 +8.162450046e+01 +8.162450046e+01 -6.3037e-01 +3.1646e-01 +1.4557e-01 -5.5160e-01 +2.2439e+00 +7.3392e-01 -1.9251e+00 +2.8645e-01 -5.6179e-01 +9.5243e-01
29 0 +7.273900615e+01 +4.048900615e+01 +4.048900615e+01 +2.1352e-01 +7.6213e-01 +1.6860e+00 -1.1378e+00 +2.2330e+00 -1.8521e+00 -5.1785e-02 +6.8832e-01 +3.8099e-01 -5.2270e-01
56 0 +6.971882658e+01 +3.746882658e+01 +3.746882658e+01 +1.4735e-01 +1.2299e+00 -3.7588e-01 -2.1475e+00 +7.9020e-01 +2.1846e-01 -6.6530e-01 +1.2293e+00 +1.4031e+00 -5.5471e-01
69 0 +6.685528883e+01 +3.460528883e+01 +3.460528883e+01 -2.8386e-01 +1.6214e+00 -2.6467e-01 -1.4446e+00 +1.9422e+00 -2.0001e-01 -2.0912e-01 +9.3920e-02 +2.2671e+00 -1.9893e-03
107 0 +4.734000030e+01 +1.509000030e+01 +1.509000030e+01 -3.4780e-03 +1.0683e-01 -6.2848e-01 -2.0777e+00 +3.7048e+00 -4.2706e+00 -4.7957e-01 -1.2112e+00 +4.4835e+00 -9.2156e-01
137 0 +3.860283703e+01 +6.352837027e+00 +6.352837027e+00 -1.3732e+00 -5.3640e-01 -2.0463e+00 -1.8964e+00 +2.9766e+00 -1.6550e+00 -8.2869e-01 -2.3884e-01 +1.2079e+00 +1.7391e+00
203 0 +2.157529207e+01 -1.067470793e+01 -1.067470793e+01 +1.8379e+00 -3.2674e-01 -1.0148e+00 -2.5415e+00 +7.5796e-01 -2.4448e+00 -1.8740e+00 +5.3077e-01 +2.7163e+00 +4.0817e+00
377 0 +2.004641068e+01 -1.220358932e+01 -1.220358932e+01 +1.2863e+00 +6.0021e-01 -2.5111e-01 -2.9673e+00 +1.6568e+00 -3.4389e+00 -9.1959e-01 +1.5156e-01 +2.0923e+00 +4.5582e+00
506 0 +1.384327250e+01 -1.840672750e+01 -1.840672750e+01 +1.9393e+00 -2.3831e+00 -5.6016e-01 -1.6139e+00 +2.3965e+00 -1.7221e+00 -7.7482e-01 +3.8879e+00 +3.5164e+00 +4.2536e+00
681 0 +9.708527597e+00 -2.254147240e+01 -2.254147240e+01 +3.5917e+00 +1.4141e+00 -1.2691e+00 -1.9598e+00 +4.8342e+00 -1.4490e+00 +3.2519e-02 +2.0180e+00 +4.3351e+00 +3.2107e+00
773 0 +9.700752901e+00 -2.254924710e+01 -2.254924710e+01 +2.9094e+00 +9.7220e-01 +3.8493e-01 -3.4167e+00 +3.7125e+00 -3.8083e+00 -7.6991e-01 +2.3089e+00 +3.5297e+00 +2.2720e+00
794 0 +7.938645019e+00 -2.431135498e+01 -2.431135498e+01 +4.1798e+00 -6.4727e-01 -8.3844e-01 -2.5999e+00 +3.0039e+00 -2.2185e+00 -4.8601e-01 +2.2939e+00 +3.1447e+00 +3.7865e+00
854 0 +5.849646316e+00 -2.640035368e+01 -2.640035368e+01 +2.9218e+00 +1.1242e+00 -6.9104e-01 -4.5002e+00 +3.5202e+00 -4.5762e+00 +1.5580e-03 +3.1098e+00 +4.5591e+00 +2.7975e+00
1058 0 +4.520221988e+00 -2.772977801e+01 -2.772977801e+01 +2.6154e+00 +7.8627e-01 -8.3071e-01 -1.8325e+00 +3.1271e+00 -4.2174e+00 +1.4687e-01 +1.6255e+00 +4.6647e+00 +2.5564e+00
1157 0 +4.190594756e+00 -2.805940524e+01 -2.805940524e+01 +3.5750e+00 +5.7666e-01 -2.4605e-01 -2.9504e+00 +3.1926e+00 -4.0112e+00 +1.0581e-02 +2.3936e+00 +4.0372e+00 +2.5347e+00
1167 0 +4.135924084e+00 -2.811407592e+01 -2.811407592e+01 +3.6170e+00 +2.5829e-02 -7.0392e-01 -1.8507e+00 +2.8765e+00 -3.5183e+00 -1.8120e-01 +2.5730e+00 +3.9661e+00 +2.7032e+00
1170 0 +3.783233998e+00 -2.846676600e+01 -2.846676600e+01 +4.0016e+00 +1.0225e+00 -6.2154e-01 -3.0867e+00 +3.0521e+00 -3.0451e+00 -3.3554e-02 +2.8758e+00 +3.5370e+00 +3.2196e+00
1204 0 +3.331340611e+00 -2.891865939e+01 -2.891865939e+01 +3.7969e+00 +6.1045e-01 -1.0547e+00 -2.5657e+00 +2.4901e+00 -3.6227e+00 -5.6359e-02 +3.0548e+00 +3.6986e+00 +3.0038e+00
1228 0 +2.643029710e+00 -2.960697029e+01 -2.960697029e+01 +3.2535e+00 +1.6208e+00 -8.9561e-01 -2.7738e+00 +3.0609e+00 -3.6911e+00 +5.3527e-01 +2.6308e+00 +3.5000e+00 +3.7710e+00
1391 0 +2.564628179e+00 -2.968537182e+01 -2.968537182e+01 +4.1723e+00 +8.5566e-01 -6.4808e-01 -2.6925e+00 +3.0534e+00 -3.1001e+00 -1.4715e-01 +2.5702e+00 +4.1156e+00 +2.7287e+00
1669 0 +2.474599720e+00 -2.977540028e+01 -2.977540028e+01 +3.5829e+00 +9.2224e-01 -8.8245e-01 -2.5557e+00 +3.0572e+00 -3.5734e+00 -7.5038e-02 +2.5439e+00 +3.8782e+00 +3.2422e+00
1678 0 +2.305517268e+00 -2.994448273e+01 -2.994448273e+01 +3.7916e+00 +1.2421e+00 -8.6568e-01 -3.1691e+00 +3.2540e+00 -3.6778e+00 +3.2466e-01 +2.9804e+00 +3.6404e+00 +3.3896e+00
1740 0 +2.285458346e+00 -2.996454165e+01 -2.996454165e+01 +3.3094e+00 +1.0816e+00 -7.1704e-01 -2.7841e+00 +2.8936e+00 -3.4598e+00 -6.5805e-02 +2.5069e+00 +4.0387e+00 +3.0077e+00
1832 0 +2.142865172e+00 -3.010713483e+01 -3.010713483e+01 +3.9414e+00 +1.2489e+00 -1.0806e+00 -2.8908e+00 +3.4669e+00 -3.2810e+00 +3.4826e-01 +2.8561e+00 +3.3767e+00 +3.1448e+00
1863 0 +1.890575523e+00 -3.035942448e+01 -3.035942448e+01 +3.6243e+00 +1.3142e+00 -8.3384e-01 -2.6474e+00 +3.1534e+00 -3.3781e+00 +3.2940e-02 +2.4375e+00 +4.0652e+00 +3.0516e+00
1914 0 +1.576919438e+00 -3.067308056e+01 -3.067308056e+01 +3.1484e+00 +1.3364e+00 -8.8433e-01 -2.8146e+00 +3.2465e+00 -4.1464e+00 +2.6901e-01 +2.7191e+00 +3.9291e+00 +2.8952e+00
1965 0 +1.510581060e+00 -3.073941894e+01 -3.073941894e+01 +3.7861e+00 +8.4129e-01 -7.7352e-01 -2.6816e+00 +3.2745e+00 -3.2226e+00 -2.0930e-02 +2.3828e+00 +3.9032e+00 +2.9674e+00
2156 0 +1.425915587e+00 -3.082408441e+01 -3.082408441e+01 +3.5424e+00 +1.5757e+00 -1.1613e+00 -2.8306e+00 +3.4399e+00 -4.1226e+00 +3.1554e-01 +2.7902e+00 +3.7702e+00 +3.1814e+00
2167 0 +1.182316763e+00 -3.106768324e+01 -3.106768324e+01 +3.8281e+00 +7.3398e-01 -8.6810e-01 -2.8645e+00 +3.2289e+00 -3.3840e+00 +8.4337e-02 +2.6366e+00 +3.7821e+00 +3.0096e+00
2283 0 +1.073929682e+00 -3.117607032e+01 -3.117607032e+01 +3.7114e+00 +9.1264e-01 -7.9880e-01 -2.8475e+00 +3.2571e+00 -3.6518e+00 +7.4954e-02 +2.7085e+00 +3.7337e+00 +3.0738e+00
2321 0 +7.499294521e-01 -3.150007055e+01 -3.150007055e+01 +3.7053e+00 +1.1368e+00 -9.0289e-01 -2.9288e+00 +3.2886e+00 -3.5299e+00 +2.3245e-01 +2.6931e+00 +3.7634e+00 +3.2146e+00
% f evaluations | g evaluations | best noise-free fitness - Fopt (3.681200000000e+02) + sum g_i+ | measured fitness | best measured fitness or single-digit g-values | x1 | x2...
1 0 +7.459129335e+01 +4.427112934e+02 +4.427112934e+02 +5.9671e-01 -3.8264e-02 +7.4769e-01 +1.6230e+00 -1.3415e-01 -1.3414e-01 +1.6792e+00 +8.6743e-01 -3.6947e-01 +6.4256e-01
2 0 +5.447614135e+01 +4.225961413e+02 +4.225961413e+02 -3.6342e-01 -3.6573e-01 +3.4196e-01 -1.8133e+00 -1.6249e+00 -4.6229e-01 -9.1283e-01 +4.1425e-01 -8.0802e-01 -1.3123e+00
4 0 +3.786814253e+01 +4.059881425e+02 +4.059881425e+02 -5.0171e-01 +1.9523e+00 +8.6503e-02 -9.5771e-01 +9.2254e-01 -1.1208e+00 +3.0886e-01 -1.8597e+00 -1.2282e+00 +2.9686e-01
56 0 +3.358220719e+01 +4.017022072e+02 +4.017022072e+02 -9.9937e-01 +6.8383e-01 -3.7638e-01 -7.3187e-01 +6.1417e-01 +3.8724e-01 -1.3271e-01 -2.0777e+00 -9.3756e-01 +3.7290e-01
101 0 +9.431485226e+00 +3.775514852e+02 +3.775514852e+02 -2.3630e+00 -1.2102e+00 +3.2682e-01 -2.9699e+00 -5.9252e-01 -3.2374e+00 -2.7607e+00 -4.3490e+00 -1.9029e+00 -5.1048e-01
705 0 +9.036654587e+00 +3.771566546e+02 +3.771566546e+02 -2.9165e+00 -1.5011e+00 -1.6278e-01 -1.3762e+00 +4.5945e-01 -1.3741e+00 -1.6097e+00 -4.2776e+00 -1.7834e+00 -1.6135e+00
815 0 +8.972689907e+00 +3.770926899e+02 +3.770926899e+02 -2.3385e+00 -1.6575e+00 +1.0099e+00 -2.2365e+00 -9.2911e-01 -2.0260e+00 -2.1651e+00 -4.1653e+00 -2.3391e+00 +6.5867e-01
855 0 +8.551709693e+00 +3.766717097e+02 +3.766717097e+02 -3.6275e+00 -8.8823e-01 +3.9504e-01 -2.6122e+00 -7.8563e-01 -2.2362e+00 -2.5425e+00 -3.8196e+00 -2.2352e+00 +3.2265e-01
875 0 +6.705659882e+00 +3.748256599e+02 +3.748256599e+02 -2.5731e+00 -1.0747e+00 +1.3158e+00 -1.5663e+00 -1.5478e+00 -2.2082e+00 -2.5232e+00 -4.0055e+00 -1.8377e+00 -6.5139e-01
929 0 +6.581176253e+00 +3.747011763e+02 +3.747011763e+02 -2.5893e+00 -1.5141e+00 +1.2784e+00 -2.2026e+00 -4.9423e-01 -2.9429e+00 -1.6670e+00 -4.0843e+00 -2.2456e+00 -9.9164e-01
954 0 +4.821503414e+00 +3.729415034e+02 +3.729415034e+02 -3.1570e+00 -1.2767e+00 +4.6329e-01 -2.3735e+00 -6.5020e-01 -2.8329e+00 -1.8824e+00 -3.8256e+00 -2.2663e+00 -6.8570e-01
967 0 +4.319606338e+00 +3.724396063e+02 +3.724396063e+02 -2.8480e+00 -1.1728e+00 +6.6652e-01 -1.8363e+00 -2.9013e-01 -2.6709e+00 -2.3873e+00 -3.9926e+00 -1.7209e+00 -5.4365e-01
1091 0 +2.677176149e+00 +3.707971761e+02 +3.707971761e+02 -2.5847e+00 -1.2356e+00 +1.0213e+00 -1.4203e+00 -1.1277e+00 -2.8279e+00 -2.0816e+00 -4.2357e+00 -2.2684e+00 -5.7149e-01
1258 0 +2.008561497e+00 +3.701285615e+02 +3.701285615e+02 -2.3611e+00 -1.3370e+00 +6.7791e-01 -2.6218e+00 -5.1571e-01 -2.0239e+00 -2.5616e+00 -3.9300e+00 -2.3269e+00 -4.7429e-01
1512 0 +1.939207579e+00 +3.700592076e+02 +3.700592076e+02 -2.3012e+00 -7.8997e-01 +1.0030e+00 -2.2953e+00 -7.3490e-01 -2.2356e+00 -2.2719e+00 -4.1338e+00 -2.4493e+00 -1.0587e+00
1563 0 +1.744793821e+00 +3.698647938e+02 +3.698647938e+02 -2.2620e+00 -1.1272e+00 +9.4777e-01 -2.1355e+00 -1.0660e+00 -2.3611e+00 -2.5923e+00 -3.9775e+00 -2.1190e+00 -7.9587e-01
1566 0 +1.683301280e+00 +3.698033013e+02 +3.698033013e+02 -2.3614e+00 -1.2370e+00 +6.5819e-01 -2.3726e+00 -7.6023e-01 -2.2752e+00 -2.4650e+00 -3.9261e+00 -2.5832e+00 -1.0440e+00
1632 0 +1.381320165e+00 +3.695013202e+02 +3.695013202e+02 -2.2229e+00 -1.1007e+00 +7.6964e-01 -2.3332e+00 -7.8041e-01 -2.1502e+00 -2.4037e+00 -3.9972e+00 -2.4630e+00 -9.1555e-01
1648 0 +1.190819469e+00 +3.693108195e+02 +3.693108195e+02 -2.1320e+00 -1.3005e+00 +6.4130e-01 -2.4295e+00 -7.1387e-01 -2.1714e+00 -2.4948e+00 -3.9606e+00 -2.2858e+00 -5.8961e-01
1764 0 +1.109046953e+00 +3.692290470e+02 +3.692290470e+02 -2.5822e+00 -1.1005e+00 +5.0785e-01 -2.3691e+00 -4.9412e-01 -2.1906e+00 -2.7493e+00 -3.8324e+00 -2.2818e+00 -8.9715e-01
1948 0 +1.076272266e+00 +3.691962723e+02 +3.691962723e+02 -2.4417e+00 -1.3116e+00 +3.4069e-01 -2.6576e+00 -3.0603e-01 -1.8154e+00 -2.3783e+00 -3.8154e+00 -2.3964e+00 -9.2935e-01
2025 0 +9.358600887e-01 +3.690558601e+02 +3.690558601e+02 -2.5020e+00 -1.2333e+00 +7.5703e-01 -2.3786e+00 -5.5199e-01 -1.9850e+00 -2.3367e+00 -3.9588e+00 -2.2489e+00 -9.9836e-01
2039 0 +9.030632229e-01 +3.690230632e+02 +3.690230632e+02 -2.4390e+00 -1.1916e+00 +6.7486e-01 -2.3612e+00 -6.5212e-01 -2.1537e+00 -2.4248e+00 -3.8244e+00 -2.3683e+00 -8.7079e-01
2044 0 +8.699888217e-01 +3.689899888e+02 +3.689899888e+02 -2.4919e+00 -1.0787e+00 +7.8630e-01 -2.1879e+00 -6.8512e-01 -2.1797e+00 -2.3753e+00 -3.9339e+00 -2.4109e+00 -1.0405e+00
2150 0 +7.477910714e-01 +3.688677911e+02 +3.688677911e+02 -2.2194e+00 -1.0613e+00 +9.6517e-01 -2.2345e+00 -9.0145e-01 -2.2714e+00 -2.1419e+00 -3.9892e+00 -2.2539e+00 -8.3134e-01
2229 0 +5.447090033e-01 +3.686647090e+02 +3.686647090e+02 -2.3521e+00 -1.1039e+00 +1.0303e+00 -2.0354e+00 -9.2469e-01 -2.3757e+00 -2.2451e+00 -4.0591e+00 -2.1638e+00 -8.8798e-01
2436 0 +5.255313987e-01 +3.686455314e+02 +3.686455314e+02 -2.4870e+00 -1.0883e+00 +7.1381e-01 -2.2391e+00 -7.3930e-01 -2.2230e+00 -2.3792e+00 -3.9327e+00 -2.1947e+00 -9.0860e-01
2459 0 +3.481413519e-01 +3.684681414e+02 +3.684681414e+02 -2.4104e+00 -1.0991e+00 +7.6130e-01 -2.2069e+00 -6.8355e-01 -2.1785e+00 -2.3832e+00 -3.9415e+00 -2.2094e+00 -9.3806e-01
