% f evaluations | g evaluations | best noise-free fitness - Fopt (7.627000000000e+01) + sum g_i+ | measured fitness | best measured fitness or single-digit g-values | x1 | x2...
1 0 +1.552914355e+06 +1.552990625e+06 +1.552990625e+06 +5.9671e-01 -3.8264e-02 +7.4769e-01 +1.6230e+00 -1.3415e-01 -1.3414e-01 +1.6792e+00 +8.6743e-01 -3.6947e-01 +6.4256e-01
2 0 +6.218440916e+05 +6.219203616e+05 +6.219203616e+05 -3.6342e-01 -3.6573e-01 +3.4196e-01 -1.8133e+00 -1.6249e+00 -4.6229e-01 -9.1283e-01 +4.1425e-01 -8.0802e-01 -1.3123e+00
3 0 +1.868508053e+05 +1.869270753e+05 +1.869270753e+05 +1.5656e+00 -1.2578e-01 +1.6753e-01 -1.3247e+00 -4.4438e-01 +2.1092e-01 -1.0510e+00 +4.7570e-01 -5.0064e-01 -1.9169e-01
4 0 +1.355190486e+04 +1.362817486e+04 +1.362817486e+04 -5.0171e-01 +1.9523e+00 +8.6503e-02 -9.5771e-01 +9.2254e-01 -1.1208e+00 +3.0886e-01 -1.8597e+00 -1.2282e+00 +2.9686e-01
11 0 +8.121793620e+01 +1.574879362e+02 +1.574879362e+02 -1.3154e+00 -3.2065e-01 -2.4271e-01 -7.0228e-01 -6.1286e-02 +5.0405e-01 +1.9862e+00 +2.7458e-01 +3.5755e-01 +2.5554e-02
110 0 +5.362156112e+01 +1.298915611e+02 +1.298915611e+02 +1.3149e-01 +6.3686e-01 -2.7203e-01 -1.7041e+00 +6.8605e-01 -6.2069e-01 +1.8150e+00 -6.4219e-01 +6.5801e-01 +1.9905e-01
229 0 +5.080811801e+01 +1.270781180e+02 +1.270781180e+02 +8.0862e-01 +4.6292e-02 -1.1753e-01 -1.1790e+00 -6.5324e-01 -3.1033e-01 +9.1427e-01 +6.8205e-01 +2.0471e+00 +7.5060e-01
239 0 +3.215832970e+01 +1.084283297e+02 +1.084283297e+02 +2.0946e-01 +4.8256e-01 -5.5011e-01 +1.1921e+00 -4.7445e-03 -7.1307e-01 +8.2388e-01 -6.9415e-01 -2.1698e-01 +7.0112e-01
1000 0 +2.560560272e+01 +1.018756027e+02 +1.018756027e+02 +4.1741e-01 -3.8781e-01 +7.3912e-02 -2.7805e-01 -5.2391e-01 -6.7691e-01 +8.9479e-01 -5.1725e-01 +5.6532e-02 +6.2593e-01
1242 0 +2.484809127e+01 +1.011180913e+02 +1.011180913e+02 +4.6587e-01 -8.4905e-01 -3.8761e-02 +2.9269e-02 -6.4646e-01 -1.0731e+00 -3.3517e-01 -5.7674e-01 +5.1679e-01 +4.7506e-01
1276 0 +2.320194212e+01 +9.947194212e+01 +9.947194212e+01 +7.5318e-01 -6.6036e-01 -1.9173e-01 +3.9304e-01 -5.2981e-01 -1.3778e+00 +8.0225e-01 -2.9481e-01 +5.4669e-01 +8.3493e-01
1363 0 +2.202877625e+01 +9.829877625e+01 +9.829877625e+01 -3.0757e-01 -3.8804e-01 +9.1412e-03 +3.3900e-02 -4.3651e-01 -1.5571e+00 +1.2667e-01 -3.6758e-01 +2.2107e-01 +5.4875e-01
1408 0 +1.951428949e+01 +9.578428949e+01 +9.578428949e+01 +5.9335e-01 -7.7248e-01 -2.5539e-01 -1.3313e-02 -7.7077e-01 -9.8123e-01 +4.2178e-01 +2.7876e-01 +2.3709e-01 +7.3034e-01
1434 0 +1.764471886e+01 +9.391471886e+01 +9.391471886e+01 -3.5017e-01 -6.6760e-01 -2.1047e-01 +3.0992e-01 -5.5362e-01 -1.4588e+00 -4.7622e-01 -1.4719e-01 -3.1661e-01 +4.1636e-01
1498 0 +1.661484322e+01 +9.288484322e+01 +9.288484322e+01 +8.5546e-02 -1.1624e+00 +5.4327e-02 +5.2557e-01 -1.0945e+00 -1.2844e+00 -1.4720e-01 -7.1523e-01 +1.8119e-01 +1.3292e+00
1529 0 +1.284785899e+01 +8.911785899e+01 +8.911785899e+01 -1.0405e+00 -5.2827e-01 -5.3338e-01 +3.0249e-01 -6.1849e-01 -1.6764e+00 -1.5684e-01 +4.2942e-01 -1.2944e-02 +1.1781e+00
1599 0 +9.583893562e+00 +8.585389356e+01 +8.585389356e+01 -2.8522e-01 -2.2424e+00 -2.5600e-01 +2.9656e-01 -1.3302e+00 -1.4975e+00 -9.1214e-01 +4.8511e-01 -2.9417e-01 +7.1354e-01
1647 0 +8.763493581e+00 +8.503349358e+01 +8.503349358e+01 -2.4101e-01 -2.2843e+00 -9.3623e-01 -5.9144e-01 -1.1138e+00 -7.3650e-01 -1.1339e+00 +5.0465e-02 -4.8981e-01 +1.6683e+00
1653 0 +7.515958228e+00 +8.378595823e+01 +8.378595823e+01 +6.8329e-01 -2.8041e+00 -1.3902e+00 -5.9308e-01 -1.4203e+00 -1.6220e+00 -8.0083e-01 +8.3019e-01 +4.9607e-01 +2.7374e+00
1676 0 +6.349431178e+00 +8.261943118e+01 +8.261943118e+01 -1.7022e+00 -1.9133e+00 -6.0701e-01 +5.6351e-01 -1.7874e+00 -9.7637e-01 -7.3901e-01 +1.1116e+00 -1.2195e+00 +1.9729e+00
1751 0 +4.547571265e+00 +8.081757126e+01 +8.081757126e+01 -1.0097e+00 -1.3445e+00 -8.2468e-01 +1.4476e-01 -1.8437e+00 -2.0054e+00 -6.8394e-01 +1.9536e+00 -5.2267e-01 +2.6535e+00
1885 0 +3.353172949e+00 +7.962317295e+01 +7.962317295e+01 -1.9942e+00 -3.5508e+00 -7.6472e-01 +5.9325e-01 -2.1743e+00 -1.1606e+00 -9.7870e-01 +1.1829e+00 -5.9112e-01 +2.3438e+00
1892 0 +2.474756084e+00 +7.874475608e+01 +7.874475608e+01 -1.7741e+00 -2.6721e+00 -1.2804e+00 -1.1905e-01 -1.2174e+00 -2.1059e+00 -4.9489e-02 +1.0043e+00 -1.4111e+00 +2.7265e+00
2174 0 +2.037247534e+00 +7.830724753e+01 +7.830724753e+01 -9.5497e-01 -2.5977e+00 -9.3083e-01 +4.1874e-01 -1.8962e+00 -2.8129e+00 -1.3126e+00 +1.6611e+00 -9.3390e-01 +2.5075e+00
2179 0 +9.984734477e-01 +7.726847345e+01 +7.726847345e+01 -9.6149e-01 -3.0513e+00 -1.1632e+00 +5.3115e-01 -1.6918e+00 -1.9990e+00 -7.1591e-01 +1.5271e+00 -2.4995e-01 +2.3024e+00
2463 0 +6.335384881e-01 +7.690353849e+01 +7.690353849e+01 -1.4499e+00 -3.3549e+00 -1.4969e+00 +3.5109e-01 -1.5254e+00 -2.3171e+00 -7.3594e-01 +1.0964e+00 -8.6938e-01 +3.0044e+00
2476 0 +6.250991092e-01 +7.689509911e+01 +7.689509911e+01 -1.4042e+00 -3.3860e+00 -1.1007e+00 +5.4306e-01 -1.8706e+00 -2.0248e+00 -6.9865e-01 +1.0659e+00 -1.2166e+00 +2.8190e+00
% f evaluations | g evaluations | best noise-free fitness - Fopt (-2.255000000000e+01) + sum g_i+ | measured fitness | best measured fitness or single-digit g-values | x1 | x2...
1 0 +4.591578469e+05 +4.591352969e+05 +4.591352969e+05 +5.9671e-01 -3.8264e-02 +7.4769e-01 +1.6230e+00 -1.3415e-01 -1.3414e-01 +1.6792e+00 +8.6743e-01 -3.6947e-01 +6.4256e-01
2 0 +4.059641924e+05 +4.059416424e+05 +4.059416424e+05 -3.6342e-01 -3.6573e-01 +3.4196e-01 -1.8133e+00 -1.6249e+00 -4.6229e-01 -9.1283e-01 +4.1425e-01 -8.0802e-01 -1.3123e+00
5 0 +2.064410243e+04 +2.062155243e+04 +2.062155243e+04 +8.3847e-01 +2.7137e-01 -1.5648e-02 -2.0110e-01 -1.3785e+00 -6.1984e-01 -3.6064e-01 +1.1571e+00 +4.4362e-01 -1.6630e+00
20 0 +4.194544284e+03 +4.171994284e+03 +4.171994284e+03 -3.4651e-01 +9.5640e-01 +3.1409e-01 -1.1457e+00 +2.7318e-01 +4.8532e-01 -7.8386e-01 +2.5373e-01 +1.5821e-01 -1.0430e+00
45 0 +3.853335733e+03 +3.830785733e+03 +3.830785733e+03 +4.8407e-01 +6.7305e-02 -1.9674e+00 +1.0880e-02 -1.2045e+00 +7.6967e-01 +4.6660e-01 -8.3988e-01 -4.1387e-01 -9.5921e-01
50 0 +3.474848783e+03 +3.452298783e+03 +3.452298783e+03 +9.2027e-02 +1.5799e+00 +1.7737e-01 -7.6128e-01 +1.6231e+00 +6.3891e-01 -9.3725e-01 -9.0339e-02 -7.7562e-01 -1.2828e+00
81 0 +8.659142173e+02 +8.433642173e+02 +8.433642173e+02 +3.9753e-01 +8.4876e-01 -1.1240e+00 -1.1176e+00 +2.2400e+00 +5.8391e-01 +6.4849e-01 +1.1647e+00 -2.4258e-01 +3.2472e-01
154 0 +8.637396628e+02 +8.411896628e+02 +8.411896628e+02 +1.2408e-02 +8.3930e-01 -7.3526e-01 -8.0085e-02 -7.1444e-01 -1.8383e-01 -2.4299e-01 -8.1520e-01 -4.9399e-01 +3.6105e-01
184 0 +1.305201504e+02 +1.079701504e+02 +1.079701504e+02 +8.1719e-01 +1.2855e+00 -4.2806e-01 -3.9666e-01 -2.9050e-01 +6.8335e-01 -1.6954e-03 -9.2615e-01 -4.1637e-01 -7.2503e-01
286 0 +5.558241987e+01 +3.303241987e+01 +3.303241987e+01 -9.9598e-03 -6.0823e-01 -9.3259e-02 -1.1729e+00 +1.2993e-01 -9.0022e-01 +6.8067e-02 -5.7129e-01 -1.2396e+00 -1.8913e+00
332 0 +5.416511960e+01 +3.161511960e+01 +3.161511960e+01 +4.6603e-01 -2.8106e-01 -7.7533e-01 -1.3194e+00 +1.2006e+00 +1.6367e-01 +8.8214e-01 +4.1060e-02 +1.5508e-01 -1.2541e+00
346 0 +4.947806289e+01 +2.692806289e+01 +2.692806289e+01 +1.4998e-01 +3.4380e-01 +1.7333e+00 -1.2871e-01 +1.4524e+00 -2.4005e-01 -1.2228e-02 +1.0666e+00 +2.1610e-01 -1.3067e-01
576 0 +4.684280693e+01 +2.429280693e+01 +2.429280693e+01 +2.5648e-02 -2.0363e-01 +3.2401e-01 -5.5917e-01 +1.9269e-01 -5.6456e-01 +5.2290e-01 -3.9471e-01 +3.3925e-02 +4.2020e-01
1525 0 +4.089368668e+01 +1.834368668e+01 +1.834368668e+01 -3.3404e-01 -1.7465e-01 -4.2417e-01 -2.0569e+00 +1.6905e+00 -3.9265e-01 +2.3217e-01 -1.0006e+00 +4.9661e-01 -1.0152e+00
1618 0 +3.662788661e+01 +1.407788661e+01 +1.407788661e+01 +5.0466e-01 +2.9367e-01 -1.2323e+00 -1.4638e+00 +1.9115e-01 +1.8751e-01 +9.0205e-01 -1.3466e+00 +9.5071e-01 -4.6304e-02
1669 0 +3.488641789e+01 +1.233641789e+01 +1.233641789e+01 -1.1927e-01 -3.6883e-01 -4.0437e-01 -2.2081e+00 +2.1574e+00 -5.2476e-01 +1.0120e+00 -8.7500e-01 +1.1277e+00 +2.6994e-01
1701 0 +3.288927858e+01 +1.033927858e+01 +1.033927858e+01 -2.2758e-03 +4.3752e-02 -8.5006e-01 -1.5894e+00 +2.0214e+00 +1.6057e-01 +5.0765e-01 -1.5275e+00 +1.5830e+00 -7.3819e-01
1714 0 +3.241814612e+01 +9.868146117e+00 +9.868146117e+00 +8.8705e-01 +2.8133e-01 -1.3121e+00 -2.1714e+00 +1.7062e+00 +4.4777e-01 +1.3627e+00 -1.7564e+00 +2.0439e+00 -5.1205e-01
1806 0 +3.157897423e+01 +9.028974227e+00 +9.028974227e+00 +9.3244e-01 +1.5262e+00 -1.2163e+00 -2.4735e+00 +1.5303e+00 +7.6603e-01 +5.7625e-01 -9.6156e-01 +1.7530e+00 -6.4781e-01
1824 0 +2.353320490e+01 +9.832048951e-01 +9.832048951e-01 +8.9688e-01 +7.4232e-01 -5.1160e-01 -3.0503e+00 +2.4918e+00 +4.6791e-01 +1.6007e+00 -2.8881e+00 +5.1697e-01 +3.6592e-01
1904 0 +1.746884375e+01 -5.081156254e+00 -5.081156254e+00 +1.8822e+00 +1.6576e+00 +1.7014e+00 -1.5115e+00 +2.1820e+00 +1.1757e+00 +1.4947e+00 -2.2749e+00 +1.8285e+00 +6.9735e-01
1926 0 +1.608882563e+01 -6.461174368e+00 -6.461174368e+00 +1.2424e+00 +1.5478e+00 +1.0797e+00 -2.3177e+00 +2.1720e+00 +5.9476e-01 +1.0403e+00 -4.1526e+00 -4.9655e-02 +4.1525e-01
2226 0 +1.159825491e+01 -1.095174509e+01 -1.095174509e+01 +1.3895e+00 +7.3710e-01 +3.9400e+00 -3.7549e+00 +1.1593e+00 -2.4666e+00 +9.2637e-01 -4.3658e+00 +1.9132e+00 +6.8351e-01
2246 0 +9.406951737e+00 -1.314304826e+01 -1.314304826e+01 +2.8968e+00 +3.5854e+00 +1.8306e+00 -1.3961e+00 +3.2461e+00 -2.0037e+00 -2.1171e-01 -3.1118e+00 +1.6769e+00 +1.0657e+00
2280 0 +7.421536692e+00 -1.512846331e+01 -1.512846331e+01 +2.3148e+00 +3.8432e+00 +3.2895e+00 -2.5530e+00 +1.4108e+00 -1.3308e+00 -3.5941e-01 -3.1910e+00 +1.2589e+00 +1.3584e+00
2383 0 +6.746266479e+00 -1.580373352e+01 -1.580373352e+01 +3.2177e+00 +3.6912e+00 +2.4063e+00 -1.2044e+00 +9.3478e-01 -5.6309e-01 +1.1157e-01 -3.9787e+00 +1.9901e+00 +5.5255e-01
2392 0 +5.705005095e+00 -1.684499490e+01 -1.684499490e+01 +1.0023e+00 +2.3242e+00 +1.8377e+00 -3.5464e+00 +1.4000e+00 +5.3940e-02 +2.5084e-01 -3.9813e+00 +2.3422e+00 +4.5279e-01
2413 0 +5.273946147e+00 -1.727605385e+01 -1.727605385e+01 +1.3129e+00 +1.2771e+00 +2.2000e+00 -2.2713e+00 +1.8444e+00 -1.5684e+00 +4.2666e-01 -3.6069e+00 +2.3783e+00 +5.4196e-01
2442 0 +3.037796277e+00 -1.951220372e+01 -1.951220372e+01 +2.1481e+00 +2.6985e+00 +1.8220e+00 -2.5409e+00 +1.5466e+00 -3.5966e-01 +5.3699e-01 -4.2806e+00 +3.3700e+00 +7.3161e-01
2472 0 +2.356088502e+00 -2.019391150e+01 -2.019391150e+01 +2.1472e+00 +2.3784e+00 +1.6722e+00 -2.7693e+00 +2.4792e+00 -7.7910e-01 +4.4636e-01 -3.1284e+00 +1.7661e+00 -2.2153e-01
% f evaluations | g evaluations | best noise-free fitness - Fopt (1.366000000000e+01) + sum g_i+ | measured fitness | best measured fitness or single-digit g-values | x1 | x2...
1 0 +5.397776853e+05 +5.397913453e+05 +5.397913453e+05 +5.9671e-01 -3.8264e-02 +7.4769e-01 +1.6230e+00 -1.3415e-01 -1.3414e-01 +1.6792e+00 +8.6743e-01 -3.6947e-01 +6.4256e-01
4 0 +1.417905962e+02 +1.554505962e+02 +1.554505962e+02 -5.0171e-01 +1.9523e+00 +8.6503e-02 -9.5771e-01 +9.2254e-01 -1.1208e+00 +3.0886e-01 -1.8597e+00 -1.2282e+00 +2.9686e-01
184 0 +1.388090081e+02 +1.524690081e+02 +1.524690081e+02 -4.5689e-02 -6.0498e-01 +1.4897e+00 +4.1437e-01 +1.1885e+00 -4.3777e-01 +2.5080e+00 -1.5192e-01 -2.6364e+00 +1.5426e+00
391 0 +9.850067569e+01 +1.121606757e+02 +1.121606757e+02 -1.3055e+00 +9.5370e-01 +2.9196e+00 -2.3460e-01 +3.8313e-01 -2.1887e+00 +1.4136e+00 +1.1993e+00 -4.1431e-02 +2.6043e+00
614 0 +4.976852934e+01 +6.342852934e+01 +6.342852934e+01 -1.1415e+00 -2.6555e-01 -3.7201e-01 +1.5356e+00 -3.8456e-01 +5.3202e-01 +2.6991e+00 -2.4643e+00 +1.8961e+00 +1.3816e-01
891 0 +3.881814977e+01 +5.247814977e+01 +5.247814977e+01 +1.2508e+00 +2.6992e-01 -1.7589e+00 +1.5334e+00 -9.9271e-01 +7.9399e-01 +3.2237e+00 -4.8902e-01 +1.4081e+00 -1.4588e+00
989 0 +3.847208407e+01 +5.213208407e+01 +5.213208407e+01 +1.5252e+00 +7.6947e-02 -1.4394e+00 +8.3162e-01 +2.1260e-01 +7.3444e-02 +2.4520e+00 -1.1027e+00 +1.0680e+00 -1.1402e+00
1160 0 +3.808965897e+01 +5.174965897e+01 +5.174965897e+01 +4.6109e-01 +1.3316e+00 +4.0443e-01 +6.2466e-01 +1.3862e+00 +9.8082e-01 +2.2830e+00 -1.6626e+00 +7.5359e-01 -1.1257e-01
1290 0 +3.801067285e+01 +5.167067285e+01 +5.167067285e+01 +1.0807e-01 +4.7804e-01 +6.1450e-01 +1.5875e+00 -2.5476e-01 +2.3498e-01 +2.9715e+00 -6.1417e-01 +7.9136e-01 -2.9897e-01
1304 0 +3.798854206e+01 +5.164854206e+01 +5.164854206e+01 +3.6091e-01 +1.1549e+00 +4.0629e-01 +1.3180e+00 -3.6011e-02 +3.6612e-01 +2.7756e+00 -7.3038e-01 +4.1474e-01 -1.0904e+00
1323 0 +3.380709729e+01 +4.746709729e+01 +4.746709729e+01 -2.2940e-01 +7.6533e-01 -8.4290e-01 -4.9774e-01 +7.1037e-01 +6.0212e-01 +2.4622e+00 -3.0207e+00 +1.1024e+00 -1.4788e+00
1356 0 +3.371310771e+01 +4.737310771e+01 +4.737310771e+01 +4.4790e-01 +1.2013e+00 +2.3613e-01 +1.9533e+00 -3.7121e-01 -3.3139e-01 +2.1855e+00 -6.8320e-01 +1.2821e+00 -1.1268e+00
1361 0 +3.257993754e+01 +4.623993754e+01 +4.623993754e+01 +5.1303e-01 +1.4672e+00 -9.3254e-03 +1.4695e+00 -5.7263e-01 +1.1503e+00 +3.2460e+00 -5.2795e-01 +5.5312e-01 -1.2863e+00
1395 0 +2.651192359e+01 +4.017192359e+01 +4.017192359e+01 +6.8834e-01 +6.8637e-01 +2.7059e-01 +2.0330e+00 -9.7325e-01 +1.2633e-01 +2.8025e+00 -1.4894e+00 +1.2650e+00 -8.7859e-01
1463 0 +1.927984337e+01 +3.293984337e+01 +3.293984337e+01 +6.2974e-01 +1.2525e+00 +8.9353e-01 +1.5055e+00 -3.1573e-01 +5.3232e-01 +3.4437e+00 -1.7301e+00 +2.8895e+00 -2.0546e+00
1580 0 +1.163242788e+01 +2.529242788e+01 +2.529242788e+01 -1.6525e-01 +1.1181e+00 +1.5699e+00 +1.3088e+00 +2.8888e-01 -1.3870e-01 +2.9171e+00 -2.9598e+00 +1.1615e+00 -2.6143e+00
1704 0 +1.103008525e+01 +2.469008525e+01 +2.469008525e+01 +3.2263e-01 +3.3895e+00 +2.6515e+00 +1.6686e+00 -2.7410e-01 +1.3827e+00 +3.0832e+00 -3.5796e+00 +9.5088e-01 -2.5619e+00
1706 0 +9.053082389e+00 +2.271308239e+01 +2.271308239e+01 +1.4445e+00 +3.1117e+00 +2.9328e+00 +5.8875e-01 +2.7023e-01 +2.1574e-01 +2.7717e+00 -2.8178e+00 +1.3002e+00 -2.2892e+00
1907 0 +4.797474472e+00 +1.845747447e+01 +1.845747447e+01 -1.7589e-01 +2.9561e+00 +2.3319e+00 +1.2168e+00 -1.6421e+00 +6.3563e-01 +3.8126e+00 -2.5868e+00 +1.4223e+00 -3.5247e+00
2081 0 +4.297836688e+00 +1.795783669e+01 +1.795783669e+01 +4.5049e-02 +1.8457e+00 +2.2965e+00 -3.1942e-01 -5.8098e-01 -4.6282e-01 +3.3381e+00 -3.5766e+00 +6.5697e-01 -3.2896e+00
2167 0 +3.790174785e+00 +1.745017479e+01 +1.745017479e+01 +6.2599e-01 +2.7097e+00 +2.9589e+00 -9.6168e-01 -6.4715e-01 -3.2867e-01 +3.4789e+00 -3.9138e+00 +1.5454e+00 -3.4411e+00
2193 0 +3.025303793e+00 +1.668530379e+01 +1.668530379e+01 +7.1165e-01 +2.5819e+00 +3.8178e+00 +1.1984e+00 -2.0609e+00 -1.0967e+00 +3.5473e+00 -3.6378e+00 +1.1785e+00 -3.9977e+00
2284 0 +2.731541234e+00 +1.639154123e+01 +1.639154123e+01 +9.7585e-01 +2.4341e+00 +3.5253e+00 +2.9559e-01 -5.4499e-01 -1.1029e+00 +3.1991e+00 -3.6217e+00 +8.4156e-01 -4.0001e+00
2301 0 +1.780546179e+00 +1.544054618e+01 +1.544054618e+01 -6.7988e-02 +2.3439e+00 +2.6864e+00 +7.3888e-01 -1.5660e+00 -5.8260e-01 +3.9015e+00 -3.2245e+00 +1.3305e+00 -4.9492e+00
2333 0 +1.587749738e+00 +1.524774974e+01 +1.524774974e+01 -4.0438e-01 +2.5380e+00 +2.2483e+00 +2.4144e-01 -1.1677e+00 -5.5876e-01 +3.2277e+00 -3.2968e+00 +7.2616e-01 -4.1862e+00
2395 0 +9.161531738e-01 +1.457615317e+01 +1.457615317e+01 +6.0841e-01 +2.5600e+00 +2.2734e+00 +8.5963e-03 -1.7134e+00 -1.6326e-01 +3.6477e+00 -3.5394e+00 +6.0006e-01 -3.8684e+00
2456 0 +7.473354157e-01 +1.440733542e+01 +1.440733542e+01 +7.7185e-01 +2.1971e+00 +2.6651e+00 +6.4806e-01 -2.0447e+00 -4.4615e-01 +4.0032e+00 -3.0703e+00 +1.1642e+00 -3.9898e+00
2496 0 +6.190012014e-01 +1.427900120e+01 +1.427900120e+01 +2.9408e-01 +2.1342e+00 +2.9466e+00 +2.3495e-01 -1.0224e+00 -7.7884e-01 +3.5652e+00 -3.6536e+00 +7.2668e-01 -4.2203e+00
% f evaluations | g evaluations | best noise-free fitness - Fopt (9.378400000000e+02) + sum g_i+ | measured fitness | best measured fitness or single-digit g-values | x1 | x2...
1 0 +1.015271303e+07 +1.015365087e+07 +1.015365087e+07 +5.9671e-01 -3.8264e-02 +7.4769e-01 +1.6230e+00 -1.3415e-01 -1.3414e-01 +1.6792e+00 +8.6743e-01 -3.6947e-01 +6.4256e-01
3 0 +9.688708469e+06 +9.689646309e+06 +9.689646309e+06 +1.5656e+00 -1.2578e-01 +1.6753e-01 -1.3247e+00 -4.4438e-01 +2.1092e-01 -1.0510e+00 +4.7570e-01 -5.0064e-01 -1.9169e-01
4 0 +2.131023532e+04 +2.224807532e+04 +2.224807532e+04 -5.0171e-01 +1.9523e+00 +8.6503e-02 -9.5771e-01 +9.2254e-01 -1.1208e+00 +3.0886e-01 -1.8597e+00 -1.2282e+00 +2.9686e-01
79 0 +1.296244913e+04 +1.390028913e+04 +1.390028913e+04 -1.4783e+00 +1.4908e+00 -1.6321e-01 +1.2728e-01 +9.8670e-01 +3.6685e-01 +3.2701e-01 -1.5753e+00 -5.7465e-01 +4.7872e-01
95 0 +1.668886492e+02 +1.104728649e+03 +1.104728649e+03 +9.3409e-01 +1.8408e+00 +2.6665e-01 -1.5026e+00 +9.9728e-01 -6.7203e-01 -1.4507e-01 -1.7317e+00 +1.0549e+00 +4.5136e-01
407 0 +6.856247078e+01 +1.006402471e+03 +1.006402471e+03 -1.5163e+00 +2.4645e+00 +7.9581e-01 +2.1423e+00 +1.3110e+00 +1.1900e+00 -3.7183e+00 -1.0325e-01 +1.9704e-01 +1.0491e+00
832 0 +6.783007704e+01 +1.005670077e+03 +1.005670077e+03 -1.6188e+00 +2.9473e+00 +3.3177e-01 +2.2148e+00 +1.9427e+00 -6.1014e-01 +9.0147e-01 +1.0785e+00 -3.7612e-01 +3.2994e+00
852 0 +6.339302053e+01 +1.001233021e+03 +1.001233021e+03 +9.7481e-01 +3.2588e+00 +7.8487e-01 +2.8046e+00 +1.2294e+00 +1.2928e+00 +3.6061e-02 -1.0006e+00 +1.2141e+00 +1.2856e+00
948 0 +5.997895307e+01 +9.978189531e+02 +9.978189531e+02 -5.9541e-01 +2.6915e+00 +2.1188e-01 +1.3600e+00 +2.1307e+00 +6.4207e-01 +5.4042e-01 -8.9749e-02 +1.2005e+00 +5.2316e-01
985 0 +5.303313057e+01 +9.908731306e+02 +9.908731306e+02 -1.6835e+00 +3.1742e+00 +8.6475e-01 +2.2640e+00 +1.0652e+00 +2.0423e+00 +1.1535e+00 +7.7721e-01 +3.5858e-01 +1.3282e+00
1147 0 +4.563939967e+01 +9.834793997e+02 +9.834793997e+02 -2.4144e-01 +1.7916e+00 +9.3114e-01 +1.5457e+00 +1.3243e+00 +1.9834e+00 -1.4246e+00 -5.4012e-01 +8.9985e-01 +1.3148e+00
1256 0 +4.522554554e+01 +9.830655455e+02 +9.830655455e+02 +6.6631e-02 +2.0803e+00 +7.9403e-01 +1.6914e+00 +1.3209e+00 +2.5373e+00 -2.0336e+00 -2.8691e-01 +1.3849e+00 +1.2423e+00
1370 0 +4.236007048e+01 +9.802000705e+02 +9.802000705e+02 +2.4548e-01 +1.7557e+00 +1.9824e+00 +1.6556e+00 +1.6247e+00 +2.2344e+00 -8.3503e-01 -4.6123e-01 +8.6291e-01 +1.4719e+00
1439 0 +3.814775388e+01 +9.759877539e+02 +9.759877539e+02 +3.6268e-01 +2.5593e+00 +1.1721e+00 +5.9566e-01 +1.8587e+00 +9.4714e-01 -2.1307e+00 +2.9293e-01 +6.6208e-01 +1.9596e+00
1521 0 +3.143553111e+01 +9.692755311e+02 +9.692755311e+02 +4.4123e-01 +1.5449e+00 +2.2513e+00 +6.1583e-01 +8.9669e-01 +2.2927e+00 -2.5964e+00 +7.2098e-01 +2.9237e+00 +2.2509e+00
1553 0 +2.644030544e+01 +9.642803054e+02 +9.642803054e+02 +1.5746e+00 +2.4702e+00 +1.8846e+00 -1.2953e+00 +5.2019e-01 +2.4993e+00 -2.5145e+00 +1.0168e+00 +3.2040e+00 +1.8407e+00
1577 0 +2.094072538e+01 +9.587807254e+02 +9.587807254e+02 -5.0328e-01 +2.7281e+00 +1.3567e+00 -2.6045e-02 +1.3690e+00 +2.0230e+00 -2.0707e+00 +1.6539e+00 +1.7637e+00 +1.7075e+00
1797 0 +1.826379000e+01 +9.561037900e+02 +9.561037900e+02 +1.9361e+00 +3.7563e+00 +3.6956e+00 -6.9588e-01 -4.7978e-01 +3.0397e+00 +5.6622e-01 +2.5142e+00 +2.1944e+00 +4.3648e+00
1803 0 +1.816939836e+01 +9.560093984e+02 +9.560093984e+02 +3.4026e+00 +3.2430e+00 +4.0395e+00 -1.6490e+00 -8.8852e-01 +3.4008e+00 -2.4095e+00 +9.7162e-01 +2.3729e+00 +3.3712e+00
1938 0 +1.758086126e+01 +9.554208613e+02 +9.554208613e+02 +2.1416e+00 +2.4494e+00 +3.8991e+00 -1.6096e+00 -5.9038e-01 +2.5374e+00 -8.9038e-01 +1.0603e+00 +3.8067e+00 +2.3821e+00
1942 0 +1.748491123e+01 +9.553249112e+02 +9.553249112e+02 +2.2212e+00 +2.8369e+00 +4.1699e+00 -4.8137e-01 -8.3008e-01 +2.7477e+00 -1.8453e+00 +9.6669e-01 +3.1984e+00 +2.9889e+00
1961 0 +1.410057290e+01 +9.519405729e+02 +9.519405729e+02 +1.5805e+00 +4.6986e+00 +1.7421e+00 -1.1769e+00 +2.7518e-01 +2.3987e+00 -1.1388e+00 +2.7974e+00 +1.7330e+00 +3.4844e+00
1970 0 +1.263073343e+01 +9.504707334e+02 +9.504707334e+02 +8.4223e-01 +4.0903e+00 +3.2256e+00 -4.5829e-01 +2.0809e-01 +2.2888e+00 +1.9685e-01 +2.3228e+00 +2.8938e+00 +2.0759e+00
2017 0 +8.117986089e+00 +9.459579861e+02 +9.459579861e+02 +1.2132e-01 +2.8787e+00 +3.0734e+00 -8.2234e-01 -6.7027e-01 +3.5441e+00 -9.7525e-01 +2.2275e+00 +3.1617e+00 +2.2548e+00
2042 0 +6.969839832e+00 +9.448098398e+02 +9.448098398e+02 +4.0717e-01 +3.3383e+00 +3.0243e+00 -2.2441e+00 -1.7711e+00 +3.0109e+00 -6.8798e-01 +1.9524e+00 +3.0109e+00 +2.0125e+00
2351 0 +6.421490521e+00 +9.442614905e+02 +9.442614905e+02 -2.0137e+00 +2.4071e+00 +3.6394e+00 -2.2128e+00 -1.9357e+00 +3.6263e+00 -1.1575e+00 +3.1507e+00 +1.8830e+00 +2.7774e+00
2391 0 +5.773724628e+00 +9.436137246e+02 +9.436137246e+02 -6.5603e-01 +3.4465e+00 +2.4697e+00 -1.6975e+00 -7.5478e-01 +1.8771e+00 -1.4732e+00 +2.8788e+00 +1.9063e+00 +3.1007e+00
2410 0 +4.672794308e+00 +9.425127943e+02 +9.425127943e+02 +2.9720e-01 +3.7551e+00 +4.2577e+00 -3.0101e+00 -1.4481e+00 +4.0177e+00 -1.4812e+00 +3.5344e+00 +2.3571e+00 +2.7820e+00
2461 0 +4.116499995e+00 +9.419565000e+02 +9.419565000e+02 +1.8033e-01 +4.0498e+00 +2.7629e+00 -1.3258e+00 -4.3721e-01 +2.9540e+00 -1.5925e+00 +3.2247e+00 +2.3015e+00 +2.9664e+00
2466 0 +2.563629438e+00 +9.404036294e+02 +9.404036294e+02 +3.8854e-02 +3.7922e+00 +3.2999e+00 -1.0813e+00 -1.1882e+00 +3.0300e+00 -2.7093e+00 +2.7300e+00 +2.5964e+00 +2.7006e+00
% f evaluations | g evaluations | best noise-free fitness - Fopt (-7.872000000000e+01) + sum g_i+ | measured fitness | best measured fitness or single-digit g-values | x1 | x2...
1 0 +4.964310655e+05 +4.963523455e+05 +4.963523455e+05 +5.9671e-01 -3.8264e-02 +7.4769e-01 +1.6230e+00 -1.3415e-01 -1.3414e-01 +1.6792e+00 +8.6743e-01 -3.6947e-01 +6.4256e-01
6 0 +3.485965655e+04 +3.478093655e+04 +3.478093655e+04 +4.2408e-01 -2.8508e-01 -5.7692e-01 +7.1168e-01 +1.1310e+00 +1.0313e+00 -7.3922e-01 -2.0921e-01 +4.3126e-01 +1.0755e+00
9 0 +1.426922370e+04 +1.419050370e+04 +1.419050370e+04 -1.1967e-01 +4.5711e-01 +1.5779e+00 -4.1827e-01 -7.0849e-01 -4.0176e-01 +1.0154e+00 +4.2875e-01 -4.2976e-01 +6.1327e-01
26 0 +2.899273654e+03 +2.820553654e+03 +2.820553654e+03 -1.1609e+00 +1.0179e+00 +2.2222e+00 +1.1325e+00 -1.4194e+00 -3.8423e-01 +1.3669e+00 -6.0767e-01 +5.4382e-01 +8.7463e-01
108 0 +8.529088307e+02 +7.741888307e+02 +7.741888307e+02 -1.6058e+00 +1.2464e+00 +8.9438e-01 -8.9360e-01 +1.3361e-01 -6.7677e-02 +9.0513e-01 -8.7218e-01 +7.8109e-01 -5.4693e-01
120 0 +5.400476424e+02 +4.613276424e+02 +4.613276424e+02 -9.9428e-01 +1.7116e+00 +4.2444e-01 -4.4357e-01 +6.3325e-01 +8.6065e-01 +9.6591e-01 -1.2566e-01 +4.8101e-01 -7.2735e-01
175 0 +6.869225970e+01 -1.002774030e+01 -1.002774030e+01 -1.4397e+00 +2.2031e-01 +1.0961e+00 -4.7683e-01 +8.5752e-01 -1.5239e-01 +9.2110e-01 +8.7002e-01 +1.1371e+00 +1.5243e-01
257 0 +6.560667518e+01 -1.311332482e+01 -1.311332482e+01 -9.7033e-02 -6.6187e-02 +1.4738e+00 +3.1888e-01 -1.4952e+00 -5.2005e-01 +1.6712e+00 -1.4608e-02 +2.1189e+00 +1.0345e+00
429 0 +6.517232618e+01 -1.354767382e+01 -1.354767382e+01 +4.5276e-01 +9.6822e-01 -8.3838e-01 -1.2479e+00 +1.7876e+00 +4.1121e-01 -5.8033e-01 +5.5686e-01 +1.2058e+00 +1.2930e-01
877 0 +6.344608032e+01 -1.527391968e+01 -1.527391968e+01 -6.8488e-02 +9.7830e-01 -4.8521e-01 +1.2328e+00 +3.5126e-01 +2.7383e-01 +4.6741e-03 +2.5828e+00 +3.7989e-01 +1.4210e+00
1005 0 +6.275016287e+01 -1.596983713e+01 -1.596983713e+01 +5.9532e-01 +7.3208e-01 +1.0711e+00 +7.5453e-01 +1.9693e-01 +1.6028e-01 +2.8552e-01 +1.4386e+00 +2.2189e-01 +1.1949e+00
1022 0 +4.686532055e+01 -3.185467945e+01 -3.185467945e+01 +9.7813e-01 +3.6983e-01 +1.8197e+00 +4.7569e-01 +1.0687e+00 -3.6811e-01 +1.4938e+00 +3.3865e+00 +1.7834e+00 +1.5129e-01
1122 0 +4.299986493e+01 -3.572013507e+01 -3.572013507e+01 +1.6979e+00 -2.4023e+00 -1.0079e+00 -6.7816e-01 +1.6377e+00 +5.9278e-01 +8.2499e-01 +1.5218e+00 +2.2428e+00 +3.1693e-01
1181 0 +3.325597546e+01 -4.546402454e+01 -4.546402454e+01 +2.1821e+00 -3.7300e-01 -6.7863e-01 +9.0389e-01 +5.0994e-01 +6.9891e-01 +1.8275e+00 +3.7790e-01 +3.7306e+00 -6.4182e-01
1226 0 +3.158377277e+01 -4.713622723e+01 -4.713622723e+01 +2.3069e+00 -1.4514e+00 -8.2357e-01 +1.0191e+00 +1.7910e+00 -1.8569e-01 +9.4252e-01 +1.5542e+00 +2.5766e+00 -7.6333e-01
1463 0 +2.948383708e+01 -4.923616292e+01 -4.923616292e+01 +2.9030e+00 -3.0237e+00 +1.0921e+00 +8.6601e-01 -7.5400e-01 -1.2977e+00 +2.6802e+00 +3.1777e-02 +2.5951e+00 -9.2508e-01
1483 0 +2.722736645e+01 -5.149263355e+01 -5.149263355e+01 +3.0185e+00 -1.4519e+00 +1.6497e+00 +1.9211e+00 -1.6460e+00 -2.9902e+00 +1.4991e+00 +2.6594e+00 +2.2346e+00 +9.7994e-01
1562 0 +2.429662621e+01 -5.442337379e+01 -5.442337379e+01 +2.4489e+00 +2.5738e-01 -6.9007e-01 +9.6856e-01 +1.0989e-01 -1.7406e+00 +2.8591e-01 +2.8160e+00 +3.2406e+00 +7.3326e-01
1650 0 +2.103502233e+01 -5.768497767e+01 -5.768497767e+01 +1.5807e+00 -4.8605e-01 -1.1691e+00 +7.1280e-01 +1.3743e-01 -7.2146e-01 +1.8428e+00 +1.5945e+00 +2.6763e+00 -1.2659e+00
1670 0 +2.102441479e+01 -5.769558521e+01 -5.769558521e+01 +4.1822e+00 -3.4890e+00 -8.1844e-01 -1.2636e-02 +9.9429e-01 -2.7336e+00 +2.1563e+00 +2.4469e+00 +4.0359e+00 -2.1521e+00
1724 0 +1.678020140e+01 -6.193979860e+01 -6.193979860e+01 +4.4776e+00 -1.2050e+00 -2.2350e+00 +6.1576e-02 +8.6641e-01 -2.9492e+00 -6.5598e-02 +2.0625e+00 +1.9488e+00 -1.6567e+00
1788 0 +1.396878048e+01 -6.475121952e+01 -6.475121952e+01 +3.9261e+00 -1.8195e+00 -1.2928e+00 -9.5362e-01 +6.9697e-01 -2.2782e+00 +6.8691e-01 +3.1071e+00 +3.0699e+00 -4.6470e-01
1795 0 +1.144466462e+01 -6.727533538e+01 -6.727533538e+01 +3.9058e+00 -1.8409e+00 -1.5792e+00 -6.6456e-02 +6.2535e-01 -2.6724e+00 +5.7315e-01 +2.1795e+00 +2.4814e+00 -1.2256e+00
1826 0 +7.426601391e+00 -7.129339861e+01 -7.129339861e+01 +3.4673e+00 -1.7791e+00 -1.8289e+00 -1.2830e+00 +2.1987e-01 -2.8252e+00 +1.6824e+00 +2.8269e+00 +3.9645e+00 -1.7789e+00
2209 0 +2.703113585e+00 -7.601688641e+01 -7.601688641e+01 +3.5481e+00 -1.8699e+00 -1.6263e+00 -1.2242e-01 -1.3264e+00 -3.4436e+00 +1.8768e+00 +2.2086e+00 +3.8762e+00 -1.2169e+00
2294 0 +2.263582262e+00 -7.645641774e+01 -7.645641774e+01 +3.1450e+00 -5.0398e-01 -2.3844e+00 +8.1065e-01 -1.5122e+00 -3.6971e+00 +1.5006e+00 +2.4873e+00 +3.5120e+00 -1.5049e+00
2295 0 +2.214015118e+00 -7.650598488e+01 -7.650598488e+01 +4.5008e+00 -1.8351e+00 -1.7279e+00 +5.8512e-01 -1.2939e+00 -3.1735e+00 +2.4271e+00 +2.6257e+00 +3.7705e+00 -1.9149e+00
2347 0 +1.930106770e+00 -7.678989323e+01 -7.678989323e+01 +3.9221e+00 -1.0203e+00 -2.2660e+00 +4.8323e-01 -5.7493e-01 -3.3570e+00 +1.7573e+00 +3.2355e+00 +3.9119e+00 -1.9113e+00
2380 0 +1.879922826e+00 -7.684007717e+01 -7.684007717e+01 +3.2919e+00 -9.1193e-01 -2.9953e+00 -1.7061e-02 -1.2271e+00 -3.3592e+00 +2.0438e+00 +2.5698e+00 +3.9547e+00 -2.2570e+00
2409 0 +1.708079571e+00 -7.701192043e+01 -7.701192043e+01 +3.6208e+00 -2.2806e+00 -1.9050e+00 +5.2386e-01 -1.2208e+00 -3.2890e+00 +2.6635e+00 +2.7709e+00 +4.3270e+00 -1.8481e+00
2425 0 +1.267568464e+00 -7.745243154e+01 -7.745243154e+01 +3.2961e+00 -1.8448e+00 -1.6566e+00 +2.8003e-01 -2.0508e+00 -4.1574e+00 +2.1205e+00 +2.4898e+00 +3.8855e+00 -1.2337e+00
% f evaluations | g evaluations | best noise-free fitness - Fopt (-4.151000000000e+01) + sum g_i+ | measured fitness | best measured fitness or single-digit g-values | x1 | x2...
1 0 +1.856812029e+06 +1.856770519e+06 +1.856770519e+06 +5.9671e-01 -3.8264e-02 +7.4769e-01 +1.6230e+00 -1.3415e-01 -1.3414e-01 +1.6792e+00 +8.6743e-01 -3.6947e-01 +6.4256e-01
2 0 +6.316008743e+05 +6.315593643e+05 +6.315593643e+05 -3.6342e-01 -3.6573e-01 +3.4196e-01 -1.8133e+00 -1.6249e+00 -4.6229e-01 -9.1283e-01 +4.1425e-01 -8.0802e-01 -1.3123e+00
3 0 +4.251113892e+05 +4.250698792e+05 +4.250698792e+05 +1.5656e+00 -1.2578e-01 +1.6753e-01 -1.3247e+00 -4.4438e-01 +2.1092e-01 -1.0510e+00 +4.7570e-01 -5.0064e-01 -1.9169e-01
9 0 +1.274423060e+05 +1.274007960e+05 +1.274007960e+05 -1.1967e-01 +4.5711e-01 +1.5779e+00 -4.1827e-01 -7.0849e-01 -4.0176e-01 +1.0154e+00 +4.2875e-01 -4.2976e-01 +6.1327e-01
28 0 +1.201777722e+04 +1.197626722e+04 +1.197626722e+04 +1.5413e+00 -1.3359e+00 +1.2632e+00 +1.1023e-01 -8.8151e-01 +5.6210e-01 +2.9906e-01 -5.0022e-01 +1.6980e-01 -2.8531e-01
100 0 +6.854171156e+01 +2.703171156e+01 +2.703171156e+01 -1.3988e-01 +1.1047e+00 +1.8473e+00 -1.0885e+00 -1.4129e+00 -4.2811e-02 +6.9331e-01 +3.0581e-01 -1.0014e+00 -2.7716e-01
409 0 +5.672107002e+01 +1.521107002e+01 +1.521107002e+01 -1.5412e-01 -1.1007e-01 -1.4143e+00 -8.9992e-01 -2.4212e-01 -3.9678e-01 +1.0319e+00 -1.0943e+00 -1.9070e+00 -2.0661e-01
1074 0 +5.016032313e+01 +8.650323133e+00 +8.650323133e+00 +6.3955e-01 -3.4755e+00 -1.8048e+00 +8.6627e-01 -2.3919e+00 +4.3220e-01 +1.0776e+00 -1.3118e+00 -3.0745e+00 -1.1585e+00
1468 0 +4.717949903e+01 +5.669499025e+00 +5.669499025e+00 -2.5199e-01 -5.3383e-01 -1.1995e+00 +2.0630e+00 -1.6724e+00 +1.2971e+00 +1.9060e-01 -2.5204e+00 -2.7059e+00 +4.0146e-01
1528 0 +4.362383481e+01 +2.113834812e+00 +2.113834812e+00 +7.1078e-01 -2.1150e+00 -1.7010e+00 +1.1516e+00 -7.0047e-01 +7.2635e-01 +5.3506e-01 -1.5271e+00 -3.0727e+00 -5.5444e-01
1669 0 +4.237788333e+01 +8.678833315e-01 +8.678833315e-01 -5.8690e-01 +2.9163e-02 -1.9962e+00 -8.0742e-01 -7.6317e-01 +8.6186e-01 +7.7754e-01 -9.8098e-01 -3.6638e+00 +1.0541e+00
1752 0 +4.220369189e+01 +6.936918869e-01 +6.936918869e-01 +1.4565e+00 -1.1919e+00 -1.7272e+00 +2.4725e+00 -1.6281e+00 +2.2319e-01 +5.4361e-01 -1.7164e+00 -2.5359e+00 -1.7394e-01
1755 0 +3.291932982e+01 -8.590670178e+00 -8.590670178e+00 +1.6059e+00 -6.1765e-01 -1.3150e-01 +2.5416e+00 -2.7242e+00 +1.6188e+00 -3.2101e-01 -2.8579e-01 -3.2370e+00 +3.4325e+00
1808 0 +2.158621941e+01 -1.992378059e+01 -1.992378059e+01 +2.4301e+00 -1.7256e+00 -1.7062e+00 -2.2127e-02 -1.7807e+00 +1.3202e+00 -1.5519e+00 -6.1725e-01 -2.9716e+00 +2.0916e-01
1905 0 +1.684449661e+01 -2.466550339e+01 -2.466550339e+01 +1.7396e+00 -1.8620e+00 -1.7188e+00 -1.9319e+00 -1.1934e+00 -3.2584e-01 -8.2252e-01 +8.3052e-01 -3.0152e+00 +1.4258e+00
1979 0 +1.656672536e+01 -2.494327464e+01 -2.494327464e+01 +1.1272e+00 -3.2294e+00 -2.1020e+00 -2.8007e+00 -1.6744e+00 +3.7002e-01 -1.5209e+00 +3.2122e-01 -3.1124e+00 +1.8910e+00
2103 0 +1.402907439e+01 -2.748092561e+01 -2.748092561e+01 +1.5744e+00 -8.6092e-01 -2.3702e+00 -1.2370e+00 -4.9852e+00 +1.6389e+00 -1.2942e+00 -5.7850e-01 -2.2719e+00 +4.9802e+00
2207 0 +1.130383287e+01 -3.020616713e+01 -3.020616713e+01 +3.0719e+00 -2.2972e+00 -3.0257e+00 -2.6767e+00 -4.8076e+00 +7.3437e-02 -3.8881e+00 +5.6236e-02 -2.0318e+00 +3.3096e+00
2275 0 +8.122219128e+00 -3.338778087e+01 -3.338778087e+01 +3.1940e+00 -2.2506e+00 -2.9355e+00 -5.9594e-01 -2.9562e+00 -4.3350e-01 -6.5325e-01 +8.5318e-01 -3.3646e+00 +2.2752e+00
2457 0 +4.836977514e+00 -3.667302249e+01 -3.667302249e+01 +2.4987e+00 -1.4519e+00 -3.0453e+00 -6.8650e-01 -3.0654e+00 -4.4859e-01 -3.0071e+00 +3.4623e-01 -3.7027e+00 +3.9546e+00
% f evaluations | g evaluations | best noise-free fitness - Fopt (1.320700000000e+02) + sum g_i+ | measured fitness | best measured fitness or single-digit g-values | x1 | x2...
1 0 +1.307220624e+06 +1.307352694e+06 +1.307352694e+06 +5.9671e-01 -3.8264e-02 +7.4769e-01 +1.6230e+00 -1.3415e-01 -1.3414e-01 +1.6792e+00 +8.6743e-01 -3.6947e-01 +6.4256e-01
2 0 +6.417404060e+05 +6.418724760e+05 +6.418724760e+05 -3.6342e-01 -3.6573e-01 +3.4196e-01 -1.8133e+00 -1.6249e+00 -4.6229e-01 -9.1283e-01 +4.1425e-01 -8.0802e-01 -1.3123e+00
3 0 +1.364909878e+05 +1.366230578e+05 +1.366230578e+05 +1.5656e+00 -1.2578e-01 +1.6753e-01 -1.3247e+00 -4.4438e-01 +2.1092e-01 -1.0510e+00 +4.7570e-01 -5.0064e-01 -1.9169e-01
6 0 +3.707159746e+04 +3.720366746e+04 +3.720366746e+04 +4.2408e-01 -2.8508e-01 -5.7692e-01 +7.1168e-01 +1.1310e+00 +1.0313e+00 -7.3922e-01 -2.0921e-01 +4.3126e-01 +1.0755e+00
11 0 +5.701200035e+03 +5.833270035e+03 +5.833270035e+03 -1.3154e+00 -3.2065e-01 -2.4271e-01 -7.0228e-01 -6.1286e-02 +5.0405e-01 +1.9862e+00 +2.7458e-01 +3.5755e-01 +2.5554e-02
34 0 +1.701501380e+03 +1.833571380e+03 +1.833571380e+03 +8.7753e-02 -7.9725e-01 +1.7580e-01 -5.7716e-01 +1.0751e+00 -4.7057e-02 -7.2550e-01 -2.2139e-01 +5.1293e-01 -4.6372e-01
70 0 +2.955258396e+02 +4.275958396e+02 +4.275958396e+02 +3.7438e-01 -1.8467e-01 -1.0760e+00 +2.7247e-01 +1.1215e-01 +6.1214e-01 -8.6509e-02 -2.2104e-01 -5.9397e-01 +1.2267e+00
93 0 +5.373469219e+01 +1.858046922e+02 +1.858046922e+02 +9.7826e-02 -6.6777e-01 +3.0511e-01 +8.3210e-01 +7.1182e-01 +8.0294e-01 +4.2991e-01 -1.4835e-01 +1.9485e+00 +8.8094e-01
493 0 +4.829452193e+01 +1.803645219e+02 +1.803645219e+02 -5.7743e-01 +1.3983e+00 +5.0753e-01 -1.9265e+00 +4.6212e-01 +9.5447e-01 +2.4163e+00 +7.1243e-01 +1.6385e+00 +2.0394e+00
627 0 +3.939305634e+01 +1.714630563e+02 +1.714630563e+02 -1.6792e+00 +3.6115e+00 -7.0609e-01 -4.7041e-01 +1.1728e+00 +2.9223e+00 +2.9364e+00 -1.3081e-02 +1.6586e+00 -8.2792e-02
678 0 +3.753992907e+01 +1.696099291e+02 +1.696099291e+02 -1.7954e+00 +4.0940e+00 -5.9628e-01 -1.3836e+00 +1.7104e+00 +2.6250e+00 +1.3809e+00 +1.4684e+00 +6.9550e-01 +6.2597e-02
707 0 +3.115632120e+01 +1.632263212e+02 +1.632263212e+02 -2.0152e+00 +3.7675e+00 +3.1579e+00 +1.8114e+00 -9.8859e-01 -4.2336e-01 +2.6230e+00 -2.1407e+00 -1.7964e+00 +1.6094e+00
1141 0 +2.293342273e+01 +1.550034227e+02 +1.550034227e+02 -8.7332e-01 +3.6237e+00 +8.4116e-01 -1.7800e+00 +1.4500e+00 -1.4011e+00 +1.8942e+00 -7.7863e-01 -9.4616e-01 -1.0997e+00
1208 0 +2.011529493e+01 +1.521852949e+02 +1.521852949e+02 -8.9594e-01 +1.7964e+00 +1.7341e+00 +4.3810e-01 -1.5320e-01 -1.0298e+00 +2.2372e+00 -1.8938e+00 -5.2864e-01 -3.4843e-01
1344 0 +1.341182630e+01 +1.454818263e+02 +1.454818263e+02 -1.7305e+00 +3.2792e+00 +1.3646e+00 -1.1442e+00 +1.6047e+00 +3.7407e-01 +1.9318e+00 -1.6447e+00 +5.5403e-01 -1.6491e+00
1500 0 +1.262932952e+01 +1.446993295e+02 +1.446993295e+02 -1.4878e+00 +2.8231e+00 +1.5712e+00 -1.3674e+00 -1.3644e-01 +8.4810e-01 +2.6080e+00 -1.9318e+00 +4.0456e-01 -1.7673e+00
1502 0 +1.205483510e+01 +1.441248351e+02 +1.441248351e+02 -2.9329e+00 +2.8943e+00 +1.3278e+00 +1.3817e+00 +2.5922e-01 +2.8488e-01 +4.8589e-01 +4.6468e-01 -1.8828e+00 -3.4101e+00
1582 0 +9.568220156e+00 +1.416382202e+02 +1.416382202e+02 -2.8318e+00 +3.2609e+00 +2.9014e+00 +1.6878e+00 +1.4054e-01 +1.7252e+00 +1.2290e+00 +6.8117e-01 +1.4005e+00 -3.2366e+00
1853 0 +8.281202394e+00 +1.403512024e+02 +1.403512024e+02 -2.5480e+00 +3.0586e+00 +3.7168e+00 +3.7319e-01 -8.7822e-01 +1.1231e+00 +9.7429e-03 -7.6927e-01 -1.1093e+00 -1.4835e+00
1902 0 +7.540861262e+00 +1.396108613e+02 +1.396108613e+02 -3.2652e+00 +3.3442e+00 +2.7663e+00 -4.3430e-01 +1.5818e+00 +1.3465e+00 +1.0851e+00 -1.1841e+00 +7.7059e-01 -2.6467e+00
1928 0 +2.471951385e+00 +1.345419514e+02 +1.345419514e+02 -2.1549e+00 +3.4017e+00 +2.9482e+00 -3.7610e-01 -6.7752e-01 +5.9221e-01 +9.6891e-01 -7.0881e-01 -7.0849e-01 -3.2035e+00
2080 0 +2.309250823e+00 +1.343792508e+02 +1.343792508e+02 -3.0147e+00 +3.2264e+00 +3.5009e+00 +1.6100e-01 -3.4497e-01 +6.0762e-02 +1.0615e+00 +1.3679e-01 -8.6729e-01 -2.9453e+00
2108 0 +1.540741753e+00 +1.336107418e+02 +1.336107418e+02 -2.3125e+00 +3.9534e+00 +3.5261e+00 -8.2296e-02 +6.7159e-01 -2.1083e-01 +1.3221e+00 +3.0254e-01 +4.6350e-01 -2.5046e+00
2246 0 +1.540266224e+00 +1.336102662e+02 +1.336102662e+02 -3.0242e+00 +3.4334e+00 +3.3615e+00 +3.8835e-01 -2.7252e-01 +4.2302e-01 +1.5750e+00 -5.6681e-01 -5.4189e-01 -2.6122e+00
2273 0 +1.036357511e+00 +1.331063575e+02 +1.331063575e+02 -2.5086e+00 +3.4520e+00 +3.0060e+00 -1.5520e-01 +4.4276e-01 +4.7218e-01 +1.3255e+00 -3.7482e-01 +1.5206e-01 -2.1789e+00
2317 0 +1.008988103e+00 +1.330789881e+02 +1.330789881e+02 -2.2038e+00 +3.9170e+00 +3.0939e+00 +6.2056e-02 +2.9587e-01 +2.4187e-01 +1.4013e+00 +2.8275e-01 +3.2538e-01 -2.4576e+00
2360 0 +8.101007947e-01 +1.328801008e+02 +1.328801008e+02 -2.4251e+00 +3.7908e+00 +3.5441e+00 +9.3278e-02 -1.1338e-01 +4.9838e-01 +1.3740e+00 +4.8413e-02 +2.2103e-01 -2.1599e+00
2384 0 +7.622131632e-01 +1.328322132e+02 +1.328322132e+02 -2.8274e+00 +3.7172e+00 +3.1626e+00 +1.1044e-01 +2.2267e-01 +4.1104e-01 +1.0834e+00 +4.1255e-01 -2.3894e-01 -2.8024e+00
2415 0 +6.845113514e-01 +1.327545114e+02 +1.327545114e+02 -2.3932e+00 +3.3883e+00 +3.0683e+00 -2.0238e-01 +1.2125e-01 +2.7560e-01 +1.0405e+00 -4.9144e-01 -3.6430e-01 -2.4665e+00
% f evaluations | g evaluations | best noise-free fitness - Fopt (9.725000000000e+01) + sum g_i+ | measured fitness | best measured fitness or single-digit g-values | x1 | x2...
1 0 +6.732509323e+05 +6.733481823e+05 +6.733481823e+05 +5.9671e-01 -3.8264e-02 +7.4769e-01 +1.6230e+00 -1.3415e-01 -1.3414e-01 +1.6792e+00 +8.6743e-01 -3.6947e-01 +6.4256e-01
3 0 +4.857483733e+05 +4.858456233e+05 +4.858456233e+05 +1.5656e+00 -1.2578e-01 +1.6753e-01 -1.3247e+00 -4.4438e-01 +2.1092e-01 -1.0510e+00 +4.7570e-01 -5.0064e-01 -1.9169e-01
4 0 +1.863674020e+05 +1.864646520e+05 +1.864646520e+05 -5.0171e-01 +1.9523e+00 +8.6503e-02 -9.5771e-01 +9.2254e-01 -1.1208e+00 +3.0886e-01 -1.8597e+00 -1.2282e+00 +2.9686e-01
10 0 +1.080543103e+05 +1.081515603e+05 +1.081515603e+05 +1.9708e-01 +1.0686e+00 -6.0205e-01 -2.2766e-01 -2.9211e-01 -1.3635e+00 +3.9612e-01 +3.6106e-01 +1.0511e-01 -1.3459e-01
11 0 +3.061842291e+04 +3.071567291e+04 +3.071567291e+04 -1.3154e+00 -3.2065e-01 -2.4271e-01 -7.0228e-01 -6.1286e-02 +5.0405e-01 +1.9862e+00 +2.7458e-01 +3.5755e-01 +2.5554e-02
47 0 +1.330748666e+04 +1.340473666e+04 +1.340473666e+04 +2.0647e+00 +1.3526e-01 -5.9973e-01 +3.1398e-01 -1.2328e-02 -1.2097e-01 +7.1417e-01 +8.5751e-01 -4.3050e-01 -4.7582e-01
51 0 +2.107096345e+02 +3.079596345e+02 +3.079596345e+02 -4.4842e-01 -2.1852e-01 -6.8686e-01 +6.9361e-02 +8.5406e-01 -5.1807e-01 +1.1505e-01 +7.7471e-01 -9.9687e-01 +7.0954e-02
132 0 +9.373077954e+01 +1.909807795e+02 +1.909807795e+02 -2.3368e-01 +1.0391e+00 -1.4704e+00 +8.8631e-01 +2.3872e-01 +8.4308e-01 -6.7312e-01 -1.0296e+00 -1.7648e+00 -2.1859e+00
166 0 +4.247480624e+01 +1.397248062e+02 +1.397248062e+02 -1.3037e+00 +7.4563e-01 +9.8916e-01 +5.8295e-01 +9.5483e-01 +1.6634e-01 -6.2872e-01 +1.2666e+00 -9.8151e-01 -4.5475e-01
375 0 +4.052458695e+01 +1.377745870e+02 +1.377745870e+02 +1.5008e+00 +8.2702e-01 -9.7990e-01 +1.4559e-01 -3.8956e-01 +1.6047e-01 +7.7348e-01 -1.5548e+00 +1.6697e+00 -4.8086e-01
648 0 +3.509099557e+01 +1.323409956e+02 +1.323409956e+02 -5.3645e-01 +4.3154e-01 -8.7949e-01 +8.1380e-01 +9.4245e-01 -4.1060e-01 -5.5704e-01 +1.9136e-01 -1.1610e-01 +7.4706e-01
1051 0 +3.441579488e+01 +1.316657949e+02 +1.316657949e+02 -5.1587e-01 +1.5607e+00 +2.3777e-02 +9.8802e-01 +1.6376e-01 +2.8260e-01 -1.3853e-01 -1.4101e-01 +2.8677e-01 +4.3727e-01
1301 0 +3.301668173e+01 +1.302666817e+02 +1.302666817e+02 -1.1111e+00 +4.2399e-01 +1.0460e+00 +1.3391e+00 +2.3184e+00 +2.0909e+00 -8.6745e-01 +5.3361e-01 -2.1018e+00 -8.9540e-01
1349 0 +2.959232738e+01 +1.268423274e+02 +1.268423274e+02 -1.6066e+00 +7.5448e-01 +2.6511e-01 -1.0018e+00 +7.3256e-01 +7.5144e-01 +2.7476e-01 -1.4024e+00 +9.0831e-01 +5.3912e-02
1416 0 +2.512973532e+01 +1.223797353e+02 +1.223797353e+02 -6.4033e-01 +8.0760e-02 -5.7157e-01 +1.1182e+00 +2.3288e+00 +1.0706e-01 -1.1665e-01 -5.7528e-01 -1.0535e+00 +1.1656e+00
1482 0 +2.006071414e+01 +1.173107141e+02 +1.173107141e+02 -4.5608e-01 +9.6485e-01 +1.3097e+00 +1.0527e+00 +3.3730e+00 +3.2786e-01 -1.3374e+00 -1.7043e+00 -1.1941e+00 +5.7082e-01
1547 0 +1.658877592e+01 +1.138387759e+02 +1.138387759e+02 -1.4584e+00 +9.3313e-01 +8.6341e-01 -4.6585e-01 +2.3952e+00 -1.3376e-01 -6.2782e-01 -2.3851e+00 -9.2899e-01 -3.4363e-01
1761 0 +1.604789817e+01 +1.132978982e+02 +1.132978982e+02 -7.6578e-01 +1.4073e+00 +3.4021e-01 +1.8273e+00 +3.1098e+00 -4.5467e-01 -5.6245e-01 -2.4409e+00 -1.5965e+00 +9.8635e-01
1793 0 +1.288522865e+01 +1.101352286e+02 +1.101352286e+02 +8.8309e-01 +2.0755e+00 +6.7143e-01 +3.3012e-01 +1.4416e+00 +3.5430e-01 -6.1537e-02 -2.4025e+00 -2.0815e+00 +3.1657e-01
1796 0 +8.551029467e+00 +1.058010295e+02 +1.058010295e+02 -1.0890e+00 +1.1992e+00 +6.7833e-01 -4.7414e-01 +2.2404e+00 +2.2053e+00 +4.8568e-01 -2.3240e+00 -1.8877e+00 +1.2293e+00
1921 0 +6.035310915e+00 +1.032853109e+02 +1.032853109e+02 -1.8523e-01 +1.0661e+00 -3.3748e-02 -5.4051e-01 +2.1895e+00 +2.9570e-01 +1.2380e-01 -2.9490e+00 -1.5858e+00 +1.0085e+00
1964 0 +5.473756379e+00 +1.027237564e+02 +1.027237564e+02 +6.7272e-01 +6.2589e-01 -9.3395e-02 +1.1175e+00 +3.3056e+00 +1.3469e-01 +4.8386e-01 -2.6404e+00 -2.2759e+00 +1.5153e+00
1981 0 +5.190554905e+00 +1.024405549e+02 +1.024405549e+02 -3.5917e-01 +1.9463e+00 +3.9407e-01 +4.7812e-01 +1.7874e+00 +1.7401e+00 +9.4974e-01 -3.1405e+00 -1.5859e+00 +1.0623e+00
2079 0 +3.829385319e+00 +1.010793853e+02 +1.010793853e+02 +3.7578e-01 +1.6333e+00 +3.0079e-01 +2.9816e-01 +2.7004e+00 +1.3772e+00 +2.2568e+00 -4.7748e+00 -2.7890e+00 +9.3496e-01
2159 0 +3.683506011e+00 +1.009335060e+02 +1.009335060e+02 +1.2416e+00 +2.8174e-01 -5.4038e-03 -3.0411e-01 +3.7572e+00 +1.9533e+00 +6.0989e-01 -4.4167e+00 -1.9671e+00 +9.6194e-01
2209 0 +2.754597200e+00 +1.000045972e+02 +1.000045972e+02 -3.1130e-01 +1.1043e+00 +8.8831e-01 -2.6973e-02 +3.2707e+00 +1.4342e+00 +3.1614e-01 -3.1330e+00 -1.9740e+00 +1.6514e+00
2215 0 +2.264348671e+00 +9.951434867e+01 +9.951434867e+01 +3.4959e-01 +1.5397e+00 +7.4416e-01 +6.1544e-01 +2.6770e+00 +6.5218e-01 +1.2345e+00 -3.4390e+00 -3.1850e+00 +2.0121e-01
2221 0 +1.782288877e+00 +9.903228888e+01 +9.903228888e+01 +8.3125e-01 +6.2541e-01 -3.6132e-01 -8.6904e-02 +2.6466e+00 +1.0000e+00 +1.4839e+00 -3.7428e+00 -1.9519e+00 +1.0359e+00
2383 0 +1.722196805e+00 +9.897219680e+01 +9.897219680e+01 -2.5246e-01 +9.1258e-01 +3.4881e-01 -3.2816e-02 +3.2405e+00 +1.8592e+00 +1.4899e+00 -4.3011e+00 -2.4818e+00 +6.1143e-01
2409 0 +1.671389855e+00 +9.892138986e+01 +9.892138986e+01 +6.4996e-01 +5.9703e-01 +7.0792e-01 -4.3205e-01 +3.1596e+00 +1.4617e+00 +7.8309e-01 -3.0459e+00 -2.7983e+00 +7.5427e-01
2413 0 +1.509676556e+00 +9.875967656e+01 +9.875967656e+01 +6.5101e-02 +6.0207e-01 +5.8249e-01 +6.4888e-01 +3.6960e+00 +1.1830e+00 +7.2482e-01 -3.3508e+00 -2.5456e+00 +5.4945e-01
2414 0 +1.500105187e+00 +9.875010519e+01 +9.875010519e+01 +4.0430e-01 +6.5672e-01 +5.3558e-01 +5.1215e-02 +3.2725e+00 +1.4658e+00 +4.6875e-01 -3.2086e+00 -2.1370e+00 +7.9609e-01
2418 0 +8.733470469e-01 +9.812334705e+01 +9.812334705e+01 +6.5470e-01 +1.1333e+00 +8.4537e-01 +1.7206e-01 +3.2332e+00 +1.4628e+00 +9.4655e-01 -3.6097e+00 -2.8791e+00 +7.8778e-01
% f evaluations | g evaluations | best noise-free fitness - Fopt (-2.033000000000e+01) + sum g_i+ | measured fitness | best measured fitness or single-digit g-values | x1 | x2...
1 0 +2.814711601e+07 +2.814709568e+07 +2.814709568e+07 +5.9671e-01 -3.8264e-02 +7.4769e-01 +1.6230e+00 -1.3415e-01 -1.3414e-01 +1.6792e+00 +8.6743e-01 -3.6947e-01 +6.4256e-01
3 0 +2.728984832e+07 +2.728982799e+07 +2.728982799e+07 +1.5656e+00 -1.2578e-01 +1.6753e-01 -1.3247e+00 -4.4438e-01 +2.1092e-01 -1.0510e+00 +4.7570e-01 -5.0064e-01 -1.9169e-01
6 0 +2.425356646e+07 +2.425354613e+07 +2.425354613e+07 +4.2408e-01 -2.8508e-01 -5.7692e-01 +7.1168e-01 +1.1310e+00 +1.0313e+00 -7.3922e-01 -2.0921e-01 +4.3126e-01 +1.0755e+00
18 0 +2.211353518e+07 +2.211351485e+07 +2.211351485e+07 -7.8951e-01 -7.1581e-01 +2.2898e-02 +4.4115e-01 +3.7669e-01 +9.2718e-01 +1.1300e-01 +1.5535e+00 -1.6466e-01 +2.8202e+00
23 0 +2.126225833e+07 +2.126223800e+07 +2.126223800e+07 +2.4147e+00 -1.7673e+00 +7.8626e-01 -1.5127e+00 -3.7193e-01 +1.1890e+00 +1.6428e-01 -9.7774e-01 -6.1530e-01 +7.7960e-01
51 0 +1.338195587e+07 +1.338193554e+07 +1.338193554e+07 +2.5328e+00 +1.0667e+00 +1.1555e+00 +1.7501e+00 +5.9417e-01 +2.7576e-01 -1.3653e+00 +1.8414e+00 +6.7730e-01 +7.7469e-01
56 0 +1.049362168e+07 +1.049360135e+07 +1.049360135e+07 +1.7193e+00 -9.4167e-01 +1.7050e+00 +9.7267e-01 +5.4691e-01 +1.4756e+00 +6.6925e-02 +1.1286e+00 -1.2439e+00 +1.2166e+00
63 0 +1.041167596e+07 +1.041165563e+07 +1.041165563e+07 +2.5323e+00 -1.0775e+00 +5.4512e-01 +1.1244e+00 -6.1857e-01 +3.3679e-01 -2.4578e-01 +9.2214e-02 -3.5358e-01 +2.0595e+00
101 0 +3.800606213e+06 +3.800585883e+06 +3.800585883e+06 +2.7151e+00 -2.3960e+00 +4.4896e+00 -2.4916e-03 -3.2551e-03 +1.4587e+00 -2.2424e+00 -1.0640e+00 -4.3895e-01 +3.0096e+00
107 0 +3.555097215e+06 +3.555076885e+06 +3.555076885e+06 +3.8711e+00 -6.5190e-01 +4.2695e+00 -5.5337e-01 +3.5690e+00 +9.8900e-01 -3.0724e-01 +3.0115e+00 -1.8059e+00 +1.8431e+00
111 0 +1.648624681e+06 +1.648604351e+06 +1.648604351e+06 +2.6822e+00 -1.3246e-01 +9.9419e-01 +2.1178e+00 +3.1100e+00 +1.7204e+00 -3.0407e+00 +7.9480e-01 -1.5318e+00 +1.3510e+00
118 0 +4.173033752e+04 +4.171000752e+04 +4.171000752e+04 +4.1159e+00 -4.0660e+00 +1.3535e+00 +2.7658e+00 +1.6061e-01 +3.7444e-01 -7.4368e-01 -7.5216e-01 -2.3407e+00 +2.1576e+00
172 0 +1.355568612e+04 +1.353535612e+04 +1.353535612e+04 +3.7533e+00 +2.7692e+00 -2.3096e+00 +4.0458e+00 -4.6747e+00 +1.7492e+00 -3.7743e+00 +1.0820e+00 -3.3877e+00 +1.8789e+00
184 0 +9.030476563e+03 +9.010146563e+03 +9.010146563e+03 +2.8578e+00 -1.2681e+00 +2.6297e-01 +3.5529e+00 +3.0799e+00 +4.8750e-01 -2.8040e+00 +3.1518e-02 -2.4329e+00 +2.9831e+00
344 0 +4.202044894e+03 +4.181714894e+03 +4.181714894e+03 +4.6741e+00 -3.8147e+00 -3.5629e+00 +1.8113e+00 +4.6481e-02 +1.0932e-01 -4.3022e+00 -5.3380e-01 -5.5587e-02 +2.2639e+00
388 0 +9.617790488e+02 +9.414490488e+02 +9.414490488e+02 +3.6286e+00 +1.0752e+00 -1.6341e+00 +2.0696e+00 -9.0210e-02 +1.2157e+00 -3.3478e+00 +7.3561e-01 -3.4337e+00 +3.0193e+00
402 0 +1.211012365e+02 +1.007712365e+02 +1.007712365e+02 +4.6911e+00 -2.8993e+00 -2.6543e-01 -1.3036e+00 -4.0773e+00 +4.3628e+00 -2.6547e+00 -7.5034e-01 -4.4516e+00 +6.4764e-01
498 0 +6.333368381e+01 +4.300368381e+01 +4.300368381e+01 +2.4705e+00 -1.4803e+00 -1.5741e+00 +1.9140e+00 -6.4676e-02 +3.5349e+00 -3.4733e+00 -2.4545e+00 -4.1259e+00 +2.0704e+00
549 0 +4.176093990e+01 +2.143093990e+01 +2.143093990e+01 +2.0945e+00 +1.3142e-01 -1.5590e-01 +2.8470e+00 +3.6585e+00 +3.9683e+00 -1.7890e+00 -1.7134e+00 -3.0556e+00 +4.1901e+00
858 0 +2.883607963e+01 +8.506079627e+00 +8.506079627e+00 +1.4669e+00 -1.8213e-01 +2.4245e+00 +3.0425e+00 +3.6119e+00 +2.8559e+00 -2.2367e+00 +1.4160e+00 -2.1680e+00 +4.0013e+00
1834 0 +2.711186115e+01 +6.781861152e+00 +6.781861152e+00 +2.5167e+00 -1.6239e+00 +1.6692e+00 +2.2688e+00 +2.4016e+00 +3.7744e+00 -2.2000e+00 +2.2705e+00 -1.5070e+00 +2.1785e+00
1878 0 +2.367438549e+01 +3.344385486e+00 +3.344385486e+00 +2.9662e+00 -3.9975e-01 +5.9378e-02 +2.5283e+00 +1.8124e+00 +2.3054e+00 -3.5710e+00 +1.2616e+00 -1.8677e+00 +2.2633e+00
1910 0 +2.133285227e+01 +1.002852268e+00 +1.002852268e+00 +1.4122e+00 -8.4800e-01 +1.4674e+00 +3.7415e+00 +3.1655e+00 +3.4066e+00 -3.3370e+00 +2.0311e+00 -4.5285e-01 +2.9864e+00
1974 0 +1.846251427e+01 -1.867485729e+00 -1.867485729e+00 +1.3646e+00 +1.5176e-02 +2.4950e+00 +3.2537e+00 +2.6692e+00 +4.3234e+00 -3.1702e+00 +1.9933e+00 -1.2028e+00 +2.8716e+00
2133 0 +1.313809034e+01 -7.191909663e+00 -7.191909663e+00 +2.6986e+00 +7.3082e-01 +1.5740e+00 +2.7917e+00 +1.0607e+00 +3.0047e+00 -3.1769e+00 +6.9486e-01 -1.6008e+00 +3.5096e+00
2135 0 +1.200546855e+01 -8.324531448e+00 -8.324531448e+00 +2.9405e+00 +3.2896e-01 +1.2776e+00 +2.1471e+00 +2.4609e+00 +3.6903e+00 -3.2510e+00 +1.6178e-01 -1.5962e+00 +3.1489e+00
2167 0 +1.069633640e+01 -9.633663602e+00 -9.633663602e+00 +1.8694e+00 +6.9770e-01 +1.6380e+00 +3.3164e+00 +1.8841e+00 +3.5685e+00 -4.0733e+00 +2.8066e+00 -3.2739e-01 +2.8832e+00
2226 0 +8.486737798e+00 -1.184326220e+01 -1.184326220e+01 +4.1466e+00 +1.3154e+00 +1.2327e+00 +1.7775e+00 +2.8649e+00 +4.6838e+00 -3.0247e+00 +1.4052e+00 +2.6893e-01 +3.2385e+00
2235 0 +5.190839451e+00 -1.513916055e+01 -1.513916055e+01 +2.9248e+00 +1.7055e+00 +1.3912e+00 +3.7310e+00 +1.5725e+00 +3.5273e+00 -2.8522e+00 +1.1776e+00 -9.5513e-01 +3.2212e+00
% f evaluations | g evaluations | best noise-free fitness - Fopt (9.431000000000e+01) + sum g_i+ | measured fitness | best measured fitness or single-digit g-values | x1 | x2...
1 0 +1.950994288e+06 +1.951088598e+06 +1.951088598e+06 +5.9671e-01 -3.8264e-02 +7.4769e-01 +1.6230e+00 -1.3415e-01 -1.3414e-01 +1.6792e+00 +8.6743e-01 -3.6947e-01 +6.4256e-01
2 0 +8.980451868e+05 +8.981394968e+05 +8.981394968e+05 -3.6342e-01 -3.6573e-01 +3.4196e-01 -1.8133e+00 -1.6249e+00 -4.6229e-01 -9.1283e-01 +4.1425e-01 -8.0802e-01 -1.3123e+00
8 0 +2.762718679e+05 +2.763661779e+05 +2.763661779e+05 +4.6140e-01 +1.6380e+00 +6.4174e-02 +1.6646e+00 -2.5197e+00 +9.2190e-01 +1.8705e-01 -1.9901e-01 +1.9176e-01 -1.8876e+00
57 0 +5.017727044e+04 +5.027158044e+04 +5.027158044e+04 -2.8050e+00 +3.9463e-01 +1.7307e+00 -2.9849e-01 +1.7443e-01 -1.9344e+00 +2.6112e+00 -1.2446e+00 +2.6950e-01 -7.7474e-01
69 0 +2.911354102e+04 +2.920785102e+04 +2.920785102e+04 +4.9147e-01 +3.0390e-01 +3.6407e-02 +4.2984e-01 -7.7571e-01 +3.2378e-01 +2.7646e+00 -1.7040e+00 -1.4660e+00 +7.4180e-01
93 0 +2.505866675e+04 +2.515297675e+04 +2.515297675e+04 -1.2195e+00 +1.5527e+00 +1.5929e+00 -1.0506e+00 -1.7656e+00 +1.5831e+00 +3.3890e-01 +9.6081e-01 -1.5889e+00 +1.0054e+00
99 0 +6.222820808e+02 +7.165920808e+02 +7.165920808e+02 -1.2471e+00 -2.7998e-01 -4.6187e-01 -4.1341e-01 -1.2386e+00 +6.2728e-01 +7.1905e-01 +7.5233e-02 -1.0347e+00 -2.1597e+00
105 0 +1.904379816e+02 +2.847479816e+02 +2.847479816e+02 +2.2079e+00 +1.3779e+00 -7.7830e-01 -1.1109e+00 -1.3343e+00 +1.8559e+00 +1.7498e+00 +5.1613e-01 -5.3347e-01 -7.4349e-01
396 0 +1.267850927e+02 +2.210950927e+02 +2.210950927e+02 -2.2122e-01 +2.6489e+00 +5.4444e-01 +2.5713e+00 -5.0712e-01 +3.6648e+00 +2.7160e+00 -3.7887e+00 -1.2167e+00 +1.1706e+00
399 0 +9.149989408e+01 +1.858098941e+02 +1.858098941e+02 -1.3699e+00 -2.7493e+00 +1.7451e+00 -1.8045e+00 -3.6377e-01 +6.4300e-01 -6.6251e-01 -1.1167e+00 -2.1671e+00 -3.9016e+00
809 0 +7.529720187e+01 +1.696072019e+02 +1.696072019e+02 -2.0699e+00 -2.0221e+00 +2.5475e+00 +1.7575e-01 +5.5576e-02 +1.6096e+00 +5.9469e-02 -2.3453e+00 -2.8323e+00 -1.9825e+00
845 0 +7.517122482e+01 +1.694812248e+02 +1.694812248e+02 -1.4608e+00 -1.5809e-01 +1.8865e+00 +1.8929e+00 +7.3371e-01 +1.4159e+00 +2.8340e+00 -2.1700e+00 -9.4462e-01 -4.8459e-01
1343 0 +7.120306471e+01 +1.655130647e+02 +1.655130647e+02 -1.5344e+00 -1.7617e+00 +3.0928e+00 +1.8010e+00 +3.5481e-01 +3.7148e-01 +1.7595e+00 -2.1605e+00 -1.4063e+00 -1.6510e+00
1397 0 +6.938797185e+01 +1.636979718e+02 +1.636979718e+02 -1.9826e+00 -1.4257e+00 +4.5450e+00 +1.1350e+00 +2.2396e+00 +3.9516e+00 +4.2457e-01 -6.3304e-01 -2.8565e+00 -2.7907e+00
1550 0 +5.061828618e+01 +1.449282862e+02 +1.449282862e+02 -6.8598e-01 -8.9494e-02 +3.6309e+00 +1.6479e+00 +1.1326e+00 +3.4154e-01 +5.7247e-01 -2.4119e+00 -2.5858e+00 -2.4459e+00
1756 0 +4.371205455e+01 +1.380220545e+02 +1.380220545e+02 -3.2033e+00 +1.7456e+00 +1.4642e+00 +2.6979e+00 +2.1830e+00 +1.0926e+00 +4.3851e-01 -2.4255e+00 -3.9938e+00 -1.8368e+00
1823 0 +3.946298620e+01 +1.337729862e+02 +1.337729862e+02 -2.4500e+00 +1.3485e+00 +1.7429e+00 +3.7588e+00 +1.1283e+00 +2.1532e-01 +1.4782e+00 -2.0216e+00 -1.7334e+00 -2.5055e+00
1891 0 +3.308315765e+01 +1.273931577e+02 +1.273931577e+02 -4.5053e+00 +2.6280e+00 +2.9888e+00 +2.7550e+00 +1.2963e+00 +1.3819e+00 +2.5734e-01 -1.0455e+00 -1.8172e+00 -1.9801e+00
1946 0 +2.676013395e+01 +1.210701339e+02 +1.210701339e+02 -3.5271e+00 +4.4365e+00 +2.3193e+00 +2.5390e+00 +3.1255e+00 +1.3630e+00 -1.0815e-01 -1.1509e+00 -2.8476e+00 -3.4267e+00
1991 0 +2.532295180e+01 +1.196329518e+02 +1.196329518e+02 -1.7318e+00 +2.5124e+00 +4.6620e+00 +8.2258e-01 +3.1924e+00 +5.6566e-01 +1.2050e+00 -4.0169e-01 -1.5194e+00 -2.2114e+00
2060 0 +2.263458960e+01 +1.169445896e+02 +1.169445896e+02 -3.3277e+00 +2.4667e+00 +1.5732e+00 +1.0836e+00 +4.1382e+00 +8.3901e-01 +3.0851e-01 +1.1599e+00 -3.7253e+00 -3.2626e+00
2186 0 +2.080183356e+01 +1.151118336e+02 +1.151118336e+02 -2.2337e+00 +2.3626e+00 +2.5861e+00 -6.7120e-01 +3.6066e+00 -9.0412e-01 +4.0191e-01 -4.1022e-01 -3.9685e+00 -1.2664e+00
2218 0 +1.947056555e+01 +1.137805655e+02 +1.137805655e+02 -3.0595e+00 +1.9287e+00 +2.3125e+00 +3.9968e-01 +2.3379e+00 -2.5974e+00 +1.2661e+00 -7.6539e-01 -2.4338e+00 -8.0229e-01
2231 0 +1.424271468e+01 +1.085527147e+02 +1.085527147e+02 -3.0133e+00 +4.1170e+00 +3.6238e+00 +1.9840e+00 +3.9049e+00 +2.4749e-02 +8.8686e-01 -6.9602e-01 -2.8798e+00 -1.7072e+00
2260 0 +1.367580926e+01 +1.079858093e+02 +1.079858093e+02 -3.5082e+00 +1.4025e+00 +3.0347e+00 +7.9033e-01 +4.2915e+00 -1.6505e+00 -4.1318e-03 -1.2535e+00 -4.8993e+00 -2.3626e+00
2324 0 +1.116962643e+01 +1.054796264e+02 +1.054796264e+02 -3.0483e+00 +1.2808e+00 +4.6685e+00 +1.9123e+00 +3.4220e+00 -8.6678e-01 -2.2985e-01 +2.0715e+00 -4.0197e+00 -2.2527e+00
2360 0 +9.998311682e+00 +1.043083117e+02 +1.043083117e+02 -4.0630e+00 +2.9818e+00 +2.0954e+00 +1.6583e-01 +2.6515e+00 -2.6634e+00 -4.1103e-01 +9.5111e-01 -2.9874e+00 -2.5880e+00
2412 0 +8.414010499e+00 +1.027240105e+02 +1.027240105e+02 -3.3349e+00 +2.3617e+00 +3.4786e+00 +3.4049e-01 +2.8558e+00 -2.0904e+00 -7.7842e-02 +4.3562e-01 -2.4429e+00 -2.9330e+00
2429 0 +4.728238204e+00 +9.903823820e+01 +9.903823820e+01 -4.3939e+00 +2.7099e+00 +2.8661e+00 +1.4497e+00 +4.1840e+00 -3.3853e+00 +4.4074e-01 +9.7130e-01 -3.1176e+00 -3.0179e+00
