% f evaluations | g evaluations | best noise-free fitness - Fopt (1.491500000000e+02) + sum g_i+ | measured fitness | best measured fitness or single-digit g-values | x1 | x2...
1 0 +1.589879163e+03 +1.739029163e+03 +1.739029163e+03 +5.9671e-01 -3.8264e-02 +7.4769e-01 +1.6230e+00 -1.3415e-01
4 0 +1.459283928e+03 +1.608433928e+03 +1.608433928e+03 -4.6229e-01 -9.1283e-01 +4.1425e-01 -8.0802e-01 -1.3123e+00
9 0 +1.233032610e+03 +1.382182610e+03 +1.382182610e+03 +8.3847e-01 +2.7137e-01 -1.5648e-02 -2.0110e-01 -1.3785e+00
13 0 +8.127868237e+02 +9.619368237e+02 +9.619368237e+02 -3.7917e-01 -8.5659e-02 -1.0063e+00 -1.0962e+00 +9.1253e-01
21 0 +7.176775228e+02 +8.668275228e+02 +8.668275228e+02 -1.3154e+00 -3.2065e-01 -2.4271e-01 -7.0228e-01 -6.1286e-02
23 0 +2.345660033e+02 +3.837160033e+02 +3.837160033e+02 -1.8188e+00 +7.3486e-02 +1.6023e-01 +2.5632e+00 -9.2361e-02
61 0 +1.017067592e+02 +2.508567592e+02 +2.508567592e+02 -1.6710e+00 -1.0350e+00 -5.6836e-01 +1.1975e+00 -2.6904e+00
138 0 +6.553044224e+01 +2.146804422e+02 +2.146804422e+02 -1.7957e+00 -1.0187e+00 -4.3913e-01 +7.3147e-01 -3.2494e+00
196 0 +2.868221938e+01 +1.778322194e+02 +1.778322194e+02 -1.6404e+00 -1.3686e+00 -7.5643e-01 +1.1625e+00 -3.5586e+00
226 0 +2.856914809e+01 +1.777191481e+02 +1.777191481e+02 -1.6784e+00 -1.0925e+00 -5.2602e-01 +9.5591e-01 -4.0049e+00
262 0 +1.972787712e+01 +1.688778771e+02 +1.688778771e+02 -1.7283e+00 -1.0366e+00 -6.0549e-01 +1.2399e+00 -3.6929e+00
320 0 +1.320908108e+01 +1.623590811e+02 +1.623590811e+02 -7.9966e-01 -1.2425e+00 -9.1135e-01 +1.0075e+00 -3.9819e+00
355 0 +5.973769576e+00 +1.551237696e+02 +1.551237696e+02 -2.8324e-01 -8.3165e-01 -7.1065e-01 +9.6957e-01 -3.9173e+00
488 0 +5.578099816e+00 +1.547280998e+02 +1.547280998e+02 -4.6548e-01 -1.0391e+00 -8.2720e-01 +9.9725e-01 -3.5809e+00
489 0 +4.692468959e+00 +1.538424690e+02 +1.538424690e+02 -6.1881e-01 -1.2785e+00 -9.1807e-01 +9.1728e-01 -3.7699e+00
508 0 +4.666051628e+00 +1.538160516e+02 +1.538160516e+02 -6.7906e-01 -1.1608e+00 -8.4370e-01 +9.2427e-01 -3.6663e+00
531 0 +4.101260506e+00 +1.532512605e+02 +1.532512605e+02 -6.2435e-01 -1.2559e+00 -9.9382e-01 +9.1837e-01 -3.7579e+00
538 0 +3.850530122e+00 +1.530005301e+02 +1.530005301e+02 -5.8328e-01 -1.1720e+00 -9.1027e-01 +8.8879e-01 -3.6409e+00
539 0 +3.392542394e+00 +1.525425424e+02 +1.525425424e+02 -5.6760e-01 -1.1653e+00 -9.0121e-01 +8.9147e-01 -3.7949e+00
544 0 +3.059820815e+00 +1.522098208e+02 +1.522098208e+02 -4.8390e-01 -1.0776e+00 -8.4884e-01 +9.2038e-01 -3.6911e+00
649 0 +2.558198786e+00 +1.517081988e+02 +1.517081988e+02 -4.6458e-01 -9.7963e-01 -8.4906e-01 +8.5435e-01 -3.7183e+00
691 0 +2.477231809e+00 +1.516272318e+02 +1.516272318e+02 -4.4514e-01 -9.8218e-01 -8.4814e-01 +9.1942e-01 -3.7227e+00
707 0 +2.441726321e+00 +1.515917263e+02 +1.515917263e+02 -3.5797e-01 -9.1146e-01 -7.8025e-01 +9.0371e-01 -3.7982e+00
785 0 +2.152352709e+00 +1.513023527e+02 +1.513023527e+02 -3.2366e-01 -8.7177e-01 -7.3562e-01 +8.9092e-01 -3.6933e+00
787 0 +2.058644417e+00 +1.512086444e+02 +1.512086444e+02 -2.3096e-01 -7.6066e-01 -6.1489e-01 +1.0406e+00 -3.6868e+00
792 0 +1.912234330e+00 +1.510622343e+02 +1.510622343e+02 -2.1711e-01 -6.8832e-01 -5.6442e-01 +9.7194e-01 -3.6865e+00
808 0 +1.780508907e+00 +1.509305089e+02 +1.509305089e+02 -2.9692e-01 -7.3874e-01 -6.0324e-01 +1.0071e+00 -3.7421e+00
818 0 +1.412601519e+00 +1.505626015e+02 +1.505626015e+02 -2.6651e-01 -7.4853e-01 -6.1802e-01 +1.0019e+00 -3.7131e+00
840 0 +1.359631591e+00 +1.505096316e+02 +1.505096316e+02 -2.6534e-01 -7.2738e-01 -5.3111e-01 +1.0577e+00 -3.7229e+00
855 0 +1.153690519e+00 +1.503036905e+02 +1.503036905e+02 -1.9030e-01 -6.4519e-01 -4.9053e-01 +1.1078e+00 -3.6502e+00
887 0 +1.068055482e+00 +1.502180555e+02 +1.502180555e+02 -2.1455e-01 -6.7568e-01 -4.9447e-01 +1.1190e+00 -3.6823e+00
920 0 +1.055299992e+00 +1.502053000e+02 +1.502053000e+02 -1.7124e-01 -6.2037e-01 -4.4920e-01 +1.1169e+00 -3.6620e+00
930 0 +8.360542352e-01 +1.499860542e+02 +1.499860542e+02 -1.7132e-01 -5.7667e-01 -3.8234e-01 +1.1850e+00 -3.6268e+00
1002 0 +7.281995439e-01 +1.498781995e+02 +1.498781995e+02 -1.7062e-01 -5.8911e-01 -3.6255e-01 +1.2151e+00 -3.6316e+00
1019 0 +7.051593683e-01 +1.498551594e+02 +1.498551594e+02 -1.7306e-01 -5.9468e-01 -3.7842e-01 +1.1914e+00 -3.6217e+00
1085 0 +6.819861758e-01 +1.498319862e+02 +1.498319862e+02 -1.5332e-01 -5.8628e-01 -3.5919e-01 +1.2358e+00 -3.6008e+00
1117 0 +6.664783262e-01 +1.498164783e+02 +1.498164783e+02 -1.5673e-01 -5.8089e-01 -3.6460e-01 +1.2147e+00 -3.6002e+00
1125 0 +6.148852354e-01 +1.497648852e+02 +1.497648852e+02 -1.7219e-01 -5.7418e-01 -3.5045e-01 +1.2359e+00 -3.5908e+00
1130 0 +5.447623159e-01 +1.496947623e+02 +1.496947623e+02 -1.2525e-01 -5.1745e-01 -2.8286e-01 +1.3333e+00 -3.5259e+00
1183 0 +5.344290452e-01 +1.496844290e+02 +1.496844290e+02 -1.6526e-01 -5.5717e-01 -3.1849e-01 +1.2924e+00 -3.5526e+00
1209 0 +5.097769506e-01 +1.496597770e+02 +1.496597770e+02 -1.4193e-01 -5.4913e-01 -3.0878e-01 +1.3046e+00 -3.5516e+00
% f evaluations | g evaluations | best noise-free fitness - Fopt (-1.000000000000e+03) + sum g_i+ | measured fitness | best measured fitness or single-digit g-values | x1 | x2...
1 0 +6.269447223e+04 +6.169447223e+04 +6.169447223e+04 +5.9671e-01 -3.8264e-02 +7.4769e-01 +1.6230e+00 -1.3415e-01
2 0 +1.602616942e+04 +1.502616942e+04 +1.502616942e+04 -1.3414e-01 +1.6792e+00 +8.6743e-01 -3.6947e-01 +6.4256e-01
7 0 +1.057759872e+04 +9.577598723e+03 +9.577598723e+03 -5.0171e-01 +1.9523e+00 +8.6503e-02 -9.5771e-01 +9.2254e-01
8 0 +8.082047638e+03 +7.082047638e+03 +7.082047638e+03 -1.1208e+00 +3.0886e-01 -1.8597e+00 -1.2282e+00 +2.9686e-01
20 0 +5.969835851e+03 +4.969835851e+03 +4.969835851e+03 -1.3635e+00 +3.9612e-01 +3.6106e-01 +1.0511e-01 -1.3459e-01
21 0 +5.067757673e+03 +4.067757673e+03 +4.067757673e+03 -1.3154e+00 -3.2065e-01 -2.4271e-01 -7.0228e-01 -6.1286e-02
29 0 +3.844794241e+03 +2.844794241e+03 +2.844794241e+03 -1.1731e+00 +2.3140e+00 +1.5422e+00 -1.2413e+00 -5.9262e-01
34 0 +3.159356810e+03 +2.159356810e+03 +2.159356810e+03 -1.6030e+00 +4.2136e-01 +8.1045e-01 -1.9893e+00 +1.4993e-01
36 0 +2.776376945e+03 +1.776376945e+03 +1.776376945e+03 -1.6305e+00 +1.2255e+00 -1.0557e+00 -1.5120e+00 -1.1647e-01
39 0 +1.724584051e+03 +7.245840510e+02 +7.245840510e+02 -2.0440e+00 +1.7303e-01 +5.4125e-01 -5.0569e-01 -4.0867e-01
53 0 +1.165236700e+03 +1.652366999e+02 +1.652366999e+02 -1.9906e+00 +1.4412e+00 +8.2660e-01 -3.3359e+00 -3.3542e-01
59 0 +1.128071253e+03 +1.280712535e+02 +1.280712535e+02 -2.1368e+00 +1.9135e-01 +5.7527e-01 -1.0769e+00 -9.9377e-02
74 0 +5.355405206e+02 -4.644594794e+02 -4.644594794e+02 -2.5298e+00 -1.8484e-01 +1.5998e+00 -1.5160e+00 -2.1113e+00
122 0 +5.258273663e+02 -4.741726337e+02 -4.741726337e+02 -4.7321e+00 +7.3693e-01 -3.4753e-02 -3.6718e+00 -2.7569e-01
135 0 +1.071684642e+02 -8.928315358e+02 -8.928315358e+02 -3.1650e+00 +1.4473e-01 -3.1031e-02 -2.9207e+00 -2.9344e+00
201 0 +7.505059114e+01 -9.249494089e+02 -9.249494089e+02 -3.3140e+00 +6.1415e-01 +1.6461e-01 -1.9587e+00 -2.2638e+00
227 0 +2.579960281e+01 -9.742003972e+02 -9.742003972e+02 -3.3915e+00 +1.1796e-01 +5.7013e-01 -2.9243e+00 -2.8583e+00
292 0 +2.043345952e+01 -9.795665405e+02 -9.795665405e+02 -4.4221e+00 +3.1290e-01 +5.4623e-01 -2.3023e+00 -2.7412e+00
333 0 +1.394164244e+01 -9.860583576e+02 -9.860583576e+02 -4.0909e+00 -1.1617e-02 +4.4023e-01 -2.6483e+00 -3.0417e+00
379 0 +1.259467920e+01 -9.874053208e+02 -9.874053208e+02 -4.3454e+00 +5.6486e-01 +7.3081e-01 -2.2619e+00 -3.0261e+00
421 0 +6.742453766e+00 -9.932575462e+02 -9.932575462e+02 -3.9997e+00 +2.6914e-01 +6.6538e-01 -2.6005e+00 -3.0231e+00
493 0 +5.311797939e+00 -9.946882021e+02 -9.946882021e+02 -3.6377e+00 +1.5009e-01 +4.2735e-01 -2.5369e+00 -3.0338e+00
528 0 +4.356962950e+00 -9.956430370e+02 -9.956430370e+02 -3.3299e+00 +4.9669e-01 +6.9761e-01 -2.4004e+00 -3.0055e+00
629 0 +3.277241279e+00 -9.967227587e+02 -9.967227587e+02 -3.4866e+00 +3.5812e-01 +5.6767e-01 -2.5275e+00 -3.0312e+00
746 0 +3.113476915e+00 -9.968865231e+02 -9.968865231e+02 -3.4258e+00 +4.0660e-01 +5.9919e-01 -2.5549e+00 -3.0399e+00
778 0 +2.947217818e+00 -9.970527822e+02 -9.970527822e+02 -3.3514e+00 +3.9694e-01 +5.8361e-01 -2.5381e+00 -3.0065e+00
823 0 +2.852886758e+00 -9.971471132e+02 -9.971471132e+02 -3.4030e+00 +3.9075e-01 +5.8051e-01 -2.5451e+00 -3.0546e+00
867 0 +2.537162819e+00 -9.974628372e+02 -9.974628372e+02 -3.2928e+00 +4.7184e-01 +6.2823e-01 -2.5314e+00 -3.0274e+00
883 0 +2.460257001e+00 -9.975397430e+02 -9.975397430e+02 -3.1848e+00 +5.8698e-01 +6.5417e-01 -2.5437e+00 -3.0311e+00
898 0 +2.453493483e+00 -9.975465065e+02 -9.975465065e+02 -3.2943e+00 +4.9671e-01 +6.3247e-01 -2.5219e+00 -3.0477e+00
912 0 +2.354952114e+00 -9.976450479e+02 -9.976450479e+02 -3.2511e+00 +5.5341e-01 +6.7984e-01 -2.5443e+00 -3.0567e+00
932 0 +2.224876459e+00 -9.977751235e+02 -9.977751235e+02 -3.1232e+00 +6.5477e-01 +7.3743e-01 -2.5234e+00 -3.0615e+00
950 0 +2.010199451e+00 -9.979898005e+02 -9.979898005e+02 -3.1097e+00 +6.9773e-01 +7.9085e-01 -2.5159e+00 -3.0663e+00
1024 0 +1.944132940e+00 -9.980558671e+02 -9.980558671e+02 -3.0963e+00 +6.9829e-01 +8.2134e-01 -2.4822e+00 -3.0324e+00
1108 0 +1.875132958e+00 -9.981248670e+02 -9.981248670e+02 -3.0992e+00 +6.9678e-01 +7.8752e-01 -2.4660e+00 -3.0288e+00
1113 0 +1.814092134e+00 -9.981859079e+02 -9.981859079e+02 -3.1232e+00 +6.8216e-01 +7.9504e-01 -2.4585e+00 -3.0542e+00
1129 0 +1.527714474e+00 -9.984722855e+02 -9.984722855e+02 -3.0728e+00 +7.7170e-01 +8.7582e-01 -2.4444e+00 -3.0068e+00
1163 0 +1.424117660e+00 -9.985758823e+02 -9.985758823e+02 -3.0220e+00 +8.1960e-01 +9.3504e-01 -2.3676e+00 -2.9826e+00
% f evaluations | g evaluations | best noise-free fitness - Fopt (9.862000000000e+01) + sum g_i+ | measured fitness | best measured fitness or single-digit g-values | x1 | x2...
1 0 +6.107160447e+04 +6.117022447e+04 +6.117022447e+04 +5.9671e-01 -3.8264e-02 +7.4769e-01 +1.6230e+00 -1.3415e-01
2 0 +2.938693623e+04 +2.948555623e+04 +2.948555623e+04 -1.3414e-01 +1.6792e+00 +8.6743e-01 -3.6947e-01 +6.4256e-01
3 0 +3.083137546e+03 +3.181757546e+03 +3.181757546e+03 -3.6342e-01 -3.6573e-01 +3.4196e-01 -1.8133e+00 -1.6249e+00
30 0 +3.552671817e+02 +4.538871817e+02 +4.538871817e+02 -6.6327e-01 -1.4926e+00 +2.1605e+00 -1.4243e+00 +1.9505e+00
59 0 +3.079547360e+02 +4.065747360e+02 +4.065747360e+02 -4.3629e-01 -1.7499e+00 +9.7222e-01 -2.6875e+00 -4.1891e-01
118 0 +5.284977615e+01 +1.514697762e+02 +1.514697762e+02 -2.0036e+00 -2.0387e+00 +1.1787e+00 -3.6247e+00 +4.8191e-01
210 0 +9.676685440e+00 +1.082966854e+02 +1.082966854e+02 -1.4440e+00 -2.0424e+00 +1.4015e+00 -2.9688e+00 +3.5567e-02
330 0 +9.476789293e+00 +1.080967893e+02 +1.080967893e+02 -1.4750e+00 -2.2017e+00 +1.6369e+00 -3.1407e+00 -8.0929e-02
337 0 +8.650719522e+00 +1.072707195e+02 +1.072707195e+02 -2.2959e+00 -1.8288e+00 +1.6091e+00 -3.2213e+00 +9.3436e-02
340 0 +8.113171574e+00 +1.067331716e+02 +1.067331716e+02 -1.7263e+00 -1.9555e+00 +1.4291e+00 -3.2400e+00 -1.7070e-01
358 0 +6.263806819e+00 +1.048838068e+02 +1.048838068e+02 -2.6585e+00 -1.4603e+00 +1.8319e+00 -3.1446e+00 -6.3826e-02
377 0 +6.055069146e+00 +1.046750691e+02 +1.046750691e+02 -1.4285e+00 -1.9767e+00 +1.3917e+00 -3.2722e+00 +4.8193e-02
392 0 +5.787488119e+00 +1.044074881e+02 +1.044074881e+02 -1.8780e+00 -2.2026e+00 +1.5345e+00 -3.2719e+00 -1.1020e-01
421 0 +5.533168651e+00 +1.041531687e+02 +1.041531687e+02 -1.6901e+00 -2.1775e+00 +1.4687e+00 -3.1682e+00 +3.4370e-02
423 0 +4.258685928e+00 +1.028786859e+02 +1.028786859e+02 -1.5398e+00 -2.1330e+00 +1.4273e+00 -3.2578e+00 -4.6123e-02
591 0 +3.534434214e+00 +1.021544342e+02 +1.021544342e+02 -1.4667e+00 -2.0273e+00 +1.5261e+00 -3.2101e+00 -6.4047e-02
672 0 +3.329448432e+00 +1.019494484e+02 +1.019494484e+02 -1.3764e+00 -2.0012e+00 +1.4560e+00 -3.2465e+00 -9.3772e-02
751 0 +3.325870732e+00 +1.019458707e+02 +1.019458707e+02 -1.4580e+00 -2.0416e+00 +1.4599e+00 -3.2047e+00 -1.1864e-01
753 0 +3.124686291e+00 +1.017446863e+02 +1.017446863e+02 -1.3802e+00 -1.9710e+00 +1.4440e+00 -3.2071e+00 -6.8985e-02
808 0 +2.774943140e+00 +1.013949431e+02 +1.013949431e+02 -1.3239e+00 -1.9174e+00 +1.5263e+00 -3.1915e+00 -8.3566e-02
897 0 +2.674160209e+00 +1.012941602e+02 +1.012941602e+02 -1.2624e+00 -1.8747e+00 +1.5308e+00 -3.1754e+00 -7.9344e-02
910 0 +2.501495553e+00 +1.011214956e+02 +1.011214956e+02 -1.2205e+00 -1.8239e+00 +1.5730e+00 -3.2131e+00 -9.8911e-02
943 0 +2.481009340e+00 +1.011010093e+02 +1.011010093e+02 -1.2283e+00 -1.8109e+00 +1.5940e+00 -3.2106e+00 -8.6854e-02
953 0 +2.461983224e+00 +1.010819832e+02 +1.010819832e+02 -1.0823e+00 -1.6756e+00 +1.6587e+00 -3.1934e+00 -3.5648e-02
961 0 +2.308926796e+00 +1.009289268e+02 +1.009289268e+02 -1.1772e+00 -1.7746e+00 +1.5765e+00 -3.1826e+00 -9.4017e-02
963 0 +2.291055407e+00 +1.009110554e+02 +1.009110554e+02 -1.1913e+00 -1.7760e+00 +1.5727e+00 -3.1989e+00 -9.5270e-02
977 0 +2.054135651e+00 +1.006741357e+02 +1.006741357e+02 -1.0910e+00 -1.6723e+00 +1.6581e+00 -3.1737e+00 -6.4879e-02
1001 0 +1.772226746e+00 +1.003922267e+02 +1.003922267e+02 -1.0959e+00 -1.6124e+00 +1.7586e+00 -3.1155e+00 -8.6092e-02
1012 0 +1.732474782e+00 +1.003524748e+02 +1.003524748e+02 -1.0702e+00 -1.6167e+00 +1.7223e+00 -3.1501e+00 -9.8252e-02
1092 0 +1.664979661e+00 +1.002849797e+02 +1.002849797e+02 -1.0508e+00 -1.6050e+00 +1.7441e+00 -3.1118e+00 -6.4653e-02
1125 0 +1.482529743e+00 +1.001025297e+02 +1.001025297e+02 -9.7656e-01 -1.4829e+00 +1.8545e+00 -3.0770e+00 -4.6310e-02
1130 0 +1.222513527e+00 +9.984251353e+01 +9.984251353e+01 -9.5657e-01 -1.4472e+00 +1.9063e+00 -3.0261e+00 -4.9786e-02
1181 0 +1.166611107e+00 +9.978661111e+01 +9.978661111e+01 -9.3542e-01 -1.4178e+00 +1.9517e+00 -2.9887e+00 -1.5221e-02
1221 0 +1.111136664e+00 +9.973113666e+01 +9.973113666e+01 -9.8287e-01 -1.4646e+00 +1.9242e+00 -2.9534e+00 -3.0608e-02
1222 0 +9.971348266e-01 +9.961713483e+01 +9.961713483e+01 -9.3339e-01 -1.3973e+00 +1.9909e+00 -2.9266e+00 -4.0481e-02
1234 0 +7.135978799e-01 +9.933359788e+01 +9.933359788e+01 -9.1660e-01 -1.3686e+00 +2.0373e+00 -2.8438e+00 +4.4864e-02
% f evaluations | g evaluations | best noise-free fitness - Fopt (-4.715000000000e+01) + sum g_i+ | measured fitness | best measured fitness or single-digit g-values | x1 | x2...
1 0 +5.960233509e+04 +5.955518509e+04 +5.955518509e+04 +5.9671e-01 -3.8264e-02 +7.4769e-01 +1.6230e+00 -1.3415e-01
2 0 +1.850318285e+04 +1.845603285e+04 +1.845603285e+04 -1.3414e-01 +1.6792e+00 +8.6743e-01 -3.6947e-01 +6.4256e-01
3 0 +3.660597761e+03 +3.613447761e+03 +3.613447761e+03 -3.6342e-01 -3.6573e-01 +3.4196e-01 -1.8133e+00 -1.6249e+00
13 0 +1.735342702e+03 +1.688192702e+03 +1.688192702e+03 -3.7917e-01 -8.5659e-02 -1.0063e+00 -1.0962e+00 +9.1253e-01
26 0 +1.605652324e+03 +1.558502324e+03 +1.558502324e+03 -1.2020e+00 -3.7501e+00 -3.9876e-01 -2.4374e+00 -1.2432e+00
29 0 +5.822503827e+02 +5.351003827e+02 +5.351003827e+02 -8.2458e-01 -1.9191e+00 -1.6290e+00 -4.1117e+00 -1.7499e+00
54 0 +3.039486780e+02 +2.567986780e+02 +2.567986780e+02 -2.8418e+00 -8.2348e-01 -1.2062e+00 -2.2600e+00 -4.0703e-01
64 0 +1.591091157e+02 +1.119591157e+02 +1.119591157e+02 -9.6968e-01 -1.2903e+00 -2.4017e+00 -2.6761e+00 -9.0647e-01
147 0 +1.240971639e+02 +7.694716387e+01 +7.694716387e+01 -5.5358e-01 -9.7131e-01 -2.4675e+00 -3.2335e+00 -8.4632e-01
158 0 +8.542426597e+01 +3.827426597e+01 +3.827426597e+01 -1.9889e+00 -1.7576e+00 -2.0311e+00 -2.5030e+00 +9.9598e-02
160 0 +2.282658603e+01 -2.432341397e+01 -2.432341397e+01 -1.4244e+00 -1.6635e+00 -2.2644e+00 -2.8910e+00 -2.3415e-01
169 0 +1.847667518e+01 -2.867332482e+01 -2.867332482e+01 -1.3550e-01 -7.9448e-01 -1.2270e+00 -2.4358e+00 +3.5030e-01
259 0 +1.748771437e+01 -2.966228563e+01 -2.966228563e+01 -1.8525e+00 -1.6638e+00 -2.3392e+00 -3.1266e+00 -5.7383e-01
263 0 +8.044361098e+00 -3.910563890e+01 -3.910563890e+01 -1.8500e+00 -1.6133e+00 -2.2991e+00 -3.2750e+00 -3.6378e-01
371 0 +6.392595533e+00 -4.075740447e+01 -4.075740447e+01 -9.9820e-01 -1.6241e+00 -2.0406e+00 -3.3944e+00 -3.0729e-01
388 0 +5.961059440e+00 -4.118894056e+01 -4.118894056e+01 -1.2896e+00 -1.8710e+00 -2.0691e+00 -3.3233e+00 -3.3250e-01
420 0 +5.894515154e+00 -4.125548485e+01 -4.125548485e+01 -1.1940e+00 -1.7699e+00 -2.2123e+00 -3.1756e+00 -2.8032e-01
441 0 +5.374555782e+00 -4.177544422e+01 -4.177544422e+01 -1.0846e+00 -1.8211e+00 -2.2337e+00 -3.2219e+00 -4.2402e-01
477 0 +5.289435126e+00 -4.186056487e+01 -4.186056487e+01 -1.0428e+00 -1.7492e+00 -2.0674e+00 -3.3482e+00 -4.2459e-01
478 0 +4.488449516e+00 -4.266155048e+01 -4.266155048e+01 -1.0270e+00 -1.6178e+00 -2.1886e+00 -3.2862e+00 -3.1522e-01
495 0 +4.146197027e+00 -4.300380297e+01 -4.300380297e+01 -9.4165e-01 -1.7305e+00 -2.1556e+00 -3.2870e+00 -3.2639e-01
509 0 +3.449025259e+00 -4.370097474e+01 -4.370097474e+01 -9.1931e-01 -1.6566e+00 -2.1680e+00 -3.3082e+00 -3.1885e-01
514 0 +3.346422589e+00 -4.380357741e+01 -4.380357741e+01 -9.3700e-01 -1.6220e+00 -2.1304e+00 -3.3473e+00 -3.6413e-01
586 0 +3.273972582e+00 -4.387602742e+01 -4.387602742e+01 -7.3625e-01 -1.4855e+00 -2.1109e+00 -3.3062e+00 -4.5361e-01
648 0 +2.964397380e+00 -4.418560262e+01 -4.418560262e+01 -7.0683e-01 -1.4187e+00 -2.0119e+00 -3.2768e+00 -4.6183e-01
656 0 +2.866112344e+00 -4.428388766e+01 -4.428388766e+01 -7.6751e-01 -1.4725e+00 -2.0705e+00 -3.2900e+00 -4.4434e-01
687 0 +2.845814619e+00 -4.430418538e+01 -4.430418538e+01 -7.9694e-01 -1.5158e+00 -2.0539e+00 -3.3124e+00 -3.9356e-01
716 0 +2.721231591e+00 -4.442876841e+01 -4.442876841e+01 -7.7520e-01 -1.5111e+00 -2.1340e+00 -3.2902e+00 -3.7037e-01
740 0 +2.612247498e+00 -4.453775250e+01 -4.453775250e+01 -7.8211e-01 -1.4842e+00 -2.0969e+00 -3.2874e+00 -4.0891e-01
782 0 +2.527500761e+00 -4.462249924e+01 -4.462249924e+01 -7.4653e-01 -1.4350e+00 -2.0735e+00 -3.3135e+00 -3.8350e-01
788 0 +2.441592208e+00 -4.470840779e+01 -4.470840779e+01 -7.6257e-01 -1.4796e+00 -2.0782e+00 -3.2789e+00 -3.9295e-01
801 0 +2.263320523e+00 -4.488667948e+01 -4.488667948e+01 -6.3575e-01 -1.3494e+00 -2.0037e+00 -3.2870e+00 -4.0462e-01
802 0 +2.258808528e+00 -4.489119147e+01 -4.489119147e+01 -6.9998e-01 -1.4231e+00 -2.0238e+00 -3.2646e+00 -3.6345e-01
803 0 +2.211455212e+00 -4.493854479e+01 -4.493854479e+01 -6.8215e-01 -1.3761e+00 -2.0151e+00 -3.2824e+00 -4.0890e-01
828 0 +2.153865126e+00 -4.499613487e+01 -4.499613487e+01 -6.4860e-01 -1.3138e+00 -1.9886e+00 -3.2735e+00 -3.7017e-01
865 0 +2.035035598e+00 -4.511496440e+01 -4.511496440e+01 -5.7890e-01 -1.2391e+00 -1.8579e+00 -3.2605e+00 -3.8246e-01
954 0 +1.986914423e+00 -4.516308558e+01 -4.516308558e+01 -5.8800e-01 -1.2789e+00 -1.9012e+00 -3.2634e+00 -3.6635e-01
1015 0 +1.932412757e+00 -4.521758724e+01 -4.521758724e+01 -5.6015e-01 -1.2543e+00 -1.8885e+00 -3.2419e+00 -3.5795e-01
1040 0 +1.770587610e+00 -4.537941239e+01 -4.537941239e+01 -6.0975e-01 -1.2923e+00 -1.9028e+00 -3.2290e+00 -3.8096e-01
1055 0 +1.662905478e+00 -4.548709452e+01 -4.548709452e+01 -5.7649e-01 -1.2316e+00 -1.8414e+00 -3.2186e+00 -3.7789e-01
1084 0 +1.415869829e+00 -4.573413017e+01 -4.573413017e+01 -5.3821e-01 -1.1576e+00 -1.7836e+00 -3.1643e+00 -3.8406e-01
1136 0 +1.351701837e+00 -4.579829816e+01 -4.579829816e+01 -5.5175e-01 -1.1799e+00 -1.7934e+00 -3.1634e+00 -3.6863e-01
1167 0 +1.291567643e+00 -4.585843236e+01 -4.585843236e+01 -4.8141e-01 -1.1270e+00 -1.7371e+00 -3.1018e+00 -3.3956e-01
1210 0 +1.244339498e+00 -4.590566050e+01 -4.590566050e+01 -5.2239e-01 -1.1395e+00 -1.7640e+00 -3.1361e+00 -3.6667e-01
1212 0 +1.222508166e+00 -4.592749183e+01 -4.592749183e+01 -5.3043e-01 -1.1249e+00 -1.7232e+00 -3.1042e+00 -3.3156e-01
1215 0 +1.159408589e+00 -4.599059141e+01 -4.599059141e+01 -4.8499e-01 -1.1073e+00 -1.6786e+00 -3.0263e+00 -3.3324e-01
% f evaluations | g evaluations | best noise-free fitness - Fopt (3.752000000000e+01) + sum g_i+ | measured fitness | best measured fitness or single-digit g-values | x1 | x2...
1 0 +4.646728069e+04 +4.650480069e+04 +4.650480069e+04 +5.9671e-01 -3.8264e-02 +7.4769e-01 +1.6230e+00 -1.3415e-01
3 0 +8.984841034e+03 +9.022361034e+03 +9.022361034e+03 -3.6342e-01 -3.6573e-01 +3.4196e-01 -1.8133e+00 -1.6249e+00
4 0 +7.310689923e+03 +7.348209923e+03 +7.348209923e+03 -4.6229e-01 -9.1283e-01 +4.1425e-01 -8.0802e-01 -1.3123e+00
6 0 +6.315093124e+03 +6.352613124e+03 +6.352613124e+03 +2.1092e-01 -1.0510e+00 +4.7570e-01 -5.0064e-01 -1.9169e-01
25 0 +3.710894657e+03 +3.748414657e+03 +3.748414657e+03 +8.9103e-01 -8.0939e-01 +1.5028e+00 -1.3019e+00 +6.8686e-01
29 0 +2.751336292e+03 +2.788856292e+03 +2.788856292e+03 +6.0512e-01 -2.0822e+00 +1.3977e-01 -2.0629e+00 -1.5430e+00
31 0 +2.443838387e+03 +2.481358387e+03 +2.481358387e+03 +6.8360e-01 -1.8654e+00 +9.1361e-02 -1.9237e+00 -4.6352e-01
32 0 +1.923892456e+03 +1.961412456e+03 +1.961412456e+03 -1.8032e-02 -3.3705e+00 +5.7103e-01 -1.3001e+00 +3.0679e-01
45 0 +1.783071278e+03 +1.820591278e+03 +1.820591278e+03 +9.9695e-01 -1.4707e+00 +5.9372e-01 -1.8694e+00 +8.1652e-01
53 0 +5.534110378e+02 +5.909310378e+02 +5.909310378e+02 +1.3225e+00 -2.1904e+00 +1.1146e+00 -2.0158e+00 +4.8229e-01
56 0 +5.462386426e+02 +5.837586426e+02 +5.837586426e+02 +1.3398e+00 -2.5841e+00 +7.5109e-01 -1.4972e+00 +1.0827e+00
66 0 +2.606478638e+02 +2.981678638e+02 +2.981678638e+02 +2.4764e+00 -3.2230e+00 +2.6152e+00 -2.7483e+00 +2.1913e+00
74 0 +9.025271599e+01 +1.277727160e+02 +1.277727160e+02 +1.1092e+00 -2.9093e+00 +1.4485e+00 -1.5104e+00 +2.6716e+00
178 0 +4.173995242e+01 +7.925995242e+01 +7.925995242e+01 +1.5413e+00 -2.5848e+00 +2.0903e+00 -2.8039e+00 +2.4174e+00
293 0 +3.462222195e+01 +7.214222195e+01 +7.214222195e+01 +1.3198e+00 -3.1144e+00 +1.9709e+00 -2.0429e+00 +1.8738e+00
296 0 +2.205332540e+01 +5.957332540e+01 +5.957332540e+01 +9.8063e-01 -2.7384e+00 +1.8978e+00 -2.4252e+00 +1.5906e+00
307 0 +1.181891704e+01 +4.933891704e+01 +4.933891704e+01 +1.2310e+00 -2.9201e+00 +1.9007e+00 -2.7311e+00 +2.0482e+00
372 0 +7.496633458e+00 +4.501663346e+01 +4.501663346e+01 +1.8288e+00 -2.6727e+00 +1.9353e+00 -2.5045e+00 +1.9022e+00
411 0 +6.134452360e+00 +4.365445236e+01 +4.365445236e+01 +1.5473e+00 -2.9091e+00 +1.9607e+00 -2.5309e+00 +2.1139e+00
442 0 +5.538005435e+00 +4.305800543e+01 +4.305800543e+01 +1.7461e+00 -2.8692e+00 +1.8056e+00 -2.4548e+00 +2.0904e+00
483 0 +4.573498044e+00 +4.209349804e+01 +4.209349804e+01 +1.4873e+00 -2.9697e+00 +1.9113e+00 -2.5219e+00 +1.9519e+00
513 0 +4.399003964e+00 +4.191900396e+01 +4.191900396e+01 +1.7571e+00 -2.8981e+00 +1.8182e+00 -2.4689e+00 +1.9594e+00
578 0 +4.137229328e+00 +4.165722933e+01 +4.165722933e+01 +1.8416e+00 -2.8794e+00 +1.8996e+00 -2.3833e+00 +1.9658e+00
586 0 +4.100153456e+00 +4.162015346e+01 +4.162015346e+01 +1.5996e+00 -2.9686e+00 +1.9610e+00 -2.4498e+00 +1.9841e+00
599 0 +4.025795239e+00 +4.154579524e+01 +4.154579524e+01 +1.7545e+00 -2.8846e+00 +1.9585e+00 -2.5218e+00 +2.0245e+00
603 0 +3.523078981e+00 +4.104307898e+01 +4.104307898e+01 +1.9362e+00 -2.8029e+00 +1.9002e+00 -2.5102e+00 +2.0361e+00
672 0 +3.411853398e+00 +4.093185340e+01 +4.093185340e+01 +1.8275e+00 -2.8513e+00 +1.9586e+00 -2.4435e+00 +2.0257e+00
681 0 +3.022382939e+00 +4.054238294e+01 +4.054238294e+01 +1.9450e+00 -2.7308e+00 +1.9258e+00 -2.4583e+00 +1.9778e+00
741 0 +3.015580994e+00 +4.053558099e+01 +4.053558099e+01 +1.9254e+00 -2.7630e+00 +1.9355e+00 -2.4402e+00 +2.0268e+00
752 0 +2.880477728e+00 +4.040047773e+01 +4.040047773e+01 +2.0228e+00 -2.6701e+00 +1.9536e+00 -2.4214e+00 +2.0146e+00
756 0 +2.748991693e+00 +4.026899169e+01 +4.026899169e+01 +2.0038e+00 -2.6886e+00 +1.9745e+00 -2.4493e+00 +1.9610e+00
762 0 +2.687582607e+00 +4.020758261e+01 +4.020758261e+01 +2.0632e+00 -2.6600e+00 +2.0037e+00 -2.4928e+00 +1.9780e+00
805 0 +2.658550704e+00 +4.017855070e+01 +4.017855070e+01 +2.1042e+00 -2.6113e+00 +2.0040e+00 -2.4047e+00 +1.9830e+00
808 0 +2.595990677e+00 +4.011599068e+01 +4.011599068e+01 +2.0371e+00 -2.6773e+00 +1.9761e+00 -2.4796e+00 +1.9969e+00
836 0 +2.542395131e+00 +4.006239513e+01 +4.006239513e+01 +2.1356e+00 -2.5836e+00 +2.0090e+00 -2.4715e+00 +2.0064e+00
884 0 +2.531295187e+00 +4.005129519e+01 +4.005129519e+01 +2.0686e+00 -2.6038e+00 +2.0270e+00 -2.4767e+00 +1.9757e+00
886 0 +2.336112607e+00 +3.985611261e+01 +3.985611261e+01 +2.1256e+00 -2.5948e+00 +2.0650e+00 -2.4213e+00 +1.9953e+00
890 0 +1.956235349e+00 +3.947623535e+01 +3.947623535e+01 +2.1644e+00 -2.4951e+00 +2.1195e+00 -2.4222e+00 +2.0167e+00
955 0 +1.843439765e+00 +3.936343977e+01 +3.936343977e+01 +2.1955e+00 -2.4369e+00 +2.1726e+00 -2.3735e+00 +1.9912e+00
984 0 +1.712751472e+00 +3.923275147e+01 +3.923275147e+01 +2.2734e+00 -2.3633e+00 +2.2198e+00 -2.3821e+00 +1.9987e+00
992 0 +1.697640991e+00 +3.921764099e+01 +3.921764099e+01 +2.2398e+00 -2.4280e+00 +2.1895e+00 -2.4005e+00 +2.0004e+00
1025 0 +1.466261477e+00 +3.898626148e+01 +3.898626148e+01 +2.2800e+00 -2.3594e+00 +2.2669e+00 -2.3603e+00 +2.0138e+00
1121 0 +1.400992600e+00 +3.892099260e+01 +3.892099260e+01 +2.3172e+00 -2.2982e+00 +2.3211e+00 -2.2935e+00 +1.9875e+00
1127 0 +1.054785326e+00 +3.857478533e+01 +3.857478533e+01 +2.3350e+00 -2.2645e+00 +2.3890e+00 -2.2296e+00 +2.0240e+00
1170 0 +1.009500631e+00 +3.852950063e+01 +3.852950063e+01 +2.3578e+00 -2.2394e+00 +2.4315e+00 -2.2046e+00 +2.0405e+00
1207 0 +9.484247850e-01 +3.846842479e+01 +3.846842479e+01 +2.3467e+00 -2.2258e+00 +2.4979e+00 -2.0949e+00 +2.1182e+00
% f evaluations | g evaluations | best noise-free fitness - Fopt (6.740000000000e+00) + sum g_i+ | measured fitness | best measured fitness or single-digit g-values | x1 | x2...
1 0 +5.106132103e+03 +5.112872103e+03 +5.112872103e+03 +5.9671e-01 -3.8264e-02 +7.4769e-01 +1.6230e+00 -1.3415e-01
6 0 +4.849111110e+03 +4.855851110e+03 +4.855851110e+03 +2.1092e-01 -1.0510e+00 +4.7570e-01 -5.0064e-01 -1.9169e-01
7 0 +3.185293076e+03 +3.192033076e+03 +3.192033076e+03 -5.0171e-01 +1.9523e+00 +8.6503e-02 -9.5771e-01 +9.2254e-01
8 0 +1.428908416e+03 +1.435648416e+03 +1.435648416e+03 -1.1208e+00 +3.0886e-01 -1.8597e+00 -1.2282e+00 +2.9686e-01
13 0 +1.011266788e+03 +1.018006788e+03 +1.018006788e+03 -3.7917e-01 -8.5659e-02 -1.0063e+00 -1.0962e+00 +9.1253e-01
26 0 +9.596622183e+02 +9.664022183e+02 +9.664022183e+02 +4.3582e-01 +3.9954e-01 -2.3174e+00 +1.6343e+00 -5.6596e-01
29 0 +3.558316680e+02 +3.625716680e+02 +3.625716680e+02 -2.0794e-02 +1.0380e+00 -2.3606e+00 +1.4984e-01 -3.3863e+00
33 0 +2.907499852e+02 +2.974899852e+02 +2.974899852e+02 +3.6299e-01 +4.1215e-01 -1.9823e+00 -3.0109e-01 -1.0143e+00
69 0 +2.587801957e+02 +2.655201957e+02 +2.655201957e+02 +2.4727e-01 +6.4404e-01 -1.7527e+00 -3.2937e-01 -1.0519e+00
105 0 +2.221413779e+02 +2.288813779e+02 +2.288813779e+02 -2.8520e-01 +2.3639e-01 -2.0211e+00 +5.0295e-01 -2.2462e+00
179 0 +1.388085195e+02 +1.455485195e+02 +1.455485195e+02 +3.2552e-01 +8.2293e-01 -1.5807e+00 +8.6449e-01 -2.5345e+00
184 0 +5.847705866e+01 +6.521705866e+01 +6.521705866e+01 +4.0205e-02 +5.3606e-01 -1.5912e+00 +1.2458e+00 -3.0279e+00
203 0 +3.980566364e+01 +4.654566364e+01 +4.654566364e+01 -2.5731e-01 +1.0635e+00 -1.7653e+00 +1.2173e+00 -4.2484e+00
230 0 +3.629666150e+01 +4.303666150e+01 +4.303666150e+01 +8.6588e-01 +8.1466e-01 -1.7491e+00 +9.3630e-01 -4.0328e+00
266 0 +3.519606799e+01 +4.193606799e+01 +4.193606799e+01 -2.2075e-01 +1.1928e+00 -1.3338e+00 +1.0285e+00 -3.6901e+00
267 0 +3.185111377e+01 +3.859111377e+01 +3.859111377e+01 -4.8368e-01 +1.2686e+00 -1.6946e+00 +9.0236e-01 -3.5964e+00
334 0 +1.330620287e+01 +2.004620287e+01 +2.004620287e+01 -3.7373e-01 +8.4678e-01 -1.5035e+00 +1.1789e+00 -3.5819e+00
377 0 +1.330239011e+01 +2.004239011e+01 +2.004239011e+01 +5.5365e-01 +6.9608e-01 -1.6256e+00 +1.2288e+00 -3.4598e+00
380 0 +1.135359293e+01 +1.809359293e+01 +1.809359293e+01 +3.1583e-01 +7.6924e-01 -1.7041e+00 +9.8128e-01 -3.6936e+00
437 0 +1.114186229e+01 +1.788186229e+01 +1.788186229e+01 -2.7896e-02 +8.6487e-01 -1.8015e+00 +1.0931e+00 -3.7868e+00
450 0 +6.089304940e+00 +1.282930494e+01 +1.282930494e+01 +6.4480e-01 +9.7092e-01 -1.5787e+00 +1.1438e+00 -3.6437e+00
532 0 +4.458012183e+00 +1.119801218e+01 +1.119801218e+01 +5.7311e-01 +8.4796e-01 -1.7596e+00 +1.2822e+00 -3.6448e+00
620 0 +3.593766263e+00 +1.033376626e+01 +1.033376626e+01 +7.9796e-01 +9.4560e-01 -1.6554e+00 +1.2193e+00 -3.6939e+00
635 0 +2.751684050e+00 +9.491684050e+00 +9.491684050e+00 +8.2565e-01 +1.1723e+00 -1.4852e+00 +1.2928e+00 -3.7131e+00
835 0 +2.677396367e+00 +9.417396367e+00 +9.417396367e+00 +7.4084e-01 +1.0151e+00 -1.6217e+00 +1.2714e+00 -3.6978e+00
838 0 +2.553430001e+00 +9.293430001e+00 +9.293430001e+00 +7.2990e-01 +9.9513e-01 -1.6073e+00 +1.2769e+00 -3.7130e+00
839 0 +2.487304362e+00 +9.227304362e+00 +9.227304362e+00 +8.0934e-01 +1.1025e+00 -1.5228e+00 +1.3070e+00 -3.6788e+00
888 0 +2.155769266e+00 +8.895769266e+00 +8.895769266e+00 +8.1701e-01 +1.0628e+00 -1.5697e+00 +1.2393e+00 -3.7442e+00
970 0 +2.097540589e+00 +8.837540589e+00 +8.837540589e+00 +9.4017e-01 +1.2344e+00 -1.4488e+00 +1.3657e+00 -3.6761e+00
995 0 +1.845882112e+00 +8.585882112e+00 +8.585882112e+00 +8.8405e-01 +1.1582e+00 -1.4935e+00 +1.2710e+00 -3.7435e+00
1001 0 +1.836205071e+00 +8.576205071e+00 +8.576205071e+00 +9.3254e-01 +1.1867e+00 -1.4371e+00 +1.3223e+00 -3.7028e+00
1004 0 +1.830593151e+00 +8.570593151e+00 +8.570593151e+00 +8.9587e-01 +1.1558e+00 -1.4635e+00 +1.2961e+00 -3.7537e+00
1007 0 +1.782614177e+00 +8.522614177e+00 +8.522614177e+00 +8.9380e-01 +1.2178e+00 -1.4319e+00 +1.3378e+00 -3.7112e+00
1032 0 +1.590143837e+00 +8.330143837e+00 +8.330143837e+00 +9.4024e-01 +1.2499e+00 -1.3398e+00 +1.3676e+00 -3.7358e+00
1034 0 +1.510749433e+00 +8.250749433e+00 +8.250749433e+00 +9.3681e-01 +1.2270e+00 -1.4020e+00 +1.3371e+00 -3.7073e+00
1065 0 +1.440857427e+00 +8.180857427e+00 +8.180857427e+00 +9.5999e-01 +1.2679e+00 -1.3758e+00 +1.4014e+00 -3.7323e+00
1092 0 +1.282000956e+00 +8.022000956e+00 +8.022000956e+00 +9.7614e-01 +1.2821e+00 -1.3564e+00 +1.3898e+00 -3.7143e+00
1121 0 +1.249634711e+00 +7.989634711e+00 +7.989634711e+00 +1.0169e+00 +1.3298e+00 -1.2893e+00 +1.4206e+00 -3.7139e+00
1179 0 +1.240232439e+00 +7.980232439e+00 +7.980232439e+00 +9.8048e-01 +1.2900e+00 -1.3382e+00 +1.3918e+00 -3.7225e+00
1190 0 +1.229061221e+00 +7.969061221e+00 +7.969061221e+00 +9.6212e-01 +1.2803e+00 -1.3380e+00 +1.4101e+00 -3.6913e+00
1205 0 +1.113632405e+00 +7.853632405e+00 +7.853632405e+00 +1.0018e+00 +1.3229e+00 -1.2952e+00 +1.4612e+00 -3.6918e+00
1210 0 +1.091284115e+00 +7.831284115e+00 +7.831284115e+00 +1.0148e+00 +1.3405e+00 -1.2536e+00 +1.4710e+00 -3.7118e+00
1232 0 +1.087937077e+00 +7.827937077e+00 +7.827937077e+00 +9.9772e-01 +1.3265e+00 -1.2979e+00 +1.4394e+00 -3.7047e+00
1240 0 +9.751360020e-01 +7.715136002e+00 +7.715136002e+00 +1.0500e+00 +1.4008e+00 -1.1998e+00 +1.5194e+00 -3.6833e+00
% f evaluations | g evaluations | best noise-free fitness - Fopt (-1.897900000000e+02) + sum g_i+ | measured fitness | best measured fitness or single-digit g-values | x1 | x2...
1 0 +2.350938688e+04 +2.331959688e+04 +2.331959688e+04 +5.9671e-01 -3.8264e-02 +7.4769e-01 +1.6230e+00 -1.3415e-01
2 0 +1.354013827e+03 +1.164223827e+03 +1.164223827e+03 -1.3414e-01 +1.6792e+00 +8.6743e-01 -3.6947e-01 +6.4256e-01
7 0 +8.433664558e+02 +6.535764558e+02 +6.535764558e+02 -5.0171e-01 +1.9523e+00 +8.6503e-02 -9.5771e-01 +9.2254e-01
29 0 +2.833118859e+02 +9.352188592e+01 +9.352188592e+01 -2.5408e+00 +2.0197e+00 +3.0190e+00 -9.1567e-01 +9.2517e-01
38 0 +2.720403187e+02 +8.225031869e+01 +8.225031869e+01 -7.8741e-01 +2.1178e+00 +1.5014e+00 -1.2307e+00 +2.3675e-01
109 0 +4.261010537e+01 -1.471798946e+02 -1.471798946e+02 -2.3984e+00 +1.8066e+00 +1.8583e+00 -1.5945e+00 +6.5884e-01
200 0 +2.807487305e+01 -1.617151270e+02 -1.617151270e+02 -1.7835e+00 +1.5854e+00 +1.9819e+00 -1.9077e+00 +1.4722e+00
201 0 +1.342993101e+01 -1.763600690e+02 -1.763600690e+02 -1.9625e+00 +1.2458e+00 +1.7758e+00 -1.9189e+00 +1.4262e+00
286 0 +1.328154853e+01 -1.765084515e+02 -1.765084515e+02 -2.0549e+00 +1.5736e+00 +1.8132e+00 -1.8446e+00 +1.4253e+00
300 0 +1.130126435e+01 -1.784887356e+02 -1.784887356e+02 -1.8841e+00 +1.2705e+00 +1.9171e+00 -1.6741e+00 +1.2338e+00
354 0 +1.122654199e+01 -1.785634580e+02 -1.785634580e+02 -1.4566e+00 +1.5035e+00 +1.5897e+00 -1.9539e+00 +1.3866e+00
380 0 +1.011874060e+01 -1.796712594e+02 -1.796712594e+02 -1.9820e+00 +1.3369e+00 +1.6939e+00 -1.7536e+00 +9.6705e-01
430 0 +6.314597946e+00 -1.834754021e+02 -1.834754021e+02 -1.2356e+00 +1.5148e+00 +1.5572e+00 -1.7439e+00 +1.1205e+00
433 0 +5.567417824e+00 -1.842225822e+02 -1.842225822e+02 -1.7411e+00 +1.3826e+00 +1.6795e+00 -1.9099e+00 +1.1502e+00
501 0 +5.459537205e+00 -1.843304628e+02 -1.843304628e+02 -1.5016e+00 +1.4354e+00 +1.6622e+00 -1.7838e+00 +1.0694e+00
502 0 +4.963338021e+00 -1.848266620e+02 -1.848266620e+02 -1.4224e+00 +1.4200e+00 +1.6555e+00 -1.8776e+00 +1.0798e+00
510 0 +4.673092511e+00 -1.851169075e+02 -1.851169075e+02 -1.5054e+00 +1.4050e+00 +1.6769e+00 -1.8387e+00 +1.2921e+00
517 0 +4.150310918e+00 -1.856396891e+02 -1.856396891e+02 -1.4645e+00 +1.4729e+00 +1.6978e+00 -1.7885e+00 +1.2220e+00
527 0 +4.100816443e+00 -1.856891836e+02 -1.856891836e+02 -1.3249e+00 +1.5570e+00 +1.7205e+00 -1.8823e+00 +1.1508e+00
607 0 +3.729933008e+00 -1.860600670e+02 -1.860600670e+02 -1.5461e+00 +1.3157e+00 +1.6809e+00 -1.7955e+00 +1.1934e+00
661 0 +3.440643084e+00 -1.863493569e+02 -1.863493569e+02 -1.4004e+00 +1.4146e+00 +1.6983e+00 -1.7811e+00 +1.1566e+00
677 0 +3.196883379e+00 -1.865931166e+02 -1.865931166e+02 -1.3167e+00 +1.5230e+00 +1.7185e+00 -1.7881e+00 +1.2310e+00
702 0 +3.172556510e+00 -1.866174435e+02 -1.866174435e+02 -1.1123e+00 +1.6447e+00 +1.8287e+00 -1.7438e+00 +1.2421e+00
703 0 +2.528429905e+00 -1.872615701e+02 -1.872615701e+02 -1.1490e+00 +1.6309e+00 +1.7705e+00 -1.7721e+00 +1.1854e+00
766 0 +2.148306048e+00 -1.876416940e+02 -1.876416940e+02 -1.0656e+00 +1.7739e+00 +1.8677e+00 -1.8036e+00 +1.2194e+00
897 0 +1.971060675e+00 -1.878189393e+02 -1.878189393e+02 -1.0768e+00 +1.7674e+00 +1.8792e+00 -1.7624e+00 +1.1887e+00
950 0 +1.930051060e+00 -1.878599489e+02 -1.878599489e+02 -1.0635e+00 +1.7659e+00 +1.8795e+00 -1.7586e+00 +1.2061e+00
954 0 +1.925183321e+00 -1.878648167e+02 -1.878648167e+02 -9.5894e-01 +1.9085e+00 +1.9768e+00 -1.7598e+00 +1.2108e+00
957 0 +1.880979715e+00 -1.879090203e+02 -1.879090203e+02 -1.0351e+00 +1.8055e+00 +1.8951e+00 -1.7748e+00 +1.1746e+00
1032 0 +1.770857385e+00 -1.880191426e+02 -1.880191426e+02 -1.0360e+00 +1.8173e+00 +1.9299e+00 -1.7552e+00 +1.1861e+00
1040 0 +1.734889669e+00 -1.880551103e+02 -1.880551103e+02 -9.7449e-01 +1.8756e+00 +1.9480e+00 -1.7270e+00 +1.1989e+00
1054 0 +1.711233764e+00 -1.880787662e+02 -1.880787662e+02 -9.9829e-01 +1.8358e+00 +1.9363e+00 -1.7271e+00 +1.2082e+00
1056 0 +1.710413728e+00 -1.880795863e+02 -1.880795863e+02 -1.0178e+00 +1.8363e+00 +1.9328e+00 -1.7313e+00 +1.1876e+00
1059 0 +1.703525400e+00 -1.880864746e+02 -1.880864746e+02 -9.8752e-01 +1.8563e+00 +1.9486e+00 -1.7568e+00 +1.1923e+00
1072 0 +1.621372901e+00 -1.881686271e+02 -1.881686271e+02 -9.9376e-01 +1.8668e+00 +1.9578e+00 -1.7384e+00 +1.2034e+00
1074 0 +1.587104010e+00 -1.882028960e+02 -1.882028960e+02 -9.8257e-01 +1.8593e+00 +1.9718e+00 -1.7294e+00 +1.1990e+00
1096 0 +1.501971873e+00 -1.882880281e+02 -1.882880281e+02 -9.2920e-01 +1.9468e+00 +2.0382e+00 -1.7027e+00 +1.2109e+00
1152 0 +1.476275238e+00 -1.883137248e+02 -1.883137248e+02 -9.0859e-01 +2.0125e+00 +2.1403e+00 -1.6349e+00 +1.1814e+00
1154 0 +1.341908899e+00 -1.884480911e+02 -1.884480911e+02 -9.0654e-01 +1.9753e+00 +2.0853e+00 -1.6415e+00 +1.1910e+00
1158 0 +1.230216524e+00 -1.885597835e+02 -1.885597835e+02 -9.0792e-01 +1.9806e+00 +2.0952e+00 -1.6511e+00 +1.2155e+00
1234 0 +1.065445580e+00 -1.887245544e+02 -1.887245544e+02 -8.6515e-01 +2.0411e+00 +2.1906e+00 -1.5247e+00 +1.3181e+00
1240 0 +1.054475468e+00 -1.887355245e+02 -1.887355245e+02 -8.9573e-01 +2.0225e+00 +2.1737e+00 -1.5374e+00 +1.2327e+00
1243 0 +1.002225794e+00 -1.887877742e+02 -1.887877742e+02 -9.0346e-01 +2.0196e+00 +2.1729e+00 -1.5271e+00 +1.2620e+00
% f evaluations | g evaluations | best noise-free fitness - Fopt (-2.774000000000e+01) + sum g_i+ | measured fitness | best measured fitness or single-digit g-values | x1 | x2...
1 0 +2.061937789e+04 +2.059163789e+04 +2.059163789e+04 +5.9671e-01 -3.8264e-02 +7.4769e-01 +1.6230e+00 -1.3415e-01
3 0 +1.485038815e+04 +1.482264815e+04 +1.482264815e+04 -3.6342e-01 -3.6573e-01 +3.4196e-01 -1.8133e+00 -1.6249e+00
4 0 +1.046462105e+04 +1.043688105e+04 +1.043688105e+04 -4.6229e-01 -9.1283e-01 +4.1425e-01 -8.0802e-01 -1.3123e+00
6 0 +9.935949731e+03 +9.908209731e+03 +9.908209731e+03 +2.1092e-01 -1.0510e+00 +4.7570e-01 -5.0064e-01 -1.9169e-01
11 0 +7.404505231e+03 +7.376765231e+03 +7.376765231e+03 +4.2408e-01 -2.8508e-01 -5.7692e-01 +7.1168e-01 +1.1310e+00
12 0 +4.403007535e+03 +4.375267535e+03 +4.375267535e+03 +1.0313e+00 -7.3922e-01 -2.0921e-01 +4.3126e-01 +1.0755e+00
26 0 +3.247480556e+03 +3.219740556e+03 +3.219740556e+03 +2.8211e-01 -1.1060e+00 -3.4233e-01 -9.9345e-02 +8.2306e-01
28 0 +1.436963571e+03 +1.409223571e+03 +1.409223571e+03 +1.3108e+00 -1.5241e+00 -1.6544e+00 -2.3220e+00 -6.0539e-01
40 0 +1.068708337e+03 +1.040968337e+03 +1.040968337e+03 -2.0405e-01 -2.4057e+00 -9.9417e-01 -1.2108e+00 +8.2820e-02
41 0 +7.058632514e+02 +6.781232514e+02 +6.781232514e+02 -3.6146e-01 -1.7561e+00 -1.7953e+00 -1.4264e+00 -2.5218e-01
61 0 +2.135394428e+02 +1.857994428e+02 +1.857994428e+02 +1.2020e+00 -2.3728e+00 -2.2012e+00 -9.2731e-01 -5.4906e-01
145 0 +1.707729498e+02 +1.430329498e+02 +1.430329498e+02 -1.1559e+00 -2.8798e+00 -2.8372e+00 -1.4261e+00 +8.4510e-01
160 0 +1.167796923e+02 +8.903969227e+01 +8.903969227e+01 -1.5569e+00 -2.6186e+00 -1.9882e+00 -1.3366e+00 -6.5269e-01
171 0 +1.725330246e+01 -1.048669754e+01 -1.048669754e+01 -8.8367e-01 -2.8871e+00 -2.3416e+00 -1.1790e+00 -1.7437e-01
330 0 +1.556064954e+01 -1.217935046e+01 -1.217935046e+01 -7.7749e-01 -3.1911e+00 -2.3994e+00 -8.5814e-01 -2.2841e-01
356 0 +1.465351829e+01 -1.308648171e+01 -1.308648171e+01 -4.2704e-01 -3.3664e+00 -2.5828e+00 -8.9823e-01 -1.4015e-01
357 0 +1.206541749e+01 -1.567458251e+01 -1.567458251e+01 -9.5606e-01 -3.1570e+00 -2.4336e+00 -1.0531e+00 -3.2513e-01
385 0 +8.120412640e+00 -1.961958736e+01 -1.961958736e+01 -8.9462e-02 -3.4058e+00 -2.5647e+00 -1.2215e+00 -5.1279e-01
421 0 +8.043275587e+00 -1.969672441e+01 -1.969672441e+01 -1.1167e-01 -3.4890e+00 -2.5613e+00 -1.1844e+00 -3.6022e-01
422 0 +6.630431795e+00 -2.110956820e+01 -2.110956820e+01 -3.4820e-01 -3.3058e+00 -2.6702e+00 -1.0604e+00 -2.7832e-01
447 0 +6.380493651e+00 -2.135950635e+01 -2.135950635e+01 -9.7419e-01 -3.0560e+00 -2.4951e+00 -1.0501e+00 -4.0720e-01
455 0 +4.591151961e+00 -2.314884804e+01 -2.314884804e+01 -3.8821e-02 -3.2950e+00 -2.6952e+00 -1.1251e+00 -5.1579e-01
457 0 +4.061280512e+00 -2.367871949e+01 -2.367871949e+01 +1.3407e-01 -3.1644e+00 -2.6678e+00 -1.0358e+00 -4.2752e-01
507 0 +3.969118032e+00 -2.377088197e+01 -2.377088197e+01 -9.9327e-02 -3.3480e+00 -2.7576e+00 -1.1203e+00 -3.8004e-01
646 0 +3.705471826e+00 -2.403452817e+01 -2.403452817e+01 -1.2268e-01 -3.3534e+00 -2.6563e+00 -1.1564e+00 -3.9586e-01
661 0 +3.075307034e+00 -2.466469297e+01 -2.466469297e+01 +1.4293e-01 -3.1056e+00 -2.6166e+00 -1.1402e+00 -4.3979e-01
727 0 +2.865474605e+00 -2.487452539e+01 -2.487452539e+01 +1.8119e-01 -3.0671e+00 -2.6077e+00 -1.1146e+00 -4.0188e-01
782 0 +2.478096092e+00 -2.526190391e+01 -2.526190391e+01 +2.3689e-01 -3.0433e+00 -2.6011e+00 -1.1297e+00 -4.1783e-01
841 0 +2.474574785e+00 -2.526542522e+01 -2.526542522e+01 +3.1375e-01 -2.9673e+00 -2.5763e+00 -1.1099e+00 -3.8720e-01
845 0 +2.404863034e+00 -2.533513697e+01 -2.533513697e+01 +2.7562e-01 -2.9910e+00 -2.5302e+00 -1.1454e+00 -3.7903e-01
926 0 +2.200175538e+00 -2.553982446e+01 -2.553982446e+01 +3.6538e-01 -2.9441e+00 -2.5050e+00 -1.1140e+00 -3.7543e-01
979 0 +2.042340854e+00 -2.569765915e+01 -2.569765915e+01 +3.3287e-01 -2.9185e+00 -2.4941e+00 -1.1136e+00 -4.1026e-01
1013 0 +2.008561484e+00 -2.573143852e+01 -2.573143852e+01 +4.2360e-01 -2.8720e+00 -2.4236e+00 -1.0401e+00 -3.8073e-01
1018 0 +1.788519364e+00 -2.595148064e+01 -2.595148064e+01 +4.5997e-01 -2.7684e+00 -2.3568e+00 -1.0687e+00 -4.1126e-01
1069 0 +1.705419152e+00 -2.603458085e+01 -2.603458085e+01 +3.8169e-01 -2.8788e+00 -2.4304e+00 -1.0713e+00 -4.0264e-01
1090 0 +1.567204986e+00 -2.617279501e+01 -2.617279501e+01 +4.0996e-01 -2.8077e+00 -2.3649e+00 -1.0371e+00 -3.7727e-01
1172 0 +1.428261961e+00 -2.631173804e+01 -2.631173804e+01 +4.8416e-01 -2.7657e+00 -2.2935e+00 -9.7697e-01 -3.6710e-01
1195 0 +1.256568174e+00 -2.648343183e+01 -2.648343183e+01 +4.6803e-01 -2.7410e+00 -2.2541e+00 -9.6883e-01 -3.6612e-01
1201 0 +1.153714456e+00 -2.658628554e+01 -2.658628554e+01 +4.9576e-01 -2.7255e+00 -2.2663e+00 -9.5640e-01 -3.6208e-01
1204 0 +1.139480685e+00 -2.660051931e+01 -2.660051931e+01 +5.5089e-01 -2.6519e+00 -2.1729e+00 -8.9443e-01 -3.4471e-01
1223 0 +1.015904218e+00 -2.672409578e+01 -2.672409578e+01 +5.0080e-01 -2.7044e+00 -2.2276e+00 -9.0139e-01 -3.3674e-01
1227 0 +9.838767422e-01 -2.675612326e+01 -2.675612326e+01 +5.6624e-01 -2.6025e+00 -2.1167e+00 -7.6212e-01 -2.7321e-01
% f evaluations | g evaluations | best noise-free fitness - Fopt (6.930000000000e+00) + sum g_i+ | measured fitness | best measured fitness or single-digit g-values | x1 | x2...
1 0 +2.984967890e+04 +2.985660890e+04 +2.985660890e+04 +5.9671e-01 -3.8264e-02 +7.4769e-01 +1.6230e+00 -1.3415e-01
2 0 +3.516634433e+03 +3.523564433e+03 +3.523564433e+03 -1.3414e-01 +1.6792e+00 +8.6743e-01 -3.6947e-01 +6.4256e-01
3 0 +2.249726026e+03 +2.256656026e+03 +2.256656026e+03 -3.6342e-01 -3.6573e-01 +3.4196e-01 -1.8133e+00 -1.6249e+00
7 0 +4.765652402e+02 +4.834952402e+02 +4.834952402e+02 -5.0171e-01 +1.9523e+00 +8.6503e-02 -9.5771e-01 +9.2254e-01
8 0 +2.550281311e+02 +2.619581311e+02 +2.619581311e+02 -1.1208e+00 +3.0886e-01 -1.8597e+00 -1.2282e+00 +2.9686e-01
29 0 +2.508618240e+02 +2.577918240e+02 +2.577918240e+02 -1.4868e+00 -1.6621e-01 -1.9733e+00 -1.2930e+00 +1.6926e+00
30 0 +1.184029618e+02 +1.253329618e+02 +1.253329618e+02 -1.0607e+00 +1.4232e+00 -1.5925e+00 -2.0296e+00 -1.5317e-02
52 0 +4.451292285e+01 +5.144292285e+01 +5.144292285e+01 -8.7955e-01 +9.3128e-01 -9.8915e-01 -1.6613e+00 +6.9575e-01
166 0 +3.156736650e+01 +3.849736650e+01 +3.849736650e+01 -1.3603e+00 +4.9051e-01 -1.3118e+00 -2.5806e+00 +4.1188e-03
219 0 +3.142693346e+01 +3.835693346e+01 +3.835693346e+01 -1.3722e+00 +5.7905e-01 -1.4111e+00 -1.9735e+00 -1.8467e-01
224 0 +2.116936834e+01 +2.809936834e+01 +2.809936834e+01 -1.6485e+00 +8.3258e-01 -1.3970e+00 -2.3205e+00 +1.3842e-01
254 0 +8.626821228e+00 +1.555682123e+01 +1.555682123e+01 -1.9510e+00 +7.1413e-01 -1.7779e+00 -2.2940e+00 -1.8185e-02
333 0 +7.772572844e+00 +1.470257284e+01 +1.470257284e+01 -1.8780e+00 +8.4424e-01 -1.4687e+00 -2.3183e+00 -1.3477e-01
335 0 +5.752625802e+00 +1.268262580e+01 +1.268262580e+01 -1.2977e+00 +5.4241e-01 -1.6422e+00 -2.4063e+00 +9.9360e-03
368 0 +5.747572267e+00 +1.267757227e+01 +1.267757227e+01 -1.5558e+00 +4.9222e-01 -1.7488e+00 -2.3868e+00 -2.1444e-01
395 0 +4.796766350e+00 +1.172676635e+01 +1.172676635e+01 -1.3007e+00 +5.2020e-01 -1.6722e+00 -2.3162e+00 -1.2084e-01
478 0 +4.631190448e+00 +1.156119045e+01 +1.156119045e+01 -1.2081e+00 +4.9050e-01 -1.7431e+00 -2.4073e+00 -1.0222e-01
592 0 +4.410682492e+00 +1.134068249e+01 +1.134068249e+01 -1.4779e+00 +5.9849e-01 -1.6877e+00 -2.4155e+00 -1.2497e-01
602 0 +3.905383277e+00 +1.083538328e+01 +1.083538328e+01 -1.2533e+00 +5.4057e-01 -1.7029e+00 -2.3927e+00 -7.2634e-02
733 0 +3.535622143e+00 +1.046562214e+01 +1.046562214e+01 -1.2097e+00 +5.9302e-01 -1.6767e+00 -2.4158e+00 -1.1937e-01
813 0 +3.308559785e+00 +1.023855979e+01 +1.023855979e+01 -1.1301e+00 +6.4848e-01 -1.7035e+00 -2.4063e+00 -1.3008e-01
835 0 +3.100778210e+00 +1.003077821e+01 +1.003077821e+01 -1.0462e+00 +7.0806e-01 -1.6705e+00 -2.3974e+00 -1.4016e-01
887 0 +3.072797157e+00 +1.000279716e+01 +1.000279716e+01 -9.9658e-01 +7.2085e-01 -1.6690e+00 -2.3878e+00 -7.7429e-02
938 0 +3.068651951e+00 +9.998651951e+00 +9.998651951e+00 -9.2646e-01 +7.4871e-01 -1.6999e+00 -2.4004e+00 -1.2245e-01
944 0 +2.848575507e+00 +9.778575507e+00 +9.778575507e+00 -9.7130e-01 +7.4785e-01 -1.6792e+00 -2.4061e+00 -1.3357e-01
963 0 +2.804935812e+00 +9.734935812e+00 +9.734935812e+00 -9.1126e-01 +7.7269e-01 -1.6697e+00 -2.4074e+00 -1.1288e-01
999 0 +2.722110787e+00 +9.652110787e+00 +9.652110787e+00 -8.9720e-01 +7.9551e-01 -1.6601e+00 -2.3961e+00 -1.2922e-01
1031 0 +2.610695347e+00 +9.540695347e+00 +9.540695347e+00 -8.9579e-01 +8.2989e-01 -1.6401e+00 -2.4014e+00 -9.6747e-02
1053 0 +2.581904873e+00 +9.511904873e+00 +9.511904873e+00 -8.8951e-01 +8.2971e-01 -1.5921e+00 -2.3869e+00 -1.3728e-01
1065 0 +2.580265664e+00 +9.510265664e+00 +9.510265664e+00 -9.0521e-01 +8.2973e-01 -1.6220e+00 -2.4172e+00 -1.2767e-01
1071 0 +2.424688033e+00 +9.354688033e+00 +9.354688033e+00 -8.6474e-01 +8.7258e-01 -1.6024e+00 -2.3824e+00 -1.2224e-01
1097 0 +2.365662697e+00 +9.295662697e+00 +9.295662697e+00 -7.9810e-01 +9.0174e-01 -1.5752e+00 -2.3718e+00 -1.2706e-01
1104 0 +1.994060689e+00 +8.924060689e+00 +8.924060689e+00 -7.4185e-01 +1.0059e+00 -1.5110e+00 -2.3579e+00 -9.8632e-02
1140 0 +1.865132057e+00 +8.795132057e+00 +8.795132057e+00 -7.2865e-01 +1.0200e+00 -1.4819e+00 -2.3460e+00 -1.3072e-01
1207 0 +1.838554305e+00 +8.768554305e+00 +8.768554305e+00 -6.6498e-01 +1.1360e+00 -1.4034e+00 -2.2977e+00 -1.0025e-01
1209 0 +1.774656494e+00 +8.704656494e+00 +8.704656494e+00 -6.8269e-01 +1.0705e+00 -1.4005e+00 -2.3085e+00 -1.4139e-01
1229 0 +1.663311689e+00 +8.593311689e+00 +8.593311689e+00 -6.6725e-01 +1.1354e+00 -1.3201e+00 -2.2868e+00 -1.4211e-01
1231 0 +1.518249181e+00 +8.448249181e+00 +8.448249181e+00 -6.2113e-01 +1.1597e+00 -1.2989e+00 -2.2811e+00 -1.0195e-01
% f evaluations | g evaluations | best noise-free fitness - Fopt (-4.456000000000e+01) + sum g_i+ | measured fitness | best measured fitness or single-digit g-values | x1 | x2...
1 0 +1.631080654e+04 +1.626624654e+04 +1.626624654e+04 +5.9671e-01 -3.8264e-02 +7.4769e-01 +1.6230e+00 -1.3415e-01
3 0 +3.940281560e+03 +3.895721560e+03 +3.895721560e+03 -3.6342e-01 -3.6573e-01 +3.4196e-01 -1.8133e+00 -1.6249e+00
4 0 +1.650660482e+03 +1.606100482e+03 +1.606100482e+03 -4.6229e-01 -9.1283e-01 +4.1425e-01 -8.0802e-01 -1.3123e+00
6 0 +1.218361334e+03 +1.173801334e+03 +1.173801334e+03 +2.1092e-01 -1.0510e+00 +4.7570e-01 -5.0064e-01 -1.9169e-01
25 0 +1.141468069e+03 +1.096908069e+03 +1.096908069e+03 +8.9103e-01 -8.0939e-01 +1.5028e+00 -1.3019e+00 +6.8686e-01
27 0 +7.798455889e+02 +7.352855889e+02 +7.352855889e+02 -7.2898e-01 -1.3455e+00 +1.8008e-02 -1.6619e+00 -7.7236e-01
34 0 +7.396108468e+02 +6.950508468e+02 +6.950508468e+02 +5.9679e-01 -2.3904e+00 +5.6887e-01 -1.5263e+00 +1.4304e+00
46 0 +3.831146853e+02 +3.385546853e+02 +3.385546853e+02 +8.1725e-01 -2.5021e+00 +1.0737e+00 -2.1573e+00 +4.4697e-01
49 0 +2.410814937e+02 +1.965214937e+02 +1.965214937e+02 -1.0234e+00 -3.1075e+00 +1.4894e+00 -1.7868e+00 -1.2667e+00
54 0 +2.329261958e+02 +1.883661958e+02 +1.883661958e+02 -1.7260e-01 -2.7716e+00 -3.9821e-01 -1.5822e+00 -2.0098e+00
83 0 +1.901491444e+02 +1.455891444e+02 +1.455891444e+02 -1.0033e-01 -2.7009e+00 +9.6185e-02 -1.9175e-01 +1.0736e+00
153 0 +6.424804687e+01 +1.968804687e+01 +1.968804687e+01 -5.8804e-01 -2.9076e+00 +1.2382e+00 -1.6083e+00 -1.4326e+00
193 0 +3.537954842e+01 -9.180451579e+00 -9.180451579e+00 -1.5766e-02 -2.4708e+00 +4.4673e-01 -1.2408e+00 -1.2838e+00
197 0 +8.490141949e+00 -3.606985805e+01 -3.606985805e+01 +1.6649e-01 -2.3656e+00 +6.7108e-01 -1.5463e+00 -1.2294e+00
356 0 +5.692095672e+00 -3.886790433e+01 -3.886790433e+01 +4.2350e-01 -2.4026e+00 +8.1368e-01 -1.7050e+00 -1.2330e+00
360 0 +4.560053407e+00 -3.999994659e+01 -3.999994659e+01 -3.6712e-02 -2.6908e+00 +5.6412e-01 -1.7854e+00 -1.2586e+00
434 0 +3.316665956e+00 -4.124333404e+01 -4.124333404e+01 +2.1661e-01 -2.5667e+00 +6.3282e-01 -1.6795e+00 -1.3048e+00
481 0 +3.156772783e+00 -4.140322722e+01 -4.140322722e+01 +2.3723e-01 -2.4914e+00 +6.7870e-01 -1.7002e+00 -1.2230e+00
534 0 +2.704905022e+00 -4.185509498e+01 -4.185509498e+01 +3.0884e-01 -2.4431e+00 +6.4664e-01 -1.6831e+00 -1.2807e+00
564 0 +2.696126651e+00 -4.186387335e+01 -4.186387335e+01 +3.1958e-01 -2.4270e+00 +6.4914e-01 -1.7033e+00 -1.2743e+00
618 0 +2.632995885e+00 -4.192700412e+01 -4.192700412e+01 +4.1430e-01 -2.3366e+00 +7.9826e-01 -1.6463e+00 -1.2988e+00
619 0 +2.605630004e+00 -4.195437000e+01 -4.195437000e+01 +3.9385e-01 -2.3425e+00 +7.1185e-01 -1.7250e+00 -1.3008e+00
643 0 +2.247465684e+00 -4.231253432e+01 -4.231253432e+01 +4.4008e-01 -2.2986e+00 +7.6105e-01 -1.6574e+00 -1.2748e+00
687 0 +2.165799202e+00 -4.239420080e+01 -4.239420080e+01 +4.3929e-01 -2.2780e+00 +8.2687e-01 -1.6097e+00 -1.2838e+00
701 0 +2.116804247e+00 -4.244319575e+01 -4.244319575e+01 +4.6088e-01 -2.2489e+00 +8.0024e-01 -1.6436e+00 -1.2390e+00
740 0 +1.849202968e+00 -4.271079703e+01 -4.271079703e+01 +4.8608e-01 -2.1602e+00 +8.7731e-01 -1.6246e+00 -1.2531e+00
788 0 +1.743546523e+00 -4.281645348e+01 -4.281645348e+01 +4.8820e-01 -2.1570e+00 +8.8826e-01 -1.6086e+00 -1.2565e+00
843 0 +1.682616382e+00 -4.287738362e+01 -4.287738362e+01 +5.0594e-01 -2.1616e+00 +9.2743e-01 -1.5846e+00 -1.2276e+00
869 0 +1.467418635e+00 -4.309258136e+01 -4.309258136e+01 +5.6994e-01 -2.0962e+00 +9.8817e-01 -1.5633e+00 -1.2420e+00
887 0 +1.453741347e+00 -4.310625865e+01 -4.310625865e+01 +5.2283e-01 -2.1261e+00 +9.4788e-01 -1.5922e+00 -1.2700e+00
926 0 +1.449500845e+00 -4.311049915e+01 -4.311049915e+01 +5.4658e-01 -2.1179e+00 +9.8134e-01 -1.5172e+00 -1.2549e+00
928 0 +1.370247355e+00 -4.318975264e+01 -4.318975264e+01 +5.5826e-01 -2.1051e+00 +9.7480e-01 -1.5641e+00 -1.2624e+00
951 0 +1.323426476e+00 -4.323657352e+01 -4.323657352e+01 +5.8545e-01 -2.0433e+00 +1.0142e+00 -1.5370e+00 -1.2467e+00
954 0 +1.276849668e+00 -4.328315033e+01 -4.328315033e+01 +5.6438e-01 -2.0804e+00 +9.9206e-01 -1.5538e+00 -1.2605e+00
956 0 +1.255958927e+00 -4.330404107e+01 -4.330404107e+01 +6.1536e-01 -2.0360e+00 +1.0586e+00 -1.4747e+00 -1.2292e+00
977 0 +1.101083506e+00 -4.345891649e+01 -4.345891649e+01 +6.1857e-01 -1.9976e+00 +1.0792e+00 -1.4664e+00 -1.2227e+00
1014 0 +9.584343206e-01 -4.360156568e+01 -4.360156568e+01 +6.5535e-01 -1.9250e+00 +1.1873e+00 -1.3815e+00 -1.1842e+00
1112 0 +8.942310086e-01 -4.366576899e+01 -4.366576899e+01 +6.0444e-01 -2.0043e+00 +1.1272e+00 -1.4240e+00 -1.1940e+00
1125 0 +7.934759761e-01 -4.376652402e+01 -4.376652402e+01 +6.5755e-01 -1.9174e+00 +1.2317e+00 -1.3206e+00 -1.1730e+00
1206 0 +7.261692237e-01 -4.383383078e+01 -4.383383078e+01 +6.4860e-01 -1.9391e+00 +1.1840e+00 -1.3632e+00 -1.1660e+00
1211 0 +7.181493499e-01 -4.384185065e+01 -4.384185065e+01 +6.5566e-01 -1.9330e+00 +1.2053e+00 -1.3402e+00 -1.1715e+00
1227 0 +5.443793743e-01 -4.401562063e+01 -4.401562063e+01 +6.4796e-01 -1.9219e+00 +1.2280e+00 -1.2992e+00 -1.1224e+00
