% f evaluations | g evaluations | best noise-free fitness - Fopt (-6.211100000000e+02) + sum g_i+ | measured fitness | best measured fitness or single-digit g-values | x1 | x2...
1 0 +7.457005122e+07 +7.456943011e+07 +7.456943011e+07 +5.9671e-01 -3.8264e-02 +7.4769e-01 +1.6230e+00 -1.3415e-01 -1.3414e-01 +1.6792e+00 +8.6743e-01 -3.6947e-01 +6.4256e-01
3 0 +6.478858654e+07 +6.478796543e+07 +6.478796543e+07 +1.5656e+00 -1.2578e-01 +1.6753e-01 -1.3247e+00 -4.4438e-01 +2.1092e-01 -1.0510e+00 +4.7570e-01 -5.0064e-01 -1.9169e-01
4 0 +2.549752750e+07 +2.549690639e+07 +2.549690639e+07 -5.0171e-01 +1.9523e+00 +8.6503e-02 -9.5771e-01 +9.2254e-01 -1.1208e+00 +3.0886e-01 -1.8597e+00 -1.2282e+00 +2.9686e-01
51 0 +2.238622914e+07 +2.238560803e+07 +2.238560803e+07 -7.5361e-01 +2.6937e+00 +1.4047e+00 -7.3609e-01 +2.4504e+00 -3.1652e+00 +2.3240e+00 -6.6413e-01 +1.1318e+00 -1.1805e+00
53 0 +1.899647057e+07 +1.899584946e+07 +1.899584946e+07 +1.0955e+00 +4.6895e+00 +3.4953e-01 -6.0745e-01 +1.8357e-01 -6.3061e-01 +1.5025e+00 +3.3760e-01 +2.1735e-01 +3.7927e-01
54 0 +1.419216532e+07 +1.419154421e+07 +1.419154421e+07 -9.5698e-01 +4.1165e+00 -6.4112e-01 -1.7148e+00 -5.3159e-02 -4.7283e-01 +6.0610e-01 -3.8883e-01 +5.9812e-01 +2.2720e+00
110 0 +7.745353205e+06 +7.744732095e+06 +7.744732095e+06 +7.2501e-01 +3.6316e+00 +4.4205e-01 -2.0588e+00 +3.7975e-01 -1.4833e+00 +4.2158e-01 -3.7859e-01 +1.1779e+00 -1.3203e+00
205 0 +7.481369504e+06 +7.480748394e+06 +7.480748394e+06 -9.9454e-01 +3.8726e+00 -4.4070e-01 -4.0332e+00 +6.5869e-01 +7.9230e-01 +4.8481e-01 -1.4773e+00 +1.7907e+00 +1.6699e-01
301 0 +6.000307199e+06 +5.999686089e+06 +5.999686089e+06 +2.5801e-02 +3.4114e+00 +9.2619e-01 -2.4418e+00 -5.5791e-02 -3.1099e+00 +9.0263e-01 -1.2265e+00 +1.1503e+00 -1.2245e+00
351 0 +5.749982529e+06 +5.749361419e+06 +5.749361419e+06 -6.0719e-01 +2.6666e+00 +1.0105e-01 -2.5871e+00 -1.4145e+00 -1.5953e+00 +6.7998e-01 +1.3794e-03 +6.6264e-01 -3.2269e-01
352 0 +3.853815151e+06 +3.853194041e+06 +3.853194041e+06 -1.4229e+00 +4.6746e+00 -8.9362e-01 -3.1057e+00 +1.0408e+00 -9.4620e-02 +1.0708e+00 -2.0169e+00 +2.0039e+00 -9.0971e-01
452 0 +3.243718216e+06 +3.243097106e+06 +3.243097106e+06 -6.5763e-01 +3.7737e+00 -7.1903e-01 -4.9417e+00 -4.9025e-01 -1.5894e+00 +4.0700e-01 -8.4095e-01 +1.3295e+00 -2.1950e-01
453 0 +3.191650954e+06 +3.191029844e+06 +3.191029844e+06 -3.7046e-01 +3.4017e+00 -1.7378e-01 -3.0811e+00 -5.9566e-01 -2.6393e+00 +1.6597e+00 -2.6064e-01 +2.1681e+00 -6.6961e-01
455 0 +3.131157847e+06 +3.130536737e+06 +3.130536737e+06 -9.3596e-02 +3.6635e+00 -9.1384e-01 -2.8599e+00 +1.4092e+00 -1.9797e+00 +7.8164e-01 -1.1425e-01 +2.4550e+00 -8.9997e-01
501 0 +1.979402652e+06 +1.978781542e+06 +1.978781542e+06 -1.3949e+00 +4.6132e+00 +5.4321e-01 -3.5811e+00 +2.2844e-01 -1.9739e+00 +1.2778e+00 -1.8463e+00 +1.4069e+00 -3.5511e-01
601 0 +6.366988032e+05 +6.360776932e+05 +6.360776932e+05 -6.5595e-01 +3.9858e+00 -4.8581e-01 -3.7734e+00 +1.8243e-01 -2.0755e+00 +1.0310e+00 -8.7209e-01 +7.6764e-01 -1.8880e-01
701 0 +2.018172688e+05 +2.011961588e+05 +2.011961588e+05 -8.4464e-01 +4.0218e+00 +2.3439e-01 -3.6614e+00 +3.0313e-02 -1.8395e+00 +1.4117e+00 -9.0040e-01 +1.2703e+00 -5.3774e-01
851 0 +1.938292892e+05 +1.932081792e+05 +1.932081792e+05 -8.8638e-01 +3.7521e+00 -1.6308e-01 -3.6019e+00 -7.4693e-02 -2.2262e+00 +1.2313e+00 -6.3787e-01 +1.0887e+00 -1.7425e-01
901 0 +1.613393818e+05 +1.607182718e+05 +1.607182718e+05 -8.4930e-01 +3.8442e+00 -1.1193e-01 -3.9729e+00 -3.4379e-01 -2.2140e+00 +1.5327e+00 -9.2910e-01 +1.0545e+00 -3.7082e-01
951 0 +1.002284409e+05 +9.960733095e+04 +9.960733095e+04 -8.8139e-01 +4.0619e+00 -1.3503e-01 -3.7241e+00 -2.7406e-01 -2.2270e+00 +1.2625e+00 -9.0297e-01 +1.3299e+00 -3.5112e-01
1001 0 +7.327574637e+04 +7.265463637e+04 +7.265463637e+04 -1.0817e+00 +3.8634e+00 +1.1615e-01 -3.6389e+00 -3.4049e-01 -1.9597e+00 +1.4560e+00 -6.7855e-01 +1.1446e+00 -2.2311e-01
1101 0 +5.546885160e+04 +5.484774160e+04 +5.484774160e+04 -9.3054e-01 +3.9602e+00 -4.9095e-02 -3.7891e+00 -1.5645e-01 -2.0109e+00 +1.2531e+00 -6.3030e-01 +1.2005e+00 -1.6469e-01
1151 0 +4.191571365e+04 +4.129460365e+04 +4.129460365e+04 -9.5771e-01 +4.0258e+00 +4.2303e-02 -3.8830e+00 -2.7527e-01 -2.1266e+00 +1.5076e+00 -6.8928e-01 +1.1363e+00 -2.9788e-01
1152 0 +3.918593902e+04 +3.856482902e+04 +3.856482902e+04 -8.4960e-01 +3.9594e+00 +8.3860e-02 -3.7714e+00 -1.2461e-01 -2.0580e+00 +1.4267e+00 -7.6936e-01 +1.2990e+00 -2.5560e-01
1201 0 +3.280895453e+04 +3.218784453e+04 +3.218784453e+04 -7.4447e-01 +4.0240e+00 +1.3275e-01 -3.8912e+00 -6.1007e-01 -2.1511e+00 +1.4428e+00 -7.3340e-01 +1.1037e+00 -2.1109e-01
1251 0 +2.230135049e+04 +2.168024049e+04 +2.168024049e+04 -9.3875e-01 +3.9338e+00 +5.4380e-02 -3.7455e+00 -2.8936e-01 -2.0628e+00 +1.4603e+00 -7.4770e-01 +1.1089e+00 -2.1930e-01
1305 0 +2.226619229e+04 +2.164508229e+04 +2.164508229e+04 -9.0420e-01 +3.9360e+00 +1.3408e-01 -3.7358e+00 -3.0767e-01 -2.0745e+00 +1.3444e+00 -7.2906e-01 +1.2220e+00 -1.9140e-01
1306 0 +2.052691331e+04 +1.990580331e+04 +1.990580331e+04 -9.5761e-01 +4.0451e+00 +4.4595e-02 -3.7880e+00 -3.2422e-01 -2.0726e+00 +1.4077e+00 -6.2503e-01 +1.1873e+00 -3.2681e-01
1401 0 +7.513326546e+03 +6.892216546e+03 +6.892216546e+03 -9.4762e-01 +3.9900e+00 +1.3649e-01 -3.8201e+00 -3.7866e-01 -2.0134e+00 +1.3452e+00 -7.0368e-01 +1.1985e+00 -3.3045e-01
1501 0 +2.516193618e+03 +1.895083618e+03 +1.895083618e+03 -9.4222e-01 +4.0111e+00 +8.3356e-02 -3.7706e+00 -3.0182e-01 -2.0525e+00 +1.3302e+00 -7.6518e-01 +1.1961e+00 -3.5860e-01
1702 0 +1.962012122e+03 +1.340902122e+03 +1.340902122e+03 -9.2130e-01 +3.9603e+00 +1.0094e-01 -3.7629e+00 -3.9805e-01 -2.0913e+00 +1.3708e+00 -7.2937e-01 +1.1653e+00 -3.1550e-01
1751 0 +1.642645819e+03 +1.021535819e+03 +1.021535819e+03 -9.1649e-01 +4.0026e+00 +1.2611e-01 -3.8039e+00 -4.3904e-01 -2.0943e+00 +1.3917e+00 -7.4967e-01 +1.1461e+00 -2.8682e-01
1801 0 +9.786442842e+02 +3.575342842e+02 +3.575342842e+02 -9.1634e-01 +3.9843e+00 +1.5353e-01 -3.7860e+00 -4.2421e-01 -2.0860e+00 +1.3935e+00 -7.3356e-01 +1.1778e+00 -3.1946e-01
1802 0 +8.374026318e+02 +2.162926318e+02 +2.162926318e+02 -9.1813e-01 +3.9972e+00 +1.3134e-01 -3.7854e+00 -4.1478e-01 -2.0894e+00 +1.3879e+00 -7.4974e-01 +1.1757e+00 -3.1960e-01
1855 0 +6.096929132e+02 -1.141708676e+01 -1.141708676e+01 -8.9078e-01 +4.0016e+00 +1.6051e-01 -3.8154e+00 -4.7469e-01 -2.1036e+00 +1.3909e+00 -7.4449e-01 +1.1419e+00 -3.0706e-01
1901 0 +5.541426375e+02 -6.696736251e+01 -6.696736251e+01 -9.0824e-01 +3.9935e+00 +1.2929e-01 -3.7738e+00 -3.9534e-01 -2.0764e+00 +1.3744e+00 -7.4936e-01 +1.1674e+00 -2.9346e-01
1956 0 +1.133241865e+02 -5.077858135e+02 -5.077858135e+02 -9.3344e-01 +3.9895e+00 +7.6576e-02 -3.7570e+00 -3.2880e-01 -2.0512e+00 +1.3464e+00 -7.4226e-01 +1.1915e+00 -3.1914e-01
2203 0 +1.116480248e+02 -5.094619752e+02 -5.094619752e+02 -9.1221e-01 +3.9950e+00 +1.1798e-01 -3.7775e+00 -3.9962e-01 -2.0652e+00 +1.3752e+00 -7.3568e-01 +1.1764e+00 -3.1502e-01
2225 0 +8.719517905e+01 -5.339148210e+02 -5.339148210e+02 -9.1668e-01 +3.9919e+00 +1.1397e-01 -3.7653e+00 -3.8493e-01 -2.0698e+00 +1.3674e+00 -7.3706e-01 +1.1759e+00 -3.1379e-01
2301 0 +7.500876315e+01 -5.461012369e+02 -5.461012369e+02 -9.1783e-01 +3.9963e+00 +1.2128e-01 -3.7754e+00 -3.8844e-01 -2.0597e+00 +1.3675e+00 -7.3840e-01 +1.1763e+00 -3.1573e-01
2303 0 +7.338907325e+01 -5.477209268e+02 -5.477209268e+02 -9.1184e-01 +3.9867e+00 +1.2890e-01 -3.7767e+00 -4.0152e-01 -2.0725e+00 +1.3682e+00 -7.4239e-01 +1.1741e+00 -3.1628e-01
2314 0 +5.822760096e+01 -5.628823990e+02 -5.628823990e+02 -9.2821e-01 +3.9904e+00 +8.9634e-02 -3.7557e+00 -3.4406e-01 -2.0570e+00 +1.3589e+00 -7.4334e-01 +1.1889e+00 -3.2206e-01
2351 0 +4.204742202e+01 -5.790625780e+02 -5.790625780e+02 -9.1745e-01 +3.9968e+00 +1.1393e-01 -3.7717e+00 -3.8412e-01 -2.0620e+00 +1.3615e+00 -7.4217e-01 +1.1768e+00 -3.1179e-01
2402 0 +2.994520120e+01 -5.911647988e+02 -5.911647988e+02 -9.2469e-01 +3.9972e+00 +9.5120e-02 -3.7659e+00 -3.6030e-01 -2.0554e+00 +1.3581e+00 -7.4123e-01 +1.1843e+00 -3.1745e-01
2456 0 +1.803071909e+01 -6.030792809e+02 -6.030792809e+02 -9.1539e-01 +3.9945e+00 +1.1711e-01 -3.7735e+00 -3.8805e-01 -2.0682e+00 +1.3638e+00 -7.3755e-01 +1.1780e+00 -3.1690e-01
% f evaluations | g evaluations | best noise-free fitness - Fopt (-2.548200000000e+02) + sum g_i+ | measured fitness | best measured fitness or single-digit g-values | x1 | x2...
1 0 +1.280983798e+08 +1.280981250e+08 +1.280981250e+08 +5.9671e-01 -3.8264e-02 +7.4769e-01 +1.6230e+00 -1.3415e-01 -1.3414e-01 +1.6792e+00 +8.6743e-01 -3.6947e-01 +6.4256e-01
3 0 +1.048446844e+08 +1.048444295e+08 +1.048444295e+08 +1.5656e+00 -1.2578e-01 +1.6753e-01 -1.3247e+00 -4.4438e-01 +2.1092e-01 -1.0510e+00 +4.7570e-01 -5.0064e-01 -1.9169e-01
17 0 +1.013525569e+08 +1.013523021e+08 +1.013523021e+08 -8.7468e-01 +8.8708e-01 +1.2586e+00 -7.2068e-01 +1.0634e+00 +5.1278e-01 +9.2206e-01 +1.9968e+00 -1.4539e-01 -6.5374e-01
21 0 +5.270304575e+07 +5.270279093e+07 +5.270279093e+07 +4.5779e-01 +6.6078e-01 +1.1831e+00 +1.1538e+00 -1.2777e+00 -8.3783e-01 +6.1504e-01 +6.1379e-01 +6.1505e-01 +3.9527e+00
51 0 +4.455013154e+07 +4.454987672e+07 +4.454987672e+07 +1.7428e+00 +1.1670e+00 +3.7310e-01 -4.3713e-01 +1.3406e+00 -4.5834e-01 -7.4193e-01 -2.1465e-01 +3.9384e-01 +1.8267e+00
52 0 +3.369718978e+07 +3.369693496e+07 +3.369693496e+07 +1.4110e+00 +3.0761e+00 +7.5651e-01 +1.1391e+00 +1.4995e+00 +5.2064e-01 +1.3075e+00 +1.4219e+00 +1.1481e+00 +8.6208e-01
53 0 +2.436412418e+07 +2.436386936e+07 +2.436386936e+07 +2.2818e+00 +2.1418e+00 -9.1116e-01 -1.1394e+00 -6.4858e-01 -1.1691e+00 -6.3813e-01 +3.7820e-01 +7.0804e-01 +1.0855e+00
102 0 +1.140445443e+07 +1.140419961e+07 +1.140419961e+07 +3.2559e+00 +4.7429e+00 +2.6534e+00 +4.6237e-01 -1.5780e+00 -1.1313e+00 +1.1768e-01 +1.0883e+00 +8.8683e-01 +2.8459e+00
301 0 +2.466235972e+06 +2.465981152e+06 +2.465981152e+06 +2.7699e+00 +3.7767e+00 -6.7758e-01 -3.1604e-01 -2.4601e+00 -3.2455e-01 -1.0589e+00 +3.1837e+00 +8.7407e-01 +3.7189e+00
507 0 +8.632432729e+05 +8.629884529e+05 +8.629884529e+05 +3.1095e+00 +4.6121e+00 +2.6556e-01 -7.7354e-01 -2.2736e+00 -1.1709e+00 -1.5863e+00 +2.7084e+00 +4.6764e-01 +2.6067e+00
704 0 +7.755154980e+05 +7.752606780e+05 +7.752606780e+05 +3.7471e+00 +3.4251e+00 -1.9074e-01 -1.9240e+00 -2.4136e+00 -5.5055e-01 -1.5844e+00 +2.4903e+00 +8.5577e-01 +2.9556e+00
751 0 +3.169519014e+05 +3.166970814e+05 +3.166970814e+05 +4.1476e+00 +3.6852e+00 -2.1189e-01 -1.0876e+00 -2.5056e+00 -6.5090e-01 -1.4311e+00 +2.4359e+00 +1.0351e+00 +2.6842e+00
801 0 +2.519103283e+05 +2.516555083e+05 +2.516555083e+05 +4.5023e+00 +3.4569e+00 -3.9350e-01 -1.1817e+00 -2.7744e+00 -7.5655e-01 -1.4111e+00 +2.4082e+00 +7.8260e-01 +3.5300e+00
851 0 +1.821834095e+05 +1.819285895e+05 +1.819285895e+05 +4.0095e+00 +3.9293e+00 -2.3840e-01 -1.2006e+00 -2.7190e+00 -8.0992e-01 -1.2245e+00 +2.3304e+00 +1.0206e+00 +3.0798e+00
951 0 +1.346951362e+05 +1.344403162e+05 +1.344403162e+05 +3.9995e+00 +3.5949e+00 -1.8661e-01 -9.0996e-01 -2.5177e+00 -9.0704e-01 -1.5036e+00 +2.4752e+00 +7.1789e-01 +3.0958e+00
1001 0 +3.781684321e+04 +3.756202321e+04 +3.756202321e+04 +4.1101e+00 +3.6839e+00 -3.3195e-01 -1.2089e+00 -2.6334e+00 -8.9421e-01 -1.3397e+00 +2.4672e+00 +1.0370e+00 +3.0738e+00
1101 0 +3.707953947e+04 +3.682471947e+04 +3.682471947e+04 +4.1202e+00 +3.5223e+00 -3.6022e-01 -1.3236e+00 -2.6440e+00 -7.7548e-01 -1.4477e+00 +2.3699e+00 +8.8518e-01 +3.2031e+00
1154 0 +3.015294655e+04 +2.989812655e+04 +2.989812655e+04 +4.1983e+00 +3.6014e+00 -2.6664e-01 -1.2252e+00 -2.6366e+00 -7.7834e-01 -1.3765e+00 +2.4645e+00 +9.1405e-01 +3.1921e+00
1201 0 +2.883719894e+04 +2.858237894e+04 +2.858237894e+04 +4.3135e+00 +3.4862e+00 -2.2803e-01 -1.4221e+00 -2.6893e+00 -7.8696e-01 -1.3385e+00 +2.3531e+00 +9.0022e-01 +3.1932e+00
1251 0 +1.970110426e+04 +1.944628426e+04 +1.944628426e+04 +4.1320e+00 +3.5801e+00 -1.8904e-01 -1.2084e+00 -2.6523e+00 -8.1699e-01 -1.4417e+00 +2.4327e+00 +9.3421e-01 +3.1713e+00
1348 0 +1.711080422e+04 +1.685598422e+04 +1.685598422e+04 +3.8813e+00 +3.7019e+00 -1.0145e-01 -9.6475e-01 -2.5149e+00 -9.6840e-01 -1.3712e+00 +2.4924e+00 +1.0540e+00 +3.1708e+00
1349 0 +1.554750041e+04 +1.529268041e+04 +1.529268041e+04 +3.9328e+00 +3.6415e+00 -1.0446e-01 -1.0580e+00 -2.6127e+00 -9.3292e-01 -1.3361e+00 +2.5452e+00 +1.0747e+00 +3.1637e+00
1351 0 +1.035354186e+04 +1.009872186e+04 +1.009872186e+04 +4.2650e+00 +3.3389e+00 -2.5542e-01 -1.4693e+00 -2.6997e+00 -7.4035e-01 -1.4370e+00 +2.3984e+00 +9.8798e-01 +3.2119e+00
1451 0 +5.396424702e+03 +5.141604702e+03 +5.141604702e+03 +4.2041e+00 +3.4421e+00 -2.5402e-01 -1.3294e+00 -2.6522e+00 -8.9149e-01 -1.4094e+00 +2.4735e+00 +9.8091e-01 +3.1790e+00
1551 0 +2.745907617e+03 +2.491087617e+03 +2.491087617e+03 +4.0168e+00 +3.5836e+00 -2.0893e-01 -1.1899e+00 -2.6237e+00 -8.8585e-01 -1.3907e+00 +2.5046e+00 +1.0020e+00 +3.1788e+00
1651 0 +2.220403193e+03 +1.965583193e+03 +1.965583193e+03 +4.1767e+00 +3.4603e+00 -2.8628e-01 -1.2956e+00 -2.6542e+00 -8.4450e-01 -1.4065e+00 +2.4344e+00 +9.8742e-01 +3.1708e+00
1652 0 +2.102823983e+03 +1.848003983e+03 +1.848003983e+03 +4.0371e+00 +3.5271e+00 -2.0875e-01 -1.2335e+00 -2.5916e+00 -8.8565e-01 -1.3539e+00 +2.4660e+00 +1.0120e+00 +3.1634e+00
1751 0 +1.687118201e+03 +1.432298201e+03 +1.432298201e+03 +4.1503e+00 +3.4715e+00 -2.5660e-01 -1.3163e+00 -2.6512e+00 -8.6626e-01 -1.4010e+00 +2.4662e+00 +9.7785e-01 +3.2065e+00
1794 0 +1.127669028e+03 +8.728490278e+02 +8.728490278e+02 +4.2448e+00 +3.4017e+00 -2.7957e-01 -1.3750e+00 -2.6867e+00 -8.1909e-01 -1.3996e+00 +2.4481e+00 +9.6562e-01 +3.2020e+00
1802 0 +9.461866882e+02 +6.913666882e+02 +6.913666882e+02 +4.1355e+00 +3.4842e+00 -2.3489e-01 -1.2903e+00 -2.6671e+00 -8.4712e-01 -1.3842e+00 +2.4521e+00 +9.8392e-01 +3.1647e+00
1928 0 +8.007670263e+02 +5.459470263e+02 +5.459470263e+02 +4.2213e+00 +3.4386e+00 -2.7606e-01 -1.3683e+00 -2.6722e+00 -8.1124e-01 -1.4003e+00 +2.4308e+00 +9.9263e-01 +3.2010e+00
1951 0 +6.439055263e+02 +3.890855263e+02 +3.890855263e+02 +4.1469e+00 +3.4746e+00 -2.7207e-01 -1.3329e+00 -2.6556e+00 -8.4831e-01 -1.3689e+00 +2.4447e+00 +9.7554e-01 +3.1843e+00
2014 0 +4.333445919e+02 +1.785245919e+02 +1.785245919e+02 +4.1099e+00 +3.4985e+00 -2.4374e-01 -1.2789e+00 -2.6549e+00 -8.5014e-01 -1.3704e+00 +2.4570e+00 +9.9100e-01 +3.1650e+00
2065 0 +3.353758377e+02 +8.055583774e+01 +8.055583774e+01 +4.1251e+00 +3.4814e+00 -2.5144e-01 -1.2767e+00 -2.6475e+00 -8.5830e-01 -1.3676e+00 +2.4598e+00 +9.8157e-01 +3.1670e+00
2081 0 +1.528466043e+02 -1.019733957e+02 -1.019733957e+02 +4.2041e+00 +3.4313e+00 -2.8121e-01 -1.3542e+00 -2.6798e+00 -8.2845e-01 -1.3925e+00 +2.4412e+00 +9.7378e-01 +3.1972e+00
2171 0 +1.194119496e+02 -1.354080504e+02 -1.354080504e+02 +4.1794e+00 +3.4512e+00 -2.6976e-01 -1.3278e+00 -2.6689e+00 -8.3551e-01 -1.3787e+00 +2.4478e+00 +9.7898e-01 +3.1843e+00
2253 0 +5.300963114e+01 -2.018103689e+02 -2.018103689e+02 +4.1628e+00 +3.4647e+00 -2.6391e-01 -1.3220e+00 -2.6593e+00 -8.4609e-01 -1.3829e+00 +2.4481e+00 +9.7962e-01 +3.1797e+00
2301 0 +2.817551218e+01 -2.266444878e+02 -2.266444878e+02 +4.1492e+00 +3.4705e+00 -2.5922e-01 -1.3128e+00 -2.6581e+00 -8.4416e-01 -1.3798e+00 +2.4530e+00 +9.8279e-01 +3.1806e+00
% f evaluations | g evaluations | best noise-free fitness - Fopt (5.661000000000e+01) + sum g_i+ | measured fitness | best measured fitness or single-digit g-values | x1 | x2...
1 0 +1.659942632e+08 +1.659943198e+08 +1.659943198e+08 +5.9671e-01 -3.8264e-02 +7.4769e-01 +1.6230e+00 -1.3415e-01 -1.3414e-01 +1.6792e+00 +8.6743e-01 -3.6947e-01 +6.4256e-01
6 0 +1.174264525e+08 +1.174265091e+08 +1.174265091e+08 +4.2408e-01 -2.8508e-01 -5.7692e-01 +7.1168e-01 +1.1310e+00 +1.0313e+00 -7.3922e-01 -2.0921e-01 +4.3126e-01 +1.0755e+00
12 0 +9.846818893e+07 +9.846824554e+07 +9.846824554e+07 -1.8188e+00 +7.3486e-02 +1.6023e-01 +2.5632e+00 -9.2361e-02 +4.0155e-01 +6.5288e-02 -1.0687e+00 +1.2428e+00 +8.5193e-01
18 0 +9.056003324e+07 +9.056008985e+07 +9.056008985e+07 -7.8951e-01 -7.1581e-01 +2.2898e-02 +4.4115e-01 +3.7669e-01 +9.2718e-01 +1.1300e-01 +1.5535e+00 -1.6466e-01 +2.8202e+00
27 0 +6.761160305e+07 +6.761165966e+07 +6.761165966e+07 -8.2693e-01 +4.0475e-02 -3.1413e+00 -9.2439e-01 -1.5257e-01 -1.1478e+00 +1.7324e+00 -1.3301e+00 -3.4004e-01 +2.3074e-01
44 0 +5.854768940e+07 +5.854774601e+07 +5.854774601e+07 -1.0833e+00 -1.9392e+00 -1.6941e-01 +8.1754e-01 +1.6024e+00 +1.7409e-01 +1.7286e+00 -1.2801e+00 -1.6034e+00 +4.4452e-02
57 0 +2.716181983e+07 +2.716187644e+07 +2.716187644e+07 -1.2322e+00 -2.4740e+00 -4.0001e+00 +5.6455e-01 -6.3407e-01 +1.0893e-01 +3.6641e+00 -2.1305e+00 +6.6369e-01 +7.4013e-01
101 0 +9.916213274e+06 +9.916269884e+06 +9.916269884e+06 -4.7115e+00 -4.0097e+00 -4.1147e+00 +6.1960e-01 +4.4041e-02 -2.5569e+00 +2.8827e+00 -2.9355e+00 -2.7550e+00 +1.1694e+00
251 0 +7.594212541e+06 +7.594269151e+06 +7.594269151e+06 -4.1499e+00 -2.1946e+00 -4.7198e+00 +1.0606e+00 -1.8169e+00 -1.1903e+00 +2.3244e+00 -1.0899e+00 -1.7740e+00 +1.6429e+00
357 0 +6.065583220e+06 +6.065639830e+06 +6.065639830e+06 -2.5393e+00 -1.7163e+00 -4.2188e+00 +1.1404e+00 -1.4834e+00 -2.5195e+00 +2.1104e+00 -3.0782e+00 -2.1098e+00 +2.6302e+00
451 0 +4.338389977e+06 +4.338446587e+06 +4.338446587e+06 -4.1012e+00 -2.3207e+00 -4.0265e+00 +1.1858e-01 -1.9217e+00 -2.2551e+00 +2.1089e+00 -3.6941e+00 -2.4745e+00 +5.1276e-01
457 0 +4.107592736e+06 +4.107649346e+06 +4.107649346e+06 -3.8866e+00 -1.7428e+00 -2.9949e+00 +7.0051e-01 -3.0602e+00 -2.1178e+00 +2.8645e+00 -3.4248e+00 -2.1929e+00 +1.8511e-01
522 0 +3.981524533e+06 +3.981581143e+06 +3.981581143e+06 -3.0952e+00 -3.2704e+00 -3.9130e+00 +1.0275e+00 -3.5103e+00 -2.2798e+00 +2.8373e+00 -3.4646e+00 -2.9789e+00 +2.4081e+00
551 0 +3.850874314e+06 +3.850930924e+06 +3.850930924e+06 -4.2859e+00 -1.3562e+00 -4.0587e+00 +1.6590e+00 -2.8211e+00 -2.7655e+00 +1.7367e+00 -3.0097e+00 -1.8333e+00 +1.5195e+00
553 0 +3.655180854e+06 +3.655237464e+06 +3.655237464e+06 -3.8948e+00 -2.4279e+00 -3.6217e+00 -8.9928e-02 -2.7275e+00 -3.8718e+00 +2.4962e+00 -3.8615e+00 -7.7183e-01 +2.8579e+00
555 0 +3.345757682e+06 +3.345814292e+06 +3.345814292e+06 -2.9995e+00 -2.8622e+00 -3.4824e+00 -5.6446e-02 -3.1387e+00 -2.7967e+00 +3.5123e+00 -4.3184e+00 -1.9547e+00 +1.4315e+00
558 0 +2.261406053e+06 +2.261462663e+06 +2.261462663e+06 -3.3458e+00 -3.1527e+00 -4.0365e+00 +1.4114e-01 -3.7964e+00 -2.3805e+00 +3.1247e+00 -3.0952e+00 -9.5100e-01 +2.3448e+00
651 0 +1.110930526e+06 +1.110987136e+06 +1.110987136e+06 -3.0979e+00 -2.5918e+00 -3.9975e+00 +6.7201e-01 -3.1828e+00 -2.9014e+00 +2.6289e+00 -3.3753e+00 -1.3292e+00 +2.0421e+00
702 0 +9.686134745e+05 +9.686700845e+05 +9.686700845e+05 -3.3158e+00 -2.5241e+00 -3.9142e+00 +9.5583e-01 -3.5032e+00 -2.9279e+00 +3.1491e+00 -2.9137e+00 -1.4294e+00 +1.3965e+00
751 0 +7.035811199e+05 +7.036377299e+05 +7.036377299e+05 -3.6739e+00 -2.5132e+00 -3.9462e+00 +4.1655e-01 -2.4451e+00 -2.4003e+00 +2.8495e+00 -2.9263e+00 -1.1103e+00 +2.0913e+00
801 0 +3.051541193e+05 +3.052107293e+05 +3.052107293e+05 -4.1300e+00 -2.4689e+00 -3.9205e+00 +1.0725e+00 -2.9568e+00 -2.9350e+00 +3.3770e+00 -3.0798e+00 -2.2773e+00 +1.5797e+00
901 0 +2.780611495e+05 +2.781177595e+05 +2.781177595e+05 -4.0880e+00 -2.3897e+00 -3.9379e+00 +9.4191e-01 -3.0614e+00 -2.8197e+00 +3.2028e+00 -3.2231e+00 -1.9824e+00 +1.9439e+00
951 0 +1.140575863e+05 +1.141141963e+05 +1.141141963e+05 -3.9432e+00 -2.2348e+00 -4.0429e+00 +8.2890e-01 -2.8421e+00 -2.5029e+00 +3.1102e+00 -3.1035e+00 -1.3206e+00 +1.7084e+00
1002 0 +1.112667701e+05 +1.113233801e+05 +1.113233801e+05 -3.6987e+00 -2.2519e+00 -3.7948e+00 +5.4278e-01 -3.0951e+00 -2.6049e+00 +3.1356e+00 -3.2599e+00 -1.0271e+00 +1.9811e+00
1151 0 +6.594072196e+04 +6.599733196e+04 +6.599733196e+04 -3.7227e+00 -2.3985e+00 -3.9104e+00 +7.2799e-01 -3.0184e+00 -2.6002e+00 +3.1233e+00 -3.2263e+00 -1.3738e+00 +1.7454e+00
1201 0 +3.701427895e+04 +3.707088895e+04 +3.707088895e+04 -3.8633e+00 -2.3483e+00 -3.7925e+00 +7.0020e-01 -2.9900e+00 -2.5416e+00 +3.1912e+00 -3.1875e+00 -1.3987e+00 +1.7163e+00
1251 0 +2.501017222e+04 +2.506678222e+04 +2.506678222e+04 -3.9116e+00 -2.3318e+00 -3.7922e+00 +6.9401e-01 -2.9864e+00 -2.5397e+00 +3.0315e+00 -3.1886e+00 -1.5848e+00 +1.7525e+00
1301 0 +2.471958599e+04 +2.477619599e+04 +2.477619599e+04 -3.7485e+00 -2.2881e+00 -3.9911e+00 +7.7623e-01 -2.9524e+00 -2.4783e+00 +3.1016e+00 -3.1448e+00 -1.6641e+00 +1.7846e+00
1302 0 +1.482518109e+04 +1.488179109e+04 +1.488179109e+04 -3.8159e+00 -2.2191e+00 -3.8512e+00 +4.9129e-01 -2.9900e+00 -2.4494e+00 +3.0460e+00 -3.3220e+00 -1.2204e+00 +1.8769e+00
1401 0 +5.945765554e+03 +6.002375554e+03 +6.002375554e+03 -3.8132e+00 -2.3075e+00 -3.8332e+00 +6.6835e-01 -2.9211e+00 -2.4119e+00 +3.0776e+00 -3.2711e+00 -1.4104e+00 +1.8262e+00
1487 0 +5.530276564e+03 +5.586886564e+03 +5.586886564e+03 -3.8233e+00 -2.2449e+00 -3.8277e+00 +6.1128e-01 -3.0121e+00 -2.4098e+00 +3.1097e+00 -3.3485e+00 -1.3423e+00 +1.9229e+00
1728 0 +4.486292255e+03 +4.542902255e+03 +4.542902255e+03 -3.8589e+00 -2.2941e+00 -3.9218e+00 +7.3934e-01 -2.8783e+00 -2.4996e+00 +3.1212e+00 -3.1250e+00 -1.7246e+00 +1.7385e+00
1759 0 +3.154412343e+03 +3.211022343e+03 +3.211022343e+03 -3.8536e+00 -2.3436e+00 -3.9223e+00 +7.6644e-01 -2.8805e+00 -2.4833e+00 +3.1385e+00 -3.1300e+00 -1.7190e+00 +1.7520e+00
1801 0 +2.932675017e+03 +2.989285017e+03 +2.989285017e+03 -3.8504e+00 -2.2604e+00 -3.8320e+00 +7.0777e-01 -2.9220e+00 -2.4964e+00 +3.0990e+00 -3.2110e+00 -1.4772e+00 +1.8095e+00
1867 0 +2.111791018e+03 +2.168401018e+03 +2.168401018e+03 -3.8681e+00 -2.3354e+00 -3.9254e+00 +7.3915e-01 -2.9055e+00 -2.5034e+00 +3.1228e+00 -3.1580e+00 -1.6898e+00 +1.7434e+00
1901 0 +1.448754007e+03 +1.505364007e+03 +1.505364007e+03 -3.8603e+00 -2.3055e+00 -3.9353e+00 +7.4741e-01 -2.8719e+00 -2.5095e+00 +3.1110e+00 -3.1487e+00 -1.6819e+00 +1.7162e+00
1951 0 +9.335346952e+02 +9.901446952e+02 +9.901446952e+02 -3.8619e+00 -2.3045e+00 -3.9181e+00 +7.4506e-01 -2.8931e+00 -2.5032e+00 +3.1091e+00 -3.1724e+00 -1.5931e+00 +1.7626e+00
2062 0 +7.130491744e+02 +7.696591744e+02 +7.696591744e+02 -3.8515e+00 -2.3301e+00 -3.9109e+00 +7.5869e-01 -2.8843e+00 -2.5162e+00 +3.1084e+00 -3.1594e+00 -1.6956e+00 +1.7305e+00
2102 0 +3.490984773e+02 +4.057084773e+02 +4.057084773e+02 -3.8461e+00 -2.3247e+00 -3.8966e+00 +7.4851e-01 -2.9095e+00 -2.5032e+00 +3.1079e+00 -3.1707e+00 -1.6231e+00 +1.7470e+00
2201 0 +2.318073439e+02 +2.884173439e+02 +2.884173439e+02 -3.8487e+00 -2.3066e+00 -3.8941e+00 +7.3345e-01 -2.9011e+00 -2.4925e+00 +3.0953e+00 -3.1796e+00 -1.5898e+00 +1.7467e+00
2202 0 +1.881161937e+02 +2.447261937e+02 +2.447261937e+02 -3.8505e+00 -2.3127e+00 -3.9012e+00 +7.3318e-01 -2.9048e+00 -2.5005e+00 +3.1074e+00 -3.1728e+00 -1.6116e+00 +1.7481e+00
2251 0 +1.639381978e+02 +2.205481978e+02 +2.205481978e+02 -3.8478e+00 -2.3164e+00 -3.8912e+00 +7.3623e-01 -2.8942e+00 -2.4911e+00 +3.0948e+00 -3.1747e+00 -1.5878e+00 +1.7671e+00
2301 0 +1.374794814e+02 +1.940894814e+02 +1.940894814e+02 -3.8477e+00 -2.3158e+00 -3.8929e+00 +7.3625e-01 -2.8991e+00 -2.4839e+00 +3.0937e+00 -3.1739e+00 -1.5977e+00 +1.7525e+00
2302 0 +1.313922744e+02 +1.880022744e+02 +1.880022744e+02 -3.8522e+00 -2.3131e+00 -3.8908e+00 +7.2652e-01 -2.9033e+00 -2.4901e+00 +3.1069e+00 -3.1794e+00 -1.5849e+00 +1.7687e+00
2303 0 +1.123002695e+02 +1.689102695e+02 +1.689102695e+02 -3.8559e+00 -2.3116e+00 -3.8855e+00 +7.2142e-01 -2.9055e+00 -2.4880e+00 +3.0923e+00 -3.1911e+00 -1.5611e+00 +1.7655e+00
2307 0 +1.045417809e+02 +1.611517809e+02 +1.611517809e+02 -3.8427e+00 -2.3092e+00 -3.8901e+00 +7.2646e-01 -2.9068e+00 -2.4877e+00 +3.0978e+00 -3.1865e+00 -1.5765e+00 +1.7661e+00
2351 0 +6.940009541e+01 +1.260100954e+02 +1.260100954e+02 -3.8525e+00 -2.3135e+00 -3.8969e+00 +7.2510e-01 -2.8977e+00 -2.4885e+00 +3.1012e+00 -3.1842e+00 -1.5897e+00 +1.7596e+00
2352 0 +6.034524846e+01 +1.169552485e+02 +1.169552485e+02 -3.8524e+00 -2.3244e+00 -3.9029e+00 +7.4508e-01 -2.8902e+00 -2.4950e+00 +3.1077e+00 -3.1657e+00 -1.6371e+00 +1.7436e+00
2401 0 +4.848756696e+01 +1.050975670e+02 +1.050975670e+02 -3.8503e+00 -2.3197e+00 -3.8969e+00 +7.3837e-01 -2.8959e+00 -2.4965e+00 +3.1020e+00 -3.1670e+00 -1.6112e+00 +1.7448e+00
2452 0 +4.003271720e+01 +9.664271720e+01 +9.664271720e+01 -3.8476e+00 -2.3180e+00 -3.8985e+00 +7.4057e-01 -2.8962e+00 -2.4975e+00 +3.1074e+00 -3.1698e+00 -1.6178e+00 +1.7511e+00
% f evaluations | g evaluations | best noise-free fitness - Fopt (-1.810000000000e+01) + sum g_i+ | measured fitness | best measured fitness or single-digit g-values | x1 | x2...
1 0 +4.284287200e+07 +4.284285390e+07 +4.284285390e+07 +5.9671e-01 -3.8264e-02 +7.4769e-01 +1.6230e+00 -1.3415e-01 -1.3414e-01 +1.6792e+00 +8.6743e-01 -3.6947e-01 +6.4256e-01
12 0 +3.137919858e+07 +3.137918048e+07 +3.137918048e+07 -1.8188e+00 +7.3486e-02 +1.6023e-01 +2.5632e+00 -9.2361e-02 +4.0155e-01 +6.5288e-02 -1.0687e+00 +1.2428e+00 +8.5193e-01
52 0 +2.518981486e+07 +2.518979676e+07 +2.518979676e+07 -2.5357e+00 -1.4542e-01 +9.5625e-01 +1.7460e+00 +1.1576e+00 +8.6846e-01 +1.5551e+00 +1.1023e-02 +8.4925e-01 +2.2424e-01
58 0 +1.712873086e+07 +1.712871276e+07 +1.712871276e+07 -8.2667e-01 +3.5823e-01 +4.7458e-01 +1.8942e+00 +1.0745e+00 +7.4870e-01 +8.8311e-01 -1.1371e-01 +1.9991e+00 +1.7491e+00
66 0 +1.041608236e+07 +1.041606426e+07 +1.041606426e+07 -1.9510e+00 +5.5696e-01 +2.5366e+00 +3.3230e+00 +2.9093e+00 -6.2831e-01 +2.2158e+00 -1.1324e+00 +1.8311e+00 +7.0728e-01
77 0 +8.619248528e+06 +8.619230428e+06 +8.619230428e+06 +7.1339e-01 +8.6034e-01 +1.3640e+00 +2.8997e+00 +2.9100e+00 +4.1366e-01 +1.6619e+00 -1.3855e+00 +6.4980e-01 +1.4460e+00
304 0 +3.942799794e+06 +3.942781694e+06 +3.942781694e+06 -1.1963e+00 +7.1896e-01 +1.2904e+00 +2.3718e+00 +9.3786e-01 +1.8209e+00 +3.0297e+00 -3.0305e+00 +2.0407e+00 +2.4805e+00
353 0 +2.690097780e+06 +2.690079680e+06 +2.690079680e+06 -3.9067e-01 +8.2654e-01 +2.8008e+00 +4.4229e+00 +2.3781e+00 +5.3700e-01 +2.2608e+00 -2.2615e+00 +2.2599e-01 +1.9292e+00
551 0 +2.001231842e+06 +2.001213742e+06 +2.001213742e+06 -3.8282e-01 +1.6207e+00 +2.6425e+00 +3.1569e+00 +2.7392e+00 +8.5495e-02 +2.3300e+00 -1.8927e+00 +9.3948e-01 +3.2135e+00
552 0 +1.623968844e+06 +1.623950744e+06 +1.623950744e+06 -5.7108e-01 +6.0491e-01 +3.2605e+00 +3.2802e+00 +3.3503e+00 -5.4862e-02 +1.7135e+00 -3.2400e+00 +1.8339e+00 +2.7934e+00
601 0 +8.919658110e+05 +8.919477110e+05 +8.919477110e+05 -6.1837e-01 +1.1084e+00 +3.1863e+00 +3.1244e+00 +2.5675e+00 +5.4488e-01 +2.3733e+00 -2.6685e+00 +1.4406e+00 +2.3360e+00
701 0 +7.131613456e+05 +7.131432456e+05 +7.131432456e+05 -3.0147e-01 +1.1000e+00 +2.8672e+00 +3.5043e+00 +2.3535e+00 -2.4368e-01 +2.1959e+00 -2.2794e+00 +1.2959e+00 +2.3905e+00
751 0 +4.709805369e+05 +4.709624369e+05 +4.709624369e+05 -1.1360e-01 +6.3860e-01 +3.2204e+00 +3.4890e+00 +2.0280e+00 +1.0118e-01 +1.8810e+00 -2.8113e+00 +1.7061e+00 +2.8559e+00
801 0 +2.240583436e+05 +2.240402436e+05 +2.240402436e+05 -5.8010e-01 +7.2893e-01 +3.4951e+00 +3.5335e+00 +2.3225e+00 +8.8238e-02 +1.8445e+00 -2.4884e+00 +1.1240e+00 +2.4685e+00
851 0 +2.094510797e+05 +2.094329797e+05 +2.094329797e+05 -4.4376e-01 +9.5799e-01 +2.9303e+00 +3.6976e+00 +1.9072e+00 +7.0064e-01 +2.1628e+00 -2.3953e+00 +1.1325e+00 +3.0928e+00
952 0 +2.076220497e+05 +2.076039497e+05 +2.076039497e+05 +3.3997e-02 +8.7575e-01 +3.4291e+00 +3.7194e+00 +2.3440e+00 +2.2232e-01 +1.7912e+00 -2.5665e+00 +1.0591e+00 +2.7886e+00
970 0 +1.896762442e+05 +1.896581442e+05 +1.896581442e+05 -5.5562e-01 +8.5182e-01 +2.8284e+00 +3.3001e+00 +2.1031e+00 +3.3500e-01 +2.4829e+00 -2.4028e+00 +1.5719e+00 +3.0850e+00
1001 0 +1.520292300e+05 +1.520111300e+05 +1.520111300e+05 -7.2428e-01 +5.6710e-01 +3.0810e+00 +3.7387e+00 +2.0822e+00 +2.7221e-01 +2.1040e+00 -2.6770e+00 +1.2138e+00 +2.8060e+00
1101 0 +1.030756381e+05 +1.030575381e+05 +1.030575381e+05 -6.7590e-01 +6.4590e-01 +3.1651e+00 +3.6296e+00 +2.2532e+00 +1.6313e-01 +2.0808e+00 -2.5094e+00 +1.3390e+00 +3.0553e+00
1112 0 +1.002005369e+05 +1.001824369e+05 +1.001824369e+05 +2.0270e-01 +6.5872e-01 +3.6813e+00 +3.8388e+00 +2.9203e+00 -2.3354e-01 +1.6454e+00 -2.7394e+00 +1.0041e+00 +2.5273e+00
1156 0 +8.750229732e+04 +8.748419732e+04 +8.748419732e+04 -1.6315e-01 +5.1470e-01 +3.2263e+00 +3.5949e+00 +2.5936e+00 +1.9731e-01 +1.8361e+00 -2.4099e+00 +1.2329e+00 +2.6996e+00
1157 0 +5.790145565e+04 +5.788335565e+04 +5.788335565e+04 -6.6859e-01 +8.2768e-01 +2.6646e+00 +3.3001e+00 +2.0580e+00 +4.6707e-01 +2.2361e+00 -2.5838e+00 +1.3221e+00 +3.0799e+00
1201 0 +2.833370671e+04 +2.831560671e+04 +2.831560671e+04 -5.5666e-01 +7.3270e-01 +2.9300e+00 +3.5558e+00 +2.0683e+00 +4.9136e-01 +2.0887e+00 -2.5911e+00 +1.3832e+00 +2.9947e+00
1301 0 +2.665317871e+04 +2.663507871e+04 +2.663507871e+04 -4.6966e-01 +8.2642e-01 +3.0918e+00 +3.5480e+00 +2.3406e+00 +2.3207e-01 +1.8931e+00 -2.5836e+00 +1.2681e+00 +2.8373e+00
1311 0 +1.987617962e+04 +1.985807962e+04 +1.985807962e+04 -6.7730e-01 +7.7401e-01 +2.7443e+00 +3.3027e+00 +1.9564e+00 +4.8278e-01 +2.2583e+00 -2.4441e+00 +1.3908e+00 +3.1040e+00
1445 0 +9.772520450e+03 +9.754420450e+03 +9.754420450e+03 -6.6314e-01 +7.9904e-01 +2.8708e+00 +3.3967e+00 +2.0298e+00 +5.0188e-01 +2.2757e+00 -2.4405e+00 +1.3202e+00 +3.0274e+00
1501 0 +8.078950062e+03 +8.060850062e+03 +8.060850062e+03 -5.2608e-01 +7.2055e-01 +3.0620e+00 +3.5506e+00 +2.3291e+00 +2.6314e-01 +2.0877e+00 -2.5089e+00 +1.2676e+00 +2.9066e+00
1551 0 +4.138105114e+03 +4.120005114e+03 +4.120005114e+03 -5.5571e-01 +6.7187e-01 +2.9380e+00 +3.4848e+00 +2.1819e+00 +4.2492e-01 +2.1989e+00 -2.5030e+00 +1.3113e+00 +2.9871e+00
1601 0 +1.706529690e+03 +1.688429690e+03 +1.688429690e+03 -6.3548e-01 +7.3891e-01 +2.8818e+00 +3.4265e+00 +2.0833e+00 +4.8072e-01 +2.2173e+00 -2.4742e+00 +1.2854e+00 +3.0456e+00
1851 0 +1.369208007e+03 +1.351108007e+03 +1.351108007e+03 -5.3675e-01 +7.1051e-01 +2.9857e+00 +3.5190e+00 +2.2349e+00 +3.7653e-01 +2.1017e+00 -2.4905e+00 +1.2652e+00 +2.9073e+00
1938 0 +1.313350648e+03 +1.295250648e+03 +1.295250648e+03 -4.8103e-01 +7.0966e-01 +3.0755e+00 +3.5433e+00 +2.2981e+00 +3.3687e-01 +2.0568e+00 -2.5357e+00 +1.2514e+00 +2.8381e+00
1945 0 +8.486225673e+02 +8.305225673e+02 +8.305225673e+02 -5.4951e-01 +6.8872e-01 +3.0054e+00 +3.5092e+00 +2.2387e+00 +3.7712e-01 +2.1091e+00 -2.4990e+00 +1.2526e+00 +2.9250e+00
1952 0 +6.850205612e+02 +6.669205612e+02 +6.669205612e+02 -5.0432e-01 +7.0843e-01 +3.0490e+00 +3.5254e+00 +2.2575e+00 +3.2809e-01 +2.0778e+00 -2.5078e+00 +1.2561e+00 +2.9008e+00
2064 0 +3.203671117e+02 +3.022671117e+02 +3.022671117e+02 -4.8249e-01 +7.0372e-01 +3.0762e+00 +3.5541e+00 +2.3159e+00 +3.2396e-01 +2.0559e+00 -2.5282e+00 +1.2503e+00 +2.8588e+00
2334 0 +2.714966091e+02 +2.533966091e+02 +2.533966091e+02 -4.8964e-01 +6.9445e-01 +3.0767e+00 +3.5415e+00 +2.3100e+00 +3.3041e-01 +2.0491e+00 -2.5395e+00 +1.2432e+00 +2.8685e+00
2372 0 +7.538330254e+01 +5.728330254e+01 +5.728330254e+01 -5.4978e-01 +7.0096e-01 +2.9839e+00 +3.4981e+00 +2.2003e+00 +3.9745e-01 +2.1290e+00 -2.5046e+00 +1.2767e+00 +2.9381e+00
2453 0 +6.711522201e+01 +4.901522201e+01 +4.901522201e+01 -5.2715e-01 +7.0707e-01 +3.0194e+00 +3.5175e+00 +2.2325e+00 +3.6534e-01 +2.1005e+00 -2.5097e+00 +1.2729e+00 +2.9153e+00
% f evaluations | g evaluations | best noise-free fitness - Fopt (3.777000000000e+01) + sum g_i+ | measured fitness | best measured fitness or single-digit g-values | x1 | x2...
1 0 +1.253869672e+08 +1.253870049e+08 +1.253870049e+08 +5.9671e-01 -3.8264e-02 +7.4769e-01 +1.6230e+00 -1.3415e-01 -1.3414e-01 +1.6792e+00 +8.6743e-01 -3.6947e-01 +6.4256e-01
2 0 +5.715896188e+07 +5.715899965e+07 +5.715899965e+07 -3.6342e-01 -3.6573e-01 +3.4196e-01 -1.8133e+00 -1.6249e+00 -4.6229e-01 -9.1283e-01 +4.1425e-01 -8.0802e-01 -1.3123e+00
4 0 +5.272125814e+07 +5.272129591e+07 +5.272129591e+07 -5.0171e-01 +1.9523e+00 +8.6503e-02 -9.5771e-01 +9.2254e-01 -1.1208e+00 +3.0886e-01 -1.8597e+00 -1.2282e+00 +2.9686e-01
10 0 +4.739683687e+07 +4.739687464e+07 +4.739687464e+07 +1.9708e-01 +1.0686e+00 -6.0205e-01 -2.2766e-01 -2.9211e-01 -1.3635e+00 +3.9612e-01 +3.6106e-01 +1.0511e-01 -1.3459e-01
17 0 +4.532272315e+07 +4.532276092e+07 +4.532276092e+07 -8.7468e-01 +8.8708e-01 +1.2586e+00 -7.2068e-01 +1.0634e+00 +5.1278e-01 +9.2206e-01 +1.9968e+00 -1.4539e-01 -6.5374e-01
20 0 +4.165397028e+07 +4.165400805e+07 +4.165400805e+07 -3.4651e-01 +9.5640e-01 +3.1409e-01 -1.1457e+00 +2.7318e-01 +4.8532e-01 -7.8386e-01 +2.5373e-01 +1.5821e-01 -1.0430e+00
29 0 +3.037172894e+07 +3.037176671e+07 +3.037176671e+07 +2.1352e-01 +7.6213e-01 +1.6860e+00 -1.1378e+00 +2.2330e+00 -1.8521e+00 -5.1785e-02 +6.8832e-01 +3.8099e-01 -5.2270e-01
51 0 +1.510604435e+07 +1.510608212e+07 +1.510608212e+07 -2.8216e+00 +1.9575e+00 +8.8156e-01 -1.3967e+00 +3.4054e+00 -2.9402e+00 -1.8831e+00 +6.9331e-01 -1.6567e-01 -1.1307e+00
106 0 +1.300657540e+07 +1.300661317e+07 +1.300661317e+07 -2.8877e+00 +1.8209e+00 +5.5904e-01 -2.0754e+00 +1.8155e+00 -1.9039e+00 -2.4546e+00 +9.4013e-01 -4.0342e+00 -3.0623e+00
201 0 +1.288698066e+07 +1.288701843e+07 +1.288701843e+07 -2.6135e+00 +4.3680e-01 +2.2770e+00 +8.7977e-01 +1.5779e+00 -2.9495e+00 -3.3537e+00 +3.0218e+00 -2.3474e+00 -1.6110e+00
218 0 +9.263737837e+06 +9.263775607e+06 +9.263775607e+06 +2.2908e-01 +3.1203e+00 +6.3638e-01 +5.8667e-01 +2.0846e+00 -1.9334e+00 -1.6459e+00 +4.1461e+00 -4.6451e-01 -2.3911e+00
351 0 +6.307097745e+06 +6.307135515e+06 +6.307135515e+06 -1.2381e+00 +2.5250e+00 +1.4585e+00 +1.3547e+00 +1.3694e+00 -2.2916e+00 -3.5974e+00 +1.5218e+00 -1.3297e+00 -4.0145e+00
403 0 +4.955421481e+06 +4.955459251e+06 +4.955459251e+06 -2.0786e+00 +1.8465e+00 +3.1573e-01 +1.7106e+00 +1.4012e+00 -3.0605e+00 -1.6704e+00 +2.9432e+00 -1.6863e-01 -2.1496e+00
451 0 +2.228378240e+06 +2.228416010e+06 +2.228416010e+06 -2.0037e+00 +2.4424e+00 +6.3266e-01 -3.7662e-01 +3.2426e+00 -2.9985e+00 -2.5551e+00 +1.7562e+00 -2.0280e+00 -3.4700e+00
553 0 +1.587950710e+06 +1.587988480e+06 +1.587988480e+06 -8.5631e-01 +2.2329e+00 +2.4422e-01 +8.4023e-01 +1.2798e+00 -3.1467e+00 -3.5539e+00 +2.6944e+00 -2.6552e-01 -3.0250e+00
601 0 +1.357001398e+06 +1.357039168e+06 +1.357039168e+06 -1.7550e+00 +1.6165e+00 +3.3516e-01 -1.0269e+00 +2.2133e+00 -2.2742e+00 -3.4618e+00 +2.2404e+00 -9.4165e-01 -3.7884e+00
609 0 +9.588969685e+05 +9.589347385e+05 +9.589347385e+05 -8.8931e-01 +1.9855e+00 +5.2333e-01 +5.0338e-01 +1.1627e+00 -4.5472e+00 -2.3912e+00 +3.0442e+00 -5.9314e-01 -2.5567e+00
651 0 +6.045105527e+05 +6.045483227e+05 +6.045483227e+05 -1.2575e+00 +2.4745e+00 +7.7438e-01 +6.3236e-02 +2.2187e+00 -3.3995e+00 -3.1482e+00 +2.7628e+00 -1.1779e+00 -2.8171e+00
701 0 +3.122242554e+05 +3.122620254e+05 +3.122620254e+05 -1.1814e+00 +2.5924e+00 +4.1930e-01 -2.4347e-02 +1.8865e+00 -3.2654e+00 -2.8073e+00 +2.5703e+00 -6.6207e-01 -2.9877e+00
901 0 +1.761207256e+05 +1.761584956e+05 +1.761584956e+05 -1.5045e+00 +2.1892e+00 +4.4225e-01 +1.4529e-02 +1.4306e+00 -3.4476e+00 -2.9483e+00 +2.9726e+00 -1.0089e+00 -2.7463e+00
951 0 +1.620674439e+05 +1.621052139e+05 +1.621052139e+05 -1.3945e+00 +2.1429e+00 +3.3224e-01 -1.6459e-01 +1.8449e+00 -3.4411e+00 -2.7116e+00 +2.6523e+00 -9.4359e-01 -3.3636e+00
1002 0 +1.188164121e+05 +1.188541821e+05 +1.188541821e+05 -1.3297e+00 +2.2511e+00 +4.8151e-01 +1.5437e-01 +1.5861e+00 -3.4862e+00 -2.9160e+00 +2.9423e+00 -1.0534e+00 -2.6636e+00
1051 0 +8.572366267e+04 +8.576143267e+04 +8.576143267e+04 -9.8337e-01 +2.1906e+00 +5.3808e-01 +2.3936e-01 +1.4916e+00 -3.4467e+00 -2.9648e+00 +3.0174e+00 -7.4814e-01 -2.4427e+00
1151 0 +5.207330561e+04 +5.211107561e+04 +5.211107561e+04 -1.3041e+00 +2.1142e+00 +5.8867e-01 -5.9157e-02 +1.5407e+00 -3.3298e+00 -2.9199e+00 +2.7015e+00 -8.6249e-01 -2.7244e+00
1154 0 +4.780082223e+04 +4.783859223e+04 +4.783859223e+04 -1.4572e+00 +2.1412e+00 +4.1497e-01 -8.4002e-02 +1.8656e+00 -3.1120e+00 -3.0331e+00 +2.4964e+00 -1.0493e+00 -3.1049e+00
1204 0 +4.602262981e+04 +4.606039981e+04 +4.606039981e+04 -1.4102e+00 +2.2026e+00 +4.0371e-01 -2.6846e-01 +1.9983e+00 -3.2565e+00 -2.8893e+00 +2.5362e+00 -1.1441e+00 -3.1216e+00
1205 0 +2.799507411e+04 +2.803284411e+04 +2.803284411e+04 -9.4404e-01 +1.9571e+00 +4.6060e-01 +3.6362e-01 +1.1355e+00 -3.7856e+00 -2.8617e+00 +3.0636e+00 -5.5032e-01 -1.8785e+00
1301 0 +1.543371214e+04 +1.547148214e+04 +1.547148214e+04 -1.3427e+00 +2.1757e+00 +4.0383e-01 +4.8435e-02 +1.6634e+00 -3.3910e+00 -2.9271e+00 +2.7520e+00 -9.1261e-01 -2.7802e+00
1403 0 +1.524133127e+04 +1.527910127e+04 +1.527910127e+04 -1.3801e+00 +2.1928e+00 +3.8431e-01 -1.7329e-02 +1.7255e+00 -3.3940e+00 -2.8714e+00 +2.6711e+00 -8.4964e-01 -2.7561e+00
1410 0 +1.109194080e+04 +1.112971080e+04 +1.112971080e+04 -1.4385e+00 +2.1807e+00 +4.3271e-01 -9.1922e-02 +1.7222e+00 -3.2749e+00 -2.9019e+00 +2.6113e+00 -9.2628e-01 -2.9463e+00
1539 0 +1.062676689e+04 +1.066453689e+04 +1.066453689e+04 -1.3829e+00 +2.1418e+00 +4.1251e-01 -5.8466e-02 +1.8009e+00 -3.3304e+00 -2.9294e+00 +2.5523e+00 -9.1643e-01 -2.8879e+00
1571 0 +8.822817585e+03 +8.860587585e+03 +8.860587585e+03 -1.2169e+00 +2.1565e+00 +3.9794e-01 +1.0141e-01 +1.6485e+00 -3.5076e+00 -2.8915e+00 +2.8100e+00 -7.9060e-01 -2.6271e+00
1581 0 +5.303058188e+03 +5.340828188e+03 +5.340828188e+03 -1.1925e+00 +2.1193e+00 +4.7068e-01 +6.3500e-02 +1.6200e+00 -3.4453e+00 -2.8814e+00 +2.7514e+00 -7.7672e-01 -2.6489e+00
1619 0 +3.135337759e+03 +3.173107759e+03 +3.173107759e+03 -1.1656e+00 +2.0965e+00 +4.5620e-01 +1.4371e-01 +1.5425e+00 -3.5519e+00 -2.8389e+00 +2.8352e+00 -7.1827e-01 -2.4511e+00
1631 0 +3.098290044e+03 +3.136060044e+03 +3.136060044e+03 -1.1252e+00 +2.1286e+00 +4.4310e-01 +1.6863e-01 +1.5169e+00 -3.5357e+00 -2.8962e+00 +2.8275e+00 -7.3274e-01 -2.4851e+00
1651 0 +1.479241017e+03 +1.517011017e+03 +1.517011017e+03 -1.3051e+00 +2.1622e+00 +4.4177e-01 -2.6950e-02 +1.6915e+00 -3.4035e+00 -2.9037e+00 +2.7044e+00 -8.6872e-01 -2.8047e+00
1816 0 +1.478968615e+03 +1.516738615e+03 +1.516738615e+03 -1.2207e+00 +2.1629e+00 +4.3695e-01 +4.5197e-02 +1.6449e+00 -3.4552e+00 -2.9108e+00 +2.7171e+00 -8.3355e-01 -2.6811e+00
1901 0 +1.145961970e+03 +1.183731970e+03 +1.183731970e+03 -1.2872e+00 +2.1491e+00 +4.3017e-01 +1.9322e-02 +1.6575e+00 -3.4393e+00 -2.8945e+00 +2.7157e+00 -8.6925e-01 -2.7316e+00
1951 0 +5.852278406e+02 +6.229978406e+02 +6.229978406e+02 -1.2566e+00 +2.1423e+00 +4.3874e-01 +9.3888e-03 +1.6532e+00 -3.4392e+00 -2.9135e+00 +2.7185e+00 -8.6023e-01 -2.7358e+00
1953 0 +5.073663193e+02 +5.451363193e+02 +5.451363193e+02 -1.2926e+00 +2.1659e+00 +4.4015e-01 -4.0455e-02 +1.6951e+00 -3.3906e+00 -2.9201e+00 +2.6602e+00 -8.7940e-01 -2.8217e+00
1965 0 +4.656142986e+02 +5.033842986e+02 +5.033842986e+02 -1.3240e+00 +2.1646e+00 +4.1033e-01 -6.3809e-02 +1.7187e+00 -3.3592e+00 -2.9187e+00 +2.6369e+00 -9.0641e-01 -2.8801e+00
2101 0 +3.861468623e+02 +4.239168623e+02 +4.239168623e+02 -1.2735e+00 +2.1539e+00 +4.1210e-01 +4.6236e-03 +1.6646e+00 -3.4324e+00 -2.9144e+00 +2.6918e+00 -8.6219e-01 -2.7588e+00
2103 0 +3.780370960e+02 +4.158070960e+02 +4.158070960e+02 -1.2755e+00 +2.1448e+00 +4.3809e-01 +6.8108e-03 +1.6721e+00 -3.4254e+00 -2.9064e+00 +2.6819e+00 -8.5091e-01 -2.7507e+00
2154 0 +3.065761761e+02 +3.443461761e+02 +3.443461761e+02 -1.2577e+00 +2.1541e+00 +4.2389e-01 +4.0785e-03 +1.6651e+00 -3.4391e+00 -2.8997e+00 +2.6906e+00 -8.5478e-01 -2.7325e+00
2156 0 +1.690090821e+02 +2.067790821e+02 +2.067790821e+02 -1.2461e+00 +2.1474e+00 +4.2954e-01 +3.7221e-02 +1.6325e+00 -3.4506e+00 -2.8939e+00 +2.7260e+00 -8.3236e-01 -2.6922e+00
2251 0 +9.867727158e+01 +1.364472716e+02 +1.364472716e+02 -1.2803e+00 +2.1539e+00 +4.3322e-01 -8.2666e-03 +1.6726e+00 -3.4294e+00 -2.9068e+00 +2.6938e+00 -8.5873e-01 -2.7591e+00
2352 0 +7.095486008e+01 +1.087248601e+02 +1.087248601e+02 -1.2753e+00 +2.1453e+00 +4.3284e-01 +6.3984e-04 +1.6673e+00 -3.4305e+00 -2.9031e+00 +2.6933e+00 -8.5597e-01 -2.7484e+00
2428 0 +5.115070563e+01 +8.892070563e+01 +8.892070563e+01 -1.2511e+00 +2.1401e+00 +4.3152e-01 +1.8277e-02 +1.6459e+00 -3.4487e+00 -2.9011e+00 +2.7173e+00 -8.4094e-01 -2.7103e+00
2453 0 +4.991786967e+01 +8.768786967e+01 +8.768786967e+01 -1.2763e+00 +2.1465e+00 +4.3047e-01 -3.5188e-03 +1.6677e+00 -3.4283e+00 -2.9104e+00 +2.6906e+00 -8.6045e-01 -2.7565e+00
2477 0 +4.891657254e+01 +8.668657254e+01 +8.668657254e+01 -1.2478e+00 +2.1443e+00 +4.3371e-01 +3.0383e-02 +1.6443e+00 -3.4507e+00 -2.8998e+00 +2.7188e+00 -8.3822e-01 -2.7010e+00
% f evaluations | g evaluations | best noise-free fitness - Fopt (-6.325500000000e+02) + sum g_i+ | measured fitness | best measured fitness or single-digit g-values | x1 | x2...
1 0 +4.896107132e+07 +4.896043877e+07 +4.896043877e+07 +5.9671e-01 -3.8264e-02 +7.4769e-01 +1.6230e+00 -1.3415e-01 -1.3414e-01 +1.6792e+00 +8.6743e-01 -3.6947e-01 +6.4256e-01
2 0 +4.625966434e+07 +4.625903179e+07 +4.625903179e+07 -3.6342e-01 -3.6573e-01 +3.4196e-01 -1.8133e+00 -1.6249e+00 -4.6229e-01 -9.1283e-01 +4.1425e-01 -8.0802e-01 -1.3123e+00
3 0 +2.790854354e+07 +2.790791099e+07 +2.790791099e+07 +1.5656e+00 -1.2578e-01 +1.6753e-01 -1.3247e+00 -4.4438e-01 +2.1092e-01 -1.0510e+00 +4.7570e-01 -5.0064e-01 -1.9169e-01
22 0 +1.797590115e+07 +1.797526860e+07 +1.797526860e+07 +6.7089e-01 +1.2356e+00 +1.0540e+00 +7.5139e-01 -2.1527e-01 +8.5897e-01 -6.7283e-01 -1.3682e-01 -3.8536e-01 +1.8187e-01
51 0 +1.533402166e+07 +1.533338911e+07 +1.533338911e+07 +1.5364e-01 +1.7883e+00 +1.1492e+00 -2.9373e-01 -1.0158e-01 +2.7385e+00 -2.3603e+00 -5.5029e-01 +1.4414e+00 +8.4208e-01
54 0 +1.406506348e+07 +1.406443093e+07 +1.406443093e+07 -5.4553e-01 +7.0854e-01 +1.6752e+00 +1.3693e+00 -1.4229e-01 +1.4412e+00 -4.1533e-02 +9.0873e-01 +1.4364e+00 +5.0004e-01
103 0 +1.212004155e+07 +1.211940900e+07 +1.211940900e+07 -1.5178e+00 +1.0744e+00 +2.9138e+00 -2.7314e-01 -1.2215e+00 +3.1037e+00 -2.2026e+00 +4.3688e-01 -4.3289e-02 +7.3716e-01
112 0 +7.105342703e+06 +7.104710153e+06 +7.104710153e+06 +7.3756e-01 +8.6391e-01 +4.8448e-01 +7.2869e-01 +2.6402e-01 +3.1723e+00 -2.1683e+00 +2.9041e+00 -4.7707e-01 +6.0438e-01
154 0 +3.801825827e+06 +3.801193277e+06 +3.801193277e+06 -6.7944e-01 +1.8578e-02 +4.0221e+00 +2.5593e+00 -1.9593e+00 +4.7162e+00 -1.5608e+00 +1.6975e+00 -1.5186e-02 -5.0005e-01
351 0 +3.138415197e+06 +3.137782647e+06 +3.137782647e+06 +6.0908e-01 +1.2291e+00 +2.4051e+00 +1.0622e+00 -1.7887e+00 +4.1062e+00 -1.7194e+00 +3.4271e+00 -1.5910e-01 +2.9982e-01
451 0 +2.308301386e+06 +2.307668836e+06 +2.307668836e+06 +5.3078e-01 +1.1865e+00 +2.7834e+00 +1.7747e+00 -2.6499e-01 +1.9046e+00 -2.1881e+00 +1.6597e+00 +3.8556e-01 -8.7534e-01
501 0 +1.969100065e+06 +1.968467515e+06 +1.968467515e+06 +2.0718e-01 +6.1713e-01 +2.7064e+00 +9.4942e-01 -1.5423e+00 +2.6072e+00 -1.8689e+00 +1.3062e+00 -8.8919e-02 -2.1838e-01
551 0 +1.869711560e+06 +1.869079010e+06 +1.869079010e+06 +3.6574e-01 -4.6756e-01 +2.3778e+00 +2.1850e+00 -1.4565e+00 +3.3057e+00 -1.0854e+00 +2.1635e+00 +6.9583e-01 +1.7721e-01
552 0 +1.813949404e+06 +1.813316854e+06 +1.813316854e+06 +2.4206e-01 +1.1567e+00 +1.9111e+00 +1.9059e+00 -1.0496e+00 +4.2618e+00 -1.4558e+00 +1.9303e+00 +6.4273e-01 -4.8795e-02
553 0 +1.676175208e+06 +1.675542658e+06 +1.675542658e+06 +1.8271e-01 +1.5414e+00 +2.7026e+00 +1.7429e+00 -1.5957e+00 +3.0270e+00 -1.7043e+00 +2.2857e+00 -4.9285e-02 +3.2394e-01
557 0 +1.666718430e+06 +1.666085880e+06 +1.666085880e+06 +1.0609e+00 +6.4963e-01 +1.9900e+00 +1.9444e+00 -1.3187e+00 +2.8610e+00 -2.5807e+00 +1.6772e+00 -7.3363e-01 -4.2272e-02
602 0 +1.507425834e+06 +1.506793284e+06 +1.506793284e+06 +3.3637e-03 +5.6836e-03 +1.8257e+00 +2.4638e+00 -1.4428e+00 +3.7801e+00 -8.0993e-01 +2.4958e+00 -2.8554e-02 -4.3750e-01
605 0 +1.234295955e+06 +1.233663405e+06 +1.233663405e+06 +3.6725e-01 +5.3099e-01 +2.3661e+00 +2.4064e+00 -1.3816e+00 +4.2924e+00 -8.9843e-01 +1.7452e+00 +3.1190e-01 -2.6160e-01
651 0 +6.904455764e+05 +6.898130264e+05 +6.898130264e+05 +6.8197e-01 +8.7275e-01 +2.7323e+00 +1.7795e+00 -8.6367e-01 +3.4412e+00 -2.4746e+00 +1.9643e+00 +7.3750e-02 -7.9789e-01
652 0 +4.712290526e+05 +4.705965026e+05 +4.705965026e+05 -5.8682e-01 +4.6951e-01 +2.6717e+00 +2.3182e+00 -1.7077e+00 +4.2694e+00 -1.2936e+00 +2.1000e+00 +4.5573e-02 +3.7335e-01
751 0 +7.213811068e+04 +7.150556068e+04 +7.150556068e+04 +2.0649e-01 +3.1484e-01 +2.3783e+00 +1.8710e+00 -1.3919e+00 +3.6336e+00 -1.6814e+00 +2.0511e+00 -1.2374e-02 +1.1064e-01
951 0 +5.418109338e+04 +5.354854338e+04 +5.354854338e+04 +3.6690e-01 +5.7588e-01 +2.2004e+00 +1.5200e+00 -1.0871e+00 +3.3054e+00 -1.9352e+00 +2.1032e+00 +7.0026e-02 -2.5363e-01
1101 0 +3.716539751e+04 +3.653284751e+04 +3.653284751e+04 +4.8102e-01 +5.4868e-01 +2.2943e+00 +1.6308e+00 -1.2111e+00 +3.1976e+00 -2.2279e+00 +2.2474e+00 +1.4946e-01 -2.5810e-01
1201 0 +3.102089306e+04 +3.038834306e+04 +3.038834306e+04 +5.8659e-01 +5.6220e-01 +2.2100e+00 +1.6109e+00 -1.1557e+00 +3.2435e+00 -2.1523e+00 +2.0645e+00 +1.0934e-02 -2.8682e-01
1251 0 +2.831615151e+04 +2.768360151e+04 +2.768360151e+04 +4.8534e-01 +5.1211e-01 +2.2314e+00 +1.6111e+00 -1.2988e+00 +3.3639e+00 -2.0785e+00 +2.1367e+00 +8.6772e-02 -1.1503e-01
1303 0 +1.903742680e+04 +1.840487680e+04 +1.840487680e+04 +6.2115e-01 +6.0479e-01 +2.1686e+00 +1.4854e+00 -1.1136e+00 +3.1716e+00 -2.2799e+00 +2.0869e+00 +1.7780e-01 -3.6392e-01
1334 0 +7.316226005e+03 +6.683676005e+03 +6.683676005e+03 +6.0532e-01 +6.8233e-01 +2.2763e+00 +1.4840e+00 -9.9393e-01 +3.0823e+00 -2.1786e+00 +2.1399e+00 +1.9124e-01 -3.2710e-01
1501 0 +6.952376287e+03 +6.319826287e+03 +6.319826287e+03 +5.7567e-01 +6.0613e-01 +2.2799e+00 +1.5436e+00 -1.1662e+00 +3.2630e+00 -2.0518e+00 +2.1652e+00 +9.4344e-02 -2.6969e-01
1551 0 +5.742144705e+03 +5.109594705e+03 +5.109594705e+03 +6.1404e-01 +7.1902e-01 +2.2058e+00 +1.4572e+00 -1.0631e+00 +3.0309e+00 -2.2873e+00 +2.1103e+00 +1.6595e-01 -3.6354e-01
1602 0 +2.204646281e+03 +1.572096281e+03 +1.572096281e+03 +5.6691e-01 +5.9880e-01 +2.2507e+00 +1.5513e+00 -1.1272e+00 +3.2015e+00 -2.1381e+00 +2.1637e+00 +1.4796e-01 -3.1471e-01
1751 0 +2.109277666e+03 +1.476727666e+03 +1.476727666e+03 +6.4261e-01 +6.7587e-01 +2.2569e+00 +1.4506e+00 -1.0373e+00 +3.0546e+00 -2.2245e+00 +2.1177e+00 +1.7132e-01 -3.8923e-01
1851 0 +7.760453132e+02 +1.434953132e+02 +1.434953132e+02 +6.2759e-01 +6.8507e-01 +2.2215e+00 +1.4256e+00 -1.0168e+00 +3.0275e+00 -2.2573e+00 +2.1534e+00 +1.5370e-01 -3.7628e-01
2201 0 +3.981131468e+02 -2.344368532e+02 -2.344368532e+02 +6.8954e-01 +6.9523e-01 +2.2083e+00 +1.4015e+00 -9.8173e-01 +2.9881e+00 -2.3017e+00 +2.1470e+00 +1.8616e-01 -4.0873e-01
2387 0 +3.980173158e+02 -2.345326842e+02 -2.345326842e+02 +6.6903e-01 +6.9395e-01 +2.1917e+00 +1.4097e+00 -9.7511e-01 +2.9770e+00 -2.2966e+00 +2.1398e+00 +1.9616e-01 -4.0987e-01
2392 0 +2.871563848e+02 -3.453936152e+02 -3.453936152e+02 +7.3093e-01 +7.2660e-01 +2.1873e+00 +1.3324e+00 -8.8699e-01 +2.8751e+00 -2.4194e+00 +2.1434e+00 +2.2700e-01 -4.5666e-01
2401 0 +2.755792045e+02 -3.569707955e+02 -3.569707955e+02 +6.7976e-01 +7.0693e-01 +2.1940e+00 +1.3770e+00 -9.5112e-01 +2.9547e+00 -2.3282e+00 +2.1518e+00 +2.1231e-01 -4.2834e-01
2457 0 +1.380387024e+02 -4.945112976e+02 -4.945112976e+02 +6.6094e-01 +6.9139e-01 +2.2084e+00 +1.4005e+00 -9.8377e-01 +3.0002e+00 -2.2855e+00 +2.1546e+00 +1.8470e-01 -4.0664e-01
% f evaluations | g evaluations | best noise-free fitness - Fopt (-8.530000000000e+01) + sum g_i+ | measured fitness | best measured fitness or single-digit g-values | x1 | x2...
1 0 +5.553662950e+07 +5.553654420e+07 +5.553654420e+07 +5.9671e-01 -3.8264e-02 +7.4769e-01 +1.6230e+00 -1.3415e-01 -1.3414e-01 +1.6792e+00 +8.6743e-01 -3.6947e-01 +6.4256e-01
11 0 +4.877465245e+07 +4.877456715e+07 +4.877456715e+07 -1.3154e+00 -3.2065e-01 -2.4271e-01 -7.0228e-01 -6.1286e-02 +5.0405e-01 +1.9862e+00 +2.7458e-01 +3.5755e-01 +2.5554e-02
13 0 +4.339270581e+07 +4.339262051e+07 +4.339262051e+07 +8.9103e-01 -8.0939e-01 +1.5028e+00 -1.3019e+00 +6.8686e-01 +2.2905e+00 -8.9054e-01 -4.6630e-01 +1.9965e-01 -4.0348e-01
23 0 +3.982206492e+07 +3.982197962e+07 +3.982197962e+07 +2.4147e+00 -1.7673e+00 +7.8626e-01 -1.5127e+00 -3.7193e-01 +1.1890e+00 +1.6428e-01 -9.7774e-01 -6.1530e-01 +7.7960e-01
51 0 +2.445186059e+07 +2.445177529e+07 +2.445177529e+07 +6.6641e-01 -9.1381e-01 +5.5005e-01 +2.6152e-01 +7.5684e-01 +7.3462e-01 +9.8028e-01 -2.7867e-01 +1.9529e+00 +3.3208e-01
56 0 +2.085561752e+07 +2.085553222e+07 +2.085553222e+07 +3.8442e-01 -7.0468e-01 +2.1905e+00 -6.9393e-01 -4.3977e-02 -4.9163e-02 +1.6105e+00 +4.6260e-02 +1.2108e+00 +3.1596e-01
57 0 +2.009958532e+07 +2.009950002e+07 +2.009950002e+07 +1.5649e+00 +3.0854e-01 +2.7903e+00 -1.3767e+00 +8.1489e-01 +1.1866e+00 +1.9006e+00 -6.2549e-01 +6.3877e-01 +7.7162e-01
58 0 +1.453438565e+07 +1.453430035e+07 +1.453430035e+07 +9.2526e-01 -1.1711e+00 +7.9126e-01 -4.0417e-01 +1.9869e+00 +2.7217e+00 +1.7112e+00 -1.0424e+00 +1.1940e+00 -9.6969e-01
59 0 +1.077876004e+07 +1.077867474e+07 +1.077867474e+07 -1.6514e+00 -2.7949e-01 +9.5034e-01 -5.2298e-01 +8.3418e-01 +1.5705e+00 +2.6546e+00 +5.1886e-01 +1.7619e+00 -7.4013e-01
176 0 +9.850584047e+06 +9.850498747e+06 +9.850498747e+06 +7.0617e-01 +4.1165e-01 +2.6570e+00 +6.9518e-01 -3.3867e-01 +3.9806e+00 +3.4877e+00 +4.7109e-01 +2.6106e+00 -1.8204e-01
228 0 +8.798436093e+06 +8.798350793e+06 +8.798350793e+06 +6.4335e-01 -4.5402e-01 +3.6872e+00 +6.1264e-01 -9.9085e-02 +2.8727e+00 +4.3825e+00 -1.0013e+00 +1.9300e+00 -2.2475e+00
302 0 +6.852092235e+06 +6.852006935e+06 +6.852006935e+06 +1.8734e-01 -3.1812e-02 +2.0708e+00 -5.2131e-02 +4.0644e-02 +1.9194e+00 +1.7075e+00 -1.6028e+00 +3.2195e+00 -1.5271e-01
355 0 +3.105285431e+06 +3.105200131e+06 +3.105200131e+06 -1.2827e+00 -5.7114e-01 +1.9034e+00 -1.4896e+00 +7.9346e-01 +2.9178e+00 +2.8477e+00 -7.9308e-01 +4.1442e+00 -1.2535e+00
451 0 +2.617156243e+06 +2.617070943e+06 +2.617070943e+06 -7.4584e-01 +2.2299e-01 +2.8317e+00 -6.1517e-01 +7.2736e-01 +4.1706e+00 +3.6653e+00 -7.1934e-01 +3.0172e+00 -1.1110e+00
454 0 +2.189286830e+06 +2.189201530e+06 +2.189201530e+06 -8.4951e-01 +4.9973e-01 +3.1865e+00 -1.2056e-01 +1.5182e+00 +3.4593e+00 +2.3550e+00 +1.3302e-01 +4.1299e+00 -1.4901e+00
455 0 +2.060531410e+06 +2.060446110e+06 +2.060446110e+06 -1.3899e+00 -7.9490e-01 +3.2832e+00 -4.5456e-01 +4.3627e-01 +3.2721e+00 +1.7306e+00 -8.8917e-01 +2.6904e+00 -1.4017e+00
501 0 +2.008746592e+06 +2.008661292e+06 +2.008661292e+06 +1.3161e-01 +4.0619e-01 +1.9362e+00 -9.9959e-01 -1.2419e+00 +2.7094e+00 +3.0523e+00 -5.4585e-01 +2.6268e+00 -9.4550e-01
551 0 +1.043013435e+06 +1.042928135e+06 +1.042928135e+06 -1.0310e+00 -1.1086e+00 +2.8306e+00 -3.5251e-01 +7.3589e-01 +3.0776e+00 +2.5587e+00 -7.8702e-01 +3.8637e+00 -1.6882e+00
601 0 +4.968016184e+05 +4.967163184e+05 +4.967163184e+05 -6.9006e-01 -2.0661e-01 +2.2431e+00 -1.0617e+00 +5.8165e-03 +3.3307e+00 +2.9147e+00 -8.8891e-01 +2.3587e+00 -1.6299e+00
754 0 +4.895340217e+05 +4.894487217e+05 +4.894487217e+05 -3.7806e-01 -3.2683e-01 +2.5657e+00 -5.1695e-01 -6.4675e-02 +2.5853e+00 +3.1188e+00 -1.1895e+00 +2.5022e+00 -1.9780e+00
759 0 +3.916509092e+05 +3.915656092e+05 +3.915656092e+05 -1.5904e-01 -4.5036e-01 +2.5339e+00 -1.0842e+00 -4.1980e-01 +2.7369e+00 +3.0132e+00 -9.7944e-01 +2.4007e+00 -1.6987e+00
801 0 +1.739592652e+05 +1.738739652e+05 +1.738739652e+05 -7.1047e-01 -4.5158e-01 +2.7212e+00 -6.5693e-01 +3.0120e-01 +3.0620e+00 +2.4851e+00 -1.0594e+00 +2.8766e+00 -1.5684e+00
901 0 +1.317877578e+05 +1.317024578e+05 +1.317024578e+05 -7.2939e-01 -5.0339e-01 +2.4371e+00 -6.5574e-01 +1.5095e-01 +3.2665e+00 +2.7544e+00 -1.1536e+00 +2.6794e+00 -1.8588e+00
951 0 +1.288814562e+05 +1.287961562e+05 +1.287961562e+05 -5.6812e-01 -3.0897e-01 +2.3993e+00 -6.0994e-01 +1.7460e-01 +2.9629e+00 +2.7985e+00 -8.5145e-01 +2.8704e+00 -1.5985e+00
952 0 +1.278897278e+05 +1.278044278e+05 +1.278044278e+05 -4.0365e-01 -3.1874e-01 +2.4491e+00 -7.5254e-01 -4.2724e-01 +3.0515e+00 +2.9125e+00 -1.5498e+00 +2.6657e+00 -1.7139e+00
1001 0 +8.068918212e+04 +8.060388212e+04 +8.060388212e+04 -5.8813e-01 -3.2744e-01 +2.3617e+00 -5.2625e-01 -4.3215e-01 +3.0382e+00 +2.8582e+00 -1.2219e+00 +2.6722e+00 -1.7301e+00
1051 0 +3.517886141e+04 +3.509356141e+04 +3.509356141e+04 -6.6180e-01 -1.8123e-01 +2.4206e+00 -6.3418e-01 +1.0632e-01 +3.0141e+00 +2.9599e+00 -1.1854e+00 +2.8138e+00 -1.6102e+00
1153 0 +3.492928346e+04 +3.484398346e+04 +3.484398346e+04 -7.7683e-01 -3.2786e-01 +2.5883e+00 -6.8383e-01 +1.4174e-01 +3.1347e+00 +2.7953e+00 -1.1451e+00 +2.9147e+00 -1.6850e+00
1201 0 +2.365445804e+04 +2.356915804e+04 +2.356915804e+04 -4.7198e-01 -3.4208e-01 +2.3875e+00 -7.3739e-01 -2.4103e-01 +3.1165e+00 +2.8532e+00 -1.3308e+00 +2.6627e+00 -1.5853e+00
1251 0 +1.651803699e+04 +1.643273699e+04 +1.643273699e+04 -5.7087e-01 -3.6030e-01 +2.3572e+00 -6.1398e-01 -7.6163e-03 +3.0278e+00 +2.8741e+00 -1.2253e+00 +2.7015e+00 -1.5972e+00
1304 0 +1.284400149e+04 +1.275870149e+04 +1.275870149e+04 -5.3137e-01 -2.8193e-01 +2.4052e+00 -6.9988e-01 -1.0595e-01 +2.9731e+00 +2.7964e+00 -1.2371e+00 +2.6133e+00 -1.6069e+00
1373 0 +8.307565678e+03 +8.222265678e+03 +8.222265678e+03 -4.5200e-01 -2.6800e-01 +2.2741e+00 -7.7967e-01 -4.4631e-01 +2.9549e+00 +2.8567e+00 -1.3141e+00 +2.4636e+00 -1.5850e+00
1401 0 +7.196758136e+03 +7.111458136e+03 +7.111458136e+03 -6.1536e-01 -3.1279e-01 +2.4293e+00 -6.1587e-01 -1.0447e-01 +3.0909e+00 +2.8098e+00 -1.1841e+00 +2.7213e+00 -1.6149e+00
1452 0 +6.800854179e+03 +6.715554179e+03 +6.715554179e+03 -5.8865e-01 -2.8674e-01 +2.4153e+00 -6.2961e-01 -1.0559e-01 +3.0077e+00 +2.8289e+00 -1.1616e+00 +2.7354e+00 -1.6637e+00
1463 0 +6.528642114e+03 +6.443342114e+03 +6.443342114e+03 -7.4491e-01 -2.9424e-01 +2.4459e+00 -5.6064e-01 +2.4072e-01 +3.1514e+00 +2.7647e+00 -1.1286e+00 +2.8819e+00 -1.6864e+00
1501 0 +3.110026107e+03 +3.024726107e+03 +3.024726107e+03 -5.9156e-01 -3.3697e-01 +2.4060e+00 -6.3789e-01 -1.5182e-02 +3.0535e+00 +2.8180e+00 -1.1869e+00 +2.7292e+00 -1.6447e+00
1601 0 +2.441783460e+03 +2.356483460e+03 +2.356483460e+03 -6.5179e-01 -3.0543e-01 +2.4350e+00 -6.5087e-01 -2.3637e-02 +3.0696e+00 +2.8028e+00 -1.2091e+00 +2.7832e+00 -1.6492e+00
1701 0 +1.074683786e+03 +9.893837858e+02 +9.893837858e+02 -7.0642e-01 -3.1348e-01 +2.4801e+00 -5.5765e-01 +1.7534e-01 +3.0916e+00 +2.8053e+00 -1.1589e+00 +2.8464e+00 -1.6475e+00
1702 0 +1.015801950e+03 +9.305019501e+02 +9.305019501e+02 -6.5059e-01 -2.9107e-01 +2.4097e+00 -6.1877e-01 +1.5733e-03 +3.0703e+00 +2.8007e+00 -1.1816e+00 +2.7547e+00 -1.6438e+00
1801 0 +5.087187913e+02 +4.234187913e+02 +4.234187913e+02 -7.0661e-01 -2.8056e-01 +2.4538e+00 -5.7619e-01 +1.4737e-01 +3.0788e+00 +2.8135e+00 -1.1590e+00 +2.8538e+00 -1.6406e+00
1901 0 +2.353065743e+02 +1.500065743e+02 +1.500065743e+02 -6.9861e-01 -2.9814e-01 +2.4583e+00 -5.7722e-01 +1.3651e-01 +3.0917e+00 +2.8056e+00 -1.1605e+00 +2.8354e+00 -1.6443e+00
2039 0 +2.306145962e+02 +1.453145962e+02 +1.453145962e+02 -6.5395e-01 -2.8714e-01 +2.4294e+00 -6.3712e-01 +1.1897e-02 +3.0623e+00 +2.8241e+00 -1.1787e+00 +2.7611e+00 -1.6486e+00
2057 0 +1.889172221e+02 +1.036172221e+02 +1.036172221e+02 -6.7056e-01 -2.9380e-01 +2.4414e+00 -6.0731e-01 +8.8551e-02 +3.0821e+00 +2.8214e+00 -1.1714e+00 +2.8097e+00 -1.6456e+00
2101 0 +1.609864877e+02 +7.568648774e+01 +7.568648774e+01 -6.7265e-01 -2.9643e-01 +2.4469e+00 -6.0789e-01 +7.7077e-02 +3.0746e+00 +2.8093e+00 -1.1777e+00 +2.8030e+00 -1.6365e+00
2102 0 +1.440198746e+02 +5.871987461e+01 +5.871987461e+01 -6.4728e-01 -2.9691e-01 +2.4264e+00 -6.3244e-01 +2.4158e-02 +3.0644e+00 +2.8188e+00 -1.1853e+00 +2.7536e+00 -1.6466e+00
2107 0 +8.676360949e+01 +1.463609488e+00 +1.463609488e+00 -6.3596e-01 -2.9356e-01 +2.4247e+00 -6.3966e-01 -7.9727e-03 +3.0658e+00 +2.8213e+00 -1.1919e+00 +2.7514e+00 -1.6505e+00
2151 0 +6.637250939e+01 -1.892749061e+01 -1.892749061e+01 -6.4303e-01 -2.9475e-01 +2.4268e+00 -6.3323e-01 +9.4905e-03 +3.0639e+00 +2.8176e+00 -1.1910e+00 +2.7530e+00 -1.6409e+00
2251 0 +5.287581294e+01 -3.242418706e+01 -3.242418706e+01 -6.5582e-01 -2.9440e-01 +2.4324e+00 -6.2805e-01 +2.7224e-02 +3.0672e+00 +2.8209e+00 -1.1888e+00 +2.7669e+00 -1.6413e+00
2301 0 +5.120621257e+01 -3.409378743e+01 -3.409378743e+01 -6.5404e-01 -2.9617e-01 +2.4299e+00 -6.2971e-01 +3.4257e-02 +3.0644e+00 +2.8141e+00 -1.1912e+00 +2.7695e+00 -1.6458e+00
2306 0 +3.005116306e+01 -5.524883694e+01 -5.524883694e+01 -6.4377e-01 -2.9402e-01 +2.4230e+00 -6.4090e-01 +6.4947e-03 +3.0609e+00 +2.8233e+00 -1.1934e+00 +2.7516e+00 -1.6460e+00
2358 0 +2.882449825e+01 -5.647550175e+01 -5.647550175e+01 -6.7097e-01 -2.9629e-01 +2.4365e+00 -6.2154e-01 +5.6600e-02 +3.0719e+00 +2.8140e+00 -1.1797e+00 +2.7858e+00 -1.6468e+00
2366 0 +2.235673564e+01 -6.294326436e+01 -6.294326436e+01 -6.3617e-01 -2.9536e-01 +2.4154e+00 -6.4559e-01 -1.9871e-02 +3.0564e+00 +2.8230e+00 -1.1971e+00 +2.7371e+00 -1.6434e+00
% f evaluations | g evaluations | best noise-free fitness - Fopt (1.719500000000e+02) + sum g_i+ | measured fitness | best measured fitness or single-digit g-values | x1 | x2...
1 0 +1.347900069e+08 +1.347901788e+08 +1.347901788e+08 +5.9671e-01 -3.8264e-02 +7.4769e-01 +1.6230e+00 -1.3415e-01 -1.3414e-01 +1.6792e+00 +8.6743e-01 -3.6947e-01 +6.4256e-01
3 0 +9.210052900e+07 +9.210070095e+07 +9.210070095e+07 +1.5656e+00 -1.2578e-01 +1.6753e-01 -1.3247e+00 -4.4438e-01 +2.1092e-01 -1.0510e+00 +4.7570e-01 -5.0064e-01 -1.9169e-01
23 0 +8.651859190e+07 +8.651876385e+07 +8.651876385e+07 +2.4147e+00 -1.7673e+00 +7.8626e-01 -1.5127e+00 -3.7193e-01 +1.1890e+00 +1.6428e-01 -9.7774e-01 -6.1530e-01 +7.7960e-01
51 0 +4.457483476e+07 +4.457500671e+07 +4.457500671e+07 +2.2121e+00 +9.4092e-01 -1.7362e+00 -1.6955e+00 -8.2400e-01 -4.7777e-01 +8.8441e-01 -1.8890e+00 +1.4754e+00 +1.4874e+00
101 0 +3.365009621e+07 +3.365026816e+07 +3.365026816e+07 +1.7748e+00 +3.0700e+00 -2.9050e+00 -6.0630e-01 -6.9332e-01 +1.3769e+00 -5.4586e-01 -4.4814e-01 +1.8564e+00 +2.8295e+00
102 0 +2.958808609e+07 +2.958825804e+07 +2.958825804e+07 +2.8523e+00 +8.0455e-01 -2.0317e+00 -2.5022e+00 -5.6629e-02 +4.6529e+00 +1.5612e+00 -2.5175e+00 -2.0275e+00 +1.9471e+00
112 0 +2.591828716e+07 +2.591845911e+07 +2.591845911e+07 +1.6777e+00 +1.4506e-01 -1.7165e+00 +1.3985e-01 +1.1484e+00 +2.8167e+00 +6.6175e-01 -2.0615e+00 +4.8880e-01 +2.0061e+00
151 0 +1.570639085e+07 +1.570656280e+07 +1.570656280e+07 +3.5221e+00 +1.1295e+00 -1.6724e+00 +8.9191e-01 +3.9318e+00 +4.0382e+00 +9.5649e-01 -3.6137e+00 -1.3452e+00 +4.7446e+00
221 0 +1.121439797e+07 +1.121456992e+07 +1.121456992e+07 +3.4454e+00 +3.6145e+00 -9.6437e-01 -3.0150e+00 +2.5457e+00 +2.0259e+00 -2.2859e+00 -1.2411e+00 -2.9174e+00 +3.1871e+00
372 0 +1.065895206e+07 +1.065912401e+07 +1.065912401e+07 +4.8350e+00 +3.0793e+00 -1.5334e+00 -2.1890e-01 +3.9187e+00 +2.4720e+00 -8.6535e-01 -4.0026e+00 -9.0128e-01 +3.3476e+00
401 0 +4.840996337e+06 +4.841168287e+06 +4.841168287e+06 +2.6050e+00 +3.5267e+00 -2.3042e+00 -1.5080e+00 +1.0917e+00 +2.9370e+00 -3.4909e-01 -2.0468e+00 -7.7847e-01 +3.2778e+00
453 0 +4.801028594e+06 +4.801200544e+06 +4.801200544e+06 +4.6841e+00 +2.8773e+00 -2.1174e+00 -1.2372e+00 +1.3394e+00 +3.5901e+00 -3.2374e+00 -2.2336e+00 -2.4356e+00 +3.1441e+00
502 0 +2.890352957e+06 +2.890524907e+06 +2.890524907e+06 +3.0603e+00 +3.6495e+00 -7.8029e-01 -2.4826e+00 +6.4031e-01 +3.5026e+00 -3.1154e+00 -2.0158e+00 -1.9479e+00 +2.5815e+00
504 0 +2.437872618e+06 +2.438044568e+06 +2.438044568e+06 +3.0481e+00 +2.7801e+00 -3.6838e+00 -2.4595e+00 +5.2024e-02 +2.5358e+00 -3.6891e+00 -2.0120e+00 -2.1918e+00 +2.8346e+00
601 0 +1.137555353e+06 +1.137727303e+06 +1.137727303e+06 +3.4912e+00 +2.7884e+00 -2.1313e+00 -1.9308e+00 +1.1905e-01 +3.1181e+00 -2.9635e+00 -2.2792e+00 -2.1959e+00 +2.4950e+00
764 0 +1.127369410e+06 +1.127541360e+06 +1.127541360e+06 +3.5278e+00 +3.4556e+00 -3.2579e+00 -3.1423e+00 -3.0468e-01 +2.6664e+00 -4.7624e+00 -1.2923e+00 -2.1198e+00 +2.0224e+00
801 0 +7.243394163e+05 +7.245113663e+05 +7.245113663e+05 +3.7210e+00 +3.8040e+00 -2.3977e+00 -2.7510e+00 +1.7408e-02 +3.2119e+00 -3.9963e+00 -2.2831e+00 -1.7514e+00 +2.4248e+00
853 0 +5.849801194e+05 +5.851520694e+05 +5.851520694e+05 +3.7863e+00 +3.7482e+00 -2.3948e+00 -3.1659e+00 -2.3444e-01 +2.9884e+00 -3.8521e+00 -1.8849e+00 -1.9919e+00 +2.2335e+00
901 0 +4.994404274e+05 +4.996123774e+05 +4.996123774e+05 +4.0080e+00 +3.6146e+00 -2.2328e+00 -2.4054e+00 +4.3093e-02 +3.2567e+00 -3.4324e+00 -2.0456e+00 -2.2429e+00 +2.4931e+00
951 0 +2.323155532e+05 +2.324875032e+05 +2.324875032e+05 +3.6566e+00 +3.6055e+00 -2.4195e+00 -2.4798e+00 +3.3667e-01 +3.0508e+00 -3.7803e+00 -1.9147e+00 -1.9067e+00 +3.0920e+00
952 0 +2.228685658e+05 +2.230405158e+05 +2.230405158e+05 +3.5054e+00 +3.5085e+00 -2.2668e+00 -2.2022e+00 +8.0405e-01 +3.1376e+00 -3.5451e+00 -1.8400e+00 -1.7513e+00 +2.9924e+00
1001 0 +1.561966158e+05 +1.563685658e+05 +1.563685658e+05 +3.4428e+00 +3.4624e+00 -2.2772e+00 -2.4418e+00 +1.8772e-01 +3.1931e+00 -3.3988e+00 -1.6206e+00 -1.9245e+00 +2.8123e+00
1031 0 +1.097048874e+05 +1.098768374e+05 +1.098768374e+05 +3.2863e+00 +3.1886e+00 -2.2692e+00 -2.0278e+00 +1.0165e+00 +2.8748e+00 -2.8633e+00 -2.0974e+00 -1.7297e+00 +2.9466e+00
1101 0 +5.998601425e+04 +6.015796425e+04 +6.015796425e+04 +3.7298e+00 +3.4540e+00 -2.4307e+00 -2.6185e+00 -1.0404e-01 +2.9062e+00 -4.0783e+00 -1.7879e+00 -2.0039e+00 +2.6123e+00
1201 0 +3.882670267e+04 +3.899865267e+04 +3.899865267e+04 +3.5696e+00 +3.3716e+00 -2.4758e+00 -2.3465e+00 +1.4170e-01 +3.0241e+00 -3.6858e+00 -1.7163e+00 -2.0019e+00 +2.6697e+00
1253 0 +2.240473931e+04 +2.257668931e+04 +2.257668931e+04 +3.6777e+00 +3.2972e+00 -2.3285e+00 -2.3575e+00 +5.9572e-01 +2.8400e+00 -3.3334e+00 -1.9122e+00 -1.9043e+00 +2.8727e+00
1351 0 +1.286377321e+04 +1.303572321e+04 +1.303572321e+04 +3.6413e+00 +3.4291e+00 -2.4253e+00 -2.5039e+00 +1.2543e-01 +2.9940e+00 -3.8314e+00 -1.7382e+00 -2.0831e+00 +2.6242e+00
1405 0 +1.149086232e+04 +1.166281232e+04 +1.166281232e+04 +3.6331e+00 +3.3870e+00 -2.4722e+00 -2.5020e+00 +8.8408e-02 +2.9357e+00 -3.7458e+00 -1.7885e+00 -2.1224e+00 +2.6294e+00
1452 0 +8.493785683e+03 +8.665735683e+03 +8.665735683e+03 +3.6354e+00 +3.3913e+00 -2.3649e+00 -2.4436e+00 +1.8889e-01 +2.9619e+00 -3.6617e+00 -1.7369e+00 -2.0532e+00 +2.6498e+00
1538 0 +7.271089602e+03 +7.443039602e+03 +7.443039602e+03 +3.6378e+00 +3.4052e+00 -2.3494e+00 -2.4826e+00 +1.9583e-01 +2.9270e+00 -3.5878e+00 -1.7933e+00 -2.0045e+00 +2.6568e+00
1551 0 +1.631078377e+03 +1.803028377e+03 +1.803028377e+03 +3.6598e+00 +3.3843e+00 -2.4254e+00 -2.5255e+00 +7.9016e-02 +2.9794e+00 -3.7628e+00 -1.7317e+00 -2.0507e+00 +2.6619e+00
1751 0 +1.444520420e+03 +1.616470420e+03 +1.616470420e+03 +3.6482e+00 +3.3807e+00 -2.4001e+00 -2.5241e+00 +8.9737e-02 +2.9482e+00 -3.7458e+00 -1.7606e+00 -2.0574e+00 +2.7120e+00
1805 0 +1.321013660e+03 +1.492963660e+03 +1.492963660e+03 +3.6476e+00 +3.3987e+00 -2.3789e+00 -2.5419e+00 +9.4512e-02 +2.9514e+00 -3.7239e+00 -1.7631e+00 -2.0824e+00 +2.7013e+00
1844 0 +1.303287562e+03 +1.475237562e+03 +1.475237562e+03 +3.5987e+00 +3.3694e+00 -2.3419e+00 -2.4491e+00 +2.3853e-01 +2.9281e+00 -3.6052e+00 -1.7764e+00 -2.0241e+00 +2.7451e+00
1851 0 +9.944777583e+02 +1.166427758e+03 +1.166427758e+03 +3.6427e+00 +3.3750e+00 -2.3866e+00 -2.5206e+00 +1.5475e-01 +2.9735e+00 -3.6585e+00 -1.7699e+00 -2.0391e+00 +2.7087e+00
1901 0 +7.188805923e+02 +8.908305923e+02 +8.908305923e+02 +3.6542e+00 +3.3890e+00 -2.4038e+00 -2.5437e+00 +5.5401e-02 +2.9675e+00 -3.7248e+00 -1.7394e+00 -2.0749e+00 +2.6847e+00
1904 0 +5.501426508e+02 +7.220926508e+02 +7.220926508e+02 +3.6497e+00 +3.3846e+00 -2.3626e+00 -2.4986e+00 +1.4239e-01 +2.9409e+00 -3.6670e+00 -1.7683e+00 -2.0222e+00 +2.7114e+00
1951 0 +3.936990709e+02 +5.656490709e+02 +5.656490709e+02 +3.6436e+00 +3.3808e+00 -2.3505e+00 -2.4851e+00 +1.8796e-01 +2.9310e+00 -3.6307e+00 -1.7741e+00 -2.0203e+00 +2.7324e+00
1956 0 +3.269257457e+02 +4.988757457e+02 +4.988757457e+02 +3.6430e+00 +3.3875e+00 -2.4049e+00 -2.5301e+00 +7.3854e-02 +2.9723e+00 -3.7452e+00 -1.7497e+00 -2.0688e+00 +2.6741e+00
2005 0 +1.712742793e+02 +3.432242793e+02 +3.432242793e+02 +3.6604e+00 +3.3826e+00 -2.3854e+00 -2.5218e+00 +9.6994e-02 +2.9611e+00 -3.7082e+00 -1.7538e+00 -2.0559e+00 +2.6848e+00
2151 0 +1.211231153e+02 +2.930731153e+02 +2.930731153e+02 +3.6408e+00 +3.3806e+00 -2.3813e+00 -2.5094e+00 +1.4687e-01 +2.9538e+00 -3.6817e+00 -1.7540e+00 -2.0378e+00 +2.7041e+00
2153 0 +1.117589266e+02 +2.837089266e+02 +2.837089266e+02 +3.6371e+00 +3.3767e+00 -2.3620e+00 -2.4969e+00 +1.6222e-01 +2.9550e+00 -3.6627e+00 -1.7733e+00 -2.0318e+00 +2.7125e+00
2204 0 +9.293034244e+01 +2.648803424e+02 +2.648803424e+02 +3.6386e+00 +3.3787e+00 -2.3771e+00 -2.5086e+00 +1.4660e-01 +2.9507e+00 -3.6826e+00 -1.7618e+00 -2.0465e+00 +2.7095e+00
2209 0 +8.972208746e+01 +2.616720875e+02 +2.616720875e+02 +3.6326e+00 +3.3741e+00 -2.3565e+00 -2.4928e+00 +1.8838e-01 +2.9523e+00 -3.6475e+00 -1.7669e+00 -2.0222e+00 +2.7245e+00
2256 0 +4.589888280e+01 +2.178488828e+02 +2.178488828e+02 +3.6277e+00 +3.3798e+00 -2.3578e+00 -2.4959e+00 +1.7851e-01 +2.9473e+00 -3.6476e+00 -1.7688e+00 -2.0243e+00 +2.7224e+00
2351 0 +2.991501013e+01 +2.018650101e+02 +2.018650101e+02 +3.6334e+00 +3.3826e+00 -2.3636e+00 -2.4938e+00 +1.7395e-01 +2.9425e+00 -3.6518e+00 -1.7680e+00 -2.0305e+00 +2.7200e+00
2406 0 +2.496617656e+01 +1.969161766e+02 +1.969161766e+02 +3.6368e+00 +3.3780e+00 -2.3656e+00 -2.5008e+00 +1.6258e-01 +2.9484e+00 -3.6604e+00 -1.7691e+00 -2.0322e+00 +2.7142e+00
2451 0 +1.569178338e+01 +1.876417834e+02 +1.876417834e+02 +3.6371e+00 +3.3849e+00 -2.3735e+00 -2.5029e+00 +1.4945e-01 +2.9514e+00 -3.6732e+00 -1.7603e+00 -2.0375e+00 +2.7105e+00
% f evaluations | g evaluations | best noise-free fitness - Fopt (6.816000000000e+01) + sum g_i+ | measured fitness | best measured fitness or single-digit g-values | x1 | x2...
1 0 +8.121603092e+07 +8.121609908e+07 +8.121609908e+07 +5.9671e-01 -3.8264e-02 +7.4769e-01 +1.6230e+00 -1.3415e-01 -1.3414e-01 +1.6792e+00 +8.6743e-01 -3.6947e-01 +6.4256e-01
22 0 +5.728876382e+07 +5.728883198e+07 +5.728883198e+07 +6.7089e-01 +1.2356e+00 +1.0540e+00 +7.5139e-01 -2.1527e-01 +8.5897e-01 -6.7283e-01 -1.3682e-01 -3.8536e-01 +1.8187e-01
43 0 +4.812720169e+07 +4.812726985e+07 +4.812726985e+07 +2.1607e+00 +1.8553e+00 -1.4896e-01 +1.0716e+00 +7.4538e-01 +1.4686e+00 -8.6492e-01 +7.8605e-01 +1.1584e+00 -1.6587e+00
51 0 +4.651305017e+07 +4.651311833e+07 +4.651311833e+07 +3.4685e+00 +2.6741e+00 +2.0575e-01 +1.0089e+00 +1.3093e+00 +1.7302e+00 -1.5279e+00 +1.9966e+00 -8.3774e-01 -2.8047e+00
58 0 +3.622416882e+07 +3.622423698e+07 +3.622423698e+07 +1.9135e+00 +1.3370e+00 -7.0825e-01 +2.5676e+00 +9.0211e-01 +1.3237e+00 +1.7908e-01 -5.9272e-02 +9.3027e-01 +3.0641e-01
68 0 +3.257036995e+07 +3.257043811e+07 +3.257043811e+07 +1.9004e+00 +1.6449e+00 +1.3655e+00 +1.8588e+00 +2.4782e-01 +9.3954e-01 +1.5802e-01 +2.0010e-01 +8.8358e-01 +8.0233e-01
102 0 +3.083545697e+07 +3.083552513e+07 +3.083552513e+07 +4.7275e+00 +1.2964e+00 +1.7717e+00 +1.6028e+00 +3.6869e+00 +2.9508e+00 -1.9353e+00 +4.8069e-01 +1.2680e+00 +1.1736e+00
103 0 +1.156799985e+07 +1.156806801e+07 +1.156806801e+07 +4.6204e+00 +2.4396e+00 +1.3130e+00 +1.8455e+00 +1.8828e+00 +2.7114e+00 -5.5227e-01 +2.2701e+00 -1.7721e+00 +1.5463e+00
270 0 +1.026948294e+07 +1.026955110e+07 +1.026955110e+07 +1.8315e+00 +4.1787e+00 +1.8388e+00 +4.6583e+00 +2.1052e+00 +7.0130e-01 +9.3772e-01 +3.1036e+00 -3.9867e+00 +2.1783e+00
358 0 +6.457997174e+06 +6.458065334e+06 +6.458065334e+06 +1.7099e+00 +2.0751e+00 +8.0830e-01 +3.2559e+00 +2.6907e+00 +3.1417e+00 +1.4796e+00 +2.2423e+00 -1.4615e+00 +1.9149e+00
501 0 +3.172732685e+06 +3.172800845e+06 +3.172800845e+06 +3.7343e+00 +3.4108e+00 +2.1806e+00 +3.7080e+00 +2.4845e+00 +1.7646e+00 +7.7840e-01 +2.3154e+00 -1.7741e-01 +1.4358e+00
518 0 +3.000370833e+06 +3.000438993e+06 +3.000438993e+06 +1.9964e+00 +3.4545e+00 +1.3481e+00 +3.7842e+00 +3.0453e+00 +2.4371e+00 +2.2238e+00 +3.0729e+00 -7.5017e-01 +2.4366e+00
551 0 +1.254258114e+06 +1.254326274e+06 +1.254326274e+06 +4.0340e+00 +2.8048e+00 +1.9740e+00 +3.1821e+00 +2.3281e+00 +1.9227e+00 +1.0064e+00 +3.2325e+00 -8.5530e-01 +2.2688e+00
751 0 +1.147529913e+06 +1.147598073e+06 +1.147598073e+06 +2.9956e+00 +3.3780e+00 +1.0862e+00 +4.0163e+00 +2.1112e+00 +2.3250e+00 +1.1126e+00 +3.2746e+00 -1.2425e+00 +2.0296e+00
801 0 +5.591252598e+05 +5.591934198e+05 +5.591934198e+05 +3.7672e+00 +2.7413e+00 +1.8391e+00 +3.4008e+00 +2.7672e+00 +2.4204e+00 +1.2776e+00 +3.2597e+00 -1.0661e+00 +2.0369e+00
901 0 +4.944344626e+05 +4.945026226e+05 +4.945026226e+05 +2.9576e+00 +3.3161e+00 +1.6296e+00 +3.5601e+00 +2.5501e+00 +2.5174e+00 +1.6224e+00 +2.9240e+00 -1.4488e+00 +2.5341e+00
951 0 +4.130764850e+05 +4.131446450e+05 +4.131446450e+05 +3.4352e+00 +3.0457e+00 +1.6287e+00 +3.4883e+00 +2.6649e+00 +2.4518e+00 +1.7672e+00 +3.0840e+00 -1.8375e+00 +2.4979e+00
952 0 +3.096296767e+05 +3.096978367e+05 +3.096978367e+05 +3.9539e+00 +3.2060e+00 +1.4858e+00 +3.4999e+00 +2.6445e+00 +2.9536e+00 +1.5225e+00 +3.3447e+00 -8.7147e-01 +2.0208e+00
1001 0 +2.939092366e+05 +2.939773966e+05 +2.939773966e+05 +3.3009e+00 +3.1274e+00 +1.6281e+00 +3.6153e+00 +2.4035e+00 +2.0496e+00 +1.4504e+00 +3.2588e+00 -1.5986e+00 +2.4248e+00
1005 0 +2.410767988e+05 +2.411449588e+05 +2.411449588e+05 +3.8609e+00 +3.4417e+00 +1.7061e+00 +3.4620e+00 +2.3957e+00 +2.3851e+00 +1.6621e+00 +3.1703e+00 -4.2265e-01 +2.1916e+00
1051 0 +1.426975477e+05 +1.427657077e+05 +1.427657077e+05 +3.7153e+00 +3.4608e+00 +1.5568e+00 +3.9038e+00 +2.3475e+00 +2.6847e+00 +1.4716e+00 +3.2432e+00 -8.1547e-01 +2.0933e+00
1054 0 +1.391876952e+05 +1.392558552e+05 +1.392558552e+05 +3.8462e+00 +3.1070e+00 +1.4297e+00 +3.5499e+00 +2.2703e+00 +2.5682e+00 +1.3487e+00 +3.1180e+00 -5.6307e-01 +2.0148e+00
1116 0 +1.350717053e+05 +1.351398653e+05 +1.351398653e+05 +4.4221e+00 +3.1700e+00 +1.6238e+00 +3.5769e+00 +2.1707e+00 +2.5838e+00 +1.4335e+00 +3.1444e+00 -3.2014e-01 +1.8007e+00
1151 0 +1.212154421e+05 +1.212836021e+05 +1.212836021e+05 +3.7260e+00 +3.3460e+00 +1.4425e+00 +3.7006e+00 +2.4200e+00 +2.6767e+00 +1.2380e+00 +3.3248e+00 -7.6728e-01 +2.0426e+00
1152 0 +1.127164737e+05 +1.127846337e+05 +1.127846337e+05 +3.9707e+00 +3.1446e+00 +1.3826e+00 +3.7331e+00 +2.3890e+00 +2.6087e+00 +1.5567e+00 +3.4746e+00 -8.9376e-01 +2.1230e+00
1201 0 +5.155407811e+04 +5.162223811e+04 +5.162223811e+04 +4.0718e+00 +3.3682e+00 +1.5995e+00 +3.5970e+00 +2.2972e+00 +2.5736e+00 +1.3397e+00 +3.2045e+00 -7.2198e-01 +2.0930e+00
1301 0 +2.871989266e+04 +2.878805266e+04 +2.878805266e+04 +3.6635e+00 +3.2832e+00 +1.6172e+00 +3.7157e+00 +2.5286e+00 +2.5190e+00 +1.5700e+00 +3.3320e+00 -1.0205e+00 +2.3434e+00
1369 0 +2.378863621e+04 +2.385679621e+04 +2.385679621e+04 +3.3619e+00 +3.1507e+00 +1.6286e+00 +3.7284e+00 +2.6423e+00 +2.4270e+00 +1.5898e+00 +3.4200e+00 -1.2247e+00 +2.3480e+00
1401 0 +1.883361403e+04 +1.890177403e+04 +1.890177403e+04 +4.0402e+00 +3.3664e+00 +1.5565e+00 +3.6467e+00 +2.2699e+00 +2.6304e+00 +1.4409e+00 +3.2583e+00 -4.9862e-01 +2.0084e+00
1451 0 +1.195466337e+04 +1.202282337e+04 +1.202282337e+04 +3.8573e+00 +3.2172e+00 +1.6314e+00 +3.7330e+00 +2.4728e+00 +2.5381e+00 +1.4395e+00 +3.3168e+00 -8.0139e-01 +2.1342e+00
1502 0 +9.967944421e+03 +1.003610442e+04 +1.003610442e+04 +3.8960e+00 +3.3378e+00 +1.5880e+00 +3.7064e+00 +2.3722e+00 +2.5117e+00 +1.4464e+00 +3.3482e+00 -7.7168e-01 +2.1516e+00
1653 0 +9.393715839e+03 +9.461875839e+03 +9.461875839e+03 +3.7956e+00 +3.2789e+00 +1.6082e+00 +3.6639e+00 +2.5274e+00 +2.5432e+00 +1.4772e+00 +3.3522e+00 -8.5757e-01 +2.2006e+00
1655 0 +8.597569767e+03 +8.665729767e+03 +8.665729767e+03 +3.9282e+00 +3.3143e+00 +1.5677e+00 +3.6261e+00 +2.3753e+00 +2.5201e+00 +1.4830e+00 +3.2459e+00 -6.8725e-01 +2.1353e+00
1701 0 +5.017398394e+03 +5.085558394e+03 +5.085558394e+03 +3.8847e+00 +3.2552e+00 +1.5766e+00 +3.6443e+00 +2.4185e+00 +2.5117e+00 +1.4991e+00 +3.2917e+00 -7.4942e-01 +2.1502e+00
1702 0 +4.440357835e+03 +4.508517835e+03 +4.508517835e+03 +3.8480e+00 +3.2844e+00 +1.5367e+00 +3.7276e+00 +2.4319e+00 +2.5610e+00 +1.4499e+00 +3.3108e+00 -8.0649e-01 +2.1648e+00
1754 0 +3.175168770e+03 +3.243328770e+03 +3.243328770e+03 +4.0014e+00 +3.3299e+00 +1.5358e+00 +3.6631e+00 +2.3896e+00 +2.5633e+00 +1.4703e+00 +3.3162e+00 -6.5741e-01 +2.1009e+00
1768 0 +3.040795981e+03 +3.108955981e+03 +3.108955981e+03 +3.8408e+00 +3.2611e+00 +1.5690e+00 +3.6981e+00 +2.4624e+00 +2.5009e+00 +1.4507e+00 +3.3389e+00 -8.5750e-01 +2.1610e+00
1801 0 +2.693216961e+03 +2.761376961e+03 +2.761376961e+03 +3.9510e+00 +3.2713e+00 +1.5510e+00 +3.6876e+00 +2.4184e+00 +2.5479e+00 +1.4454e+00 +3.3014e+00 -6.5842e-01 +2.1146e+00
1803 0 +2.148868784e+03 +2.217028784e+03 +2.217028784e+03 +3.8390e+00 +3.2677e+00 +1.5466e+00 +3.7089e+00 +2.4297e+00 +2.5383e+00 +1.4545e+00 +3.3181e+00 -7.9770e-01 +2.1181e+00
1851 0 +1.522714076e+03 +1.590874076e+03 +1.590874076e+03 +3.9514e+00 +3.2995e+00 +1.5463e+00 +3.6578e+00 +2.3956e+00 +2.5479e+00 +1.4757e+00 +3.3175e+00 -6.9928e-01 +2.1070e+00
1901 0 +5.607529834e+02 +6.289129834e+02 +6.289129834e+02 +3.9124e+00 +3.2743e+00 +1.5398e+00 +3.6797e+00 +2.4139e+00 +2.5478e+00 +1.4697e+00 +3.3068e+00 -7.2122e-01 +2.1211e+00
1951 0 +3.184860606e+02 +3.866460606e+02 +3.866460606e+02 +3.8939e+00 +3.2910e+00 +1.5659e+00 +3.6835e+00 +2.4266e+00 +2.5376e+00 +1.4718e+00 +3.3096e+00 -7.6456e-01 +2.1289e+00
2101 0 +2.812619085e+02 +3.494219085e+02 +3.494219085e+02 +3.8346e+00 +3.2784e+00 +1.5606e+00 +3.6990e+00 +2.4490e+00 +2.5302e+00 +1.4842e+00 +3.3152e+00 -8.2329e-01 +2.1582e+00
2152 0 +2.178556471e+02 +2.860156471e+02 +2.860156471e+02 +3.8340e+00 +3.2802e+00 +1.5683e+00 +3.6970e+00 +2.4572e+00 +2.5266e+00 +1.4800e+00 +3.3034e+00 -8.2865e-01 +2.1505e+00
2201 0 +1.557655369e+02 +2.239255369e+02 +2.239255369e+02 +3.8681e+00 +3.2798e+00 +1.5659e+00 +3.6952e+00 +2.4319e+00 +2.5324e+00 +1.4694e+00 +3.3040e+00 -7.8506e-01 +2.1446e+00
2202 0 +1.437080971e+02 +2.118680971e+02 +2.118680971e+02 +3.8066e+00 +3.2762e+00 +1.5681e+00 +3.6988e+00 +2.4586e+00 +2.5123e+00 +1.4858e+00 +3.3111e+00 -8.5324e-01 +2.1588e+00
2301 0 +1.009322804e+02 +1.690922804e+02 +1.690922804e+02 +3.8348e+00 +3.2753e+00 +1.5648e+00 +3.6872e+00 +2.4532e+00 +2.5222e+00 +1.4789e+00 +3.3093e+00 -8.1939e-01 +2.1458e+00
2351 0 +5.312510217e+01 +1.212851022e+02 +1.212851022e+02 +3.8360e+00 +3.2786e+00 +1.5630e+00 +3.6929e+00 +2.4525e+00 +2.5213e+00 +1.4776e+00 +3.3102e+00 -8.2152e-01 +2.1429e+00
2357 0 +4.811199048e+01 +1.162719905e+02 +1.162719905e+02 +3.8410e+00 +3.2740e+00 +1.5643e+00 +3.6941e+00 +2.4471e+00 +2.5209e+00 +1.4790e+00 +3.3141e+00 -8.1759e-01 +2.1441e+00
2401 0 +4.140625922e+01 +1.095662592e+02 +1.095662592e+02 +3.8441e+00 +3.2748e+00 +1.5635e+00 +3.6938e+00 +2.4448e+00 +2.5255e+00 +1.4763e+00 +3.3103e+00 -8.1530e-01 +2.1459e+00
% f evaluations | g evaluations | best noise-free fitness - Fopt (1.000000000000e+03) + sum g_i+ | measured fitness | best measured fitness or single-digit g-values | x1 | x2...
1 0 +9.994469284e+07 +9.994569284e+07 +9.994569284e+07 +5.9671e-01 -3.8264e-02 +7.4769e-01 +1.6230e+00 -1.3415e-01 -1.3414e-01 +1.6792e+00 +8.6743e-01 -3.6947e-01 +6.4256e-01
2 0 +9.497028591e+07 +9.497128591e+07 +9.497128591e+07 -3.6342e-01 -3.6573e-01 +3.4196e-01 -1.8133e+00 -1.6249e+00 -4.6229e-01 -9.1283e-01 +4.1425e-01 -8.0802e-01 -1.3123e+00
4 0 +4.996018428e+07 +4.996118428e+07 +4.996118428e+07 -5.0171e-01 +1.9523e+00 +8.6503e-02 -9.5771e-01 +9.2254e-01 -1.1208e+00 +3.0886e-01 -1.8597e+00 -1.2282e+00 +2.9686e-01
51 0 +4.293356416e+07 +4.293456416e+07 +4.293456416e+07 -2.4302e+00 +3.6237e+00 +1.0964e+00 +5.6734e-01 +4.2222e-01 -3.9365e-02 -1.9372e+00 +2.5348e-01 -1.4493e+00 +1.4003e+00
55 0 +3.601635200e+07 +3.601735200e+07 +3.601735200e+07 -1.6560e+00 +7.3404e-01 +1.8187e-01 -4.7671e-01 -1.1531e-01 -6.9857e-01 -1.2091e+00 -3.1259e+00 -1.9141e-01 +9.2785e-01
103 0 +2.898810932e+07 +2.898910932e+07 +2.898910932e+07 -2.8002e+00 -3.4487e-02 +2.0228e+00 +8.3275e-01 +9.4987e-01 -3.5847e+00 -2.7792e-01 -4.3385e+00 -2.9088e+00 +1.4247e+00
104 0 +2.718368410e+07 +2.718468410e+07 +2.718468410e+07 -2.0459e+00 -7.9793e-01 +2.0261e+00 -2.3630e+00 -8.6108e-01 -2.3212e+00 -1.9657e+00 -3.7831e+00 -1.0022e+00 +2.6832e+00
106 0 +1.487771964e+07 +1.487871964e+07 +1.487871964e+07 -4.9208e-01 +2.8524e+00 +1.1193e+00 -6.2770e-01 -2.2826e+00 -2.5018e+00 -1.5079e+00 -3.3333e+00 -4.8745e-01 +2.5931e+00
110 0 +1.465188864e+07 +1.465288864e+07 +1.465288864e+07 -2.9643e+00 +1.7295e+00 +1.0555e+00 -1.6600e+00 -3.7490e-02 -3.0071e+00 -5.7895e-01 -2.5808e+00 +1.3858e-01 +3.6447e+00
222 0 +1.379693750e+07 +1.379793750e+07 +1.379793750e+07 -2.6595e+00 +2.3332e+00 +1.7257e+00 +1.5288e+00 -1.1738e+00 -2.0992e+00 -3.2710e+00 -4.4018e+00 -1.5011e+00 +3.8119e+00
338 0 +9.889800901e+06 +9.890800901e+06 +9.890800901e+06 -8.1368e-01 +3.2556e+00 +1.1872e+00 +5.5859e-02 -3.4045e+00 -3.7700e+00 -1.0932e+00 -2.7737e+00 -3.5416e+00 +2.0810e+00
353 0 +2.895799647e+06 +2.896799647e+06 +2.896799647e+06 -2.9089e+00 +2.3728e+00 +9.6789e-01 -6.5898e-01 -2.1483e+00 -3.5913e+00 -3.7425e+00 -2.6930e+00 -2.9560e+00 +3.0870e+00
551 0 +2.702989957e+06 +2.703989957e+06 +2.703989957e+06 -2.0163e+00 +2.3677e+00 +2.8031e+00 -3.0093e-01 -2.5297e+00 -3.7901e+00 -2.9157e+00 -2.7410e+00 -2.8140e+00 +2.2305e+00
566 0 +2.575194679e+06 +2.576194679e+06 +2.576194679e+06 -1.0641e+00 +2.4968e+00 +2.4447e+00 +6.5790e-02 -2.2571e+00 -3.6459e+00 -2.9217e+00 -2.9833e+00 -3.0698e+00 +3.5366e+00
601 0 +2.148109305e+06 +2.149109305e+06 +2.149109305e+06 -1.8296e+00 +3.3506e+00 +1.6097e+00 -1.1130e-01 -2.0367e+00 -3.0735e+00 -3.0860e+00 -2.2008e+00 -2.8891e+00 +3.2154e+00
651 0 +1.237857155e+06 +1.238857155e+06 +1.238857155e+06 -2.1844e+00 +3.1290e+00 +2.1083e+00 +4.2076e-02 -2.7125e+00 -3.2809e+00 -2.4199e+00 -3.0471e+00 -3.1290e+00 +2.6777e+00
751 0 +9.486240267e+05 +9.496240267e+05 +9.496240267e+05 -1.9144e+00 +2.9502e+00 +2.0549e+00 +2.9789e-01 -2.7306e+00 -3.0691e+00 -3.1493e+00 -3.4167e+00 -3.0247e+00 +2.8365e+00
761 0 +6.229709524e+05 +6.239709524e+05 +6.239709524e+05 -1.7467e+00 +4.1053e+00 +2.3205e+00 -1.5190e-01 -4.2791e+00 -3.3976e+00 -4.1736e+00 -2.7106e+00 -3.1773e+00 +2.2850e+00
801 0 +4.885783227e+05 +4.895783227e+05 +4.895783227e+05 -2.1222e+00 +3.4104e+00 +2.3168e+00 -2.8716e-01 -3.2910e+00 -3.0504e+00 -3.4926e+00 -2.6095e+00 -2.9692e+00 +3.3165e+00
901 0 +2.108098643e+05 +2.118098643e+05 +2.118098643e+05 -1.8375e+00 +3.7235e+00 +2.4082e+00 -1.2942e-01 -3.4867e+00 -3.6291e+00 -3.6625e+00 -2.5104e+00 -3.0519e+00 +2.9783e+00
902 0 +1.888269376e+05 +1.898269376e+05 +1.898269376e+05 -1.9994e+00 +3.3638e+00 +2.0058e+00 -4.5390e-02 -3.6050e+00 -3.4563e+00 -3.7135e+00 -3.0721e+00 -2.8505e+00 +3.2746e+00
1051 0 +1.728552235e+05 +1.738552235e+05 +1.738552235e+05 -1.6635e+00 +3.5770e+00 +2.1589e+00 -2.0698e-01 -3.1787e+00 -3.7260e+00 -3.6886e+00 -2.9550e+00 -3.0135e+00 +2.9799e+00
1101 0 +1.031953672e+05 +1.041953672e+05 +1.041953672e+05 -1.4233e+00 +3.6383e+00 +2.3202e+00 -1.3302e-01 -3.8930e+00 -3.5627e+00 -3.8553e+00 -2.5169e+00 -2.8585e+00 +2.9411e+00
1201 0 +6.762891061e+04 +6.862891061e+04 +6.862891061e+04 -1.1054e+00 +3.8256e+00 +2.3228e+00 +3.8151e-02 -3.8981e+00 -3.5079e+00 -4.3358e+00 -2.6390e+00 -3.0007e+00 +2.5053e+00
1206 0 +5.852894001e+04 +5.952894001e+04 +5.952894001e+04 -2.1085e+00 +3.2994e+00 +2.1174e+00 -1.3350e-01 -3.3343e+00 -3.5871e+00 -3.5408e+00 -3.0672e+00 -2.9272e+00 +3.1700e+00
1301 0 +3.391633968e+04 +3.491633968e+04 +3.491633968e+04 -1.5798e+00 +3.7030e+00 +2.2553e+00 +2.0791e-02 -3.6867e+00 -3.6338e+00 -3.8024e+00 -2.6498e+00 -2.9043e+00 +2.8766e+00
1401 0 +1.948165599e+04 +2.048165599e+04 +2.048165599e+04 -1.5126e+00 +3.5844e+00 +2.1512e+00 +2.1164e-02 -3.6492e+00 -3.4808e+00 -3.7727e+00 -2.6560e+00 -2.8812e+00 +2.8070e+00
1452 0 +1.593790851e+04 +1.693790851e+04 +1.693790851e+04 -1.3124e+00 +3.7743e+00 +2.3168e+00 +3.8670e-02 -3.8753e+00 -3.5682e+00 -4.1082e+00 -2.6078e+00 -2.8748e+00 +2.5430e+00
1551 0 +1.281730975e+04 +1.381730975e+04 +1.381730975e+04 -1.4535e+00 +3.6646e+00 +2.2162e+00 -4.1436e-03 -3.7205e+00 -3.5717e+00 -3.9790e+00 -2.6595e+00 -2.9405e+00 +2.6665e+00
1552 0 +7.621299377e+03 +8.621299377e+03 +8.621299377e+03 -1.2939e+00 +3.7499e+00 +2.3127e+00 +6.7225e-02 -3.9063e+00 -3.5541e+00 -4.0011e+00 -2.5177e+00 -2.9760e+00 +2.5904e+00
1601 0 +3.614699989e+03 +4.614699989e+03 +4.614699989e+03 -1.5157e+00 +3.5666e+00 +2.2613e+00 -3.7972e-02 -3.6399e+00 -3.5604e+00 -3.8248e+00 -2.7263e+00 -2.9419e+00 +2.7768e+00
1866 0 +3.244872650e+03 +4.244872650e+03 +4.244872650e+03 -1.5482e+00 +3.5804e+00 +2.1929e+00 -1.4782e-02 -3.6552e+00 -3.5798e+00 -3.7889e+00 -2.7084e+00 -2.9214e+00 +2.7723e+00
1924 0 +2.868636343e+03 +3.868636343e+03 +3.868636343e+03 -1.5518e+00 +3.5521e+00 +2.2245e+00 -4.9547e-02 -3.6324e+00 -3.5747e+00 -3.8041e+00 -2.7029e+00 -2.9484e+00 +2.7536e+00
1951 0 +2.612376950e+03 +3.612376950e+03 +3.612376950e+03 -1.5936e+00 +3.5371e+00 +2.2148e+00 -3.1299e-02 -3.6543e+00 -3.5432e+00 -3.8186e+00 -2.7405e+00 -2.9235e+00 +2.7868e+00
1952 0 +2.596174703e+03 +3.596174703e+03 +3.596174703e+03 -1.5252e+00 +3.5601e+00 +2.2166e+00 +2.5285e-02 -3.6836e+00 -3.5413e+00 -3.8352e+00 -2.7163e+00 -2.9743e+00 +2.7385e+00
1956 0 +2.355200699e+03 +3.355200699e+03 +3.355200699e+03 -1.5890e+00 +3.5677e+00 +2.2050e+00 -1.5716e-02 -3.6452e+00 -3.5295e+00 -3.7712e+00 -2.7416e+00 -2.9540e+00 +2.7574e+00
2046 0 +2.022674782e+03 +3.022674782e+03 +3.022674782e+03 -1.5339e+00 +3.5653e+00 +2.2178e+00 -8.5805e-03 -3.7121e+00 -3.5343e+00 -3.8106e+00 -2.6981e+00 -2.9307e+00 +2.7577e+00
2064 0 +1.487739653e+03 +2.487739653e+03 +2.487739653e+03 -1.5267e+00 +3.5987e+00 +2.2593e+00 +7.6854e-03 -3.6955e+00 -3.5730e+00 -3.8366e+00 -2.6878e+00 -2.9696e+00 +2.7470e+00
2074 0 +1.384425606e+03 +2.384425606e+03 +2.384425606e+03 -1.5705e+00 +3.5614e+00 +2.2419e+00 +2.9334e-03 -3.6593e+00 -3.5577e+00 -3.7926e+00 -2.7140e+00 -2.9264e+00 +2.7936e+00
2085 0 +6.166500387e+02 +1.616650039e+03 +1.616650039e+03 -1.4922e+00 +3.6034e+00 +2.2586e+00 +6.8969e-03 -3.7309e+00 -3.5363e+00 -3.8544e+00 -2.6994e+00 -2.9476e+00 +2.6959e+00
2315 0 +5.725217390e+02 +1.572521739e+03 +1.572521739e+03 -1.5256e+00 +3.5787e+00 +2.2174e+00 +1.6499e-03 -3.6873e+00 -3.5437e+00 -3.8110e+00 -2.6958e+00 -2.9545e+00 +2.7533e+00
2331 0 +5.272437086e+02 +1.527243709e+03 +1.527243709e+03 -1.5681e+00 +3.5629e+00 +2.2134e+00 -1.6253e-02 -3.6643e+00 -3.5525e+00 -3.7945e+00 -2.7202e+00 -2.9464e+00 +2.7865e+00
2348 0 +4.370176548e+02 +1.437017655e+03 +1.437017655e+03 -1.5014e+00 +3.6191e+00 +2.2433e+00 -4.2071e-03 -3.7131e+00 -3.5456e+00 -3.8541e+00 -2.6820e+00 -2.9463e+00 +2.7181e+00
2361 0 +2.399724354e+02 +1.239972435e+03 +1.239972435e+03 -1.5512e+00 +3.5467e+00 +2.2284e+00 -1.3808e-02 -3.6515e+00 -3.5416e+00 -3.7987e+00 -2.7140e+00 -2.9547e+00 +2.7827e+00
2465 0 +1.590136205e+02 +1.159013621e+03 +1.159013621e+03 -1.5339e+00 +3.5876e+00 +2.2568e+00 +1.9137e-04 -3.6890e+00 -3.5442e+00 -3.8285e+00 -2.6898e+00 -2.9575e+00 +2.7391e+00
2468 0 +1.557518633e+02 +1.155751863e+03 +1.155751863e+03 -1.5753e+00 +3.5491e+00 +2.2265e+00 -1.7311e-02 -3.6373e+00 -3.5510e+00 -3.7894e+00 -2.7234e+00 -2.9561e+00 +2.7912e+00
