% f evaluations | g evaluations | best noise-free fitness - Fopt (-1.000000000000e+03) + sum g_i+ | measured fitness | best measured fitness or single-digit g-values | x1 | x2...
1 0 +4.403845593e+01 -9.559615441e+02 -9.559615441e+02 +5.9671e-01 -3.8264e-02
2 0 +2.144233245e+00 -9.978557668e+02 -9.978557668e+02 +7.4769e-01 +1.6230e+00
21 0 +1.197825256e-01 -9.998802175e+02 -9.998802175e+02 +1.1002e+00 +1.3706e+00
41 0 +1.928868059e-02 -9.999807113e+02 -9.999807113e+02 +1.1003e+00 +1.1361e+00
61 0 +4.426222447e-03 -9.999955738e+02 -9.999955738e+02 +1.0661e+00 +1.2431e+00
94 0 +1.014767553e-03 -9.999989852e+02 -9.999989852e+02 +1.1107e+00 +1.2314e+00
171 0 +5.780223565e-04 -9.999994220e+02 -9.999994220e+02 +1.1158e+00 +1.2003e+00
310 0 +5.718696822e-04 -9.999994281e+02 -9.999994281e+02 +1.1164e+00 +1.1993e+00
311 0 +5.623682252e-04 -9.999994376e+02 -9.999994376e+02 +1.1146e+00 +1.2002e+00
312 0 +5.427721936e-04 -9.999994572e+02 -9.999994572e+02 +1.1146e+00 +1.1972e+00
359 0 +5.233082879e-04 -9.999994767e+02 -9.999994767e+02 +1.1159e+00 +1.1939e+00
364 0 +5.132898435e-04 -9.999994867e+02 -9.999994867e+02 +1.1166e+00 +1.1920e+00
365 0 +5.025374439e-04 -9.999994975e+02 -9.999994975e+02 +1.1174e+00 +1.1900e+00
371 0 +4.097963983e-04 -9.999995902e+02 -9.999995902e+02 +1.1251e+00 +1.1734e+00
381 0 +3.543730305e-04 -9.999996456e+02 -9.999996456e+02 +1.1334e+00 +1.1522e+00
382 0 +3.328294156e-04 -9.999996672e+02 -9.999996672e+02 +1.1349e+00 +1.1504e+00
395 0 +3.175169926e-04 -9.999996825e+02 -9.999996825e+02 +1.1376e+00 +1.1444e+00
397 0 +2.993318164e-04 -9.999997007e+02 -9.999997007e+02 +1.1402e+00 +1.1395e+00
407 0 +2.843811357e-04 -9.999997156e+02 -9.999997156e+02 +1.1436e+00 +1.1318e+00
409 0 +2.645622258e-04 -9.999997354e+02 -9.999997354e+02 +1.1460e+00 +1.1304e+00
417 0 +2.498492074e-04 -9.999997502e+02 -9.999997502e+02 +1.1499e+00 +1.1229e+00
421 0 +1.983218078e-04 -9.999998017e+02 -9.999998017e+02 +1.1651e+00 +1.0956e+00
431 0 +5.399151064e-05 -9.999999460e+02 -9.999999460e+02 +1.2163e+00 +9.9204e-01
450 0 +1.690658905e-05 -9.999999831e+02 -9.999999831e+02 +1.2594e+00 +9.0783e-01
470 0 +1.142415931e-05 -9.999999886e+02 -9.999999886e+02 +1.2578e+00 +9.0703e-01
% f evaluations | g evaluations | best noise-free fitness - Fopt (1.000000000000e+03) + sum g_i+ | measured fitness | best measured fitness or single-digit g-values | x1 | x2...
1 0 +9.032727769e+00 +1.009032728e+03 +1.009032728e+03 +5.9671e-01 -3.8264e-02
7 0 +1.427404897e+00 +1.001427405e+03 +1.001427405e+03 +3.4196e-01 -1.8133e+00
10 0 +1.412772851e-02 +1.000014128e+03 +1.000014128e+03 -8.0802e-01 -1.3123e+00
81 0 +1.257409954e-02 +1.000012574e+03 +1.000012574e+03 -1.6220e+00 -9.5805e-01
91 0 +6.365167844e-03 +1.000006365e+03 +1.000006365e+03 -1.6227e+00 -9.4076e-01
92 0 +9.323368324e-04 +1.000000932e+03 +1.000000932e+03 -1.2830e+00 -1.1135e+00
101 0 +3.131062952e-04 +1.000000313e+03 +1.000000313e+03 -8.6230e-01 -1.3113e+00
154 0 +2.475512699e-04 +1.000000248e+03 +1.000000248e+03 -1.0924e+00 -1.2043e+00
172 0 +3.590735764e-05 +1.000000036e+03 +1.000000036e+03 -9.6137e-01 -1.2748e+00
192 0 +1.326955498e-06 +1.000000001e+03 +1.000000001e+03 -8.1577e-01 -1.3503e+00
261 0 +6.953371212e-07 +1.000000001e+03 +1.000000001e+03 -7.8685e-01 -1.3683e+00
293 0 +2.884311243e-07 +1.000000000e+03 +1.000000000e+03 -7.1840e-01 -1.4040e+00
303 0 +1.188857368e-08 +1.000000000e+03 +1.000000000e+03 -7.4269e-01 -1.3893e+00
305 0 +1.103342129e-08 +1.000000000e+03 +1.000000000e+03 -7.4350e-01 -1.3878e+00
313 0 +6.195932656e-10 +1.000000000e+03 +1.000000000e+03 -7.2464e-01 -1.3984e+00
447 0 +0.000000000e+00 +1.000000000e+03 +1.000000000e+03 -7.1436e-01 -1.4032e+00
% f evaluations | g evaluations | best noise-free fitness - Fopt (-4.913000000000e+01) + sum g_i+ | measured fitness | best measured fitness or single-digit g-values | x1 | x2...
1 0 +4.998857520e+01 +8.585752008e-01 +8.585752008e-01 +5.9671e-01 -3.8264e-02
2 0 +1.983033245e+01 -2.929966755e+01 -2.929966755e+01 +7.4769e-01 +1.6230e+00
7 0 +2.510464149e+00 -4.661953585e+01 -4.661953585e+01 +3.4196e-01 -1.8133e+00
12 0 +1.302939964e+00 -4.782706004e+01 -4.782706004e+01 +7.7159e-01 -1.8102e+00
63 0 +8.593567943e-01 -4.827064321e+01 -4.827064321e+01 +7.4439e-01 -2.0563e+00
71 0 +7.624207148e-01 -4.836757929e+01 -4.836757929e+01 +8.0264e-01 -2.0177e+00
81 0 +7.329399530e-01 -4.839706005e+01 -4.839706005e+01 +8.6238e-01 -1.9809e+00
91 0 +7.157104672e-01 -4.841428953e+01 -4.841428953e+01 +8.6900e-01 -2.0002e+00
101 0 +7.037975191e-01 -4.842620248e+01 -4.842620248e+01 +8.7918e-01 -2.0162e+00
121 0 +6.919497817e-01 -4.843805022e+01 -4.843805022e+01 +9.0581e-01 -2.0584e+00
171 0 +6.919318948e-01 -4.843806811e+01 -4.843806811e+01 +9.1067e-01 -2.0555e+00
191 0 +6.919237231e-01 -4.843807628e+01 -4.843807628e+01 +9.0397e-01 -2.0526e+00
201 0 +6.919149325e-01 -4.843808507e+01 -4.843808507e+01 +9.1002e-01 -2.0529e+00
211 0 +6.918758355e-01 -4.843812416e+01 -4.843812416e+01 +9.0604e-01 -2.0528e+00
221 0 +6.918582998e-01 -4.843814170e+01 -4.843814170e+01 +9.0750e-01 -2.0546e+00
% f evaluations | g evaluations | best noise-free fitness - Fopt (2.977300000000e+02) + sum g_i+ | measured fitness | best measured fitness or single-digit g-values | x1 | x2...
1 0 +5.441405698e+01 +3.521440570e+02 +3.521440570e+02 +5.9671e-01 -3.8264e-02
2 0 +5.007336706e+01 +3.478033671e+02 +3.478033671e+02 +7.4769e-01 +1.6230e+00
3 0 +4.381194867e+01 +3.415419487e+02 +3.415419487e+02 -1.3415e-01 -1.3414e-01
4 0 +2.584368248e+01 +3.235736825e+02 +3.235736825e+02 +1.6792e+00 +8.6743e-01
5 0 +2.015718473e+01 +3.178871847e+02 +3.178871847e+02 -3.6947e-01 +6.4256e-01
10 0 +6.598501453e+00 +3.043285015e+02 +3.043285015e+02 -8.0802e-01 -1.3123e+00
11 0 +1.931449802e+00 +2.996614498e+02 +2.996614498e+02 -2.7588e+00 +8.4357e-01
30 0 +2.169596014e-01 +2.979469596e+02 +2.979469596e+02 -2.9006e+00 +1.0103e+00
% f evaluations | g evaluations | best noise-free fitness - Fopt (5.157000000000e+01) + sum g_i+ | measured fitness | best measured fitness or single-digit g-values | x1 | x2...
1 0 +7.184275721e+01 +1.234127572e+02 +1.234127572e+02 +5.9671e-01 -3.8264e-02
2 0 +1.087557893e+01 +6.244557893e+01 +6.244557893e+01 +7.4769e-01 +1.6230e+00
16 0 +2.609741075e+00 +5.417974108e+01 +5.417974108e+01 -1.7434e-01 +1.3286e+00
28 0 +8.467410183e-02 +5.165467410e+01 +5.165467410e+01 +5.0618e-01 +1.9467e+00
35 0 +3.212596828e-02 +5.160212597e+01 +5.160212597e+01 +1.7821e+00 +1.3581e+00
73 0 +1.451907325e-02 +5.158451907e+01 +5.158451907e+01 +9.6140e-01 +1.7677e+00
91 0 +5.266686943e-03 +5.157526669e+01 +5.157526669e+01 +1.2794e+00 +1.6158e+00
113 0 +1.005115493e-03 +5.157100512e+01 +5.157100512e+01 +1.4810e+00 +1.5469e+00
121 0 +4.939461124e-04 +5.157049395e+01 +5.157049395e+01 +1.7233e+00 +1.4475e+00
122 0 +1.334349175e-04 +5.157013343e+01 +5.157013343e+01 +1.7459e+00 +1.4208e+00
153 0 +8.034443226e-07 +5.157000080e+01 +5.157000080e+01 +2.0800e+00 +1.2804e+00
205 0 +4.697934486e-08 +5.157000005e+01 +5.157000005e+01 +2.1043e+00 +1.2674e+00
227 0 +5.195367692e-09 +5.157000001e+01 +5.157000001e+01 +2.0574e+00 +1.2876e+00
298 0 +0.000000000e+00 +5.157000000e+01 +5.157000000e+01 +2.0759e+00 +1.2786e+00
% f evaluations | g evaluations | best noise-free fitness - Fopt (1.527100000000e+02) + sum g_i+ | measured fitness | best measured fitness or single-digit g-values | x1 | x2...
1 0 +6.415095784e+01 +2.168609578e+02 +2.168609578e+02 +5.9671e-01 -3.8264e-02
2 0 +3.427211695e+01 +1.869821170e+02 +1.869821170e+02 +7.4769e-01 +1.6230e+00
3 0 +3.203681350e+01 +1.847468135e+02 +1.847468135e+02 -1.3415e-01 -1.3414e-01
5 0 +1.576653803e+01 +1.684765380e+02 +1.684765380e+02 -3.6947e-01 +6.4256e-01
8 0 +1.393335122e+01 +1.666433512e+02 +1.666433512e+02 -1.6249e+00 -4.6229e-01
9 0 +8.014698294e+00 +1.607246983e+02 +1.607246983e+02 -9.1283e-01 +4.1425e-01
18 0 +7.529084565e+00 +1.602390846e+02 +1.602390846e+02 -1.3983e+00 +3.5962e-01
23 0 +7.454093614e+00 +1.601640936e+02 +1.601640936e+02 -1.3632e+00 +3.4669e-01
61 0 +7.311907873e+00 +1.600219079e+02 +1.600219079e+02 -1.2507e+00 +3.6412e-01
62 0 +7.300154327e+00 +1.600101543e+02 +1.600101543e+02 -1.1553e+00 +4.9142e-01
71 0 +7.271945151e+00 +1.599819452e+02 +1.599819452e+02 -1.2111e+00 +4.5671e-01
121 0 +7.271651080e+00 +1.599816511e+02 +1.599816511e+02 -1.2117e+00 +4.5063e-01
151 0 +7.271640358e+00 +1.599816404e+02 +1.599816404e+02 -1.2137e+00 +4.4761e-01
171 0 +7.271630215e+00 +1.599816302e+02 +1.599816302e+02 -1.2133e+00 +4.4863e-01
211 0 +7.271629790e+00 +1.599816298e+02 +1.599816298e+02 -1.2131e+00 +4.4929e-01
% f evaluations | g evaluations | best noise-free fitness - Fopt (9.980000000000e+01) + sum g_i+ | measured fitness | best measured fitness or single-digit g-values | x1 | x2...
1 0 +6.730470470e+01 +1.671047047e+02 +1.671047047e+02 +5.9671e-01 -3.8264e-02
2 0 +2.565168917e+01 +1.254516892e+02 +1.254516892e+02 +7.4769e-01 +1.6230e+00
3 0 +5.770424859e+00 +1.055704249e+02 +1.055704249e+02 -1.3415e-01 -1.3414e-01
5 0 +2.942223957e+00 +1.027422240e+02 +1.027422240e+02 -3.6947e-01 +6.4256e-01
9 0 +1.989917941e+00 +1.017899179e+02 +1.017899179e+02 -9.1283e-01 +4.1425e-01
18 0 +1.291625120e-01 +9.992916251e+01 +9.992916251e+01 -9.6356e-01 +5.9029e-01
41 0 +1.323217041e-02 +9.981323217e+01 +9.981323217e+01 -1.1839e+00 +4.2421e-01
85 0 +1.309660466e-02 +9.981309660e+01 +9.981309660e+01 -1.1838e+00 +4.3877e-01
92 0 +1.292833589e-02 +9.981292834e+01 +9.981292834e+01 -1.2417e+00 +4.1985e-01
121 0 +1.095518323e-02 +9.981095518e+01 +9.981095518e+01 -1.2356e+00 +4.0165e-01
122 0 +1.083299993e-02 +9.981083300e+01 +9.981083300e+01 -1.2443e+00 +4.1244e-01
142 0 +9.932672859e-03 +9.980993267e+01 +9.980993267e+01 -1.2390e+00 +4.0649e-01
151 0 +9.676667595e-03 +9.980967667e+01 +9.980967667e+01 -1.2451e+00 +4.0191e-01
161 0 +9.321651211e-03 +9.980932165e+01 +9.980932165e+01 -1.2673e+00 +4.0105e-01
162 0 +9.080930272e-03 +9.980908093e+01 +9.980908093e+01 -1.2539e+00 +4.0039e-01
171 0 +8.563470941e-03 +9.980856347e+01 +9.980856347e+01 -1.2642e+00 +3.9335e-01
181 0 +7.835691406e-03 +9.980783569e+01 +9.980783569e+01 -1.2795e+00 +3.8516e-01
191 0 +7.655045110e-03 +9.980765505e+01 +9.980765505e+01 -1.2793e+00 +3.8953e-01
201 0 +7.210648161e-03 +9.980721065e+01 +9.980721065e+01 -1.2898e+00 +3.8098e-01
202 0 +7.087912217e-03 +9.980708791e+01 +9.980708791e+01 -1.2914e+00 +3.8532e-01
211 0 +6.941660608e-03 +9.980694166e+01 +9.980694166e+01 -1.2925e+00 +3.8334e-01
221 0 +5.257251054e-03 +9.980525725e+01 +9.980525725e+01 -1.3309e+00 +3.6424e-01
231 0 +4.010994467e-03 +9.980401099e+01 +9.980401099e+01 -1.3821e+00 +3.4195e-01
243 0 +3.680827698e-03 +9.980368083e+01 +9.980368083e+01 -1.4315e+00 +3.2355e-01
251 0 +9.305139178e-04 +9.980093051e+01 +9.980093051e+01 -1.7018e+00 +1.8715e-01
261 0 +3.870329195e-05 +9.980003870e+01 +9.980003870e+01 -2.3323e+00 -1.0035e-01
348 0 +2.844060715e-05 +9.980002844e+01 +9.980002844e+01 -2.0030e+00 +6.1515e-02
355 0 +2.121246798e-05 +9.980002121e+01 +9.980002121e+01 -2.4447e+00 -1.4204e-01
361 0 +6.292371879e-06 +9.980000629e+01 +9.980000629e+01 -2.3695e+00 -1.0509e-01
362 0 +5.005678503e-06 +9.980000501e+01 +9.980000501e+01 -2.3234e+00 -8.2598e-02
371 0 +1.626650374e-06 +9.980000163e+01 +9.980000163e+01 -2.3448e+00 -9.5449e-02
411 0 +6.392287162e-07 +9.980000064e+01 +9.980000064e+01 -2.3145e+00 -8.4749e-02
412 0 +5.753102954e-07 +9.980000058e+01 +9.980000058e+01 -2.3245e+00 -8.7598e-02
421 0 +4.367318098e-07 +9.980000044e+01 +9.980000044e+01 -2.3165e+00 -8.4413e-02
438 0 +2.232890921e-07 +9.980000022e+01 +9.980000022e+01 -2.3042e+00 -7.8639e-02
478 0 +2.100120327e-07 +9.980000021e+01 +9.980000021e+01 -2.3027e+00 -7.7230e-02
480 0 +2.018965404e-07 +9.980000020e+01 +9.980000020e+01 -2.3020e+00 -7.6911e-02
481 0 +1.444880553e-07 +9.980000014e+01 +9.980000014e+01 -2.2939e+00 -7.3052e-02
491 0 +1.252220869e-07 +9.980000013e+01 +9.980000013e+01 -2.2937e+00 -7.3384e-02
500 0 +1.043775910e-07 +9.980000010e+01 +9.980000010e+01 -2.2904e+00 -7.1509e-02
% f evaluations | g evaluations | best noise-free fitness - Fopt (-1.194100000000e+02) + sum g_i+ | measured fitness | best measured fitness or single-digit g-values | x1 | x2...
1 0 +4.927087867e+00 -1.144829121e+02 -1.144829121e+02 +5.9671e-01 -3.8264e-02
3 0 +2.079236804e+00 -1.173307632e+02 -1.173307632e+02 -1.3415e-01 -1.3414e-01
4 0 +4.887625289e-01 -1.189212375e+02 -1.189212375e+02 +1.6792e+00 +8.6743e-01
5 0 +5.875878939e-02 -1.193512412e+02 -1.193512412e+02 -3.6947e-01 +6.4256e-01
33 0 +3.565481735e-02 -1.193743452e+02 -1.193743452e+02 -7.4587e-01 +5.8958e-01
34 0 +3.080423762e-02 -1.193791958e+02 -1.193791958e+02 -7.1387e-01 +5.9184e-01
44 0 +6.022620123e-05 -1.194099398e+02 -1.194099398e+02 -1.0432e+00 +4.9646e-01
212 0 +3.747033381e-05 -1.194099625e+02 -1.194099625e+02 -1.0099e+00 +5.1066e-01
225 0 +2.606420917e-05 -1.194099739e+02 -1.194099739e+02 -1.0495e+00 +5.0552e-01
239 0 +1.768594481e-05 -1.194099823e+02 -1.194099823e+02 -1.0637e+00 +5.0235e-01
311 0 +1.312692346e-05 -1.194099869e+02 -1.194099869e+02 -1.0695e+00 +5.0111e-01
315 0 +1.238197895e-05 -1.194099876e+02 -1.194099876e+02 -1.0648e+00 +4.9981e-01
322 0 +1.024029156e-05 -1.194099898e+02 -1.194099898e+02 -1.0712e+00 +4.9982e-01
323 0 +9.857582100e-06 -1.194099901e+02 -1.194099901e+02 -1.0720e+00 +4.9957e-01
360 0 +9.460326780e-06 -1.194099905e+02 -1.194099905e+02 -1.0749e+00 +4.9964e-01
438 0 +9.167682293e-06 -1.194099908e+02 -1.194099908e+02 -1.0742e+00 +4.9921e-01
446 0 +8.831494000e-06 -1.194099912e+02 -1.194099912e+02 -1.0778e+00 +4.9936e-01
451 0 +8.674781469e-06 -1.194099913e+02 -1.194099913e+02 -1.0761e+00 +4.9891e-01
454 0 +8.486447157e-06 -1.194099915e+02 -1.194099915e+02 -1.0780e+00 +4.9905e-01
461 0 +7.877111983e-06 -1.194099921e+02 -1.194099921e+02 -1.0829e+00 +4.9877e-01
462 0 +7.430531042e-06 -1.194099926e+02 -1.194099926e+02 -1.0829e+00 +4.9806e-01
471 0 +6.616644853e-06 -1.194099934e+02 -1.194099934e+02 -1.0986e+00 +4.9419e-01
472 0 +6.586028320e-06 -1.194099934e+02 -1.194099934e+02 -1.0967e+00 +4.9510e-01
481 0 +1.114470905e-06 -1.194099989e+02 -1.194099989e+02 -1.1718e+00 +4.8689e-01
491 0 +4.856171643e-08 -1.194100000e+02 -1.194100000e+02 -1.2516e+00 +4.7319e-01
% f evaluations | g evaluations | best noise-free fitness - Fopt (1.077000000000e+01) + sum g_i+ | measured fitness | best measured fitness or single-digit g-values | x1 | x2...
1 0 +2.205906833e+01 +3.282906833e+01 +3.282906833e+01 +5.9671e-01 -3.8264e-02
3 0 +1.981494487e+00 +1.275149449e+01 +1.275149449e+01 -1.3415e-01 -1.3414e-01
6 0 +1.578183807e+00 +1.234818381e+01 +1.234818381e+01 -3.6342e-01 -3.6573e-01
25 0 +7.337682922e-01 +1.150376829e+01 +1.150376829e+01 -1.0143e+00 -1.0228e+00
66 0 +7.266736573e-01 +1.149667366e+01 +1.149667366e+01 -1.1095e+00 -1.1851e+00
77 0 +6.989822282e-01 +1.146898223e+01 +1.146898223e+01 -1.0430e+00 -1.0999e+00
82 0 +6.928188388e-01 +1.146281884e+01 +1.146281884e+01 -9.5016e-01 -1.0017e+00
91 0 +6.920336147e-01 +1.146203361e+01 +1.146203361e+01 -9.8596e-01 -1.0387e+00
131 0 +6.919137364e-01 +1.146191374e+01 +1.146191374e+01 -9.6964e-01 -1.0221e+00
151 0 +6.918678901e-01 +1.146186789e+01 +1.146186789e+01 -9.7791e-01 -1.0300e+00
201 0 +6.918596386e-01 +1.146185964e+01 +1.146185964e+01 -9.7402e-01 -1.0258e+00
% f evaluations | g evaluations | best noise-free fitness - Fopt (2.137000000000e+01) + sum g_i+ | measured fitness | best measured fitness or single-digit g-values | x1 | x2...
1 0 +3.098509816e+01 +5.235509816e+01 +5.235509816e+01 +5.9671e-01 -3.8264e-02
3 0 +3.234835134e+00 +2.460483513e+01 +2.460483513e+01 -1.3415e-01 -1.3414e-01
23 0 +1.232338163e+00 +2.260233816e+01 +2.260233816e+01 +1.1248e-01 +3.0176e-01
25 0 +7.298501563e-01 +2.209985016e+01 +2.209985016e+01 +2.2473e-01 +3.8879e-01
50 0 +4.509966649e-01 +2.182099666e+01 +2.182099666e+01 +6.8768e-01 +7.6289e-01
71 0 +4.364001219e-01 +2.180640012e+01 +2.180640012e+01 +1.0113e+00 +1.0323e+00
77 0 +3.550969649e-01 +2.172509696e+01 +2.172509696e+01 +7.3657e-01 +8.3460e-01
85 0 +2.747687649e-01 +2.164476876e+01 +2.164476876e+01 +1.1031e+00 +1.1301e+00
93 0 +1.697512681e-01 +2.153975127e+01 +2.153975127e+01 +1.1324e+00 +1.2634e+00
104 0 +1.512254484e-01 +2.152122545e+01 +2.152122545e+01 +1.4495e+00 +1.5884e+00
106 0 +6.620570885e-02 +2.143620571e+01 +2.143620571e+01 +1.4007e+00 +1.4909e+00
114 0 +1.663384932e-02 +2.138663385e+01 +2.138663385e+01 +2.0113e+00 +2.0955e+00
116 0 +6.527439426e-03 +2.137652744e+01 +2.137652744e+01 +1.9634e+00 +2.0211e+00
125 0 +1.240196494e-03 +2.137124020e+01 +2.137124020e+01 +3.1495e+00 +3.1279e+00
154 0 +1.231939674e-03 +2.137123194e+01 +2.137123194e+01 +3.0739e+00 +3.0480e+00
155 0 +4.708974971e-05 +2.137004709e+01 +2.137004709e+01 +2.8959e+00 +2.8984e+00
181 0 +2.230276845e-05 +2.137002230e+01 +2.137002230e+01 +2.7069e+00 +2.7073e+00
182 0 +1.724651213e-07 +2.137000017e+01 +2.137000017e+01 +2.6955e+00 +2.7096e+00
211 0 +8.157030607e-12 +2.137000000e+01 +2.137000000e+01 +2.6827e+00 +2.6947e+00
292 0 +7.638334409e-13 +2.137000000e+01 +2.137000000e+01 +2.6808e+00 +2.6928e+00
483 0 +0.000000000e+00 +2.137000000e+01 +2.137000000e+01 +2.6809e+00 +2.6928e+00
