% f evaluations | g evaluations | best noise-free fitness - Fopt (-5.235000000000e+01) + sum g_i+ | measured fitness | best measured fitness or single-digit g-values | x1 | x2...
1 0 +1.634578993e+02 +1.111078993e+02 +1.111078993e+02 +5.9671e-01 -3.8264e-02 +7.4769e-01 +1.6230e+00 -1.3415e-01 -1.3414e-01 +1.6792e+00 +8.6743e-01 -3.6947e-01 +6.4256e-01
2 0 +6.756621326e+01 +1.521621326e+01 +1.521621326e+01 -3.6342e-01 -3.6573e-01 +3.4196e-01 -1.8133e+00 -1.6249e+00 -4.6229e-01 -9.1283e-01 +4.1425e-01 -8.0802e-01 -1.3123e+00
3 0 +5.722398768e+01 +4.873987676e+00 +4.873987676e+00 +1.5656e+00 -1.2578e-01 +1.6753e-01 -1.3247e+00 -4.4438e-01 +2.1092e-01 -1.0510e+00 +4.7570e-01 -5.0064e-01 -1.9169e-01
5 0 +4.444349623e+01 -7.906503766e+00 -7.906503766e+00 +8.3847e-01 +2.7137e-01 -1.5648e-02 -2.0110e-01 -1.3785e+00 -6.1984e-01 -3.6064e-01 +1.1571e+00 +4.4362e-01 -1.6630e+00
7 0 +3.417658431e+01 -1.817341569e+01 -1.817341569e+01 -3.7917e-01 -8.5659e-02 -1.0063e+00 -1.0962e+00 +9.1253e-01 +1.4562e+00 +2.7990e-02 +1.1035e+00 +4.6164e-01 -5.4512e-01
14 0 +2.740615737e+01 -2.494384263e+01 -2.494384263e+01 -1.4507e+00 +1.6856e-01 -9.6230e-01 +5.7359e-01 -8.1942e-01 +1.6499e+00 -6.8325e-01 -2.2206e-01 +9.1352e-01 -1.1309e+00
43 0 +1.526603843e+01 -3.708396157e+01 -3.708396157e+01 +2.1607e+00 +1.8553e+00 -1.4896e-01 +1.0716e+00 +7.4538e-01 +1.4686e+00 -8.6492e-01 +7.8605e-01 +1.1584e+00 -1.6587e+00
52 0 +7.720687649e+00 -4.462931235e+01 -4.462931235e+01 +1.5316e+00 +1.5982e+00 +3.7224e-01 -1.5281e+00 +4.6826e-01 +3.5187e+00 -1.1071e+00 -1.3650e+00 +3.0639e+00 -5.2358e-01
205 0 +7.230184698e+00 -4.511981530e+01 -4.511981530e+01 -1.8891e+00 -3.9754e-01 +9.9280e-01 -2.0276e+00 +1.0088e+00 +3.6023e+00 -3.5581e+00 -3.7752e+00 +3.9385e+00 -2.1465e+00
210 0 +5.760812335e+00 -4.658918766e+01 -4.658918766e+01 -1.5155e-01 +7.2865e-01 +1.8814e+00 -2.7521e+00 -3.5920e+00 +4.4277e+00 -3.5261e+00 +1.1367e+00 +4.1529e+00 -1.2792e+00
301 0 +5.709614302e+00 -4.664038570e+01 -4.664038570e+01 -1.2044e+00 -1.4338e+00 +2.4926e+00 -3.9087e+00 -1.5774e+00 +3.5663e+00 -4.5510e+00 +9.9311e-01 +2.4145e+00 +2.7996e-02
302 0 +4.801106739e+00 -4.754889326e+01 -4.754889326e+01 +3.0927e+00 -8.9015e-01 +1.6751e+00 -1.7071e+00 -1.0314e-01 +2.3166e+00 -3.5446e+00 +9.2472e-01 +2.8790e+00 -1.7999e+00
306 0 +3.629610970e+00 -4.872038903e+01 -4.872038903e+01 -2.7183e+00 -1.0111e+00 +2.3208e+00 -2.3260e+00 -2.7470e+00 +4.0905e+00 -2.4171e+00 -1.0560e+00 +4.0860e+00 -9.9929e-01
311 0 +3.160164786e+00 -4.918983521e+01 -4.918983521e+01 +5.5911e-01 -1.8398e+00 +2.0818e+00 -1.7788e+00 +1.4364e-02 +3.2132e+00 -3.8800e+00 +3.7460e-01 +6.6672e-01 -2.0137e+00
402 0 +2.676900735e+00 -4.967309926e+01 -4.967309926e+01 -1.6097e-01 -2.3571e+00 +1.9333e+00 -2.2747e+00 -2.4081e-01 +3.6107e+00 -3.4614e+00 +3.4869e-01 +1.5263e+00 -3.0733e+00
412 0 +1.067223721e+00 -5.128277628e+01 -5.128277628e+01 -7.4541e-01 -1.3544e+00 +2.8119e+00 -2.3230e+00 -1.9095e+00 +2.7641e+00 -3.6424e+00 +6.2852e-01 +3.7731e+00 -2.1710e+00
651 0 +4.867001589e-01 -5.186329984e+01 -5.186329984e+01 -7.7897e-01 -1.3796e+00 +3.0644e+00 -2.0911e+00 -1.5585e+00 +3.6566e+00 -3.7883e+00 +4.0068e-01 +3.3087e+00 -1.9006e+00
751 0 +4.000542010e-01 -5.194994580e+01 -5.194994580e+01 -8.3825e-01 -1.4153e+00 +2.2061e+00 -2.2585e+00 -1.6893e+00 +4.1474e+00 -4.1998e+00 -2.1713e-01 +3.1855e+00 -1.7212e+00
852 0 +1.878392697e-01 -5.216216073e+01 -5.216216073e+01 -9.8288e-01 -1.0376e+00 +2.7347e+00 -2.5361e+00 -1.5479e+00 +3.8314e+00 -3.5616e+00 +3.5421e-03 +2.7533e+00 -1.5698e+00
1003 0 +1.270508018e-01 -5.222294920e+01 -5.222294920e+01 -8.0421e-01 -1.3845e+00 +2.6621e+00 -2.2211e+00 -1.5050e+00 +3.5341e+00 -3.5656e+00 +1.8219e-01 +2.8561e+00 -1.5154e+00
1017 0 +1.062072179e-01 -5.224379278e+01 -5.224379278e+01 -8.9651e-01 -1.2005e+00 +2.4311e+00 -2.2648e+00 -1.7213e+00 +3.6640e+00 -3.9823e+00 +1.5954e-01 +2.7065e+00 -1.7992e+00
1107 0 +9.725933896e-02 -5.225274066e+01 -5.225274066e+01 -9.3121e-01 -1.3253e+00 +2.4488e+00 -2.3446e+00 -1.3054e+00 +3.7063e+00 -3.6971e+00 +6.2594e-02 +2.9025e+00 -1.5080e+00
1110 0 +7.064428229e-02 -5.227935572e+01 -5.227935572e+01 -8.1125e-01 -1.0988e+00 +2.7871e+00 -2.3211e+00 -1.4877e+00 +3.5754e+00 -3.9929e+00 -1.6833e-01 +2.7802e+00 -1.9012e+00
1241 0 +6.966821166e-02 -5.228033179e+01 -5.228033179e+01 -9.2695e-01 -1.0981e+00 +2.5766e+00 -2.3318e+00 -1.4275e+00 +3.8265e+00 -3.9639e+00 +2.3536e-01 +2.7573e+00 -1.7171e+00
1251 0 +6.075557165e-02 -5.228924443e+01 -5.228924443e+01 -7.8152e-01 -1.3618e+00 +2.4208e+00 -2.2423e+00 -1.5788e+00 +3.7862e+00 -3.9524e+00 -3.1617e-02 +2.7267e+00 -1.8526e+00
1317 0 +4.818192547e-02 -5.230181807e+01 -5.230181807e+01 -8.8149e-01 -1.1220e+00 +2.6566e+00 -2.4574e+00 -1.4448e+00 +3.5991e+00 -3.9829e+00 -2.7146e-03 +2.6840e+00 -1.8206e+00
1336 0 +4.800445817e-02 -5.230199554e+01 -5.230199554e+01 -8.0932e-01 -1.3003e+00 +2.6528e+00 -2.2317e+00 -1.6476e+00 +3.5825e+00 -3.8795e+00 -6.3878e-02 +2.7758e+00 -1.7403e+00
1351 0 +4.608045974e-02 -5.230391954e+01 -5.230391954e+01 -8.9171e-01 -1.1241e+00 +2.5660e+00 -2.2917e+00 -1.6125e+00 +3.5270e+00 -3.9609e+00 -1.2094e-01 +2.6098e+00 -1.7741e+00
1439 0 +4.287931276e-02 -5.230712069e+01 -5.230712069e+01 -8.2490e-01 -1.1633e+00 +2.6073e+00 -2.4378e+00 -1.6316e+00 +3.5979e+00 -3.9125e+00 -4.6073e-02 +2.7806e+00 -1.7098e+00
1488 0 +3.267412293e-02 -5.231732588e+01 -5.231732588e+01 -8.9727e-01 -1.2739e+00 +2.4135e+00 -2.4393e+00 -1.5165e+00 +3.6525e+00 -4.0165e+00 -5.6084e-03 +2.7209e+00 -1.7288e+00
1521 0 +3.116657257e-02 -5.231883343e+01 -5.231883343e+01 -8.5340e-01 -1.2611e+00 +2.5580e+00 -2.2903e+00 -1.5990e+00 +3.6463e+00 -3.9805e+00 -9.2472e-02 +2.6844e+00 -1.8616e+00
1593 0 +3.079500413e-02 -5.231920500e+01 -5.231920500e+01 -9.2543e-01 -1.1450e+00 +2.4936e+00 -2.4563e+00 -1.4359e+00 +3.6675e+00 -4.0661e+00 +1.2459e-01 +2.8267e+00 -1.7912e+00
1595 0 +2.994386312e-02 -5.232005614e+01 -5.232005614e+01 -8.2449e-01 -1.2127e+00 +2.5891e+00 -2.3816e+00 -1.5058e+00 +3.7880e+00 -3.9079e+00 +4.1527e-02 +2.7089e+00 -1.8352e+00
1622 0 +2.495316281e-02 -5.232504684e+01 -5.232504684e+01 -8.5061e-01 -1.2287e+00 +2.4782e+00 -2.3283e+00 -1.6322e+00 +3.6220e+00 -4.0715e+00 -7.4879e-02 +2.7404e+00 -1.8490e+00
1643 0 +1.891415092e-02 -5.233108585e+01 -5.233108585e+01 -8.9686e-01 -1.1542e+00 +2.6150e+00 -2.4464e+00 -1.4561e+00 +3.7057e+00 -4.0226e+00 +1.0330e-02 +2.7926e+00 -1.7830e+00
1694 0 +1.103343095e-02 -5.233896657e+01 -5.233896657e+01 -8.3049e-01 -1.2962e+00 +2.4688e+00 -2.3832e+00 -1.5695e+00 +3.7248e+00 -3.8583e+00 +7.4155e-02 +2.8562e+00 -1.6520e+00
% f evaluations | g evaluations | best noise-free fitness - Fopt (-1.795400000000e+02) + sum g_i+ | measured fitness | best measured fitness or single-digit g-values | x1 | x2...
1 0 +4.548581657e+01 -1.340541834e+02 -1.340541834e+02 +5.9671e-01 -3.8264e-02 +7.4769e-01 +1.6230e+00 -1.3415e-01 -1.3414e-01 +1.6792e+00 +8.6743e-01 -3.6947e-01 +6.4256e-01
7 0 +4.153914109e+01 -1.380008589e+02 -1.380008589e+02 -3.7917e-01 -8.5659e-02 -1.0063e+00 -1.0962e+00 +9.1253e-01 +1.4562e+00 +2.7990e-02 +1.1035e+00 +4.6164e-01 -5.4512e-01
11 0 +3.768042005e+01 -1.418595799e+02 -1.418595799e+02 -1.3154e+00 -3.2065e-01 -2.4271e-01 -7.0228e-01 -6.1286e-02 +5.0405e-01 +1.9862e+00 +2.7458e-01 +3.5755e-01 +2.5554e-02
17 0 +3.724786350e+01 -1.422921365e+02 -1.422921365e+02 -8.7468e-01 +8.8708e-01 +1.2586e+00 -7.2068e-01 +1.0634e+00 +5.1278e-01 +9.2206e-01 +1.9968e+00 -1.4539e-01 -6.5374e-01
42 0 +2.716884756e+01 -1.523711524e+02 -1.523711524e+02 +8.1161e-01 -1.0246e+00 -1.4341e+00 +1.3777e+00 +4.3231e-01 -6.4849e-01 +1.6512e+00 +2.1567e-01 +1.2793e+00 +1.6752e-01
48 0 +1.958367471e+01 -1.599563253e+02 -1.599563253e+02 -1.7505e-01 -2.2019e+00 -1.4152e+00 +1.4669e+00 +1.7450e+00 -1.4904e-01 +6.7656e-01 +4.1125e-01 +3.1789e+00 +1.2196e+00
51 0 +9.631253874e+00 -1.699087461e+02 -1.699087461e+02 +4.5172e-01 +1.4842e-01 -4.3095e+00 +1.5386e+00 +3.0591e+00 -1.3348e+00 +4.1081e+00 +2.7573e+00 +1.0668e+00 -4.3808e-01
106 0 +6.724154542e+00 -1.728158455e+02 -1.728158455e+02 -1.3393e+00 +1.4614e+00 -3.2191e+00 +2.5317e+00 +1.7426e+00 -4.2732e-01 +4.3338e+00 +4.7357e+00 +1.0318e+00 -3.4934e-01
213 0 +5.161323622e+00 -1.743786764e+02 -1.743786764e+02 +2.0179e+00 +1.0513e+00 -3.5896e+00 +6.4445e-01 +3.8026e+00 +1.7043e+00 +3.8182e+00 +3.7862e+00 -1.6249e+00 +3.7484e+00
309 0 +4.233802240e+00 -1.753061978e+02 -1.753061978e+02 +6.4638e-01 -3.0847e-01 -4.5569e+00 +1.3587e+00 +3.3838e+00 +4.7575e-01 +3.3036e+00 +2.6630e+00 +7.2801e-01 +1.3447e+00
362 0 +3.405342010e+00 -1.761346580e+02 -1.761346580e+02 +2.0634e+00 +4.7572e-01 -4.8487e+00 +2.2828e+00 +3.0970e+00 -7.7748e-01 +3.5854e+00 +3.3671e+00 +1.1122e+00 +3.5512e+00
363 0 +3.323132805e+00 -1.762168672e+02 -1.762168672e+02 +9.5535e-02 +1.6667e-02 -3.4155e+00 +1.4068e+00 +2.1997e+00 +5.2968e-01 +2.7314e+00 +4.9255e+00 -4.2195e-01 +2.6633e+00
364 0 +3.223684324e+00 -1.763163157e+02 -1.763163157e+02 +1.1126e+00 -1.3866e-01 -3.2233e+00 +1.0017e+00 +2.0792e+00 -1.0851e+00 +2.2213e+00 +3.4354e+00 -4.2551e-02 +2.6570e+00
404 0 +2.923343726e+00 -1.766166563e+02 -1.766166563e+02 -4.3201e-03 +1.8240e-01 -1.9753e+00 +1.7975e+00 +2.5255e+00 +1.6510e-01 +3.0748e+00 +4.3573e+00 +3.3728e-02 +2.2625e+00
456 0 +1.891760746e+00 -1.776482393e+02 -1.776482393e+02 +1.1219e+00 +6.7083e-01 -4.3536e+00 +2.4654e+00 +4.0955e+00 -1.1745e+00 +3.9236e+00 +3.7404e+00 +1.5904e+00 +3.0535e+00
509 0 +1.430868718e+00 -1.781091313e+02 -1.781091313e+02 -1.2820e-01 +1.3704e+00 -3.3681e+00 +1.6008e+00 +3.5570e+00 -8.7724e-02 +3.0829e+00 +4.0841e+00 +4.4029e-01 +2.1813e+00
525 0 +1.028412144e+00 -1.785115879e+02 -1.785115879e+02 +8.3316e-01 +4.1361e-01 -4.3447e+00 +2.4592e+00 +3.0594e+00 -1.1243e+00 +3.7636e+00 +3.7778e+00 +7.6410e-01 +1.6153e+00
580 0 +8.854958946e-01 -1.786545041e+02 -1.786545041e+02 +9.6541e-01 +8.8582e-01 -3.0455e+00 +2.2752e+00 +3.9941e+00 -3.7902e-01 +2.9089e+00 +3.0827e+00 -3.2022e-01 +2.0659e+00
704 0 +8.616598576e-01 -1.786783401e+02 -1.786783401e+02 +4.3323e-01 +1.7041e-01 -3.3590e+00 +2.0779e+00 +3.6911e+00 -3.3284e-01 +3.2666e+00 +4.2472e+00 +1.2113e+00 +2.2149e+00
713 0 +6.466014327e-01 -1.788933986e+02 -1.788933986e+02 +1.3654e+00 +4.7989e-01 -3.8726e+00 +1.6495e+00 +3.3469e+00 -5.0002e-01 +3.5230e+00 +3.4034e+00 +4.6798e-01 +2.2459e+00
761 0 +6.320128214e-01 -1.789079872e+02 -1.789079872e+02 +6.3252e-01 +5.9558e-01 -4.0414e+00 +2.1051e+00 +3.4618e+00 -2.1496e-01 +3.6349e+00 +3.5765e+00 -2.0218e-01 +2.4645e+00
767 0 +2.686285498e-01 -1.792713715e+02 -1.792713715e+02 +9.4901e-01 +7.3074e-01 -3.4424e+00 +2.5401e+00 +3.9790e+00 -1.8023e-01 +3.6864e+00 +3.7644e+00 +1.5648e-01 +2.3326e+00
917 0 +1.784249466e-01 -1.793615751e+02 -1.793615751e+02 +1.0401e+00 +7.0569e-01 -3.0188e+00 +2.6281e+00 +3.8640e+00 -4.7922e-01 +3.7295e+00 +3.5316e+00 +3.0917e-01 +1.8853e+00
1059 0 +7.855730591e-02 -1.794614427e+02 -1.794614427e+02 +8.1364e-01 +5.9810e-01 -3.2167e+00 +2.2604e+00 +3.7589e+00 -5.8525e-01 +3.5003e+00 +3.4737e+00 +1.7220e-01 +2.0461e+00
1259 0 +6.849668214e-02 -1.794715033e+02 -1.794715033e+02 +7.5050e-01 +5.9392e-01 -3.1366e+00 +2.3884e+00 +3.9666e+00 -6.4872e-01 +3.5965e+00 +3.5644e+00 +2.6012e-01 +2.2545e+00
1313 0 +6.172411622e-02 -1.794782759e+02 -1.794782759e+02 +7.1544e-01 +3.6075e-01 -3.4001e+00 +2.2901e+00 +3.9148e+00 -3.1558e-01 +3.7706e+00 +3.7143e+00 +3.2305e-01 +2.1923e+00
1345 0 +5.796339765e-02 -1.794820366e+02 -1.794820366e+02 +7.1133e-01 +6.3602e-01 -3.5451e+00 +2.4520e+00 +3.8964e+00 -5.6374e-01 +3.7772e+00 +3.6628e+00 +2.9960e-01 +2.0867e+00
1348 0 +3.871572464e-02 -1.795012843e+02 -1.795012843e+02 +7.9745e-01 +6.4908e-01 -3.2662e+00 +2.3222e+00 +3.8762e+00 -6.1535e-01 +3.5918e+00 +3.5277e+00 +8.8036e-02 +2.1220e+00
1517 0 +1.861840820e-02 -1.795213816e+02 -1.795213816e+02 +7.9152e-01 +5.6871e-01 -3.3534e+00 +2.3730e+00 +3.8526e+00 -5.2145e-01 +3.6654e+00 +3.5703e+00 +1.8288e-01 +2.0139e+00
1593 0 +7.761119521e-03 -1.795322389e+02 -1.795322389e+02 +7.9356e-01 +5.3473e-01 -3.4692e+00 +2.4214e+00 +3.8703e+00 -5.5614e-01 +3.6059e+00 +3.5168e+00 +1.5186e-01 +2.0457e+00
% f evaluations | g evaluations | best noise-free fitness - Fopt (7.731000000000e+01) + sum g_i+ | measured fitness | best measured fitness or single-digit g-values | x1 | x2...
1 0 +3.671257325e+01 +1.140225733e+02 +1.140225733e+02 +5.9671e-01 -3.8264e-02 +7.4769e-01 +1.6230e+00 -1.3415e-01 -1.3414e-01 +1.6792e+00 +8.6743e-01 -3.6947e-01 +6.4256e-01
3 0 +3.287109558e+01 +1.101810956e+02 +1.101810956e+02 +1.5656e+00 -1.2578e-01 +1.6753e-01 -1.3247e+00 -4.4438e-01 +2.1092e-01 -1.0510e+00 +4.7570e-01 -5.0064e-01 -1.9169e-01
4 0 +1.467831331e+01 +9.198831331e+01 +9.198831331e+01 -5.0171e-01 +1.9523e+00 +8.6503e-02 -9.5771e-01 +9.2254e-01 -1.1208e+00 +3.0886e-01 -1.8597e+00 -1.2282e+00 +2.9686e-01
27 0 +1.188657945e+01 +8.919657945e+01 +8.919657945e+01 -8.2693e-01 +4.0475e-02 -3.1413e+00 -9.2439e-01 -1.5257e-01 -1.1478e+00 +1.7324e+00 -1.3301e+00 -3.4004e-01 +2.3074e-01
49 0 +8.340605350e+00 +8.565060535e+01 +8.565060535e+01 -2.7918e-02 -8.5554e-01 -1.5064e+00 +3.0346e-01 -6.5635e-01 -1.3223e+00 -5.4657e-01 -9.8155e-01 +1.7871e+00 +9.8164e-01
52 0 +4.896209383e+00 +8.220620938e+01 +8.220620938e+01 -5.5144e-01 +7.2249e-01 -5.9150e-01 -1.1832e+00 +7.4351e-01 -1.1499e+00 -1.4511e-01 -2.0769e+00 +3.4470e-01 +1.6549e+00
53 0 +4.244008006e+00 +8.155400801e+01 +8.155400801e+01 +3.2311e-01 -4.0148e-01 -1.4467e+00 -3.2353e-01 +9.1310e-01 -9.4177e-01 +1.9550e+00 -1.5033e+00 +8.8423e-01 +2.6089e+00
101 0 +3.817407928e+00 +8.112740793e+01 +8.112740793e+01 +1.8470e+00 -6.0339e-01 -1.7645e+00 -7.6738e-01 +8.3186e-01 -3.9034e-01 -7.7928e-01 -3.1741e+00 +1.8019e+00 +4.3521e+00
255 0 +1.875115561e+00 +7.918511556e+01 +7.918511556e+01 +1.9133e+00 -7.1898e-01 -3.1341e+00 -1.4577e+00 +2.7359e-01 -2.2483e+00 +9.3322e-01 -2.1216e+00 +3.7582e-01 +2.3827e+00
268 0 +1.683512751e+00 +7.899351275e+01 +7.899351275e+01 +1.1519e+00 -1.6986e+00 -2.8408e+00 -2.6685e+00 +1.3948e+00 -2.5443e+00 +1.0892e-02 -2.4882e+00 +1.6804e+00 +2.6790e+00
409 0 +1.413395502e+00 +7.872339550e+01 +7.872339550e+01 +1.3256e+00 +5.8945e-01 -1.3269e+00 -1.2658e+00 +1.3351e+00 -2.4129e+00 +1.3119e+00 -2.0366e+00 +1.4905e+00 +2.7684e+00
419 0 +1.147585665e+00 +7.845758567e+01 +7.845758567e+01 +2.1998e-02 -6.6744e-01 -2.8936e+00 -1.7373e+00 +1.2260e+00 -2.5298e+00 +6.7436e-01 -2.5855e+00 +1.7820e+00 +3.0467e+00
510 0 +1.075010118e+00 +7.838501012e+01 +7.838501012e+01 +3.5166e-01 -7.7503e-01 -1.7613e+00 -1.0222e+00 +3.9456e-01 -2.8231e+00 +9.6073e-01 -1.9139e+00 +9.9392e-01 +2.5875e+00
517 0 +9.367631610e-01 +7.824676316e+01 +7.824676316e+01 +3.2286e-01 -5.7648e-01 -2.4773e+00 -1.5057e+00 +8.5896e-01 -2.7291e+00 +2.4564e-01 -2.5371e+00 +1.4728e+00 +2.1246e+00
566 0 +6.789455636e-01 +7.798894556e+01 +7.798894556e+01 +5.6830e-01 -2.4627e-01 -1.9368e+00 -1.8063e+00 +1.3293e+00 -1.9076e+00 +1.2680e+00 -1.9141e+00 +2.1358e+00 +2.2547e+00
596 0 +5.946612089e-01 +7.790466121e+01 +7.790466121e+01 +1.2585e+00 -6.7057e-01 -1.9333e+00 -2.5822e+00 +1.2476e+00 -2.1104e+00 +1.1786e+00 -1.7532e+00 +9.3191e-01 +2.5451e+00
603 0 +5.800263776e-01 +7.789002638e+01 +7.789002638e+01 +9.2000e-01 -4.2431e-01 -2.3800e+00 -1.8634e+00 +1.2581e+00 -2.5476e+00 +1.2199e+00 -1.8083e+00 +9.6745e-01 +3.1010e+00
652 0 +5.204246539e-01 +7.783042465e+01 +7.783042465e+01 +5.8115e-01 -5.5932e-01 -1.7951e+00 -1.7479e+00 +1.3098e+00 -2.3423e+00 +7.2120e-01 -1.7047e+00 +8.2188e-01 +3.0957e+00
655 0 +4.921073419e-01 +7.780210734e+01 +7.780210734e+01 +1.0691e+00 -3.7117e-01 -2.6108e+00 -2.0959e+00 +1.3689e+00 -2.0964e+00 +1.1504e+00 -1.5197e+00 +1.1603e+00 +2.4267e+00
659 0 +2.197589075e-01 +7.752975891e+01 +7.752975891e+01 +1.0953e+00 -8.5084e-01 -1.8360e+00 -1.9052e+00 +8.1159e-01 -2.4416e+00 +7.7321e-01 -1.7662e+00 +1.1766e+00 +2.3427e+00
753 0 +2.068343324e-01 +7.751683433e+01 +7.751683433e+01 +1.0172e+00 -4.6070e-01 -2.2009e+00 -1.8432e+00 +1.1777e+00 -2.3198e+00 +8.4125e-01 -2.1035e+00 +1.0976e+00 +2.4790e+00
754 0 +1.461263313e-01 +7.745612633e+01 +7.745612633e+01 +1.0113e+00 -9.1633e-01 -1.9904e+00 -2.1028e+00 +1.0616e+00 -2.1390e+00 +7.8571e-01 -1.9282e+00 +1.1485e+00 +2.7029e+00
814 0 +9.125646079e-02 +7.740125646e+01 +7.740125646e+01 +9.7940e-01 -6.2121e-01 -2.1272e+00 -1.7540e+00 +1.1124e+00 -2.3358e+00 +7.8158e-01 -1.6615e+00 +1.2908e+00 +2.2953e+00
1003 0 +7.386232812e-02 +7.738386233e+01 +7.738386233e+01 +1.0758e+00 -6.1953e-01 -2.1349e+00 -2.0445e+00 +9.6749e-01 -2.2622e+00 +8.3647e-01 -1.8962e+00 +1.1611e+00 +2.5831e+00
1017 0 +5.534931354e-02 +7.736534931e+01 +7.736534931e+01 +8.3999e-01 -5.7555e-01 -2.2511e+00 -2.0598e+00 +9.1642e-01 -2.3304e+00 +8.4997e-01 -1.6945e+00 +1.3519e+00 +2.7090e+00
1070 0 +5.265793425e-02 +7.736265793e+01 +7.736265793e+01 +8.5587e-01 -6.8322e-01 -2.1106e+00 -2.0386e+00 +1.0595e+00 -2.2962e+00 +8.1939e-01 -1.7755e+00 +1.2855e+00 +2.6211e+00
1144 0 +2.969434216e-02 +7.733969434e+01 +7.733969434e+01 +1.0436e+00 -5.3616e-01 -2.2200e+00 -1.8874e+00 +1.0680e+00 -2.2766e+00 +8.4633e-01 -1.8978e+00 +1.2905e+00 +2.8274e+00
1234 0 +2.554388233e-02 +7.733554388e+01 +7.733554388e+01 +8.0887e-01 -6.2909e-01 -2.1144e+00 -1.9909e+00 +9.7193e-01 -2.3590e+00 +7.4398e-01 -1.8884e+00 +1.3491e+00 +2.6490e+00
1303 0 +2.348215367e-02 +7.733348215e+01 +7.733348215e+01 +7.7915e-01 -6.5385e-01 -2.0276e+00 -1.8174e+00 +1.0210e+00 -2.3479e+00 +7.8128e-01 -1.8169e+00 +1.4225e+00 +2.6797e+00
1367 0 +1.897387020e-02 +7.732897387e+01 +7.732897387e+01 +7.9608e-01 -4.5232e-01 -2.1821e+00 -1.9046e+00 +9.5736e-01 -2.3070e+00 +8.1597e-01 -1.8047e+00 +1.4152e+00 +2.7054e+00
1484 0 +1.752367407e-02 +7.732752367e+01 +7.732752367e+01 +9.2588e-01 -5.6739e-01 -2.1515e+00 -1.8143e+00 +9.9706e-01 -2.3953e+00 +7.6631e-01 -1.7906e+00 +1.3558e+00 +2.7269e+00
1517 0 +1.000669495e-02 +7.732000669e+01 +7.732000669e+01 +8.4574e-01 -5.7977e-01 -2.1348e+00 -1.9616e+00 +9.7623e-01 -2.4060e+00 +7.7360e-01 -1.9581e+00 +1.4407e+00 +2.7103e+00
1633 0 +8.711166370e-03 +7.731871117e+01 +7.731871117e+01 +8.5077e-01 -6.0865e-01 -2.1210e+00 -1.9552e+00 +9.5667e-01 -2.3547e+00 +8.1489e-01 -1.8683e+00 +1.3794e+00 +2.7522e+00
1704 0 +7.169812127e-03 +7.731716981e+01 +7.731716981e+01 +9.3814e-01 -6.2526e-01 -2.1246e+00 -1.9229e+00 +1.0164e+00 -2.3416e+00 +8.1061e-01 -1.8763e+00 +1.3796e+00 +2.6899e+00
1710 0 +6.507291755e-03 +7.731650729e+01 +7.731650729e+01 +9.2044e-01 -6.0382e-01 -2.1134e+00 -1.8497e+00 +1.0445e+00 -2.3352e+00 +8.1629e-01 -1.8852e+00 +1.4092e+00 +2.7004e+00
1808 0 +6.200287693e-03 +7.731620029e+01 +7.731620029e+01 +8.7623e-01 -6.0005e-01 -2.1163e+00 -1.9550e+00 +9.7530e-01 -2.3513e+00 +8.0605e-01 -1.8772e+00 +1.3703e+00 +2.7139e+00
1811 0 +4.546776722e-03 +7.731454678e+01 +7.731454678e+01 +9.1038e-01 -6.0876e-01 -2.1275e+00 -1.8738e+00 +9.8141e-01 -2.4092e+00 +7.9045e-01 -1.8668e+00 +1.4096e+00 +2.7379e+00
1823 0 +3.886164450e-03 +7.731388616e+01 +7.731388616e+01 +9.2696e-01 -5.7252e-01 -2.1612e+00 -1.8902e+00 +9.8284e-01 -2.4149e+00 +7.9785e-01 -1.9223e+00 +1.4681e+00 +2.7320e+00
1886 0 +3.432309263e-03 +7.731343231e+01 +7.731343231e+01 +9.1904e-01 -5.5915e-01 -2.1351e+00 -1.8802e+00 +9.8257e-01 -2.3852e+00 +7.9528e-01 -1.8722e+00 +1.4069e+00 +2.7088e+00
1887 0 +2.980957077e-03 +7.731298096e+01 +7.731298096e+01 +9.1063e-01 -6.3485e-01 -2.1150e+00 -1.9305e+00 +9.6425e-01 -2.3919e+00 +8.1131e-01 -1.8912e+00 +1.4331e+00 +2.7635e+00
1927 0 +2.624627024e-03 +7.731262463e+01 +7.731262463e+01 +9.0726e-01 -5.9598e-01 -2.1334e+00 -1.8618e+00 +1.0084e+00 -2.3408e+00 +8.2086e-01 -1.8655e+00 +1.4365e+00 +2.6918e+00
1978 0 +2.612766358e-03 +7.731261277e+01 +7.731261277e+01 +8.6931e-01 -6.0624e-01 -2.1303e+00 -1.8815e+00 +1.0153e+00 -2.3390e+00 +7.9758e-01 -1.8663e+00 +1.4091e+00 +2.6058e+00
% f evaluations | g evaluations | best noise-free fitness - Fopt (3.992000000000e+01) + sum g_i+ | measured fitness | best measured fitness or single-digit g-values | x1 | x2...
1 0 +4.191187515e+01 +8.183187515e+01 +8.183187515e+01 +5.9671e-01 -3.8264e-02 +7.4769e-01 +1.6230e+00 -1.3415e-01 -1.3414e-01 +1.6792e+00 +8.6743e-01 -3.6947e-01 +6.4256e-01
3 0 +2.572461063e+01 +6.564461063e+01 +6.564461063e+01 +1.5656e+00 -1.2578e-01 +1.6753e-01 -1.3247e+00 -4.4438e-01 +2.1092e-01 -1.0510e+00 +4.7570e-01 -5.0064e-01 -1.9169e-01
9 0 +1.804862331e+01 +5.796862331e+01 +5.796862331e+01 -1.1967e-01 +4.5711e-01 +1.5779e+00 -4.1827e-01 -7.0849e-01 -4.0176e-01 +1.0154e+00 +4.2875e-01 -4.2976e-01 +6.1327e-01
21 0 +1.733867257e+01 +5.725867257e+01 +5.725867257e+01 +4.5779e-01 +6.6078e-01 +1.1831e+00 +1.1538e+00 -1.2777e+00 -8.3783e-01 +6.1504e-01 +6.1379e-01 +6.1505e-01 +3.9527e+00
51 0 +1.052198708e+01 +5.044198708e+01 +5.044198708e+01 +2.4649e+00 -2.1303e+00 +8.1926e-01 -1.3008e+00 -1.8516e+00 +1.0724e+00 -2.7239e-01 +3.6288e-01 +1.6627e+00 +1.4363e+00
55 0 +8.351857724e+00 +4.827185772e+01 +4.827185772e+01 +1.9894e+00 +4.5984e-01 +3.1986e+00 -1.5653e+00 -6.8129e-01 -6.3425e-01 -1.3321e+00 +4.6516e-01 +2.1346e+00 +1.6782e+00
101 0 +6.504684515e+00 +4.642468452e+01 +4.642468452e+01 +4.1149e-01 +2.6287e-01 +2.7924e+00 -1.0101e+00 -2.0006e-01 -9.3503e-01 +5.2492e-01 -4.2008e-02 +2.1386e+00 +2.9603e+00
155 0 +5.086119037e+00 +4.500611904e+01 +4.500611904e+01 +2.9604e+00 -9.8035e-01 +2.9537e+00 -1.7892e+00 -1.4958e+00 +3.1418e+00 +2.2335e+00 -1.6916e+00 +1.4608e+00 +1.0089e+00
253 0 +4.331396278e+00 +4.425139628e+01 +4.425139628e+01 +2.8298e+00 +1.7541e-01 +4.2472e+00 -3.6187e+00 -8.1089e-01 +1.2733e+00 +4.9277e-01 -1.2603e+00 +2.7716e+00 +4.1426e+00
256 0 +3.452985451e+00 +4.337298545e+01 +4.337298545e+01 +3.3717e+00 -1.4010e+00 +5.7146e-01 -2.2092e+00 -3.3567e+00 +1.7576e+00 +2.3440e+00 +1.3957e-01 +3.7666e+00 +3.1144e+00
351 0 +3.162107658e+00 +4.308210766e+01 +4.308210766e+01 +2.9968e+00 -9.0464e-01 +3.4608e+00 -1.6356e+00 -3.3093e+00 +3.8664e+00 +2.2563e+00 -5.3727e-01 +3.2982e+00 +1.8738e+00
407 0 +2.338623012e+00 +4.225862301e+01 +4.225862301e+01 +3.4484e+00 -1.8937e+00 +1.1957e+00 -9.0832e-01 -2.5116e+00 +2.5671e+00 +2.5090e+00 -3.9806e-01 +2.0117e+00 +3.2474e+00
551 0 +1.027136598e+00 +4.094713660e+01 +4.094713660e+01 +3.4014e+00 -1.0767e+00 +3.0625e+00 -2.0507e+00 -2.6730e+00 +1.9424e+00 +1.6741e+00 -9.0098e-01 +3.3692e+00 +3.7131e+00
752 0 +9.653925591e-01 +4.088539256e+01 +4.088539256e+01 +3.1604e+00 -1.1290e+00 +2.3229e+00 -1.9900e+00 -2.0445e+00 +2.3489e+00 +2.6174e+00 -1.3919e+00 +2.6394e+00 +3.0307e+00
754 0 +6.608398732e-01 +4.058083987e+01 +4.058083987e+01 +3.2589e+00 -8.5706e-01 +2.0083e+00 -2.8509e+00 -2.5746e+00 +2.2316e+00 +2.0568e+00 -8.7375e-01 +3.1846e+00 +3.3607e+00
853 0 +3.483598206e-01 +4.026835982e+01 +4.026835982e+01 +4.2076e+00 -1.1370e+00 +2.5181e+00 -2.1980e+00 -2.2375e+00 +2.5781e+00 +2.0397e+00 -7.7393e-01 +3.1916e+00 +3.0519e+00
963 0 +3.380398237e-01 +4.025803982e+01 +4.025803982e+01 +3.9001e+00 -1.2427e+00 +2.2672e+00 -2.5318e+00 -1.6528e+00 +2.7246e+00 +2.4183e+00 -8.2177e-01 +2.7190e+00 +3.2767e+00
1002 0 +2.748916073e-01 +4.019489161e+01 +4.019489161e+01 +3.6586e+00 -1.1153e+00 +1.8962e+00 -2.1663e+00 -2.1501e+00 +2.2980e+00 +2.2283e+00 -9.3513e-01 +3.0562e+00 +3.1868e+00
1005 0 +2.188543974e-01 +4.013885440e+01 +4.013885440e+01 +3.8525e+00 -1.0069e+00 +2.3642e+00 -2.5657e+00 -1.8876e+00 +2.3281e+00 +2.2648e+00 -5.4201e-01 +2.8427e+00 +3.5997e+00
1102 0 +1.840097720e-01 +4.010400977e+01 +4.010400977e+01 +3.7599e+00 -1.0407e+00 +2.1100e+00 -2.6260e+00 -1.9951e+00 +2.3012e+00 +2.4656e+00 -5.7845e-01 +2.8045e+00 +3.5616e+00
1103 0 +1.349114721e-01 +4.005491147e+01 +4.005491147e+01 +4.0427e+00 -1.0692e+00 +2.3379e+00 -2.4444e+00 -2.2320e+00 +2.5174e+00 +2.1343e+00 -8.2511e-01 +2.6923e+00 +3.3371e+00
1106 0 +1.114169499e-01 +4.003141695e+01 +4.003141695e+01 +3.8150e+00 -9.9008e-01 +2.1101e+00 -2.4727e+00 -1.9295e+00 +2.5081e+00 +2.2330e+00 -8.0272e-01 +2.8918e+00 +3.3369e+00
1226 0 +7.974915500e-02 +3.999974915e+01 +3.999974915e+01 +4.0240e+00 -9.6229e-01 +2.6940e+00 -2.3049e+00 -2.0619e+00 +2.4444e+00 +2.1702e+00 -6.8252e-01 +3.0739e+00 +3.2513e+00
1282 0 +6.239441102e-02 +3.998239441e+01 +3.998239441e+01 +3.9255e+00 -1.1173e+00 +2.1243e+00 -2.1217e+00 -2.0477e+00 +2.4162e+00 +2.1242e+00 -6.2275e-01 +2.9763e+00 +3.4715e+00
1309 0 +4.202642151e-02 +3.996202642e+01 +3.996202642e+01 +4.0046e+00 -1.0806e+00 +2.3201e+00 -2.1963e+00 -2.2293e+00 +2.2537e+00 +2.1034e+00 -6.3013e-01 +3.1548e+00 +3.4511e+00
1352 0 +3.628969540e-02 +3.995628970e+01 +3.995628970e+01 +3.9537e+00 -1.0583e+00 +2.4162e+00 -2.2714e+00 -2.1058e+00 +2.4058e+00 +2.1900e+00 -7.3784e-01 +3.0352e+00 +3.2821e+00
1367 0 +3.038168047e-02 +3.995038168e+01 +3.995038168e+01 +3.9601e+00 -9.8231e-01 +2.3908e+00 -2.0618e+00 -1.8958e+00 +2.4203e+00 +2.2301e+00 -6.7496e-01 +3.0878e+00 +3.4832e+00
1421 0 +3.013074475e-02 +3.995013074e+01 +3.995013074e+01 +3.9455e+00 -1.0792e+00 +2.3633e+00 -2.3485e+00 -2.1263e+00 +2.3525e+00 +2.0586e+00 -6.3302e-01 +3.0297e+00 +3.3892e+00
1483 0 +1.226244803e-02 +3.993226245e+01 +3.993226245e+01 +3.9459e+00 -1.0228e+00 +2.3753e+00 -2.1726e+00 -2.0201e+00 +2.4070e+00 +2.0872e+00 -6.5497e-01 +3.1169e+00 +3.4348e+00
% f evaluations | g evaluations | best noise-free fitness - Fopt (-5.661000000000e+01) + sum g_i+ | measured fitness | best measured fitness or single-digit g-values | x1 | x2...
1 0 +5.307357013e+01 -3.536429873e+00 -3.536429873e+00 +5.9671e-01 -3.8264e-02 +7.4769e-01 +1.6230e+00 -1.3415e-01 -1.3414e-01 +1.6792e+00 +8.6743e-01 -3.6947e-01 +6.4256e-01
9 0 +4.407777287e+01 -1.253222713e+01 -1.253222713e+01 -1.1967e-01 +4.5711e-01 +1.5779e+00 -4.1827e-01 -7.0849e-01 -4.0176e-01 +1.0154e+00 +4.2875e-01 -4.2976e-01 +6.1327e-01
26 0 +3.869066297e+01 -1.791933703e+01 -1.791933703e+01 -1.1609e+00 +1.0179e+00 +2.2222e+00 +1.1325e+00 -1.4194e+00 -3.8423e-01 +1.3669e+00 -6.0767e-01 +5.4382e-01 +8.7463e-01
51 0 +2.393516790e+01 -3.267483210e+01 -3.267483210e+01 -9.1917e-01 +5.4388e-03 +1.5209e+00 -9.8432e-01 -1.7381e+00 +3.3935e-01 +2.2783e+00 -2.3102e+00 -1.8698e-01 +1.1545e+00
55 0 +2.315568232e+01 -3.345431768e+01 -3.345431768e+01 +5.9550e-01 +5.9931e-01 +7.5301e-01 -9.5024e-01 -2.4808e+00 -7.1864e-02 +5.4714e-01 -1.1524e+00 -8.6163e-01 -4.0972e-01
101 0 +1.296598823e+01 -4.364401177e+01 -4.364401177e+01 +3.0076e+00 -3.3095e-01 +1.5229e+00 -3.1597e+00 -2.1168e+00 +1.0182e+00 +4.3072e+00 -9.3426e-01 -2.0025e+00 +2.7108e+00
102 0 +6.172553284e+00 -5.043744672e+01 -5.043744672e+01 +1.2659e+00 +1.0781e-01 +3.1408e+00 -2.2876e+00 -3.1089e+00 +1.9451e+00 +2.6042e+00 -2.0070e+00 -2.5794e+00 +3.1357e-01
303 0 +4.594799151e+00 -5.201520085e+01 -5.201520085e+01 +4.2089e+00 +2.5237e+00 +3.6946e+00 -3.3496e+00 -3.6468e+00 +3.4837e-01 +3.0798e+00 -2.4771e+00 -3.8807e+00 +3.5319e-01
405 0 +3.926856129e+00 -5.268314387e+01 -5.268314387e+01 +4.3715e+00 +2.5822e+00 +3.1870e+00 -3.2589e+00 -2.7473e+00 +2.4810e+00 +2.5372e+00 -4.6610e+00 -2.2417e+00 -5.3461e-01
414 0 +3.771497760e+00 -5.283850224e+01 -5.283850224e+01 +2.5481e+00 +1.6483e+00 +3.5501e+00 -4.2862e+00 -3.5649e+00 -8.1682e-02 +2.9793e+00 -2.3602e+00 -3.6603e+00 -1.0937e+00
452 0 +3.118987613e+00 -5.349101239e+01 -5.349101239e+01 +2.8004e+00 +3.3544e+00 +3.2689e+00 -4.8249e+00 -2.3628e+00 +2.2340e+00 +1.7225e+00 -2.4941e+00 -3.7884e+00 -4.1386e-01
501 0 +2.798803315e+00 -5.381119669e+01 -5.381119669e+01 +1.1774e+00 +2.4882e+00 +1.8330e+00 -4.9542e+00 -3.6479e+00 +1.9680e+00 +1.7971e+00 -4.7703e+00 -3.6565e+00 -1.0694e+00
510 0 +1.373750548e+00 -5.523624945e+01 -5.523624945e+01 +1.4221e+00 +2.1928e+00 +2.8194e+00 -3.4800e+00 -2.0373e+00 +1.9372e+00 +2.6818e+00 -3.6127e+00 -3.2526e+00 -1.2228e+00
572 0 +1.298842734e+00 -5.531115727e+01 -5.531115727e+01 +2.0462e+00 +4.0401e+00 +3.6981e+00 -3.1463e+00 -2.9941e+00 +2.1275e+00 +3.0137e+00 -3.5893e+00 -4.0501e+00 +1.5043e-01
701 0 +1.168741737e+00 -5.544125826e+01 -5.544125826e+01 +2.0661e+00 +3.1809e+00 +2.4460e+00 -2.7723e+00 -2.5409e+00 +1.8959e+00 +1.7273e+00 -3.7882e+00 -3.9922e+00 -9.7834e-01
798 0 +8.916765353e-01 -5.571832346e+01 -5.571832346e+01 +2.3614e+00 +3.2670e+00 +2.6300e+00 -3.3154e+00 -3.2530e+00 +2.7890e+00 +2.5464e+00 -2.1486e+00 -3.4607e+00 -6.2369e-01
802 0 +7.022399133e-01 -5.590776009e+01 -5.590776009e+01 +2.2160e+00 +3.1482e+00 +2.4187e+00 -2.8818e+00 -3.0472e+00 +2.5573e+00 +2.2275e+00 -3.4034e+00 -3.3812e+00 -1.1129e+00
867 0 +4.143154987e-01 -5.619568450e+01 -5.619568450e+01 +2.5970e+00 +3.2316e+00 +3.0026e+00 -3.3257e+00 -3.2425e+00 +2.0978e+00 +2.5703e+00 -3.2037e+00 -3.9554e+00 -6.9681e-01
1004 0 +2.983969786e-01 -5.631160302e+01 -5.631160302e+01 +1.8721e+00 +2.8301e+00 +3.0058e+00 -3.0957e+00 -2.9506e+00 +1.9040e+00 +2.5848e+00 -3.0478e+00 -3.6478e+00 -7.6015e-01
1051 0 +2.922823254e-01 -5.631771767e+01 -5.631771767e+01 +1.8069e+00 +2.7255e+00 +3.4497e+00 -3.4343e+00 -3.2328e+00 +1.9299e+00 +2.9434e+00 -2.9123e+00 -3.6454e+00 -8.0813e-01
1061 0 +2.735642901e-01 -5.633643571e+01 -5.633643571e+01 +1.8076e+00 +2.9323e+00 +3.0895e+00 -3.2969e+00 -3.3003e+00 +2.4170e+00 +2.5259e+00 -3.2499e+00 -4.1239e+00 -9.0144e-01
1102 0 +1.684074649e-01 -5.644159254e+01 -5.644159254e+01 +1.9306e+00 +2.7678e+00 +3.4403e+00 -3.0513e+00 -3.2216e+00 +2.1343e+00 +2.3459e+00 -3.3886e+00 -3.4916e+00 -6.9992e-01
1205 0 +1.564379003e-01 -5.645356210e+01 -5.645356210e+01 +1.7697e+00 +2.7311e+00 +3.1355e+00 -3.3227e+00 -3.2772e+00 +2.3054e+00 +2.5884e+00 -2.9759e+00 -3.6939e+00 -7.1527e-01
1208 0 +1.252998302e-01 -5.648470017e+01 -5.648470017e+01 +1.8025e+00 +2.9961e+00 +2.8676e+00 -3.2136e+00 -2.9605e+00 +2.4953e+00 +2.4438e+00 -3.2775e+00 -3.5733e+00 -6.1366e-01
1368 0 +1.141811539e-01 -5.649581885e+01 -5.649581885e+01 +1.9585e+00 +2.9413e+00 +2.9752e+00 -3.2273e+00 -3.3995e+00 +2.3088e+00 +2.5197e+00 -3.2706e+00 -3.6178e+00 -6.9847e-01
1369 0 +8.708663890e-02 -5.652291336e+01 -5.652291336e+01 +1.9969e+00 +3.1027e+00 +3.2719e+00 -3.2142e+00 -3.0342e+00 +2.2431e+00 +2.5681e+00 -3.3774e+00 -3.6786e+00 -8.4282e-01
1388 0 +6.862339837e-02 -5.654137660e+01 -5.654137660e+01 +1.8350e+00 +3.0006e+00 +3.1192e+00 -3.1856e+00 -3.1308e+00 +2.3993e+00 +2.4779e+00 -3.4461e+00 -3.7195e+00 -6.0691e-01
1523 0 +5.216211510e-02 -5.655783788e+01 -5.655783788e+01 +1.9958e+00 +3.0043e+00 +3.2128e+00 -3.2865e+00 -3.0258e+00 +2.2621e+00 +2.8138e+00 -3.5292e+00 -3.4611e+00 -8.6937e-01
1538 0 +3.249926527e-02 -5.657750073e+01 -5.657750073e+01 +1.8659e+00 +3.0871e+00 +3.0942e+00 -3.3011e+00 -3.1290e+00 +2.2495e+00 +2.5983e+00 -3.1323e+00 -3.6535e+00 -6.5743e-01
1574 0 +3.085190462e-02 -5.657914810e+01 -5.657914810e+01 +1.9610e+00 +2.9229e+00 +3.2492e+00 -3.2639e+00 -3.4098e+00 +2.2770e+00 +2.6467e+00 -3.3400e+00 -3.6946e+00 -7.3829e-01
1589 0 +2.282569820e-02 -5.658717430e+01 -5.658717430e+01 +2.0085e+00 +3.1178e+00 +3.0672e+00 -3.2649e+00 -2.9930e+00 +2.2903e+00 +2.6700e+00 -3.2917e+00 -3.5691e+00 -7.0591e-01
1632 0 +2.157891116e-02 -5.658842109e+01 -5.658842109e+01 +1.9002e+00 +2.8906e+00 +3.3339e+00 -3.4223e+00 -3.0590e+00 +2.3384e+00 +2.5541e+00 -3.2390e+00 -3.7196e+00 -8.1556e-01
1800 0 +2.137307807e-02 -5.658862692e+01 -5.658862692e+01 +2.0124e+00 +2.9960e+00 +3.2701e+00 -3.3418e+00 -3.0847e+00 +2.2155e+00 +2.6781e+00 -3.2066e+00 -3.6233e+00 -7.5721e-01
% f evaluations | g evaluations | best noise-free fitness - Fopt (3.270000000000e+01) + sum g_i+ | measured fitness | best measured fitness or single-digit g-values | x1 | x2...
1 0 +4.398156541e+01 +7.668156541e+01 +7.668156541e+01 +5.9671e-01 -3.8264e-02 +7.4769e-01 +1.6230e+00 -1.3415e-01 -1.3414e-01 +1.6792e+00 +8.6743e-01 -3.6947e-01 +6.4256e-01
11 0 +3.254071479e+01 +6.524071479e+01 +6.524071479e+01 -1.3154e+00 -3.2065e-01 -2.4271e-01 -7.0228e-01 -6.1286e-02 +5.0405e-01 +1.9862e+00 +2.7458e-01 +3.5755e-01 +2.5554e-02
12 0 +3.196303947e+01 +6.466303947e+01 +6.466303947e+01 -1.8188e+00 +7.3486e-02 +1.6023e-01 +2.5632e+00 -9.2361e-02 +4.0155e-01 +6.5288e-02 -1.0687e+00 +1.2428e+00 +8.5193e-01
17 0 +2.954551750e+01 +6.224551750e+01 +6.224551750e+01 -8.7468e-01 +8.8708e-01 +1.2586e+00 -7.2068e-01 +1.0634e+00 +5.1278e-01 +9.2206e-01 +1.9968e+00 -1.4539e-01 -6.5374e-01
18 0 +2.755922381e+01 +6.025922381e+01 +6.025922381e+01 -7.8951e-01 -7.1581e-01 +2.2898e-02 +4.4115e-01 +3.7669e-01 +9.2718e-01 +1.1300e-01 +1.5535e+00 -1.6466e-01 +2.8202e+00
25 0 +2.696047175e+01 +5.966047175e+01 +5.966047175e+01 -6.9252e-01 -1.4736e-02 +6.0499e-01 +9.6576e-01 -1.1003e+00 -2.3450e-01 -3.7495e-01 -5.5333e-01 +1.8655e+00 +5.0498e-01
29 0 +2.144542836e+01 +5.414542836e+01 +5.414542836e+01 +2.1352e-01 +7.6213e-01 +1.6860e+00 -1.1378e+00 +2.2330e+00 -1.8521e+00 -5.1785e-02 +6.8832e-01 +3.8099e-01 -5.2270e-01
51 0 +1.586272166e+01 +4.856272166e+01 +4.856272166e+01 -1.6904e-01 -5.7576e-01 +2.6059e+00 +3.1704e-02 +4.5520e-01 +2.2524e-01 -2.8397e-01 +9.9945e-01 +1.2204e+00 +3.1161e+00
52 0 +1.504730414e+01 +4.774730414e+01 +4.774730414e+01 -8.3963e-01 -2.5053e+00 +8.4456e-01 +3.4532e-02 +1.1894e+00 -1.3278e+00 -4.0274e-01 +1.8426e+00 +2.7501e+00 -2.5947e-01
55 0 +1.341133538e+01 +4.611133538e+01 +4.611133538e+01 -1.3741e+00 -5.0763e-01 +1.7777e-01 +9.0843e-01 +1.2209e+00 -8.8312e-01 -1.4438e+00 +8.1812e-02 +7.1033e-01 +2.3118e+00
57 0 +1.082491217e+01 +4.352491217e+01 +4.352491217e+01 -2.2852e+00 -1.0854e+00 +8.6867e-01 +9.7773e-01 +1.2145e+00 +4.8012e-01 -1.4580e+00 +3.9982e-01 +1.9366e+00 +1.3570e+00
84 0 +8.116945153e+00 +4.081694515e+01 +4.081694515e+01 -1.1816e+00 +7.4112e-01 +1.1999e+00 -7.3307e-01 +1.2210e+00 -9.3559e-01 -5.0388e-01 +2.3853e-01 +4.0997e+00 +2.2920e+00
119 0 +7.177455801e+00 +3.987745580e+01 +3.987745580e+01 -2.1840e+00 -9.4232e-01 +2.2184e+00 +2.0200e+00 +4.1144e-01 -1.5188e+00 -1.6043e+00 +1.4517e+00 +3.1671e+00 +4.3931e-01
152 0 +6.664396820e+00 +3.936439682e+01 +3.936439682e+01 -3.9636e+00 -1.0724e+00 -9.0728e-01 +1.0290e+00 +8.6986e-01 -2.1821e+00 +2.4816e+00 +2.1765e+00 +2.7529e+00 +3.8316e+00
153 0 +5.639761598e+00 +3.833976160e+01 +3.833976160e+01 -3.6704e+00 +9.7695e-01 +9.0015e-01 +3.0517e-02 +7.5764e-01 -1.8224e+00 -3.4914e+00 +2.6339e+00 +1.4306e+00 +4.3131e+00
154 0 +4.334423501e+00 +3.703442350e+01 +3.703442350e+01 -2.0191e+00 -1.3120e+00 +7.6525e-01 -9.4258e-01 +1.7296e+00 -2.0336e+00 -1.7221e+00 +3.1853e+00 +2.6592e+00 +4.2610e+00
367 0 +3.747244925e+00 +3.644724493e+01 +3.644724493e+01 -1.7277e+00 -2.0942e+00 +1.6354e-01 +7.3150e-01 +9.9592e-01 -3.8002e+00 -2.5986e+00 +2.3420e+00 +2.4898e+00 +1.7516e+00
403 0 +3.474321750e+00 +3.617432175e+01 +3.617432175e+01 -2.1261e+00 -4.4312e-01 -2.3920e-01 +3.8734e-01 +9.4955e-01 -3.3566e+00 -9.7986e-01 +3.0107e+00 +3.4368e+00 +3.4261e+00
407 0 +3.214312174e+00 +3.591431217e+01 +3.591431217e+01 -2.9727e+00 -2.0115e+00 +5.8638e-01 +1.6176e-01 +1.0942e+00 -3.1553e+00 -1.9811e+00 +2.1740e+00 +1.9796e+00 +3.6548e+00
413 0 +2.872079528e+00 +3.557207953e+01 +3.557207953e+01 -3.2243e+00 -1.6333e+00 +2.5536e-02 +4.5888e-01 -2.1456e-01 -3.0963e+00 -2.4851e+00 +2.6837e+00 +1.8074e+00 +3.8892e+00
442 0 +1.767051699e+00 +3.446705170e+01 +3.446705170e+01 -2.8474e+00 -1.3616e+00 -7.4868e-01 +1.4501e+00 +3.2322e-02 -8.0541e-01 -1.8174e+00 +3.2399e+00 +3.0124e+00 +3.8884e+00
461 0 +1.653086765e+00 +3.435308676e+01 +3.435308676e+01 -2.7883e+00 -1.8858e+00 +2.1482e-02 +2.2227e-01 +2.4871e-01 -2.4259e+00 -2.2309e+00 +3.4070e+00 +2.9508e+00 +3.8094e+00
510 0 +1.230566894e+00 +3.393056689e+01 +3.393056689e+01 -2.7499e+00 -1.3602e+00 +2.5953e-01 +5.9795e-01 +6.2196e-01 -1.0663e+00 -2.4287e+00 +2.4555e+00 +2.8882e+00 +2.8433e+00
655 0 +8.731172707e-01 +3.357311727e+01 +3.357311727e+01 -2.8604e+00 -2.2477e+00 -1.1455e-01 +1.1244e+00 -1.1889e-01 -1.6024e+00 -2.6745e+00 +2.9477e+00 +2.9170e+00 +2.9350e+00
702 0 +6.893874918e-01 +3.338938749e+01 +3.338938749e+01 -2.1803e+00 -1.7473e+00 +4.9275e-01 +1.3280e+00 +1.2515e-01 -1.0944e+00 -3.1726e+00 +3.6346e+00 +2.6287e+00 +3.2874e+00
810 0 +5.592052913e-01 +3.325920529e+01 +3.325920529e+01 -2.1961e+00 -2.2472e+00 +6.9758e-01 +1.7933e+00 -4.2989e-01 -1.1298e+00 -2.8707e+00 +2.8001e+00 +3.2547e+00 +2.9022e+00
868 0 +4.903728909e-01 +3.319037289e+01 +3.319037289e+01 -1.7932e+00 -1.6283e+00 +7.4293e-01 +1.0478e+00 +1.0918e-01 -1.3373e+00 -2.6706e+00 +3.1214e+00 +3.0392e+00 +3.4588e+00
902 0 +4.202168569e-01 +3.312021686e+01 +3.312021686e+01 -2.0388e+00 -1.7672e+00 +5.3235e-01 +1.7183e+00 -1.8668e-01 -1.8768e+00 -2.9886e+00 +3.2393e+00 +3.7068e+00 +3.0552e+00
903 0 +2.818731198e-01 +3.298187312e+01 +3.298187312e+01 -2.1776e+00 -1.9387e+00 +7.8456e-02 +1.2806e+00 +6.5053e-02 -1.1635e+00 -2.5279e+00 +3.1819e+00 +3.0394e+00 +3.1497e+00
1003 0 +1.953983816e-01 +3.289539838e+01 +3.289539838e+01 -1.7572e+00 -1.8270e+00 +4.8666e-01 +1.4660e+00 +6.2968e-02 -1.3130e+00 -2.6321e+00 +3.3718e+00 +3.1151e+00 +3.1714e+00
1004 0 +1.779548073e-01 +3.287795481e+01 +3.287795481e+01 -2.0370e+00 -1.5229e+00 +5.9492e-01 +1.4472e+00 -3.4137e-01 -1.2116e+00 -2.8781e+00 +3.4204e+00 +3.3326e+00 +2.8580e+00
1007 0 +1.723522561e-01 +3.287235226e+01 +3.287235226e+01 -2.1248e+00 -1.5950e+00 +5.8945e-01 +1.5070e+00 -1.6235e-01 -1.2345e+00 -2.7446e+00 +3.3129e+00 +3.3857e+00 +3.2298e+00
1054 0 +1.660209771e-01 +3.286602098e+01 +3.286602098e+01 -1.9218e+00 -1.6222e+00 +2.7682e-01 +1.7218e+00 -2.2748e-01 -1.4106e+00 -2.6701e+00 +3.0168e+00 +3.3055e+00 +2.9285e+00
1120 0 +1.210312076e-01 +3.282103121e+01 +3.282103121e+01 -2.1057e+00 -1.9346e+00 +5.9958e-01 +1.2092e+00 -3.2239e-01 -1.3024e+00 -2.9072e+00 +3.1678e+00 +3.0636e+00 +3.3255e+00
1154 0 +1.042972287e-01 +3.280429723e+01 +3.280429723e+01 -1.9654e+00 -1.6860e+00 +4.8752e-01 +1.2878e+00 -2.9466e-01 -1.2051e+00 -2.8564e+00 +3.2897e+00 +3.1918e+00 +3.0349e+00
1155 0 +1.007647009e-01 +3.280076470e+01 +3.280076470e+01 -2.1175e+00 -1.4051e+00 +3.4172e-01 +1.3421e+00 -3.4876e-01 -1.3373e+00 -2.8495e+00 +3.2427e+00 +3.1927e+00 +3.1529e+00
1204 0 +9.924441422e-02 +3.279924441e+01 +3.279924441e+01 -2.2133e+00 -1.7942e+00 +3.1624e-01 +1.5223e+00 -1.5734e-01 -1.2704e+00 -2.8747e+00 +3.0986e+00 +3.2241e+00 +3.1020e+00
1260 0 +6.845337773e-02 +3.276845338e+01 +3.276845338e+01 -2.1894e+00 -1.8063e+00 +3.6729e-01 +1.4976e+00 -4.7926e-02 -1.4107e+00 -2.9411e+00 +2.9913e+00 +3.1941e+00 +3.0892e+00
1303 0 +3.890171462e-02 +3.273890171e+01 +3.273890171e+01 -2.0696e+00 -1.6588e+00 +3.1811e-01 +1.0634e+00 -3.0123e-01 -1.1610e+00 -2.8368e+00 +3.0160e+00 +3.1724e+00 +3.1236e+00
1312 0 +3.525044727e-02 +3.273525045e+01 +3.273525045e+01 -2.1485e+00 -1.5535e+00 +2.9287e-01 +1.3424e+00 -1.1088e-01 -1.2966e+00 -2.9894e+00 +3.2195e+00 +3.0718e+00 +3.0004e+00
1465 0 +3.410684447e-02 +3.273410684e+01 +3.273410684e+01 -2.0742e+00 -1.4852e+00 +2.8522e-01 +1.2059e+00 -2.3802e-01 -1.2849e+00 -2.8733e+00 +3.2940e+00 +3.2503e+00 +3.1232e+00
1515 0 +2.548325123e-02 +3.272548325e+01 +3.272548325e+01 -2.0220e+00 -1.6477e+00 +3.3451e-01 +1.3977e+00 -1.8571e-01 -1.3166e+00 -2.8813e+00 +3.1363e+00 +3.1284e+00 +3.1440e+00
1554 0 +2.097737363e-02 +3.272097737e+01 +3.272097737e+01 -2.1516e+00 -1.5216e+00 +2.1145e-01 +1.2051e+00 -2.0521e-01 -1.2607e+00 -2.9390e+00 +3.1692e+00 +3.1765e+00 +3.0515e+00
1563 0 +8.822722326e-03 +3.270882272e+01 +3.270882272e+01 -2.1211e+00 -1.6403e+00 +2.7221e-01 +1.2469e+00 -1.0998e-01 -1.2652e+00 -2.9151e+00 +3.1742e+00 +3.1613e+00 +3.1382e+00
1742 0 +8.511421063e-03 +3.270851142e+01 +3.270851142e+01 -2.0407e+00 -1.5548e+00 +3.1990e-01 +1.3330e+00 -2.0434e-01 -1.3041e+00 -2.8905e+00 +3.2042e+00 +3.1555e+00 +3.1005e+00
% f evaluations | g evaluations | best noise-free fitness - Fopt (-3.943000000000e+01) + sum g_i+ | measured fitness | best measured fitness or single-digit g-values | x1 | x2...
1 0 +1.995957095e+01 -1.947042905e+01 -1.947042905e+01 +5.9671e-01 -3.8264e-02 +7.4769e-01 +1.6230e+00 -1.3415e-01 -1.3414e-01 +1.6792e+00 +8.6743e-01 -3.6947e-01 +6.4256e-01
4 0 +1.863019311e+01 -2.079980689e+01 -2.079980689e+01 -5.0171e-01 +1.9523e+00 +8.6503e-02 -9.5771e-01 +9.2254e-01 -1.1208e+00 +3.0886e-01 -1.8597e+00 -1.2282e+00 +2.9686e-01
5 0 +1.617992472e+01 -2.325007528e+01 -2.325007528e+01 +8.3847e-01 +2.7137e-01 -1.5648e-02 -2.0110e-01 -1.3785e+00 -6.1984e-01 -3.6064e-01 +1.1571e+00 +4.4362e-01 -1.6630e+00
10 0 +1.379599655e+01 -2.563400345e+01 -2.563400345e+01 +1.9708e-01 +1.0686e+00 -6.0205e-01 -2.2766e-01 -2.9211e-01 -1.3635e+00 +3.9612e-01 +3.6106e-01 +1.0511e-01 -1.3459e-01
22 0 +1.082487093e+01 -2.860512907e+01 -2.860512907e+01 +6.7089e-01 +1.2356e+00 +1.0540e+00 +7.5139e-01 -2.1527e-01 +8.5897e-01 -6.7283e-01 -1.3682e-01 -3.8536e-01 +1.8187e-01
37 0 +9.696730804e+00 -2.973326920e+01 -2.973326920e+01 +6.1935e-01 +1.6327e+00 -8.7601e-03 +5.0171e-01 +7.9014e-01 -3.0122e-01 +3.2409e-01 +1.1259e-01 +1.9768e-01 -6.7301e-01
51 0 +7.704347086e+00 -3.172565291e+01 -3.172565291e+01 +2.3121e+00 +3.4764e+00 +2.1214e+00 +1.7884e+00 +1.8208e+00 -7.3696e-01 -2.1604e+00 +1.5157e-01 +1.2880e+00 -1.7136e+00
54 0 +7.308689439e+00 -3.212131056e+01 -3.212131056e+01 +1.9568e+00 +2.3755e+00 +1.1597e+00 +4.8401e-01 +5.7698e-01 -7.0556e-01 +1.7954e+00 +1.9188e+00 +2.9880e-02 -1.6431e+00
124 0 +5.206145152e+00 -3.422385485e+01 -3.422385485e+01 +1.3819e+00 +2.4733e+00 +2.3773e+00 +3.6997e+00 -2.5658e-01 -1.5501e+00 -1.7247e+00 +1.5317e+00 +4.2676e-02 +1.2925e+00
254 0 +3.155466174e+00 -3.627453383e+01 -3.627453383e+01 +3.2026e+00 +2.7136e+00 +2.6687e+00 +2.7595e+00 +2.7128e-01 -2.1168e+00 -3.0651e-01 +3.1521e+00 -1.8278e-01 +3.3076e-01
357 0 +3.100846992e+00 -3.632915301e+01 -3.632915301e+01 +1.4728e+00 +4.3349e+00 +2.5570e+00 +2.3682e+00 +7.9451e-01 -1.2595e+00 -1.5028e+00 +2.0123e+00 -6.4212e-01 +1.3458e+00
371 0 +2.176668898e+00 -3.725333110e+01 -3.725333110e+01 +2.2300e+00 +2.7883e+00 +3.0884e+00 +1.1039e+00 +1.4640e+00 -1.6238e+00 -7.8537e-01 +1.7574e+00 -8.8987e-01 +1.8137e+00
405 0 +1.597301569e+00 -3.783269843e+01 -3.783269843e+01 +3.9983e+00 +3.7786e+00 +2.8584e+00 +1.8440e+00 +7.0621e-01 -9.6481e-01 -1.7764e+00 +1.3461e+00 -4.3747e-01 +2.2542e+00
601 0 +1.265327271e+00 -3.816467273e+01 -3.816467273e+01 +2.8230e+00 +3.1371e+00 +2.9680e+00 +2.0572e+00 +1.3189e+00 -6.6502e-01 -7.1945e-01 +2.2079e+00 -1.2455e+00 +2.2089e+00
652 0 +1.192287663e+00 -3.823771234e+01 -3.823771234e+01 +4.5305e+00 +3.6155e+00 +2.5951e+00 +1.5791e+00 +1.5763e+00 -6.3115e-01 -1.0971e+00 +3.6532e+00 -3.8203e-01 +2.8994e+00
653 0 +1.027965964e+00 -3.840203404e+01 -3.840203404e+01 +3.1494e+00 +3.3939e+00 +2.9358e+00 +1.4113e+00 +7.0019e-01 -3.7769e-01 -1.2192e+00 +3.0154e+00 -8.3591e-01 +2.2081e+00
655 0 +9.677585534e-01 -3.846224145e+01 -3.846224145e+01 +3.1496e+00 +3.8823e+00 +3.1573e+00 +1.1601e+00 +1.1370e+00 -7.3259e-01 -1.1566e+00 +3.1834e+00 -1.0361e+00 +1.9771e+00
703 0 +7.803303632e-01 -3.864966964e+01 -3.864966964e+01 +3.7903e+00 +3.3022e+00 +2.7550e+00 +1.5632e+00 +1.3344e+00 -4.5756e-01 -1.1882e+00 +3.2801e+00 -4.5089e-01 +2.0452e+00
723 0 +6.272291009e-01 -3.880277090e+01 -3.880277090e+01 +3.3303e+00 +3.2167e+00 +2.5198e+00 +9.4577e-01 +1.3600e+00 -5.0859e-01 -1.0512e+00 +2.9519e+00 -6.2617e-01 +2.3955e+00
803 0 +4.892936944e-01 -3.894070631e+01 -3.894070631e+01 +4.4025e+00 +3.4073e+00 +2.6723e+00 +2.0381e+00 +1.1045e+00 -1.2414e+00 -1.3185e+00 +2.8166e+00 -1.3435e+00 +2.2792e+00
820 0 +4.690891660e-01 -3.896091083e+01 -3.896091083e+01 +3.7836e+00 +3.0655e+00 +2.9871e+00 +1.1678e+00 +1.3180e+00 -1.6504e+00 -1.4451e+00 +2.7950e+00 -6.0762e-01 +1.8600e+00
902 0 +3.928449663e-01 -3.903715503e+01 -3.903715503e+01 +3.8174e+00 +3.6855e+00 +3.4839e+00 +1.7573e+00 +9.7464e-01 -9.9598e-01 -1.5466e+00 +2.7358e+00 -9.5828e-01 +2.2100e+00
903 0 +3.357885032e-01 -3.909421150e+01 -3.909421150e+01 +4.0751e+00 +3.4270e+00 +3.1825e+00 +1.3035e+00 +1.0159e+00 -1.0021e+00 -1.5039e+00 +2.4103e+00 -6.5246e-01 +2.4506e+00
904 0 +3.217513592e-01 -3.910824864e+01 -3.910824864e+01 +3.8053e+00 +3.4164e+00 +2.9715e+00 +1.7811e+00 +9.6922e-01 -6.9119e-01 -9.7794e-01 +2.4372e+00 -5.3944e-01 +2.3063e+00
921 0 +3.109931316e-01 -3.911900687e+01 -3.911900687e+01 +3.5204e+00 +3.1429e+00 +2.9451e+00 +1.2560e+00 +1.2376e+00 -1.3669e+00 -7.1087e-01 +2.7719e+00 -2.3778e-01 +2.4493e+00
951 0 +2.636859366e-01 -3.916631406e+01 -3.916631406e+01 +4.1709e+00 +3.1832e+00 +2.6446e+00 +1.3573e+00 +7.9826e-01 -8.8875e-01 -1.2764e+00 +2.6656e+00 -1.0386e+00 +2.5775e+00
1002 0 +1.848804730e-01 -3.924511953e+01 -3.924511953e+01 +3.8508e+00 +3.2746e+00 +2.9629e+00 +1.3029e+00 +1.0837e+00 -9.4414e-01 -1.0582e+00 +2.5768e+00 -9.2729e-01 +2.5815e+00
1060 0 +1.593581916e-01 -3.927064181e+01 -3.927064181e+01 +3.7812e+00 +3.0324e+00 +2.6713e+00 +1.1635e+00 +9.8871e-01 -1.0339e+00 -1.0568e+00 +2.5960e+00 -6.2776e-01 +2.5753e+00
1093 0 +1.402930996e-01 -3.928970690e+01 -3.928970690e+01 +3.6445e+00 +3.1046e+00 +2.7348e+00 +1.4623e+00 +1.2013e+00 -1.2192e+00 -8.5719e-01 +2.6310e+00 -4.3143e-01 +2.5769e+00
1116 0 +1.306825712e-01 -3.929931743e+01 -3.929931743e+01 +3.6975e+00 +3.2885e+00 +2.7772e+00 +1.3103e+00 +9.4718e-01 -1.2913e+00 -9.1826e-01 +2.6720e+00 -8.6177e-01 +2.5859e+00
1204 0 +9.844536378e-02 -3.933155464e+01 -3.933155464e+01 +4.0070e+00 +3.3608e+00 +2.8761e+00 +1.2155e+00 +1.2312e+00 -1.2755e+00 -1.1509e+00 +2.6948e+00 -6.2168e-01 +2.4633e+00
1205 0 +8.759123275e-02 -3.934240877e+01 -3.934240877e+01 +3.7274e+00 +3.3149e+00 +2.7452e+00 +1.3160e+00 +1.0693e+00 -1.2400e+00 -1.2114e+00 +2.5772e+00 -6.0832e-01 +2.5012e+00
1208 0 +5.000000098e-02 -3.938000000e+01 -3.938000000e+01 +3.8317e+00 +3.2791e+00 +2.8024e+00 +1.3328e+00 +1.0616e+00 -1.0563e+00 -1.1308e+00 +2.5610e+00 -8.1634e-01 +2.4420e+00
1356 0 +4.153266591e-02 -3.938846733e+01 -3.938846733e+01 +3.8979e+00 +3.3239e+00 +2.7107e+00 +1.3423e+00 +1.0841e+00 -1.1565e+00 -1.0644e+00 +2.6168e+00 -7.7832e-01 +2.4809e+00
1371 0 +2.320088216e-02 -3.940679912e+01 -3.940679912e+01 +3.8408e+00 +3.4135e+00 +2.9786e+00 +1.3932e+00 +1.0183e+00 -1.1285e+00 -1.0771e+00 +2.6133e+00 -7.0458e-01 +2.4547e+00
1683 0 +1.764806023e-02 -3.941235194e+01 -3.941235194e+01 +3.6936e+00 +3.3002e+00 +2.9339e+00 +1.4719e+00 +1.0051e+00 -1.3587e+00 -1.0734e+00 +2.6969e+00 -7.1456e-01 +2.4869e+00
% f evaluations | g evaluations | best noise-free fitness - Fopt (4.197200000000e+02) + sum g_i+ | measured fitness | best measured fitness or single-digit g-values | x1 | x2...
1 0 +2.794924951e+01 +4.476692495e+02 +4.476692495e+02 +5.9671e-01 -3.8264e-02 +7.4769e-01 +1.6230e+00 -1.3415e-01 -1.3414e-01 +1.6792e+00 +8.6743e-01 -3.6947e-01 +6.4256e-01
4 0 +2.564290517e+01 +4.453629052e+02 +4.453629052e+02 -5.0171e-01 +1.9523e+00 +8.6503e-02 -9.5771e-01 +9.2254e-01 -1.1208e+00 +3.0886e-01 -1.8597e+00 -1.2282e+00 +2.9686e-01
10 0 +1.907499793e+01 +4.387949979e+02 +4.387949979e+02 +1.9708e-01 +1.0686e+00 -6.0205e-01 -2.2766e-01 -2.9211e-01 -1.3635e+00 +3.9612e-01 +3.6106e-01 +1.0511e-01 -1.3459e-01
33 0 +1.381951911e+01 +4.335395191e+02 +4.335395191e+02 +1.9700e-01 +6.9516e-01 -7.1822e-01 +2.1924e+00 -9.0602e-01 -1.1142e+00 +1.2581e+00 +8.9166e-01 +7.2412e-01 +7.2835e-01
40 0 +1.163437534e+01 +4.313543753e+02 +4.313543753e+02 -7.9841e-01 +5.9192e-01 -1.2202e+00 +1.9315e+00 +1.2794e+00 -3.6918e-01 -1.6131e+00 +1.4539e+00 -1.4540e-02 +1.3378e+00
51 0 +8.323767684e+00 +4.280437677e+02 +4.280437677e+02 -8.3526e-01 +1.0845e+00 -3.6858e-01 +1.2471e+00 +5.7935e-01 -1.1264e+00 +7.0306e-02 +1.0605e+00 -5.1019e-01 +1.3787e+00
101 0 +8.231819707e+00 +4.279518197e+02 +4.279518197e+02 +1.3317e+00 +3.4139e+00 -2.8316e-01 +2.3530e+00 +2.1752e+00 -2.6180e+00 +2.0975e+00 +1.0944e+00 -3.2299e-01 +4.3391e+00
102 0 +6.115819514e+00 +4.258358195e+02 +4.258358195e+02 -2.7418e+00 +3.0808e+00 -4.5817e-02 +3.1325e+00 +1.4356e+00 -9.0742e-01 +7.0053e-01 +8.7620e-02 +2.1614e+00 +2.8818e+00
105 0 +4.068439823e+00 +4.237884398e+02 +4.237884398e+02 -1.2042e+00 +2.1489e+00 -9.6139e-01 +2.8192e+00 +8.3741e-01 -3.2281e+00 +4.6716e-01 +5.9284e-01 +4.0552e-02 +2.8291e+00
157 0 +3.293734872e+00 +4.230137349e+02 +4.230137349e+02 -1.6548e+00 +2.2832e+00 -1.9015e+00 +4.3025e+00 +1.4702e+00 -4.3767e+00 -9.3738e-01 +7.6755e-01 -3.0179e-01 +3.8738e+00
399 0 +3.282374640e+00 +4.230023746e+02 +4.230023746e+02 +6.3100e-02 +1.6918e+00 -1.2281e+00 +4.4843e+00 +3.4972e+00 -1.6610e+00 -2.2245e+00 -4.5292e-01 +2.3937e-01 +3.4021e+00
422 0 +2.500937784e+00 +4.222209378e+02 +4.222209378e+02 -1.5200e+00 +2.9309e+00 -2.1895e-02 +2.1651e+00 +4.1210e+00 -1.8162e+00 -1.6981e+00 -1.0662e+00 -1.3037e+00 +4.0086e+00
508 0 +2.471971595e+00 +4.221919716e+02 +4.221919716e+02 -7.4082e-01 +2.3636e+00 -1.8173e+00 +2.9192e+00 +2.0303e+00 -3.5100e+00 -8.1002e-01 -7.4031e-01 -6.4917e-01 +3.2152e+00
511 0 +1.902288620e+00 +4.216222886e+02 +4.216222886e+02 -1.2531e+00 +2.9582e+00 -1.6691e+00 +2.2437e+00 +3.0300e+00 -3.3007e+00 -2.9579e-01 +2.4082e-01 -1.3442e+00 +4.2186e+00
512 0 +1.586971786e+00 +4.213069718e+02 +4.213069718e+02 -2.1585e+00 +2.3750e+00 -1.0971e+00 +3.7276e+00 +3.3596e+00 -2.0623e+00 -1.7308e+00 -4.6668e-01 -3.6030e-01 +2.8057e+00
519 0 +1.388959671e+00 +4.211089597e+02 +4.211089597e+02 -6.1439e-01 +2.8492e+00 -6.5006e-01 +3.6976e+00 +4.3842e+00 -2.1136e+00 -1.2303e+00 +6.4419e-01 -9.3398e-01 +3.9385e+00
563 0 +1.096378522e+00 +4.208163785e+02 +4.208163785e+02 -1.4864e+00 +1.9568e+00 -1.2089e+00 +2.9587e+00 +4.2390e+00 -2.1618e+00 -1.3524e+00 -4.6659e-01 -7.6461e-01 +3.5089e+00
576 0 +9.132898108e-01 +4.206332898e+02 +4.206332898e+02 -9.4952e-01 +2.7952e+00 -1.1729e+00 +3.2909e+00 +3.6861e+00 -1.7694e+00 -7.4438e-01 +3.9739e-01 -1.3887e+00 +3.9374e+00
645 0 +9.043044061e-01 +4.206243044e+02 +4.206243044e+02 -1.0044e+00 +1.7228e+00 -1.4864e+00 +3.9210e+00 +3.0231e+00 -1.7742e+00 -1.1834e+00 -5.2732e-01 -1.1579e+00 +3.7854e+00
674 0 +6.963147248e-01 +4.204163147e+02 +4.204163147e+02 -1.6978e+00 +3.0697e+00 -1.4187e+00 +3.3400e+00 +3.1384e+00 -1.6988e+00 -9.9268e-01 +4.9806e-01 -8.7963e-01 +3.8268e+00
772 0 +6.938701957e-01 +4.204138702e+02 +4.204138702e+02 -1.3638e+00 +2.7132e+00 -2.0413e+00 +3.9952e+00 +3.2219e+00 -2.0986e+00 -1.0846e+00 +2.1727e-01 -4.5641e-01 +4.2707e+00
814 0 +6.488873875e-01 +4.203688874e+02 +4.203688874e+02 -1.0118e+00 +3.1282e+00 -1.9814e+00 +3.7532e+00 +3.4366e+00 -2.8765e+00 -7.4685e-01 +2.8780e-02 -8.3712e-01 +3.7176e+00
825 0 +5.385373063e-01 +4.202585373e+02 +4.202585373e+02 -1.7626e+00 +3.2566e+00 -1.0947e+00 +3.9268e+00 +3.4430e+00 -2.5211e+00 -1.2812e+00 -3.0977e-01 -7.4154e-01 +4.2220e+00
835 0 +4.708370645e-01 +4.201908371e+02 +4.201908371e+02 -7.0163e-01 +2.4221e+00 -1.7592e+00 +3.2129e+00 +3.4493e+00 -2.6178e+00 -1.2377e+00 -4.9514e-01 -6.0857e-01 +3.7310e+00
844 0 +4.548365249e-01 +4.201748365e+02 +4.201748365e+02 -1.0955e+00 +3.4270e+00 -1.7634e+00 +3.5634e+00 +3.0609e+00 -2.5185e+00 -1.3539e+00 -9.8294e-03 -5.0115e-01 +4.1471e+00
893 0 +2.953196008e-01 +4.200153196e+02 +4.200153196e+02 -9.7428e-01 +3.0330e+00 -1.3873e+00 +3.5522e+00 +2.9301e+00 -2.2233e+00 -1.1485e+00 -6.9075e-01 -6.4764e-01 +3.7975e+00
909 0 +2.928799301e-01 +4.200128799e+02 +4.200128799e+02 -1.0072e+00 +3.1579e+00 -1.2678e+00 +3.7262e+00 +3.4813e+00 -2.4365e+00 -1.0795e+00 -3.8311e-01 -5.6837e-01 +3.9716e+00
976 0 +2.284548973e-01 +4.199484549e+02 +4.199484549e+02 -1.0913e+00 +2.7099e+00 -1.3059e+00 +4.0742e+00 +3.3664e+00 -2.2530e+00 -1.1488e+00 -6.3109e-01 -8.0474e-01 +3.8635e+00
1105 0 +1.306891560e-01 +4.198506892e+02 +4.198506892e+02 -1.1050e+00 +2.7757e+00 -1.4400e+00 +3.8558e+00 +3.1357e+00 -2.0984e+00 -1.1038e+00 -5.9998e-01 -7.2122e-01 +3.7819e+00
1217 0 +1.244043906e-01 +4.198444044e+02 +4.198444044e+02 -1.1965e+00 +2.6625e+00 -1.3534e+00 +3.7444e+00 +3.1443e+00 -2.1885e+00 -1.0346e+00 -4.4502e-01 -6.8558e-01 +3.8912e+00
1242 0 +7.473101072e-02 +4.197947310e+02 +4.197947310e+02 -1.0874e+00 +2.7569e+00 -1.2751e+00 +3.6061e+00 +3.2030e+00 -2.3760e+00 -1.3078e+00 -3.2763e-01 -8.9038e-01 +4.0240e+00
1390 0 +6.053536364e-02 +4.197805354e+02 +4.197805354e+02 -1.1754e+00 +2.8543e+00 -1.4861e+00 +3.3494e+00 +3.0626e+00 -2.1647e+00 -1.1680e+00 -4.4910e-01 -8.9401e-01 +3.9281e+00
1617 0 +5.538583806e-02 +4.197753858e+02 +4.197753858e+02 -1.0939e+00 +2.6553e+00 -1.4731e+00 +3.3853e+00 +3.0874e+00 -2.1101e+00 -1.1279e+00 -3.6825e-01 -8.8552e-01 +3.9721e+00
1630 0 +5.447082430e-02 +4.197744708e+02 +4.197744708e+02 -1.1249e+00 +2.7936e+00 -1.5191e+00 +3.5949e+00 +3.0832e+00 -2.0508e+00 -1.0884e+00 -4.0901e-01 -9.3215e-01 +3.7900e+00
1639 0 +5.366084766e-02 +4.197736608e+02 +4.197736608e+02 -1.2105e+00 +2.8529e+00 -1.3533e+00 +3.7137e+00 +3.1873e+00 -1.9967e+00 -9.6129e-01 -3.0560e-01 -9.9241e-01 +3.8340e+00
1682 0 +5.294674809e-02 +4.197729467e+02 +4.197729467e+02 -1.0830e+00 +2.7153e+00 -1.1942e+00 +3.5843e+00 +3.1126e+00 -2.0825e+00 -1.0652e+00 -4.1677e-01 -9.2387e-01 +3.8534e+00
1693 0 +4.421496478e-02 +4.197642150e+02 +4.197642150e+02 -1.1763e+00 +2.9046e+00 -1.2983e+00 +3.5915e+00 +3.0527e+00 -1.9383e+00 -1.0479e+00 -3.8490e-01 -1.0440e+00 +3.9860e+00
1724 0 +3.443873562e-02 +4.197544387e+02 +4.197544387e+02 -1.1280e+00 +2.7467e+00 -1.3956e+00 +3.5405e+00 +3.0921e+00 -2.0464e+00 -1.1408e+00 -2.7034e-01 -9.9368e-01 +3.9289e+00
1827 0 +2.733647270e-02 +4.197473365e+02 +4.197473365e+02 -1.1877e+00 +2.8002e+00 -1.4967e+00 +3.6320e+00 +3.1859e+00 -2.1400e+00 -1.1265e+00 -3.1572e-01 -8.2846e-01 +3.8537e+00
1899 0 +2.019343346e-02 +4.197401934e+02 +4.197401934e+02 -1.1599e+00 +2.6911e+00 -1.3040e+00 +3.4590e+00 +3.0953e+00 -2.1729e+00 -1.2342e+00 -2.9486e-01 -9.4764e-01 +4.0242e+00
1929 0 +1.663524678e-02 +4.197366352e+02 +4.197366352e+02 -1.2106e+00 +2.8072e+00 -1.3276e+00 +3.5654e+00 +3.1733e+00 -2.0786e+00 -1.0249e+00 -2.8865e-01 -9.6369e-01 +4.0016e+00
1974 0 +1.612215519e-02 +4.197361222e+02 +4.197361222e+02 -1.1463e+00 +2.7353e+00 -1.3509e+00 +3.4842e+00 +3.1145e+00 -2.1770e+00 -1.1617e+00 -2.9559e-01 -9.8700e-01 +4.0475e+00
% f evaluations | g evaluations | best noise-free fitness - Fopt (7.640000000000e+00) + sum g_i+ | measured fitness | best measured fitness or single-digit g-values | x1 | x2...
1 0 +5.720541878e+01 +6.484541878e+01 +6.484541878e+01 +5.9671e-01 -3.8264e-02 +7.4769e-01 +1.6230e+00 -1.3415e-01 -1.3414e-01 +1.6792e+00 +8.6743e-01 -3.6947e-01 +6.4256e-01
3 0 +4.950612195e+01 +5.714612195e+01 +5.714612195e+01 +1.5656e+00 -1.2578e-01 +1.6753e-01 -1.3247e+00 -4.4438e-01 +2.1092e-01 -1.0510e+00 +4.7570e-01 -5.0064e-01 -1.9169e-01
4 0 +2.418742676e+01 +3.182742676e+01 +3.182742676e+01 -5.0171e-01 +1.9523e+00 +8.6503e-02 -9.5771e-01 +9.2254e-01 -1.1208e+00 +3.0886e-01 -1.8597e+00 -1.2282e+00 +2.9686e-01
50 0 +2.078342027e+01 +2.842342027e+01 +2.842342027e+01 +9.2027e-02 +1.5799e+00 +1.7737e-01 -7.6128e-01 +1.6231e+00 +6.3891e-01 -9.3725e-01 -9.0339e-02 -7.7562e-01 -1.2828e+00
51 0 +8.748578864e+00 +1.638857886e+01 +1.638857886e+01 +8.6474e-01 +2.0421e+00 -7.0224e-02 +1.2379e+00 +1.4172e+00 +1.3814e+00 -4.9475e-01 -7.2704e-01 -3.2081e+00 +1.1447e+00
52 0 +6.738038639e+00 +1.437803864e+01 +1.437803864e+01 +1.3907e+00 +2.3281e+00 +1.2330e+00 +1.4929e+00 +2.0684e+00 +1.9244e+00 +3.2036e-01 +7.5789e-01 -2.7413e+00 -2.2024e+00
251 0 +4.834152978e+00 +1.247415298e+01 +1.247415298e+01 +7.8494e-01 +3.0150e+00 +4.0214e+00 +4.3982e+00 +2.8410e+00 +1.0257e+00 +9.9438e-01 -9.0324e-02 -2.6791e+00 -8.8507e-01
304 0 +3.642322200e+00 +1.128232220e+01 +1.128232220e+01 +1.2147e+00 +1.6323e+00 +1.8937e+00 +2.5438e+00 +3.6949e+00 +3.3531e+00 +9.8243e-01 -4.7543e-01 -1.8886e+00 -2.4930e+00
351 0 +3.598027816e+00 +1.123802782e+01 +1.123802782e+01 +1.5494e+00 +3.0927e+00 +2.7585e+00 +3.9406e+00 +8.3457e-01 +2.4607e+00 -7.7725e-01 -9.4678e-01 -1.9774e+00 -1.4226e+00
358 0 +3.368828427e+00 +1.100882843e+01 +1.100882843e+01 +2.9504e+00 +3.5747e+00 +4.2296e+00 +3.5333e+00 +2.7093e+00 +1.5378e+00 +1.1173e+00 -2.1901e+00 -2.0769e+00 -1.7135e+00
406 0 +3.176939901e+00 +1.081693990e+01 +1.081693990e+01 +3.7006e+00 +4.0903e+00 +2.5328e+00 +4.6216e+00 +1.6583e+00 +2.6073e+00 +1.9091e+00 +2.2320e-01 -1.5289e+00 -3.2474e+00
452 0 +2.839313287e+00 +1.047931329e+01 +1.047931329e+01 +1.6618e+00 +1.0294e+00 +2.2324e+00 +3.5834e+00 +3.1027e+00 +2.9415e+00 +1.1111e-01 -4.8041e-01 -2.0945e+00 -1.8816e+00
456 0 +2.758427790e+00 +1.039842779e+01 +1.039842779e+01 +2.4508e+00 +3.3647e+00 +3.3898e+00 +2.9353e+00 +2.1990e+00 +4.0379e+00 +2.7301e-01 -1.3443e+00 -2.8987e+00 -3.2642e+00
459 0 +2.458452539e+00 +1.009845254e+01 +1.009845254e+01 +2.9064e+00 +3.2752e+00 +3.3466e+00 +2.8893e+00 +3.5291e+00 +3.2871e+00 +1.5614e-01 -1.0773e+00 -2.8532e+00 -2.5534e+00
460 0 +2.331465627e+00 +9.971465627e+00 +9.971465627e+00 +3.1669e+00 +2.4257e+00 +1.5217e+00 +3.6558e+00 +2.5742e+00 +3.0082e+00 -6.7953e-01 -2.9414e-01 -1.9123e+00 -1.3923e+00
503 0 +2.322022416e+00 +9.962022416e+00 +9.962022416e+00 +2.3104e+00 +3.5274e+00 +2.1647e+00 +3.8491e+00 +2.3609e+00 +3.2070e+00 -8.8942e-01 -7.8876e-01 -2.3737e+00 -2.0268e+00
511 0 +1.683981159e+00 +9.323981159e+00 +9.323981159e+00 +2.4916e+00 +2.6531e+00 +3.3270e+00 +3.0799e+00 +2.6672e+00 +2.3908e+00 +1.8720e-01 -1.1497e+00 -2.3390e+00 -2.0599e+00
519 0 +7.786201891e-01 +8.418620189e+00 +8.418620189e+00 +3.9687e+00 +1.6697e+00 +2.7244e+00 +4.4344e+00 +2.5093e+00 +2.9204e+00 +4.6146e-01 -3.4842e-01 -1.1607e+00 -2.7964e+00
661 0 +5.527026918e-01 +8.192702692e+00 +8.192702692e+00 +3.4119e+00 +2.9393e+00 +2.7614e+00 +4.1461e+00 +2.8379e+00 +3.3370e+00 +4.5863e-01 -7.7792e-01 -2.0891e+00 -2.2355e+00
701 0 +4.598681642e-01 +8.099868164e+00 +8.099868164e+00 +3.9110e+00 +2.5744e+00 +3.1332e+00 +4.0212e+00 +3.0513e+00 +3.1897e+00 +6.2163e-01 -6.0715e-01 -1.2485e+00 -2.2181e+00
803 0 +4.493154153e-01 +8.089315415e+00 +8.089315415e+00 +3.3788e+00 +2.3016e+00 +3.2448e+00 +4.2362e+00 +3.1991e+00 +3.1006e+00 +9.1777e-01 -4.1899e-01 -1.7844e+00 -2.6448e+00
809 0 +4.286405742e-01 +8.068640574e+00 +8.068640574e+00 +3.7100e+00 +3.0710e+00 +2.3897e+00 +4.3540e+00 +3.0908e+00 +3.0327e+00 +4.5149e-01 -3.6608e-01 -1.6674e+00 -2.4309e+00
851 0 +1.427606327e-01 +7.782760633e+00 +7.782760633e+00 +3.4746e+00 +2.7135e+00 +2.9714e+00 +4.0291e+00 +3.2757e+00 +3.0613e+00 +5.0699e-01 -4.2012e-01 -1.6179e+00 -2.5895e+00
952 0 +1.199489878e-01 +7.759948988e+00 +7.759948988e+00 +3.4721e+00 +2.7102e+00 +2.8034e+00 +3.9245e+00 +2.9204e+00 +2.8550e+00 +5.3708e-01 -4.9501e-01 -1.2760e+00 -2.7760e+00
1001 0 +1.041944835e-01 +7.744194484e+00 +7.744194484e+00 +3.6759e+00 +2.7565e+00 +2.7012e+00 +3.9597e+00 +2.8041e+00 +2.8964e+00 +6.6652e-01 -5.5208e-01 -1.6913e+00 -2.5422e+00
1051 0 +9.825211618e-02 +7.738252116e+00 +7.738252116e+00 +3.4480e+00 +2.8392e+00 +2.7714e+00 +3.9892e+00 +2.6124e+00 +3.0615e+00 +4.9495e-01 -5.8023e-01 -1.5350e+00 -2.7322e+00
1101 0 +9.793240876e-02 +7.737932409e+00 +7.737932409e+00 +3.4823e+00 +2.5250e+00 +2.6393e+00 +3.9182e+00 +3.0084e+00 +2.9291e+00 +4.4974e-01 -7.2189e-01 -1.5336e+00 -2.7842e+00
1119 0 +9.091981667e-02 +7.730919817e+00 +7.730919817e+00 +3.5234e+00 +2.5466e+00 +3.0527e+00 +3.8737e+00 +2.8690e+00 +2.9443e+00 +7.1106e-01 -7.0011e-01 -1.5867e+00 -2.5706e+00
1205 0 +3.753826791e-02 +7.677538268e+00 +7.677538268e+00 +3.6270e+00 +2.4908e+00 +2.6773e+00 +3.9561e+00 +2.7994e+00 +2.9291e+00 +6.9063e-01 -7.0502e-01 -1.5166e+00 -2.6154e+00
1347 0 +2.623859842e-02 +7.666238598e+00 +7.666238598e+00 +3.5231e+00 +2.5922e+00 +2.6343e+00 +4.0663e+00 +2.6325e+00 +2.9794e+00 +5.3240e-01 -6.5563e-01 -1.5932e+00 -2.7916e+00
1507 0 +9.965864746e-03 +7.649965865e+00 +7.649965865e+00 +3.5264e+00 +2.6376e+00 +2.7522e+00 +3.9333e+00 +2.8081e+00 +2.9308e+00 +5.1175e-01 -6.4023e-01 -1.5345e+00 -2.7407e+00
% f evaluations | g evaluations | best noise-free fitness - Fopt (-1.276800000000e+02) + sum g_i+ | measured fitness | best measured fitness or single-digit g-values | x1 | x2...
1 0 +5.942865527e+01 -6.825134473e+01 -6.825134473e+01 +5.9671e-01 -3.8264e-02 +7.4769e-01 +1.6230e+00 -1.3415e-01 -1.3414e-01 +1.6792e+00 +8.6743e-01 -3.6947e-01 +6.4256e-01
4 0 +3.585481446e+01 -9.182518554e+01 -9.182518554e+01 -5.0171e-01 +1.9523e+00 +8.6503e-02 -9.5771e-01 +9.2254e-01 -1.1208e+00 +3.0886e-01 -1.8597e+00 -1.2282e+00 +2.9686e-01
8 0 +2.440927263e+01 -1.032707274e+02 -1.032707274e+02 +4.6140e-01 +1.6380e+00 +6.4174e-02 +1.6646e+00 -2.5197e+00 +9.2190e-01 +1.8705e-01 -1.9901e-01 +1.9176e-01 -1.8876e+00
15 0 +1.944559288e+01 -1.082344071e+02 -1.082344071e+02 +3.2746e-01 +1.4071e+00 -1.5075e+00 +2.8463e-01 +3.5988e-01 +8.8182e-01 -1.1370e+00 -1.2205e+00 +6.2194e-01 +3.9698e-01
51 0 +1.207182334e+01 -1.156081767e+02 -1.156081767e+02 +4.0246e-01 -8.8742e-02 +1.5300e+00 +2.5594e+00 -1.0299e+00 +1.0625e+00 -1.1807e+00 -3.1559e+00 +2.4298e+00 +5.5738e-01
60 0 +1.164282171e+01 -1.160371783e+02 -1.160371783e+02 +1.5722e+00 +4.2090e-01 +5.5385e-01 +1.2018e+00 -2.2152e+00 +1.6513e-01 -8.4198e-01 -1.9769e+00 +1.4018e+00 +1.1820e+00
102 0 +6.778588458e+00 -1.209014115e+02 -1.209014115e+02 +4.0196e+00 +2.4570e+00 -3.8846e-01 +1.8775e+00 -4.6609e+00 -6.6386e-01 -2.5454e+00 -3.0010e+00 +4.8182e+00 +2.0584e+00
355 0 +3.051799893e+00 -1.246282001e+02 -1.246282001e+02 +2.6916e+00 +4.0622e+00 +1.5480e+00 +1.0372e+00 -2.9135e+00 +2.7348e-01 -2.2454e+00 -3.7307e+00 +3.9169e+00 +1.9124e+00
407 0 +1.493023904e+00 -1.261869761e+02 -1.261869761e+02 +2.0075e+00 +4.0388e+00 +4.0836e+00 +1.1954e+00 -3.0310e+00 -1.6478e+00 -3.0542e+00 -3.7012e+00 +3.2121e+00 +2.9164e+00
562 0 +1.324048370e+00 -1.263559516e+02 -1.263559516e+02 +2.2673e+00 +4.1553e+00 +2.9573e+00 +6.1355e-01 -3.2051e+00 -2.0096e+00 -3.1091e+00 -4.6959e+00 +3.6115e+00 +4.2015e+00
609 0 +8.219470013e-01 -1.268580530e+02 -1.268580530e+02 +1.9497e+00 +4.6244e+00 +2.4660e+00 +7.6975e-01 -2.7767e+00 -1.7595e+00 -2.6788e+00 -3.1761e+00 +3.0904e+00 +2.6382e+00
756 0 +7.864212369e-01 -1.268935788e+02 -1.268935788e+02 +1.7181e+00 +3.1405e+00 +2.1590e+00 +7.1550e-01 -3.1066e+00 -2.2559e+00 -2.6722e+00 -2.9497e+00 +2.9662e+00 +3.5547e+00
757 0 +6.833424282e-01 -1.269966576e+02 -1.269966576e+02 +2.0910e+00 +4.0006e+00 +1.5590e+00 +2.1053e-01 -3.0385e+00 -1.9250e+00 -2.1935e+00 -3.4644e+00 +3.4942e+00 +3.2444e+00
854 0 +5.403174398e-01 -1.271396826e+02 -1.271396826e+02 +2.0033e+00 +3.1753e+00 +2.6634e+00 +9.2865e-01 -2.7177e+00 -2.1864e+00 -2.2978e+00 -3.5531e+00 +3.2678e+00 +2.9450e+00
876 0 +2.972764886e-01 -1.273827235e+02 -1.273827235e+02 +2.0382e+00 +3.4750e+00 +2.5811e+00 +1.6687e-01 -3.1725e+00 -1.9077e+00 -2.1253e+00 -3.6265e+00 +3.4938e+00 +3.5502e+00
923 0 +2.924639429e-01 -1.273875361e+02 -1.273875361e+02 +2.4441e+00 +3.9856e+00 +2.3590e+00 +2.2061e-01 -2.5314e+00 -2.0266e+00 -2.5521e+00 -3.4893e+00 +3.4369e+00 +3.1066e+00
963 0 +2.135833455e-01 -1.274664167e+02 -1.274664167e+02 +2.2794e+00 +3.6875e+00 +2.4431e+00 +5.0717e-01 -3.0543e+00 -1.8259e+00 -2.9280e+00 -3.7715e+00 +3.3073e+00 +3.3154e+00
1001 0 +2.039574972e-01 -1.274760425e+02 -1.274760425e+02 +2.1966e+00 +3.8289e+00 +2.2476e+00 +6.4958e-01 -3.0787e+00 -1.8216e+00 -2.3899e+00 -3.7002e+00 +3.5223e+00 +3.5824e+00
1051 0 +1.546538570e-01 -1.275253461e+02 -1.275253461e+02 +2.1274e+00 +3.6195e+00 +2.4544e+00 +2.4740e-01 -2.5330e+00 -1.9113e+00 -2.3275e+00 -3.3061e+00 +3.2618e+00 +3.2086e+00
1133 0 +1.157921264e-01 -1.275642079e+02 -1.275642079e+02 +2.4411e+00 +3.8475e+00 +2.5242e+00 +7.5232e-01 -2.8929e+00 -1.5786e+00 -2.3527e+00 -3.8412e+00 +3.3121e+00 +3.6782e+00
1155 0 +8.306191476e-02 -1.275969381e+02 -1.275969381e+02 +2.1948e+00 +3.8412e+00 +2.6113e+00 +4.7793e-01 -2.8655e+00 -1.7954e+00 -2.2070e+00 -3.3231e+00 +3.3713e+00 +3.6030e+00
1226 0 +4.749824582e-02 -1.276325018e+02 -1.276325018e+02 +2.3953e+00 +3.8096e+00 +2.5437e+00 +4.8435e-01 -2.9288e+00 -1.7878e+00 -2.5426e+00 -3.7132e+00 +3.2897e+00 +3.2792e+00
1263 0 +4.402372799e-02 -1.276359763e+02 -1.276359763e+02 +2.3463e+00 +3.6735e+00 +2.4605e+00 +5.3375e-01 -2.8891e+00 -1.7624e+00 -2.4567e+00 -3.8499e+00 +3.3686e+00 +3.3797e+00
1442 0 +3.876299348e-02 -1.276412370e+02 -1.276412370e+02 +2.3789e+00 +3.8451e+00 +2.5723e+00 +7.1563e-01 -2.7058e+00 -1.8264e+00 -2.4049e+00 -3.8405e+00 +3.3644e+00 +3.4689e+00
1476 0 +2.348788441e-02 -1.276565121e+02 -1.276565121e+02 +2.2879e+00 +3.8135e+00 +2.5426e+00 +5.7438e-01 -2.6849e+00 -1.8555e+00 -2.4923e+00 -3.7590e+00 +3.3672e+00 +3.4529e+00
1588 0 +2.318732900e-02 -1.276568127e+02 -1.276568127e+02 +2.1635e+00 +3.8747e+00 +2.5669e+00 +6.2387e-01 -2.7019e+00 -1.9631e+00 -2.4060e+00 -3.4567e+00 +3.2170e+00 +3.4454e+00
