% f evaluations | g evaluations | best noise-free fitness - Fopt (3.590000000000e+01) + sum g_i+ | measured fitness | best measured fitness or single-digit g-values | x1 | x2...
1 0 +3.391355936e+04 +3.394945936e+04 +3.394945936e+04 +5.9671e-01 -3.8264e-02 +7.4769e-01 +1.6230e+00 -1.3415e-01
10 0 +1.809916825e+04 +1.813506825e+04 +1.813506825e+04 -6.1984e-01 -3.6064e-01 +1.1571e+00 +4.4362e-01 -1.6630e+00
15 0 +3.090526178e+03 +3.126426178e+03 +3.126426178e+03 +4.6140e-01 +1.6380e+00 +6.4174e-02 +1.6646e+00 -2.5197e+00
26 0 +3.565736832e+01 +7.155736832e+01 +7.155736832e+01 +1.5342e-01 +1.5315e+00 +5.0191e-01 +1.9976e+00 -2.2550e+00
51 0 +2.587031978e+01 +6.177031978e+01 +6.177031978e+01 +4.6892e-01 +1.9506e+00 +2.1421e+00 +3.2510e+00 -3.5531e+00
76 0 +1.754447321e+01 +5.344447321e+01 +5.344447321e+01 +4.6033e-01 +1.2129e+00 +2.7447e+00 +1.9022e+00 -2.7929e+00
101 0 +6.147143886e+00 +4.204714389e+01 +4.204714389e+01 +1.8194e+00 +1.7855e+00 +2.6070e+00 +3.5038e+00 -2.3142e+00
226 0 +2.851737459e+00 +3.875173746e+01 +3.875173746e+01 +2.0428e+00 +8.2353e-01 +2.9892e+00 +2.9542e+00 -2.1096e+00
326 0 +2.177461197e+00 +3.807746120e+01 +3.807746120e+01 +2.4081e+00 +1.0786e+00 +2.5424e+00 +3.4634e+00 -2.1077e+00
376 0 +1.862664769e+00 +3.776266477e+01 +3.776266477e+01 +2.7353e+00 +1.5727e+00 +2.2803e+00 +3.7872e+00 -1.9681e+00
401 0 +7.191231453e-01 +3.661912315e+01 +3.661912315e+01 +2.5597e+00 +1.2044e+00 +2.3534e+00 +3.3721e+00 -1.6297e+00
426 0 +6.929045543e-01 +3.659290455e+01 +3.659290455e+01 +2.5794e+00 +9.2310e-01 +2.7637e+00 +3.3363e+00 -1.8255e+00
476 0 +6.105079880e-01 +3.651050799e+01 +3.651050799e+01 +2.6089e+00 +1.1821e+00 +2.5705e+00 +3.4038e+00 -1.7819e+00
551 0 +4.656794737e-01 +3.636567947e+01 +3.636567947e+01 +2.6053e+00 +1.2212e+00 +2.4819e+00 +3.5560e+00 -1.5945e+00
576 0 +3.805910126e-01 +3.628059101e+01 +3.628059101e+01 +2.6588e+00 +1.2270e+00 +2.4892e+00 +3.4868e+00 -1.6516e+00
601 0 +2.420661444e-01 +3.614206614e+01 +3.614206614e+01 +2.5927e+00 +1.3205e+00 +2.5314e+00 +3.3916e+00 -1.4807e+00
626 0 +2.012797426e-01 +3.610127974e+01 +3.610127974e+01 +2.6616e+00 +1.1403e+00 +2.5857e+00 +3.4464e+00 -1.6012e+00
651 0 +8.559955060e-02 +3.598559955e+01 +3.598559955e+01 +2.6943e+00 +1.0660e+00 +2.6621e+00 +3.3256e+00 -1.5291e+00
701 0 +8.231499914e-02 +3.598231500e+01 +3.598231500e+01 +2.6840e+00 +1.2327e+00 +2.5823e+00 +3.4125e+00 -1.4751e+00
726 0 +6.597936108e-02 +3.596597936e+01 +3.596597936e+01 +2.7323e+00 +1.1122e+00 +2.6093e+00 +3.4547e+00 -1.5261e+00
751 0 +5.146520167e-02 +3.595146520e+01 +3.595146520e+01 +2.6994e+00 +1.0791e+00 +2.5989e+00 +3.3621e+00 -1.5004e+00
776 0 +4.543245780e-02 +3.594543246e+01 +3.594543246e+01 +2.7045e+00 +1.1205e+00 +2.5912e+00 +3.3983e+00 -1.4941e+00
801 0 +1.594003037e-02 +3.591594003e+01 +3.591594003e+01 +2.7515e+00 +1.1536e+00 +2.5796e+00 +3.4235e+00 -1.4584e+00
851 0 +9.016788003e-03 +3.590901679e+01 +3.590901679e+01 +2.7617e+00 +1.1084e+00 +2.5702e+00 +3.4172e+00 -1.4486e+00
951 0 +8.518131529e-03 +3.590851813e+01 +3.590851813e+01 +2.7661e+00 +1.1165e+00 +2.5849e+00 +3.4449e+00 -1.4478e+00
1001 0 +4.648800003e-03 +3.590464880e+01 +3.590464880e+01 +2.7680e+00 +1.1162e+00 +2.5995e+00 +3.4383e+00 -1.4360e+00
1076 0 +2.994122746e-03 +3.590299412e+01 +3.590299412e+01 +2.7695e+00 +1.1081e+00 +2.5857e+00 +3.4231e+00 -1.4439e+00
1101 0 +2.282463906e-03 +3.590228246e+01 +3.590228246e+01 +2.7697e+00 +1.1182e+00 +2.5809e+00 +3.4223e+00 -1.4362e+00
1151 0 +1.048398088e-03 +3.590104840e+01 +3.590104840e+01 +2.7740e+00 +1.1231e+00 +2.5880e+00 +3.4320e+00 -1.4276e+00
1201 0 +5.666629538e-04 +3.590056666e+01 +3.590056666e+01 +2.7758e+00 +1.1123e+00 +2.5899e+00 +3.4280e+00 -1.4321e+00
% f evaluations | g evaluations | best noise-free fitness - Fopt (3.137000000000e+01) + sum g_i+ | measured fitness | best measured fitness or single-digit g-values | x1 | x2...
1 0 +1.557884825e+05 +1.558198525e+05 +1.558198525e+05 +5.9671e-01 -3.8264e-02 +7.4769e-01 +1.6230e+00 -1.3415e-01
2 0 +1.169218783e+05 +1.169532483e+05 +1.169532483e+05 -1.3414e-01 +1.6792e+00 +8.6743e-01 -3.6947e-01 +6.4256e-01
3 0 +4.598210887e+04 +4.601347887e+04 +4.601347887e+04 -3.6342e-01 -3.6573e-01 +3.4196e-01 -1.8133e+00 -1.6249e+00
4 0 +3.322559953e+04 +3.325696953e+04 +3.325696953e+04 -4.6229e-01 -9.1283e-01 +4.1425e-01 -8.0802e-01 -1.3123e+00
8 0 +7.655362115e+01 +1.079236212e+02 +1.079236212e+02 -1.1208e+00 +3.0886e-01 -1.8597e+00 -1.2282e+00 +2.9686e-01
26 0 +6.780234529e+01 +9.917234529e+01 +9.917234529e+01 -2.2226e+00 -7.3876e-01 -2.5259e+00 -8.5650e-01 -2.5443e+00
51 0 +2.728099904e+01 +5.865099904e+01 +5.865099904e+01 -1.4285e+00 +1.0568e+00 -2.6867e+00 +6.1651e-01 -2.6835e+00
101 0 +1.298633809e+01 +4.435633809e+01 +4.435633809e+01 -8.8126e-01 +9.4837e-01 -3.8985e+00 +1.9363e+00 -2.3883e+00
151 0 +1.254421300e+01 +4.391421300e+01 +4.391421300e+01 -1.0908e+00 +7.1281e-01 -2.9643e+00 +1.9976e+00 -1.8776e+00
176 0 +1.235096192e+01 +4.372096192e+01 +4.372096192e+01 +2.3246e-01 +6.2883e-01 -3.9912e+00 +1.8734e+00 -2.2637e+00
301 0 +7.030147886e+00 +3.840014789e+01 +3.840014789e+01 -4.1119e-01 +3.4767e-01 -3.8692e+00 +2.7652e+00 -2.4330e+00
326 0 +3.353086139e+00 +3.472308614e+01 +3.472308614e+01 +9.6808e-02 +1.1376e+00 -4.1229e+00 +2.9530e+00 -2.3289e+00
351 0 +2.329328053e+00 +3.369932805e+01 +3.369932805e+01 -4.2207e-01 +1.2865e+00 -4.0329e+00 +3.3607e+00 -1.8407e+00
426 0 +7.561204206e-01 +3.212612042e+01 +3.212612042e+01 -1.0754e-01 +1.6816e+00 -3.9536e+00 +3.3239e+00 -1.7887e+00
551 0 +7.152794566e-01 +3.208527946e+01 +3.208527946e+01 -1.5864e-01 +1.8884e+00 -3.9452e+00 +3.2799e+00 -1.9412e+00
601 0 +6.970380432e-01 +3.206703804e+01 +3.206703804e+01 -7.8502e-02 +2.0860e+00 -4.1487e+00 +3.3475e+00 -1.9056e+00
626 0 +5.532138230e-01 +3.192321382e+01 +3.192321382e+01 -1.4734e-03 +2.0713e+00 -4.1377e+00 +3.3713e+00 -1.8176e+00
651 0 +3.524305682e-01 +3.172243057e+01 +3.172243057e+01 -1.5034e-01 +1.6891e+00 -3.9196e+00 +3.4899e+00 -1.9671e+00
701 0 +2.082717550e-01 +3.157827176e+01 +3.157827176e+01 -3.3772e-01 +1.8044e+00 -3.8539e+00 +3.5382e+00 -1.9442e+00
801 0 +1.368734001e-01 +3.150687340e+01 +3.150687340e+01 -2.7267e-01 +1.8672e+00 -3.8772e+00 +3.5549e+00 -1.8903e+00
851 0 +7.988146685e-02 +3.144988147e+01 +3.144988147e+01 -2.2873e-01 +1.7994e+00 -3.9398e+00 +3.6527e+00 -1.8924e+00
926 0 +5.646966796e-02 +3.142646967e+01 +3.142646967e+01 -2.6955e-01 +1.8465e+00 -3.9019e+00 +3.6369e+00 -1.8967e+00
951 0 +2.595473600e-02 +3.139595474e+01 +3.139595474e+01 -2.7610e-01 +1.8834e+00 -3.8883e+00 +3.6618e+00 -1.9472e+00
1001 0 +1.838879848e-02 +3.138838880e+01 +3.138838880e+01 -2.7229e-01 +1.9063e+00 -3.8955e+00 +3.6759e+00 -1.9391e+00
1076 0 +1.568992192e-02 +3.138568992e+01 +3.138568992e+01 -2.5956e-01 +1.8947e+00 -3.9019e+00 +3.6706e+00 -1.9143e+00
1101 0 +1.180545011e-02 +3.138180545e+01 +3.138180545e+01 -2.8605e-01 +1.8882e+00 -3.8691e+00 +3.6808e+00 -1.9263e+00
1126 0 +7.441139191e-03 +3.137744114e+01 +3.137744114e+01 -2.9051e-01 +1.8842e+00 -3.8676e+00 +3.6984e+00 -1.9338e+00
1176 0 +4.563567600e-03 +3.137456357e+01 +3.137456357e+01 -2.6762e-01 +1.8838e+00 -3.8891e+00 +3.7017e+00 -1.9162e+00
1226 0 +4.556047336e-03 +3.137455605e+01 +3.137455605e+01 -2.7778e-01 +1.8934e+00 -3.8876e+00 +3.7026e+00 -1.9233e+00
% f evaluations | g evaluations | best noise-free fitness - Fopt (-1.000000000000e+03) + sum g_i+ | measured fitness | best measured fitness or single-digit g-values | x1 | x2...
1 0 +1.093075137e+05 +1.083075137e+05 +1.083075137e+05 +5.9671e-01 -3.8264e-02 +7.4769e-01 +1.6230e+00 -1.3415e-01
23 0 +6.720816848e+04 +6.620816848e+04 +6.620816848e+04 -1.8188e+00 +7.3486e-02 +1.6023e-01 +2.5632e+00 -9.2361e-02
26 0 +3.328625589e+04 +3.228625589e+04 +3.228625589e+04 -3.0485e+00 +4.8554e-01 +1.5420e+00 +1.0203e+00 +1.0655e+00
51 0 +6.222576594e+01 -9.377742341e+02 -9.377742341e+02 -4.7120e+00 +5.5651e-01 +3.8435e+00 +3.0316e+00 -1.5905e+00
76 0 +2.556927716e+01 -9.744307228e+02 -9.744307228e+02 -3.0455e+00 -7.9688e-01 +4.1166e+00 +3.4922e+00 -1.2640e+00
201 0 +1.698738833e+01 -9.830126117e+02 -9.830126117e+02 -1.6453e+00 -1.8568e+00 +3.2193e+00 +3.0870e+00 -2.8071e-01
226 0 +8.641853792e+00 -9.913581462e+02 -9.913581462e+02 -1.7616e+00 -2.9838e+00 +3.9460e+00 +4.0840e+00 -7.5272e-01
276 0 +6.998767615e+00 -9.930012324e+02 -9.930012324e+02 -1.1608e+00 -2.6792e+00 +3.4384e+00 +4.1861e+00 -5.0358e-01
326 0 +6.148513545e+00 -9.938514865e+02 -9.938514865e+02 -1.1653e+00 -2.1582e+00 +3.5829e+00 +3.5599e+00 -9.8116e-01
351 0 +2.511955154e+00 -9.974880448e+02 -9.974880448e+02 -6.5371e-01 -2.6402e+00 +3.1699e+00 +3.6492e+00 -7.4082e-01
426 0 +2.211053968e+00 -9.977889460e+02 -9.977889460e+02 -6.0790e-01 -2.7942e+00 +3.4204e+00 +3.7528e+00 -8.9212e-01
476 0 +1.372655462e+00 -9.986273445e+02 -9.986273445e+02 -8.5070e-01 -3.0051e+00 +3.2709e+00 +3.3759e+00 -9.2357e-01
501 0 +1.372185855e+00 -9.986278141e+02 -9.986278141e+02 -7.2909e-01 -2.9447e+00 +3.0978e+00 +3.6979e+00 -8.8426e-01
526 0 +7.530288895e-01 -9.992469711e+02 -9.992469711e+02 -4.1568e-01 -2.9493e+00 +3.1312e+00 +3.8068e+00 -9.6467e-01
576 0 +7.127289873e-01 -9.992872710e+02 -9.992872710e+02 -5.4407e-01 -3.3075e+00 +3.0993e+00 +3.7729e+00 -8.6428e-01
601 0 +3.089354647e-01 -9.996910645e+02 -9.996910645e+02 -4.2758e-01 -3.2222e+00 +2.9275e+00 +3.6292e+00 -8.3212e-01
651 0 +2.155116099e-01 -9.997844884e+02 -9.997844884e+02 -2.8832e-01 -3.2717e+00 +2.9476e+00 +3.6870e+00 -7.7939e-01
676 0 +1.640548119e-01 -9.998359452e+02 -9.998359452e+02 -2.7573e-01 -3.1558e+00 +2.9039e+00 +3.6536e+00 -8.5264e-01
701 0 +1.516725546e-01 -9.998483274e+02 -9.998483274e+02 -3.1577e-01 -3.3077e+00 +2.9356e+00 +3.5855e+00 -7.7152e-01
726 0 +7.469087750e-02 -9.999253091e+02 -9.999253091e+02 -2.6748e-01 -3.3103e+00 +2.8790e+00 +3.6385e+00 -8.3229e-01
851 0 +3.174000688e-02 -9.999682600e+02 -9.999682600e+02 -2.6090e-01 -3.2727e+00 +2.8551e+00 +3.5681e+00 -8.6699e-01
901 0 +2.368975645e-02 -9.999763102e+02 -9.999763102e+02 -2.4391e-01 -3.3148e+00 +2.8519e+00 +3.5380e+00 -8.1219e-01
976 0 +6.533083952e-03 -9.999934669e+02 -9.999934669e+02 -2.1478e-01 -3.3293e+00 +2.8468e+00 +3.5744e+00 -8.3537e-01
1101 0 +1.341108039e-03 -9.999986589e+02 -9.999986589e+02 -1.9766e-01 -3.3337e+00 +2.8359e+00 +3.5707e+00 -8.3966e-01
% f evaluations | g evaluations | best noise-free fitness - Fopt (1.319200000000e+02) + sum g_i+ | measured fitness | best measured fitness or single-digit g-values | x1 | x2...
1 0 +8.225699383e+05 +8.227018583e+05 +8.227018583e+05 +5.9671e-01 -3.8264e-02 +7.4769e-01 +1.6230e+00 -1.3415e-01
2 0 +5.854479426e+05 +5.855798626e+05 +5.855798626e+05 -1.3414e-01 +1.6792e+00 +8.6743e-01 -3.6947e-01 +6.4256e-01
7 0 +4.952059590e+05 +4.953378790e+05 +4.953378790e+05 -5.0171e-01 +1.9523e+00 +8.6503e-02 -9.5771e-01 +9.2254e-01
8 0 +2.466117653e+05 +2.467436853e+05 +2.467436853e+05 -1.1208e+00 +3.0886e-01 -1.8597e+00 -1.2282e+00 +2.9686e-01
26 0 +5.693331666e+04 +5.706523666e+04 +5.706523666e+04 -3.6261e+00 +5.9338e-02 -2.8194e+00 -2.1261e+00 -2.7663e-01
51 0 +3.609293610e+04 +3.622485610e+04 +3.622485610e+04 -3.8228e+00 +1.1246e+00 -2.4743e+00 +9.1979e-02 +9.2930e-01
76 0 +9.721508779e+03 +9.853428779e+03 +9.853428779e+03 -3.9055e+00 +1.9670e+00 -3.6549e+00 -1.4807e+00 -1.4460e+00
101 0 +9.091871595e+03 +9.223791595e+03 +9.223791595e+03 -4.1128e+00 +2.9556e+00 -3.5151e+00 -9.0451e-01 -3.3958e+00
151 0 +4.566157232e+03 +4.698077232e+03 +4.698077232e+03 -4.3832e+00 +3.4337e+00 -4.6192e+00 -9.3352e-01 -1.6996e+00
176 0 +2.365517106e+02 +3.684717106e+02 +3.684717106e+02 -4.6110e+00 +3.1248e+00 -3.3992e+00 -1.0100e+00 -2.2436e+00
226 0 +5.037125463e+00 +1.369571255e+02 +1.369571255e+02 -4.7044e+00 +3.0653e+00 -3.6237e+00 -4.7816e-02 -1.2787e+00
276 0 +4.772847454e+00 +1.366928475e+02 +1.366928475e+02 -4.7844e+00 +3.1577e+00 -3.2422e+00 -3.6393e-03 -1.2448e+00
376 0 +4.243012727e+00 +1.361630127e+02 +1.361630127e+02 -4.8287e+00 +2.9872e+00 -3.2351e+00 +7.5477e-02 -1.3989e+00
451 0 +3.152881228e+00 +1.350728812e+02 +1.350728812e+02 -4.6883e+00 +2.8291e+00 -3.2095e+00 -2.1398e-01 -1.4268e+00
476 0 +2.016877808e+00 +1.339368778e+02 +1.339368778e+02 -4.6170e+00 +2.3295e+00 -3.4572e+00 -4.7755e-01 -1.0429e+00
501 0 +9.400670045e-01 +1.328600670e+02 +1.328600670e+02 -4.5876e+00 +1.8745e+00 -3.3781e+00 -3.9296e-01 -1.2811e+00
576 0 +9.001001164e-01 +1.328201001e+02 +1.328201001e+02 -4.3527e+00 +2.2441e+00 -3.5914e+00 -1.7889e-01 -1.6718e+00
626 0 +4.193155602e-01 +1.323393156e+02 +1.323393156e+02 -4.3323e+00 +2.0373e+00 -3.4599e+00 -3.8519e-01 -1.2725e+00
676 0 +4.093630645e-01 +1.323293631e+02 +1.323293631e+02 -4.2743e+00 +2.0477e+00 -3.3841e+00 -4.1648e-01 -1.2280e+00
701 0 +3.998068481e-01 +1.323198068e+02 +1.323198068e+02 -4.1763e+00 +2.0861e+00 -3.7354e+00 -4.7926e-01 -1.4772e+00
726 0 +3.327408041e-01 +1.322527408e+02 +1.322527408e+02 -4.2860e+00 +1.8831e+00 -3.5890e+00 -4.3302e-01 -1.3497e+00
751 0 +2.880006344e-01 +1.322080006e+02 +1.322080006e+02 -4.0887e+00 +2.1563e+00 -3.7146e+00 -4.4555e-01 -1.4632e+00
801 0 +1.279233312e-01 +1.320479233e+02 +1.320479233e+02 -4.1477e+00 +1.9723e+00 -3.6231e+00 -4.3534e-01 -1.4115e+00
851 0 +1.239530047e-01 +1.320439530e+02 +1.320439530e+02 -4.1144e+00 +2.0179e+00 -3.6114e+00 -4.6552e-01 -1.3912e+00
876 0 +7.182748735e-02 +1.319918275e+02 +1.319918275e+02 -4.0767e+00 +1.9181e+00 -3.6287e+00 -4.7508e-01 -1.3774e+00
901 0 +6.564973345e-02 +1.319856497e+02 +1.319856497e+02 -4.1121e+00 +1.8962e+00 -3.6108e+00 -4.9704e-01 -1.4165e+00
951 0 +4.087882704e-02 +1.319608788e+02 +1.319608788e+02 -4.0640e+00 +1.9263e+00 -3.6588e+00 -4.8759e-01 -1.4235e+00
976 0 +2.426261274e-02 +1.319442626e+02 +1.319442626e+02 -4.0444e+00 +1.9549e+00 -3.6526e+00 -4.4180e-01 -1.4800e+00
1051 0 +2.177864874e-02 +1.319417786e+02 +1.319417786e+02 -4.0350e+00 +1.9359e+00 -3.6928e+00 -4.6998e-01 -1.4962e+00
1076 0 +1.634945208e-02 +1.319363495e+02 +1.319363495e+02 -4.0345e+00 +1.9198e+00 -3.6815e+00 -4.5941e-01 -1.5136e+00
1151 0 +1.171308069e-02 +1.319317131e+02 +1.319317131e+02 -4.0047e+00 +1.9370e+00 -3.6841e+00 -4.6355e-01 -1.5071e+00
1176 0 +8.588694723e-03 +1.319285887e+02 +1.319285887e+02 -4.0225e+00 +1.9070e+00 -3.6841e+00 -4.6009e-01 -1.4850e+00
1201 0 +3.853205552e-03 +1.319238532e+02 +1.319238532e+02 -4.0040e+00 +1.9105e+00 -3.6932e+00 -4.6900e-01 -1.5073e+00
% f evaluations | g evaluations | best noise-free fitness - Fopt (5.908400000000e+02) + sum g_i+ | measured fitness | best measured fitness or single-digit g-values | x1 | x2...
1 0 +5.810606306e+05 +5.816514706e+05 +5.816514706e+05 +5.9671e-01 -3.8264e-02 +7.4769e-01 +1.6230e+00 -1.3415e-01
3 0 +2.826446321e+05 +2.832354721e+05 +2.832354721e+05 -3.6342e-01 -3.6573e-01 +3.4196e-01 -1.8133e+00 -1.6249e+00
4 0 +2.808317135e+05 +2.814225535e+05 +2.814225535e+05 -4.6229e-01 -9.1283e-01 +4.1425e-01 -8.0802e-01 -1.3123e+00
26 0 +3.120353579e+04 +3.179437579e+04 +3.179437579e+04 -1.5886e+00 -1.8235e+00 -1.9726e+00 -3.5882e+00 -2.7783e+00
51 0 +7.592267714e+01 +6.667626771e+02 +6.667626771e+02 +6.4009e-03 -4.0749e+00 -3.9713e+00 -4.5629e+00 -4.1276e+00
76 0 +3.568374769e+01 +6.265237477e+02 +6.265237477e+02 +3.6462e+00 -2.7754e+00 -4.9064e+00 -4.1540e+00 -2.1257e+00
176 0 +2.586931043e+01 +6.167093104e+02 +6.167093104e+02 +9.2575e-01 -3.0927e+00 -3.3239e+00 -3.9092e+00 -3.2150e+00
201 0 +8.512296591e+00 +5.993522966e+02 +5.993522966e+02 +4.8456e-01 -3.4584e+00 -3.5415e+00 -1.9656e+00 -1.4146e+00
226 0 +5.346050965e+00 +5.961860510e+02 +5.961860510e+02 +2.1376e+00 -3.4792e+00 -2.8972e+00 -2.7489e+00 -1.1624e+00
251 0 +2.046514367e+00 +5.928865144e+02 +5.928865144e+02 +1.1855e+00 -3.4414e+00 -3.6644e+00 -1.6816e+00 -3.3942e-01
401 0 +1.382603273e+00 +5.922226033e+02 +5.922226033e+02 +1.6749e+00 -3.4313e+00 -3.3663e+00 -1.7358e+00 -7.8208e-01
451 0 +1.349514751e+00 +5.921895148e+02 +5.921895148e+02 +1.5531e+00 -3.0840e+00 -3.6920e+00 -1.6467e+00 -6.7492e-01
476 0 +3.802215206e-01 +5.912202215e+02 +5.912202215e+02 +1.2674e+00 -3.3395e+00 -3.4713e+00 -1.2525e+00 -5.5135e-01
601 0 +2.973249614e-01 +5.911373250e+02 +5.911373250e+02 +1.6008e+00 -3.3488e+00 -3.3406e+00 -1.4802e+00 -4.8676e-01
626 0 +1.953207286e-01 +5.910353207e+02 +5.910353207e+02 +1.5053e+00 -3.4066e+00 -3.3977e+00 -1.3943e+00 -3.3975e-01
651 0 +1.465659340e-01 +5.909865659e+02 +5.909865659e+02 +1.4879e+00 -3.3396e+00 -3.3476e+00 -1.3853e+00 -4.0061e-01
726 0 +1.246547750e-01 +5.909646548e+02 +5.909646548e+02 +1.4459e+00 -3.3759e+00 -3.5624e+00 -1.2390e+00 -3.1912e-01
751 0 +4.221254131e-02 +5.908822125e+02 +5.908822125e+02 +1.4337e+00 -3.3616e+00 -3.5174e+00 -1.2147e+00 -2.8919e-01
826 0 +1.244172266e-02 +5.908524417e+02 +5.908524417e+02 +1.4516e+00 -3.3363e+00 -3.5072e+00 -1.1955e+00 -3.0798e-01
926 0 +8.322843876e-03 +5.908483228e+02 +5.908483228e+02 +1.4564e+00 -3.3427e+00 -3.5081e+00 -1.1773e+00 -3.0436e-01
951 0 +5.613629599e-03 +5.908456136e+02 +5.908456136e+02 +1.4506e+00 -3.3346e+00 -3.4936e+00 -1.1805e+00 -3.1862e-01
1051 0 +3.078253504e-03 +5.908430783e+02 +5.908430783e+02 +1.4424e+00 -3.3280e+00 -3.5049e+00 -1.1603e+00 -3.1224e-01
1126 0 +1.400547113e-03 +5.908414005e+02 +5.908414005e+02 +1.4543e+00 -3.3311e+00 -3.4960e+00 -1.1669e+00 -3.0277e-01
1201 0 +9.072441477e-04 +5.908409072e+02 +5.908409072e+02 +1.4470e+00 -3.3397e+00 -3.4975e+00 -1.1613e+00 -2.9232e-01
% f evaluations | g evaluations | best noise-free fitness - Fopt (6.749000000000e+01) + sum g_i+ | measured fitness | best measured fitness or single-digit g-values | x1 | x2...
1 0 +6.733320635e+03 +6.800810635e+03 +6.800810635e+03 +5.9671e-01 -3.8264e-02 +7.4769e-01 +1.6230e+00 -1.3415e-01
11 0 +6.266919907e+03 +6.334409907e+03 +6.334409907e+03 +4.2408e-01 -2.8508e-01 -5.7692e-01 +7.1168e-01 +1.1310e+00
12 0 +3.778865907e+03 +3.846355907e+03 +3.846355907e+03 +1.0313e+00 -7.3922e-01 -2.0921e-01 +4.3126e-01 +1.0755e+00
23 0 +2.261836565e+03 +2.329326565e+03 +2.329326565e+03 -1.8188e+00 +7.3486e-02 +1.6023e-01 +2.5632e+00 -9.2361e-02
24 0 +2.069581955e+03 +2.137071955e+03 +2.137071955e+03 +4.0155e-01 +6.5288e-02 -1.0687e+00 +1.2428e+00 +8.5193e-01
26 0 +3.968844539e+01 +1.071784454e+02 +1.071784454e+02 +1.3509e-01 -6.6873e-01 +1.1570e+00 +2.4604e+00 +5.8429e-01
51 0 +1.292552013e+01 +8.041552013e+01 +8.041552013e+01 -3.8263e-01 -2.6619e+00 -1.9093e-02 +9.4722e-01 +3.0735e+00
76 0 +1.282680533e+01 +8.031680533e+01 +8.031680533e+01 +4.5577e-01 -2.0496e+00 +3.5919e-01 +7.3116e-01 +2.3604e+00
151 0 +7.480451797e+00 +7.497045180e+01 +7.497045180e+01 -5.3900e-01 -1.1086e+00 -1.9272e-01 +7.9358e-01 +2.7657e+00
176 0 +3.799913225e+00 +7.128991322e+01 +7.128991322e+01 -5.7054e-01 -1.2439e+00 -5.6566e-02 +4.7372e-01 +3.1536e+00
276 0 +3.545449442e+00 +7.103544944e+01 +7.103544944e+01 -5.8803e-01 -9.8751e-01 +9.3002e-01 +6.6885e-01 +3.1944e+00
351 0 +9.497665108e-01 +6.843976651e+01 +6.843976651e+01 -6.6218e-01 -1.3122e+00 +5.1666e-01 +3.3330e-01 +3.3907e+00
501 0 +6.332906215e-01 +6.812329062e+01 +6.812329062e+01 -9.2008e-01 -1.1834e+00 +7.8452e-01 +4.2312e-01 +3.3492e+00
526 0 +5.012570194e-01 +6.799125702e+01 +6.799125702e+01 -7.0852e-01 -1.0207e+00 +6.2441e-01 +4.0044e-01 +3.3890e+00
551 0 +1.547249436e-01 +6.764472494e+01 +6.764472494e+01 -8.8656e-01 -1.0366e+00 +7.6608e-01 +4.2095e-01 +3.4914e+00
576 0 +1.472226712e-01 +6.763722267e+01 +6.763722267e+01 -8.8852e-01 -1.0621e+00 +7.1438e-01 +3.8498e-01 +3.5273e+00
676 0 +8.808688670e-02 +6.757808689e+01 +6.757808689e+01 -8.5381e-01 -9.2516e-01 +7.9585e-01 +4.5011e-01 +3.5007e+00
701 0 +8.352979530e-02 +6.757352980e+01 +6.757352980e+01 -8.4151e-01 -9.0207e-01 +7.8769e-01 +4.7057e-01 +3.5363e+00
726 0 +5.564155564e-02 +6.754564156e+01 +6.754564156e+01 -8.4756e-01 -9.0078e-01 +8.1654e-01 +4.3068e-01 +3.5177e+00
826 0 +2.271328269e-02 +6.751271328e+01 +6.751271328e+01 -8.7597e-01 -8.7873e-01 +7.7114e-01 +4.1190e-01 +3.5696e+00
901 0 +1.669429818e-02 +6.750669430e+01 +6.750669430e+01 -8.7312e-01 -9.4395e-01 +7.6624e-01 +3.8636e-01 +3.5810e+00
926 0 +1.058402647e-02 +6.750058403e+01 +6.750058403e+01 -9.0074e-01 -9.2658e-01 +7.8210e-01 +3.7793e-01 +3.5736e+00
951 0 +8.166775506e-03 +6.749816678e+01 +6.749816678e+01 -8.8101e-01 -9.2080e-01 +7.6544e-01 +3.8479e-01 +3.5999e+00
1001 0 +6.925354995e-03 +6.749692535e+01 +6.749692535e+01 -8.8132e-01 -9.1526e-01 +7.9366e-01 +3.9223e-01 +3.5787e+00
1026 0 +4.758288850e-03 +6.749475829e+01 +6.749475829e+01 -8.6029e-01 -9.2443e-01 +7.6657e-01 +3.6981e-01 +3.5981e+00
1051 0 +2.581754732e-03 +6.749258175e+01 +6.749258175e+01 -8.6768e-01 -9.0389e-01 +7.8439e-01 +3.8237e-01 +3.5921e+00
1126 0 +2.563064853e-03 +6.749256306e+01 +6.749256306e+01 -8.7316e-01 -9.0953e-01 +7.9020e-01 +3.8135e-01 +3.5876e+00
1151 0 +9.630240682e-04 +6.749096302e+01 +6.749096302e+01 -8.8188e-01 -9.1161e-01 +7.8324e-01 +3.7735e-01 +3.5968e+00
1226 0 +5.088832342e-04 +6.749050888e+01 +6.749050888e+01 -8.7913e-01 -9.0367e-01 +7.8605e-01 +3.7728e-01 +3.5973e+00
% f evaluations | g evaluations | best noise-free fitness - Fopt (3.085000000000e+01) + sum g_i+ | measured fitness | best measured fitness or single-digit g-values | x1 | x2...
1 0 +6.031932525e+04 +6.035017525e+04 +6.035017525e+04 +5.9671e-01 -3.8264e-02 +7.4769e-01 +1.6230e+00 -1.3415e-01
11 0 +3.679332060e+04 +3.682417060e+04 +3.682417060e+04 +4.2408e-01 -2.8508e-01 -5.7692e-01 +7.1168e-01 +1.1310e+00
12 0 +2.958435594e+04 +2.961520594e+04 +2.961520594e+04 +1.0313e+00 -7.3922e-01 -2.0921e-01 +4.3126e-01 +1.0755e+00
26 0 +1.221105233e+04 +1.224190233e+04 +1.224190233e+04 +1.2368e+00 -1.6547e+00 +3.3984e-01 +4.4821e-01 +2.8270e+00
51 0 +4.425408946e+01 +7.510408946e+01 +7.510408946e+01 +4.0684e+00 -6.7626e-01 +6.6873e-01 +2.1883e-01 +1.3217e+00
76 0 +2.857333346e+01 +5.942333346e+01 +5.942333346e+01 +3.7787e+00 -3.2146e+00 -6.9718e-01 +2.5262e+00 +2.1412e+00
101 0 +2.153144690e+01 +5.238144690e+01 +5.238144690e+01 +3.4684e+00 -1.9209e+00 +5.1896e-01 -1.5365e-01 +1.2820e+00
126 0 +1.097249327e+01 +4.182249327e+01 +4.182249327e+01 +3.7399e+00 -2.3536e+00 +2.2947e-01 -9.6507e-01 +2.0678e+00
226 0 +8.427346015e+00 +3.927734602e+01 +3.927734602e+01 +3.5201e+00 -2.4593e+00 +5.6379e-01 -7.5548e-01 +2.0614e+00
251 0 +7.932532110e+00 +3.878253211e+01 +3.878253211e+01 +3.8229e+00 -2.6232e+00 -2.3054e-01 -1.4598e+00 +2.1811e+00
276 0 +6.896055739e+00 +3.774605574e+01 +3.774605574e+01 +3.3444e+00 -2.8120e+00 +3.4725e-01 -5.4069e-01 +1.6143e+00
326 0 +6.495880334e+00 +3.734588033e+01 +3.734588033e+01 +3.5678e+00 -3.1389e+00 +1.1981e-01 -5.1888e-01 +2.2162e+00
351 0 +4.754816311e+00 +3.560481631e+01 +3.560481631e+01 +3.4307e+00 -3.2904e+00 -6.8271e-02 -5.3723e-01 +1.5769e+00
401 0 +2.282079268e+00 +3.313207927e+01 +3.313207927e+01 +3.1844e+00 -3.2946e+00 +4.7822e-01 -1.3131e+00 +1.8068e+00
426 0 +9.015842282e-01 +3.175158423e+01 +3.175158423e+01 +3.1810e+00 -3.4568e+00 +1.5004e-01 -1.6423e+00 +1.8523e+00
551 0 +4.024627535e-01 +3.125246275e+01 +3.125246275e+01 +3.0479e+00 -3.5891e+00 +7.7325e-03 -1.7248e+00 +1.8372e+00
651 0 +2.374374388e-01 +3.108743744e+01 +3.108743744e+01 +3.0223e+00 -3.6002e+00 -5.9882e-03 -1.8847e+00 +1.8683e+00
776 0 +8.007789413e-02 +3.093007789e+01 +3.093007789e+01 +2.9778e+00 -3.6750e+00 -1.9942e-01 -1.9989e+00 +1.8950e+00
826 0 +4.733663847e-02 +3.089733664e+01 +3.089733664e+01 +2.9661e+00 -3.6850e+00 -1.9966e-01 -2.0391e+00 +1.8839e+00
851 0 +4.628485185e-02 +3.089628485e+01 +3.089628485e+01 +2.9795e+00 -3.7106e+00 -1.9316e-01 -1.9918e+00 +1.8409e+00
901 0 +4.312235932e-02 +3.089312236e+01 +3.089312236e+01 +2.9636e+00 -3.7050e+00 -1.5840e-01 -1.9791e+00 +1.7901e+00
926 0 +1.176318764e-02 +3.086176319e+01 +3.086176319e+01 +2.9324e+00 -3.6972e+00 -1.6386e-01 -2.0709e+00 +1.8303e+00
1026 0 +8.972036704e-03 +3.085897204e+01 +3.085897204e+01 +2.9181e+00 -3.7189e+00 -1.7730e-01 -2.0432e+00 +1.8333e+00
1051 0 +4.853210367e-03 +3.085485321e+01 +3.085485321e+01 +2.9248e+00 -3.7141e+00 -1.6790e-01 -2.0639e+00 +1.8465e+00
1176 0 +4.549637500e-03 +3.085454964e+01 +3.085454964e+01 +2.9103e+00 -3.7102e+00 -1.5707e-01 -2.0680e+00 +1.8356e+00
1201 0 +3.382464643e-03 +3.085338246e+01 +3.085338246e+01 +2.9212e+00 -3.7191e+00 -1.6575e-01 -2.0685e+00 +1.8260e+00
% f evaluations | g evaluations | best noise-free fitness - Fopt (-1.255000000000e+01) + sum g_i+ | measured fitness | best measured fitness or single-digit g-values | x1 | x2...
1 0 +2.754559647e+05 +2.754434147e+05 +2.754434147e+05 +5.9671e-01 -3.8264e-02 +7.4769e-01 +1.6230e+00 -1.3415e-01
2 0 +1.655811493e+05 +1.655685993e+05 +1.655685993e+05 -1.3414e-01 +1.6792e+00 +8.6743e-01 -3.6947e-01 +6.4256e-01
26 0 +2.705181890e+04 +2.703926890e+04 +2.703926890e+04 +1.1624e+00 +2.7863e+00 +3.7246e+00 +3.8979e-01 +3.9946e-01
51 0 +2.272531846e+01 +1.017531846e+01 +1.017531846e+01 +7.2771e-01 +2.5144e+00 +4.0748e+00 -8.0547e-01 +2.3964e+00
126 0 +2.254144961e+01 +9.991449609e+00 +9.991449609e+00 +5.1220e-02 +2.4634e+00 +3.5578e+00 -6.2718e-01 +3.0889e+00
176 0 +1.403159637e+01 +1.481596373e+00 +1.481596373e+00 +1.9730e-01 +2.4751e+00 +3.1938e+00 +5.6526e-01 +2.8707e+00
201 0 +5.021421773e+00 -7.528578227e+00 -7.528578227e+00 +2.3360e+00 +3.2675e+00 +3.5769e+00 +2.8199e-01 +2.0803e+00
251 0 +4.780984779e+00 -7.769015221e+00 -7.769015221e+00 +2.4590e+00 +1.9071e+00 +3.0828e+00 +1.7697e+00 +2.6463e+00
326 0 +3.522484645e+00 -9.027515355e+00 -9.027515355e+00 +2.2602e+00 +2.8138e+00 +3.3318e+00 +9.9852e-01 +2.2582e+00
351 0 +2.095697716e+00 -1.045430228e+01 -1.045430228e+01 +2.4646e+00 +2.8042e+00 +3.2110e+00 +1.1611e+00 +2.0087e+00
451 0 +1.348397550e+00 -1.120160245e+01 -1.120160245e+01 +2.7348e+00 +2.7890e+00 +3.1566e+00 +1.2264e+00 +1.9463e+00
551 0 +1.082681795e+00 -1.146731821e+01 -1.146731821e+01 +3.1280e+00 +2.6029e+00 +3.1407e+00 +1.2352e+00 +2.0386e+00
576 0 +8.822274184e-01 -1.166777258e+01 -1.166777258e+01 +2.8220e+00 +2.5911e+00 +2.9620e+00 +1.0636e+00 +1.9559e+00
601 0 +1.791096971e-01 -1.237089030e+01 -1.237089030e+01 +3.2419e+00 +2.4751e+00 +2.9108e+00 +1.5007e+00 +1.8603e+00
726 0 +1.490730877e-01 -1.240092691e+01 -1.240092691e+01 +3.1432e+00 +2.6607e+00 +2.8652e+00 +1.4434e+00 +1.7848e+00
776 0 +8.437324138e-02 -1.246562676e+01 -1.246562676e+01 +3.2180e+00 +2.6080e+00 +2.8365e+00 +1.3841e+00 +1.8328e+00
801 0 +5.116382134e-02 -1.249883618e+01 -1.249883618e+01 +3.2550e+00 +2.5660e+00 +2.8152e+00 +1.4210e+00 +1.8291e+00
876 0 +2.409953351e-02 -1.252590047e+01 -1.252590047e+01 +3.3224e+00 +2.5210e+00 +2.8083e+00 +1.4787e+00 +1.8280e+00
976 0 +2.194528131e-02 -1.252805472e+01 -1.252805472e+01 +3.3179e+00 +2.5203e+00 +2.7677e+00 +1.4920e+00 +1.8288e+00
1001 0 +8.825473911e-03 -1.254117453e+01 -1.254117453e+01 +3.3484e+00 +2.5484e+00 +2.8003e+00 +1.5021e+00 +1.7982e+00
1051 0 +5.945296418e-03 -1.254405470e+01 -1.254405470e+01 +3.3427e+00 +2.5365e+00 +2.7903e+00 +1.4872e+00 +1.7985e+00
1101 0 +5.504370637e-03 -1.254449563e+01 -1.254449563e+01 +3.3550e+00 +2.5483e+00 +2.7990e+00 +1.4840e+00 +1.7949e+00
1126 0 +2.606967193e-03 -1.254739303e+01 -1.254739303e+01 +3.3538e+00 +2.5324e+00 +2.7884e+00 +1.4992e+00 +1.7893e+00
1226 0 +1.794748981e-03 -1.254820525e+01 -1.254820525e+01 +3.3592e+00 +2.5355e+00 +2.7870e+00 +1.5093e+00 +1.7852e+00
% f evaluations | g evaluations | best noise-free fitness - Fopt (5.383900000000e+02) + sum g_i+ | measured fitness | best measured fitness or single-digit g-values | x1 | x2...
1 0 +3.045848773e+05 +3.051232673e+05 +3.051232673e+05 +5.9671e-01 -3.8264e-02 +7.4769e-01 +1.6230e+00 -1.3415e-01
2 0 +2.325146834e+05 +2.330530734e+05 +2.330530734e+05 -1.3414e-01 +1.6792e+00 +8.6743e-01 -3.6947e-01 +6.4256e-01
3 0 +2.211433402e+05 +2.216817302e+05 +2.216817302e+05 -3.6342e-01 -3.6573e-01 +3.4196e-01 -1.8133e+00 -1.6249e+00
5 0 +2.092489771e+05 +2.097873671e+05 +2.097873671e+05 +1.5656e+00 -1.2578e-01 +1.6753e-01 -1.3247e+00 -4.4438e-01
9 0 +1.454475131e+05 +1.459859031e+05 +1.459859031e+05 +8.3847e-01 +2.7137e-01 -1.5648e-02 -2.0110e-01 -1.3785e+00
15 0 +9.998282039e+04 +1.005212104e+05 +1.005212104e+05 +4.6140e-01 +1.6380e+00 +6.4174e-02 +1.6646e+00 -2.5197e+00
26 0 +1.096017623e+03 +1.634407623e+03 +1.634407623e+03 +2.2852e+00 +3.7039e+00 -2.8112e-01 +1.1900e+00 -3.9031e+00
51 0 +4.125748584e+01 +5.796474858e+02 +5.796474858e+02 +2.9275e+00 +4.5619e+00 -1.1747e-02 +6.5389e-02 -2.9638e+00
126 0 +2.227210402e+01 +5.606621040e+02 +5.606621040e+02 +3.9384e+00 +3.9026e+00 +2.2500e-01 +1.8710e+00 -3.4359e+00
151 0 +1.716591548e+01 +5.555559155e+02 +5.555559155e+02 +2.8802e+00 +3.9668e+00 +4.2407e-01 +2.3506e+00 -4.3807e+00
176 0 +1.250106850e+01 +5.508910685e+02 +5.508910685e+02 +2.8727e+00 +3.9532e+00 -4.9985e-02 +1.3996e+00 -1.7479e+00
201 0 +1.233020564e+01 +5.507202056e+02 +5.507202056e+02 +3.2942e+00 +4.5633e+00 +3.0700e-03 +2.2421e+00 -2.4458e+00
226 0 +6.389600388e+00 +5.447796004e+02 +5.447796004e+02 +3.6537e+00 +3.2665e+00 -3.5489e-01 +2.5754e+00 -2.3481e+00
301 0 +5.613284236e+00 +5.440032842e+02 +5.440032842e+02 +3.1758e+00 +4.0985e+00 +6.6488e-01 +3.0962e+00 -3.1819e+00
326 0 +5.148368953e+00 +5.435383690e+02 +5.435383690e+02 +3.3373e+00 +3.4698e+00 -2.0547e-01 +2.5597e+00 -2.7123e+00
351 0 +2.712007531e+00 +5.411020075e+02 +5.411020075e+02 +3.6580e+00 +2.7468e+00 +5.1744e-01 +3.1347e+00 -3.7605e+00
376 0 +1.377621374e+00 +5.397676214e+02 +5.397676214e+02 +3.4580e+00 +3.3369e+00 +8.4169e-01 +2.9912e+00 -2.6664e+00
501 0 +4.259610382e-01 +5.388159610e+02 +5.388159610e+02 +3.4848e+00 +2.8235e+00 +6.3569e-01 +3.2640e+00 -3.2862e+00
626 0 +1.769608485e-01 +5.385669608e+02 +5.385669608e+02 +3.4398e+00 +2.8489e+00 +4.6046e-01 +3.3082e+00 -3.1031e+00
726 0 +1.389179848e-01 +5.385289180e+02 +5.385289180e+02 +3.4026e+00 +2.8619e+00 +5.7389e-01 +3.3414e+00 -3.1551e+00
801 0 +1.119306305e-01 +5.385019306e+02 +5.385019306e+02 +3.4634e+00 +2.7582e+00 +5.1060e-01 +3.3610e+00 -3.2079e+00
826 0 +2.184381322e-02 +5.384118438e+02 +5.384118438e+02 +3.4698e+00 +2.7285e+00 +5.7117e-01 +3.4094e+00 -3.1698e+00
1001 0 +1.601042824e-02 +5.384060104e+02 +5.384060104e+02 +3.4502e+00 +2.7482e+00 +5.7729e-01 +3.3976e+00 -3.1483e+00
1026 0 +1.192371144e-02 +5.384019237e+02 +5.384019237e+02 +3.4502e+00 +2.7156e+00 +5.4668e-01 +3.4018e+00 -3.1665e+00
1101 0 +7.756407574e-03 +5.383977564e+02 +5.383977564e+02 +3.4429e+00 +2.7308e+00 +5.6012e-01 +3.3925e+00 -3.1251e+00
1151 0 +6.642872541e-03 +5.383966429e+02 +5.383966429e+02 +3.4401e+00 +2.7202e+00 +5.4043e-01 +3.3931e+00 -3.1324e+00
1176 0 +4.066640343e-03 +5.383940666e+02 +5.383940666e+02 +3.4515e+00 +2.7330e+00 +5.6562e-01 +3.4158e+00 -3.1360e+00
% f evaluations | g evaluations | best noise-free fitness - Fopt (-1.055600000000e+02) + sum g_i+ | measured fitness | best measured fitness or single-digit g-values | x1 | x2...
1 0 +6.717353955e+04 +6.706797955e+04 +6.706797955e+04 +5.9671e-01 -3.8264e-02 +7.4769e-01 +1.6230e+00 -1.3415e-01
9 0 +6.574629930e+04 +6.564073930e+04 +6.564073930e+04 +8.3847e-01 +2.7137e-01 -1.5648e-02 -2.0110e-01 -1.3785e+00
10 0 +5.577528422e+04 +5.566972422e+04 +5.566972422e+04 -6.1984e-01 -3.6064e-01 +1.1571e+00 +4.4362e-01 -1.6630e+00
14 0 +4.870275908e+04 +4.859719908e+04 +4.859719908e+04 +1.4562e+00 +2.7990e-02 +1.1035e+00 +4.6164e-01 -5.4512e-01
15 0 +3.504295822e+04 +3.493739822e+04 +3.493739822e+04 +4.6140e-01 +1.6380e+00 +6.4174e-02 +1.6646e+00 -2.5197e+00
26 0 +1.221371920e+02 +1.657719200e+01 +1.657719200e+01 +4.9576e-01 +2.4337e+00 +3.1762e+00 +1.1957e+00 -2.6378e+00
51 0 +3.944611819e+01 -6.611388181e+01 -6.611388181e+01 +3.5913e+00 -1.9568e-01 +4.7175e+00 -1.7858e+00 -2.6653e+00
126 0 +2.238344590e+01 -8.317655410e+01 -8.317655410e+01 +5.3887e-01 -2.2624e+00 +4.5350e+00 -1.9622e+00 -2.2590e+00
151 0 +1.354673131e+01 -9.201326869e+01 -9.201326869e+01 +1.5156e+00 -2.9852e+00 +4.9165e+00 +8.6976e-02 -2.8159e+00
226 0 +1.261951638e+01 -9.294048362e+01 -9.294048362e+01 +1.8437e+00 -3.1780e+00 +4.8085e+00 +1.8827e-01 -3.4597e+00
251 0 +9.215965865e+00 -9.634403414e+01 -9.634403414e+01 +1.8851e-01 -3.6407e+00 +4.5131e+00 -5.3594e-01 -3.4573e+00
326 0 +3.110285389e+00 -1.024497146e+02 -1.024497146e+02 +1.6382e+00 -3.0915e+00 +4.3891e+00 -1.0277e+00 -2.8159e+00
351 0 +1.405672773e+00 -1.041543272e+02 -1.041543272e+02 +1.2240e+00 -3.5179e+00 +4.3218e+00 -1.0945e+00 -2.7943e+00
426 0 +9.764475431e-01 -1.045835525e+02 -1.045835525e+02 +1.1509e+00 -3.3581e+00 +3.9496e+00 -1.0684e+00 -2.9518e+00
476 0 +6.341798413e-01 -1.049258202e+02 -1.049258202e+02 +1.4405e+00 -3.4631e+00 +3.9585e+00 -8.5418e-01 -2.7121e+00
501 0 +4.390831662e-01 -1.051209168e+02 -1.051209168e+02 +1.4417e+00 -3.6359e+00 +4.2215e+00 -1.0878e+00 -2.8072e+00
576 0 +2.666766593e-01 -1.052933233e+02 -1.052933233e+02 +1.4876e+00 -3.4927e+00 +3.9478e+00 -9.2686e-01 -2.8218e+00
651 0 +2.550038727e-01 -1.053049961e+02 -1.053049961e+02 +1.2780e+00 -3.7139e+00 +4.0808e+00 -9.8118e-01 -2.7788e+00
701 0 +2.023215375e-01 -1.053576785e+02 -1.053576785e+02 +1.2830e+00 -3.8152e+00 +4.1640e+00 -1.0545e+00 -2.8221e+00
726 0 +4.268235471e-02 -1.055173176e+02 -1.055173176e+02 +1.3630e+00 -3.6687e+00 +3.9293e+00 -9.3612e-01 -2.8126e+00
851 0 +4.201097859e-02 -1.055179890e+02 -1.055179890e+02 +1.3782e+00 -3.6843e+00 +3.9498e+00 -9.2815e-01 -2.8428e+00
876 0 +3.886351269e-02 -1.055211365e+02 -1.055211365e+02 +1.3814e+00 -3.6608e+00 +3.9232e+00 -9.2529e-01 -2.8440e+00
901 0 +3.756494315e-02 -1.055224351e+02 -1.055224351e+02 +1.3815e+00 -3.6716e+00 +3.9334e+00 -9.3362e-01 -2.8647e+00
926 0 +1.636292304e-02 -1.055436371e+02 -1.055436371e+02 +1.3588e+00 -3.7193e+00 +3.9356e+00 -9.5743e-01 -2.8109e+00
951 0 +1.263989516e-02 -1.055473601e+02 -1.055473601e+02 +1.3691e+00 -3.6636e+00 +3.8907e+00 -9.4815e-01 -2.8248e+00
1001 0 +9.067732209e-03 -1.055509323e+02 -1.055509323e+02 +1.3535e+00 -3.6989e+00 +3.9244e+00 -9.6862e-01 -2.8544e+00
1026 0 +8.326916585e-03 -1.055516731e+02 -1.055516731e+02 +1.3517e+00 -3.6813e+00 +3.8987e+00 -9.5229e-01 -2.8489e+00
1051 0 +4.682052363e-03 -1.055553179e+02 -1.055553179e+02 +1.3592e+00 -3.6974e+00 +3.9064e+00 -9.6260e-01 -2.8250e+00
1076 0 +4.668691588e-03 -1.055553313e+02 -1.055553313e+02 +1.3524e+00 -3.6873e+00 +3.8916e+00 -9.4670e-01 -2.8434e+00
1101 0 +3.341419646e-03 -1.055566586e+02 -1.055566586e+02 +1.3539e+00 -3.6950e+00 +3.9056e+00 -9.6478e-01 -2.8395e+00
1151 0 +2.804446138e-03 -1.055571956e+02 -1.055571956e+02 +1.3584e+00 -3.6736e+00 +3.8813e+00 -9.5984e-01 -2.8397e+00
1176 0 +2.452570911e-03 -1.055575474e+02 -1.055575474e+02 +1.3528e+00 -3.6994e+00 +3.9026e+00 -9.6613e-01 -2.8341e+00
1201 0 +2.403163114e-03 -1.055575968e+02 -1.055575968e+02 +1.3623e+00 -3.6953e+00 +3.8979e+00 -9.5344e-01 -2.8334e+00
1226 0 +2.030356094e-03 -1.055579696e+02 -1.055579696e+02 +1.3659e+00 -3.6874e+00 +3.8919e+00 -9.5297e-01 -2.8431e+00
