% f evaluations | g evaluations | best noise-free fitness - Fopt (-9.210000000000e+00) + sum g_i+ | measured fitness | best measured fitness or single-digit g-values | x1 | x2...
1 0 +1.954571351e+02 +1.862471351e+02 +1.862471351e+02 +5.9671e-01 -3.8264e-02 +7.4769e-01 +1.6230e+00 -1.3415e-01 -1.3414e-01 +1.6792e+00 +8.6743e-01 -3.6947e-01 +6.4256e-01
5 0 +1.766818259e+02 +1.674718259e+02 +1.674718259e+02 +8.3847e-01 +2.7137e-01 -1.5648e-02 -2.0110e-01 -1.3785e+00 -6.1984e-01 -3.6064e-01 +1.1571e+00 +4.4362e-01 -1.6630e+00
8 0 +1.677171275e+02 +1.585071275e+02 +1.585071275e+02 +4.6140e-01 +1.6380e+00 +6.4174e-02 +1.6646e+00 -2.5197e+00 +9.2190e-01 +1.8705e-01 -1.9901e-01 +1.9176e-01 -1.8876e+00
76 0 +1.490271977e+02 +1.398171977e+02 +1.398171977e+02 -3.8139e-01 +2.6756e+00 +5.2387e-01 +2.2555e-01 -7.1782e-01 +2.4177e+00 +2.6383e-01 +1.5233e+00 +5.6968e-01 -2.5433e+00
78 0 +1.284612371e+02 +1.192512371e+02 +1.192512371e+02 -1.4141e+00 +1.9909e+00 +1.5215e+00 +1.3390e+00 -2.5820e+00 +1.0738e+00 +1.7886e+00 +1.8346e+00 +1.6998e+00 -2.5802e+00
101 0 +1.279409698e+02 +1.187309698e+02 +1.187309698e+02 +2.8041e+00 +3.5924e+00 -2.6175e+00 +1.6248e+00 +1.7427e+00 +2.5257e+00 +1.1098e+00 +3.5594e+00 +1.0883e+00 -3.0685e+00
105 0 +1.227903024e+02 +1.135803024e+02 +1.135803024e+02 -3.4440e-01 +4.7503e+00 +3.6274e-01 +2.5504e+00 -4.2669e+00 +2.0118e+00 -1.1923e+00 +2.6774e+00 +2.5904e+00 -1.9991e+00
108 0 +1.075325993e+02 +9.832259928e+01 +9.832259928e+01 +1.1947e+00 -2.3154e+00 -6.2398e-01 +1.3336e+00 -1.3169e+00 +2.7614e+00 +1.7544e+00 +3.3459e+00 +2.8881e+00 -3.2628e+00
155 0 +9.062040128e+01 +8.141040128e+01 +8.141040128e+01 -4.8630e+00 -2.5195e+00 +3.3903e+00 +1.4617e+00 -2.3979e+00 +4.5304e-01 +3.9946e+00 +3.9996e+00 +3.1931e+00 -3.7498e+00
156 0 +7.543982639e+01 +6.622982639e+01 +6.622982639e+01 +9.9494e-01 -1.0670e+00 +1.1209e+00 +4.7940e+00 -3.4178e+00 +2.9696e+00 +4.1125e+00 +2.9972e+00 +1.8415e+00 -4.5596e+00
205 0 +6.149770949e+01 +5.228770949e+01 +5.228770949e+01 -1.8559e+00 +2.7576e+00 +1.0407e+00 +2.3107e+00 -4.2728e+00 +3.0281e+00 +4.7062e+00 +2.0319e+00 +4.4778e+00 -4.2963e+00
351 0 +3.964110891e+01 +3.043110891e+01 +3.043110891e+01 +4.7962e+00 +3.1218e+00 +1.5836e+00 +3.6126e+00 -3.4603e+00 +4.6760e+00 +3.6730e+00 +4.6019e+00 +4.6190e+00 -3.8621e+00
562 0 +3.858495197e+01 +2.937495197e+01 +2.937495197e+01 +1.7050e-01 +1.8004e+00 +2.8820e+00 +4.8918e+00 -4.0141e+00 +4.8227e+00 +3.1992e+00 +4.3267e+00 +4.7996e+00 -4.1471e+00
592 0 +3.405981281e+01 +2.484981281e+01 +2.484981281e+01 +4.3428e+00 +1.4095e+00 +4.1436e+00 +4.1580e+00 -4.6909e+00 +4.2191e+00 +3.4078e+00 +4.7074e+00 +4.2545e+00 -4.3061e+00
651 0 +3.190564891e+01 +2.269564891e+01 +2.269564891e+01 +1.2984e+00 +1.1222e+00 +4.4723e+00 +1.9687e+00 -3.4128e+00 +4.6724e+00 +4.9907e+00 +4.1619e+00 +4.8866e+00 -4.5754e+00
703 0 +2.703867920e+01 +1.782867920e+01 +1.782867920e+01 +1.8838e+00 +2.5216e+00 +4.6804e+00 +2.4282e+00 -3.3750e+00 +4.4362e+00 +4.9523e+00 +4.2736e+00 +4.7475e+00 -4.8431e+00
751 0 +2.636692375e+01 +1.715692375e+01 +1.715692375e+01 +4.9314e+00 +3.9946e+00 +2.9563e+00 +4.6454e+00 -3.0988e+00 +4.2843e+00 +4.1731e+00 +4.5715e+00 +4.4264e+00 -4.7884e+00
801 0 +2.489088833e+01 +1.568088833e+01 +1.568088833e+01 +2.7885e+00 +2.9297e+00 +3.5284e+00 +4.0491e+00 -4.4997e+00 +4.6593e+00 +4.7995e+00 +4.6249e+00 +4.7062e+00 -4.2569e+00
802 0 +2.408357620e+01 +1.487357620e+01 +1.487357620e+01 +2.5495e+00 +3.5878e+00 +2.9411e+00 +3.2664e+00 -4.4041e+00 +4.7183e+00 +4.6270e+00 +4.9158e+00 +4.2565e+00 -4.8024e+00
853 0 +2.325904908e+01 +1.404904908e+01 +1.404904908e+01 +3.6241e+00 +4.7664e+00 +3.3044e+00 +3.8210e+00 -2.9212e+00 +4.5160e+00 +4.6645e+00 +4.9607e+00 +4.3691e+00 -4.7988e+00
901 0 +2.264677521e+01 +1.343677521e+01 +1.343677521e+01 +3.4003e+00 +4.5430e+00 +4.2902e+00 +4.8529e+00 -2.1773e+00 +4.7539e+00 +4.5770e+00 +4.7229e+00 +4.6959e+00 -4.5761e+00
902 0 +2.151926307e+01 +1.230926307e+01 +1.230926307e+01 +4.8673e+00 +4.7642e+00 +3.2505e+00 +4.6127e+00 -2.6868e+00 +4.7838e+00 +3.8756e+00 +4.8594e+00 +4.8931e+00 -4.6774e+00
951 0 +2.017673809e+01 +1.096673809e+01 +1.096673809e+01 +4.7662e+00 +3.3725e+00 +4.9822e+00 +4.2452e+00 -4.6130e+00 +4.7440e+00 +4.1785e+00 +4.9236e+00 +4.6769e+00 -4.2584e+00
1001 0 +1.697889954e+01 +7.768899540e+00 +7.768899540e+00 +1.2744e+00 +3.7867e+00 +4.7848e+00 +4.5995e+00 -3.4440e+00 +4.3796e+00 +4.8930e+00 +4.6216e+00 +4.9182e+00 -4.9494e+00
1051 0 +1.523228881e+01 +6.022288809e+00 +6.022288809e+00 +3.3458e+00 +4.1239e+00 +4.3992e+00 +4.9412e+00 -3.3120e+00 +4.6874e+00 +4.4995e+00 +4.9191e+00 +4.9035e+00 -4.8058e+00
1153 0 +1.513456513e+01 +5.924565131e+00 +5.924565131e+00 +3.6353e+00 +4.3863e+00 +4.1020e+00 +4.9656e+00 -4.5121e+00 +4.8130e+00 +4.5542e+00 +4.7318e+00 +4.8444e+00 -4.5506e+00
1201 0 +1.232616548e+01 +3.116165484e+00 +3.116165484e+00 +4.7019e+00 +4.6731e+00 +4.1543e+00 +4.4696e+00 -4.7666e+00 +4.6948e+00 +4.8637e+00 +4.4540e+00 +4.9316e+00 -4.7129e+00
1202 0 +1.192359179e+01 +2.713591791e+00 +2.713591791e+00 +3.5537e+00 +3.3307e+00 +4.9704e+00 +3.9554e+00 -4.1113e+00 +4.8912e+00 +4.9339e+00 +4.8258e+00 +4.9152e+00 -4.8850e+00
1351 0 +1.073578468e+01 +1.525784681e+00 +1.525784681e+00 +3.9163e+00 +3.1131e+00 +4.3371e+00 +4.7920e+00 -4.9203e+00 +4.6887e+00 +4.6652e+00 +4.7891e+00 +4.9628e+00 -4.8786e+00
1401 0 +8.742674297e+00 -4.673257031e-01 -4.673257031e-01 +4.7638e+00 +4.2740e+00 +4.2569e+00 +4.5634e+00 -4.6854e+00 +4.9204e+00 +4.8193e+00 +4.8503e+00 +4.9211e+00 -4.8121e+00
1502 0 +7.755200643e+00 -1.454799357e+00 -1.454799357e+00 +4.4981e+00 +4.7129e+00 +4.1976e+00 +4.6769e+00 -4.7501e+00 +4.9282e+00 +4.9135e+00 +4.8959e+00 +4.6625e+00 -4.9744e+00
1601 0 +7.167355654e+00 -2.042644346e+00 -2.042644346e+00 +4.0801e+00 +4.8562e+00 +4.4049e+00 +4.9320e+00 -4.7385e+00 +4.6943e+00 +4.7930e+00 +4.9267e+00 +4.9751e+00 -4.8497e+00
1652 0 +6.331191034e+00 -2.878808966e+00 -2.878808966e+00 +4.6177e+00 +4.4815e+00 +4.9631e+00 +4.7513e+00 -4.7770e+00 +4.7913e+00 +4.9190e+00 +4.9773e+00 +4.7491e+00 -4.9143e+00
1708 0 +5.663991858e+00 -3.546008142e+00 -3.546008142e+00 +4.2989e+00 +4.7670e+00 +4.9478e+00 +4.7941e+00 -4.9707e+00 +4.9131e+00 +4.8978e+00 +4.9279e+00 +4.7305e+00 -4.9256e+00
1751 0 +4.289416084e+00 -4.920583916e+00 -4.920583916e+00 +4.5151e+00 +4.3978e+00 +4.8018e+00 +4.9902e+00 -4.7354e+00 +4.9798e+00 +4.8085e+00 +4.9905e+00 +4.9863e+00 -4.9186e+00
1752 0 +3.395058977e+00 -5.814941023e+00 -5.814941023e+00 +4.4629e+00 +4.6333e+00 +4.9450e+00 +4.6806e+00 -4.9485e+00 +4.9744e+00 +4.8281e+00 +4.9790e+00 +4.9754e+00 -4.9745e+00
2002 0 +3.151452841e+00 -6.058547159e+00 -6.058547159e+00 +4.8418e+00 +4.8731e+00 +4.8107e+00 +4.9547e+00 -4.7982e+00 +4.9718e+00 +4.8951e+00 +4.8138e+00 +4.9983e+00 -4.9863e+00
2102 0 +2.788300564e+00 -6.421699436e+00 -6.421699436e+00 +4.8638e+00 +4.4127e+00 +4.8013e+00 +4.8151e+00 -4.9598e+00 +4.9987e+00 +4.9611e+00 +4.9783e+00 +4.9886e+00 -4.9351e+00
2173 0 +2.068302352e+00 -7.141697648e+00 -7.141697648e+00 +4.9887e+00 +4.9237e+00 +4.9641e+00 +4.8998e+00 -4.8709e+00 +4.9970e+00 +4.9406e+00 +4.9543e+00 +4.9101e+00 -4.9933e+00
2269 0 +2.039424029e+00 -7.170575971e+00 -7.170575971e+00 +4.8575e+00 +4.8761e+00 +4.7794e+00 +4.9458e+00 -4.8480e+00 +4.9890e+00 +4.9942e+00 +4.9787e+00 +4.9928e+00 -4.9421e+00
2355 0 +1.438429082e+00 -7.771570918e+00 -7.771570918e+00 +4.9408e+00 +4.7596e+00 +4.9253e+00 +4.9115e+00 -4.9653e+00 +4.9931e+00 +4.9869e+00 +4.9855e+00 +4.9878e+00 -4.9609e+00
% f evaluations | g evaluations | best noise-free fitness - Fopt (6.559900000000e+02) + sum g_i+ | measured fitness | best measured fitness or single-digit g-values | x1 | x2...
1 0 +2.067556264e+02 +8.627456264e+02 +8.627456264e+02 +5.9671e-01 -3.8264e-02 +7.4769e-01 +1.6230e+00 -1.3415e-01 -1.3414e-01 +1.6792e+00 +8.6743e-01 -3.6947e-01 +6.4256e-01
2 0 +1.764332976e+02 +8.324232976e+02 +8.324232976e+02 -3.6342e-01 -3.6573e-01 +3.4196e-01 -1.8133e+00 -1.6249e+00 -4.6229e-01 -9.1283e-01 +4.1425e-01 -8.0802e-01 -1.3123e+00
5 0 +1.763970590e+02 +8.323870590e+02 +8.323870590e+02 +8.3847e-01 +2.7137e-01 -1.5648e-02 -2.0110e-01 -1.3785e+00 -6.1984e-01 -3.6064e-01 +1.1571e+00 +4.4362e-01 -1.6630e+00
51 0 +1.756225343e+02 +8.316125343e+02 +8.316125343e+02 +3.2321e+00 -4.5535e-01 -9.9042e-01 -3.7215e-01 -8.8850e-01 -1.0600e+00 +8.8598e-01 -9.1375e-01 -1.2956e-01 -2.6360e+00
53 0 +1.683114118e+02 +8.243014118e+02 +8.243014118e+02 +9.9451e-01 +9.3391e-01 +4.1712e-01 -2.2039e+00 -2.6761e+00 -1.6840e+00 -1.2539e-02 +1.4292e+00 -2.4633e-01 -1.7660e+00
55 0 +1.669598987e+02 +8.229498987e+02 +8.229498987e+02 +7.2287e-01 -2.4193e+00 -9.6417e-01 +9.6525e-01 +1.5832e+00 -1.7702e-01 -6.4278e-01 -6.2736e-02 -1.9851e+00 -1.5645e+00
56 0 +1.629997339e+02 +8.189897339e+02 +8.189897339e+02 +1.4226e+00 +1.3074e+00 -3.5383e-01 -1.2365e+00 -1.6482e+00 +1.8833e+00 -2.2992e+00 +2.1626e+00 -9.1204e-02 -2.1527e+00
59 0 +1.513113471e+02 +8.073013471e+02 +8.073013471e+02 +6.7944e-01 -2.6524e-01 -1.3688e+00 +7.6981e-01 -1.4146e+00 -1.5409e+00 -4.1050e-01 +3.2201e+00 +4.2227e-01 -2.0659e+00
103 0 +1.433633865e+02 +7.993533865e+02 +7.993533865e+02 -1.0887e+00 -1.8701e+00 +2.2139e+00 +3.2619e+00 -2.2225e+00 +2.7001e+00 -5.9659e-01 +1.2020e+00 -1.8231e+00 -3.5752e+00
108 0 +1.410051986e+02 +7.969951986e+02 +7.969951986e+02 +5.8694e-01 +2.5697e+00 -2.5616e+00 -3.1151e-01 -1.1749e+00 +1.1914e+00 -1.5407e+00 +3.3233e+00 -1.3923e+00 -2.5631e+00
109 0 +1.210167710e+02 +7.770067710e+02 +7.770067710e+02 -1.6507e-01 -6.5343e-01 +1.8416e+00 +2.4051e+00 -2.8428e+00 -5.3004e-01 -4.1583e+00 +2.2713e+00 -2.6323e+00 -1.7429e+00
118 0 +1.120975200e+02 +7.680875200e+02 +7.680875200e+02 +2.6001e+00 -1.6665e+00 -2.2158e+00 +4.3052e+00 -3.3887e+00 +3.0496e-01 -3.0634e+00 +3.9368e+00 -1.3738e+00 -1.7736e+00
158 0 +8.881544842e+01 +7.448054484e+02 +7.448054484e+02 +4.1280e+00 -1.3814e+00 -1.1608e+00 -8.2710e-02 -3.1558e+00 -3.5065e+00 -4.8510e+00 +4.0471e+00 -1.5518e+00 -2.7686e+00
254 0 +7.309921017e+01 +7.290892102e+02 +7.290892102e+02 +4.5446e+00 +1.5424e+00 -1.3194e+00 +3.8405e-01 -4.8458e+00 -3.9006e+00 -1.1924e+00 +3.9339e+00 -4.1172e+00 -3.7170e+00
301 0 +6.580665228e+01 +7.217966523e+02 +7.217966523e+02 +2.4206e+00 +4.3096e+00 -2.5965e+00 -2.7003e+00 +2.3318e-01 -4.4119e+00 -4.7580e+00 +4.5714e+00 -4.1605e+00 -4.6263e+00
351 0 +6.036557612e+01 +7.163555761e+02 +7.163555761e+02 +3.5558e+00 -6.7176e-01 -3.0050e+00 +1.1639e+00 -2.4439e+00 -4.7024e+00 -2.8652e+00 +4.2430e+00 -3.3636e+00 -4.3560e+00
354 0 +5.409350739e+01 +7.100835074e+02 +7.100835074e+02 +2.0886e+00 +9.6618e-01 +3.0717e+00 -4.4525e-01 -3.4299e+00 -4.3100e+00 -4.8563e+00 +3.5065e+00 -4.8083e+00 -4.9672e+00
453 0 +5.199138765e+01 +7.079813877e+02 +7.079813877e+02 +3.0393e+00 -4.4926e+00 -2.9764e+00 -1.4542e+00 -3.6796e-01 -4.8050e+00 -4.2158e+00 +4.8959e+00 -4.0051e+00 -4.3462e+00
503 0 +5.134363517e+01 +7.073336352e+02 +7.073336352e+02 -4.9233e-01 -1.7398e+00 -3.8021e+00 -1.3012e+00 -3.6089e+00 -1.6041e+00 -4.7378e+00 +4.9571e+00 -3.9430e+00 -4.9666e+00
520 0 +4.944652325e+01 +7.054365232e+02 +7.054365232e+02 -1.1007e-02 -2.4936e+00 -3.6165e+00 +3.3712e+00 -4.0331e+00 -3.3746e+00 -3.5127e+00 +4.3038e+00 -3.7112e+00 -4.4206e+00
551 0 +4.896998048e+01 +7.049599805e+02 +7.049599805e+02 +3.2636e+00 +1.6452e+00 -3.2280e+00 -1.0221e+00 -4.2801e+00 -4.8423e+00 -3.9995e+00 +4.7428e+00 -4.5788e+00 -3.9296e+00
554 0 +4.864117516e+01 +7.046311752e+02 +7.046311752e+02 +4.3079e+00 -1.6647e+00 -2.2101e+00 -1.7414e+00 -4.6577e+00 -4.8427e+00 -2.3864e+00 +4.4389e+00 -4.5771e+00 -4.5823e+00
602 0 +3.716356975e+01 +6.931535697e+02 +6.931535697e+02 +4.3377e+00 -2.4071e+00 -3.2235e+00 +2.0320e+00 -4.8407e+00 -4.6110e+00 -3.8295e+00 +4.8367e+00 -4.6436e+00 -3.7218e+00
701 0 +3.525941473e+01 +6.912494147e+02 +6.912494147e+02 +4.6101e+00 -4.8638e+00 -2.2996e+00 +2.7947e+00 -4.9005e+00 -4.7817e+00 -4.1618e+00 +2.9146e+00 -4.7676e+00 -4.3816e+00
707 0 +3.523430477e+01 +6.912243048e+02 +6.912243048e+02 +4.2886e+00 -4.0189e+00 -2.9117e+00 +2.0622e+00 -4.7856e+00 -4.8388e+00 -3.4586e+00 +3.9134e+00 -3.9208e+00 -4.9758e+00
753 0 +2.781889220e+01 +6.838088922e+02 +6.838088922e+02 +3.4880e+00 -3.4583e+00 -4.3003e+00 +4.7047e+00 -3.0222e+00 -4.2789e+00 -4.6815e+00 +4.2710e+00 -4.1249e+00 -4.8206e+00
909 0 +2.329349811e+01 +6.792834981e+02 +6.792834981e+02 +2.4236e+00 -4.5127e+00 -4.5225e-01 +4.0415e+00 -4.1739e+00 -4.4777e+00 -4.7997e+00 +4.8094e+00 -4.8597e+00 -4.6897e+00
951 0 +1.922871043e+01 +6.752187104e+02 +6.752187104e+02 +2.4605e+00 -4.2314e+00 -3.7472e-01 +3.9293e+00 -4.9590e+00 -4.7165e+00 -4.3406e+00 +4.9958e+00 -4.9868e+00 -4.8646e+00
1103 0 +1.740447161e+01 +6.733944716e+02 +6.733944716e+02 +2.5350e+00 -3.7819e+00 -3.3469e+00 +3.9734e+00 -4.6470e+00 -4.7718e+00 -4.4083e+00 +4.9339e+00 -4.8307e+00 -4.7858e+00
1252 0 +1.626656964e+01 +6.722565696e+02 +6.722565696e+02 +3.7307e+00 -4.3221e+00 -3.6319e+00 +4.1743e+00 -4.9231e+00 -4.7787e+00 -4.9271e+00 +4.7519e+00 -4.6811e+00 -4.5243e+00
1311 0 +1.589625499e+01 +6.718862550e+02 +6.718862550e+02 +4.2438e+00 -4.8809e+00 -4.6961e+00 +3.7577e+00 -4.8192e+00 -4.4113e+00 -3.5209e+00 +4.8771e+00 -4.8186e+00 -4.9823e+00
1318 0 +1.296385980e+01 +6.689538598e+02 +6.689538598e+02 +3.0148e+00 -4.9020e+00 -4.6143e+00 +4.6427e+00 -4.3966e+00 -3.9603e+00 -4.8597e+00 +4.8545e+00 -4.8560e+00 -4.8615e+00
1351 0 +1.120807523e+01 +6.671980752e+02 +6.671980752e+02 +3.8768e+00 -4.8646e+00 -4.9414e+00 +4.8540e+00 -4.7305e+00 -4.3098e+00 -4.9156e+00 +4.4352e+00 -4.8622e+00 -4.8578e+00
1430 0 +1.103319925e+01 +6.670231993e+02 +6.670231993e+02 +4.9647e+00 -4.3983e+00 -4.5231e+00 +4.8645e+00 -4.9903e+00 -3.4779e+00 -4.6661e+00 +4.9764e+00 -4.9192e+00 -4.8681e+00
1453 0 +1.013214942e+01 +6.661221494e+02 +6.661221494e+02 +4.1178e+00 -4.7645e+00 -4.9825e+00 +4.8009e+00 -4.4082e+00 -4.8669e+00 -4.6497e+00 +4.7427e+00 -4.8733e+00 -4.7787e+00
1501 0 +6.960727835e+00 +6.629507278e+02 +6.629507278e+02 +4.0100e+00 -4.9209e+00 -4.6634e+00 +4.7835e+00 -4.5103e+00 -4.9648e+00 -4.9789e+00 +4.5162e+00 -4.9737e+00 -4.9851e+00
1695 0 +6.939506470e+00 +6.629295065e+02 +6.629295065e+02 +4.9691e+00 -5.0000e+00 -4.9856e+00 +4.6354e+00 -4.8563e+00 -4.6622e+00 -5.0000e+00 +4.4475e+00 -5.0000e+00 -4.8827e+00
1701 0 +6.262202038e+00 +6.622522020e+02 +6.622522020e+02 +3.8191e+00 -4.5256e+00 -4.9957e+00 +4.9010e+00 -4.9881e+00 -4.8506e+00 -4.8114e+00 +4.8431e+00 -4.7886e+00 -4.9774e+00
1808 0 +6.186104721e+00 +6.621761047e+02 +6.621761047e+02 +4.5338e+00 -4.6620e+00 -4.5840e+00 +4.3981e+00 -4.5204e+00 -4.7986e+00 -4.9544e+00 +4.9417e+00 -4.9755e+00 -4.9516e+00
1859 0 +4.840208917e+00 +6.608302089e+02 +6.608302089e+02 +4.7382e+00 -4.6212e+00 -4.6508e+00 +4.4802e+00 -4.9265e+00 -4.7341e+00 -4.9656e+00 +4.9163e+00 -4.9759e+00 -4.9621e+00
2065 0 +4.781214353e+00 +6.607712144e+02 +6.607712144e+02 +4.8525e+00 -4.8141e+00 -4.5258e+00 +4.9688e+00 -4.9846e+00 -4.7761e+00 -4.9626e+00 +4.7944e+00 -4.9747e+00 -4.8914e+00
2075 0 +4.757036570e+00 +6.607470366e+02 +6.607470366e+02 +4.9194e+00 -4.9064e+00 -4.6014e+00 +4.8466e+00 -4.9139e+00 -4.9184e+00 -4.9436e+00 +4.7529e+00 -4.8768e+00 -4.9670e+00
2101 0 +4.749756415e+00 +6.607397564e+02 +6.607397564e+02 +4.1633e+00 -4.2662e+00 -4.2270e+00 +5.0000e+00 -5.0000e+00 -4.9606e+00 -4.9845e+00 +4.8544e+00 -5.0000e+00 -4.9410e+00
2104 0 +4.514679393e+00 +6.605046794e+02 +6.605046794e+02 +4.7504e+00 -4.2801e+00 -4.4450e+00 +5.0000e+00 -4.8002e+00 -4.9657e+00 -4.7499e+00 +4.9447e+00 -5.0000e+00 -4.9762e+00
2181 0 +4.480026110e+00 +6.604700261e+02 +6.604700261e+02 +4.5383e+00 -4.4081e+00 -4.7753e+00 +4.9067e+00 -4.9282e+00 -4.8820e+00 -4.8186e+00 +4.9649e+00 -4.9625e+00 -4.9289e+00
2182 0 +4.127571155e+00 +6.601175712e+02 +6.601175712e+02 +4.6571e+00 -4.6327e+00 -4.4849e+00 +4.8988e+00 -4.9424e+00 -4.9427e+00 -4.9034e+00 +4.9546e+00 -4.9404e+00 -4.9315e+00
2251 0 +3.847897009e+00 +6.598378970e+02 +6.598378970e+02 +4.6512e+00 -4.5874e+00 -4.3122e+00 +4.8626e+00 -5.0000e+00 -5.0000e+00 -4.9469e+00 +4.9806e+00 -4.9503e+00 -4.9225e+00
2253 0 +3.665729882e+00 +6.596557299e+02 +6.596557299e+02 +4.0411e+00 -4.7200e+00 -4.7581e+00 +4.7983e+00 -4.8543e+00 -4.9399e+00 -4.9712e+00 +4.9072e+00 -4.9999e+00 -4.9806e+00
% f evaluations | g evaluations | best noise-free fitness - Fopt (6.671000000000e+01) + sum g_i+ | measured fitness | best measured fitness or single-digit g-values | x1 | x2...
1 0 +2.250348623e+02 +2.917448623e+02 +2.917448623e+02 +5.9671e-01 -3.8264e-02 +7.4769e-01 +1.6230e+00 -1.3415e-01 -1.3414e-01 +1.6792e+00 +8.6743e-01 -3.6947e-01 +6.4256e-01
2 0 +1.965083817e+02 +2.632183817e+02 +2.632183817e+02 -3.6342e-01 -3.6573e-01 +3.4196e-01 -1.8133e+00 -1.6249e+00 -4.6229e-01 -9.1283e-01 +4.1425e-01 -8.0802e-01 -1.3123e+00
5 0 +1.895331817e+02 +2.562431817e+02 +2.562431817e+02 +8.3847e-01 +2.7137e-01 -1.5648e-02 -2.0110e-01 -1.3785e+00 -6.1984e-01 -3.6064e-01 +1.1571e+00 +4.4362e-01 -1.6630e+00
8 0 +1.724355828e+02 +2.391455828e+02 +2.391455828e+02 +4.6140e-01 +1.6380e+00 +6.4174e-02 +1.6646e+00 -2.5197e+00 +9.2190e-01 +1.8705e-01 -1.9901e-01 +1.9176e-01 -1.8876e+00
14 0 +1.691797546e+02 +2.358897546e+02 +2.358897546e+02 -1.4507e+00 +1.6856e-01 -9.6230e-01 +5.7359e-01 -8.1942e-01 +1.6499e+00 -6.8325e-01 -2.2206e-01 +9.1352e-01 -1.1309e+00
52 0 +1.397827455e+02 +2.064927455e+02 +2.064927455e+02 -8.5526e-01 +1.5283e+00 -1.5637e+00 +2.0325e+00 -3.4199e+00 +9.4254e-01 -2.7282e+00 -1.7382e+00 +4.9633e-01 -1.8867e+00
101 0 +1.235495721e+02 +1.902595721e+02 +1.902595721e+02 +7.5545e-01 +4.6180e-01 +2.5685e+00 +1.8180e+00 -1.8461e+00 +4.8236e+00 -6.1710e-01 -1.0609e+00 +2.7138e+00 -2.9809e+00
103 0 +1.035587810e+02 +1.702687810e+02 +1.702687810e+02 -3.6589e+00 +2.6411e+00 -1.8045e+00 +2.7493e+00 -3.7320e+00 +1.9413e+00 -1.7214e+00 -3.7633e+00 +1.7873e+00 -2.9858e+00
120 0 +1.023449042e+02 +1.690549042e+02 +1.690549042e+02 -1.5505e+00 -1.8329e+00 -7.2862e-01 +1.6861e+00 -2.2172e+00 +3.9580e+00 -1.4026e+00 -4.7980e+00 +1.9565e+00 -2.2421e+00
130 0 +9.113635871e+01 +1.578463587e+02 +1.578463587e+02 -1.6132e+00 -2.2071e+00 -1.8750e+00 +4.2558e+00 -2.6848e+00 -7.6221e-01 -1.5267e+00 -3.1951e+00 +3.2867e+00 -4.0032e+00
184 0 +8.476752365e+01 +1.514775236e+02 +1.514775236e+02 +2.4128e+00 +6.6402e-01 +6.9181e-01 +4.3122e+00 -4.3466e+00 -1.0224e+00 -4.6041e+00 -3.8967e+00 +1.8646e+00 -4.7127e+00
219 0 +8.117831645e+01 +1.478883164e+02 +1.478883164e+02 -3.7099e+00 +6.8914e-01 -4.9344e-01 +2.3527e+00 -3.3379e+00 +2.7328e+00 -3.8356e+00 -1.8680e+00 +4.6050e+00 -3.0692e+00
266 0 +6.770218771e+01 +1.344121877e+02 +1.344121877e+02 -5.2619e-01 +2.0948e+00 +1.0866e+00 +4.1497e+00 -2.0373e+00 +3.9964e+00 -2.8858e+00 -2.2159e+00 +4.5766e+00 -4.9552e+00
306 0 +5.766744870e+01 +1.243774487e+02 +1.243774487e+02 -2.3858e+00 -3.2164e-01 -4.6488e+00 +1.9394e+00 -2.9549e+00 +2.8102e+00 -4.2530e+00 -4.1127e+00 +3.4505e+00 -4.2513e+00
403 0 +5.582114832e+01 +1.225311483e+02 +1.225311483e+02 -8.1183e-01 -2.9674e+00 -3.6143e+00 +2.2680e+00 -4.7004e+00 +2.1314e+00 -3.4937e+00 -4.1664e+00 +3.3709e+00 -4.4935e+00
466 0 +5.268698518e+01 +1.193969852e+02 +1.193969852e+02 -9.2264e-01 -2.6240e+00 -4.3454e+00 -3.9649e-01 -4.1109e+00 +4.2112e+00 -3.0455e+00 -3.9859e+00 +3.4401e+00 -4.9715e+00
479 0 +5.206087115e+01 +1.187708712e+02 +1.187708712e+02 -1.0289e+00 -2.4923e+00 -3.4198e+00 +2.6298e+00 -3.4838e+00 +6.4755e-01 -2.9199e+00 -4.6259e+00 +4.7597e+00 -4.6511e+00
551 0 +4.576335900e+01 +1.124733590e+02 +1.124733590e+02 -1.9520e-02 -3.0594e+00 -3.7208e+00 +3.6927e+00 -3.8017e+00 +3.6851e+00 -1.9983e+00 -4.8891e+00 +4.5662e+00 -4.2690e+00
552 0 +4.522254408e+01 +1.119325441e+02 +1.119325441e+02 -5.4036e-01 -4.3495e-01 -2.8258e+00 +4.8101e+00 -3.5151e+00 +2.9809e+00 -4.8112e+00 -4.3495e+00 +3.3856e+00 -4.7833e+00
555 0 +4.476009701e+01 +1.114700970e+02 +1.114700970e+02 -8.1288e-01 +3.2302e+00 -3.8560e+00 +1.2086e+00 -3.2360e+00 +3.4240e+00 -4.2291e+00 -4.5160e+00 +4.9153e+00 -4.7841e+00
614 0 +4.201927578e+01 +1.087292758e+02 +1.087292758e+02 -6.7883e-01 -2.7991e+00 -4.1706e+00 +8.9125e-01 -4.8961e+00 +4.4845e+00 -4.0365e+00 -4.7982e+00 +4.4575e+00 -3.7404e+00
637 0 +3.515023369e+01 +1.018602337e+02 +1.018602337e+02 -6.7718e-01 -4.1725e+00 -1.2774e+00 +4.3839e+00 -1.8526e+00 +4.5715e+00 -3.4497e+00 -4.6758e+00 +4.8788e+00 -4.8154e+00
703 0 +3.285567508e+01 +9.956567508e+01 +9.956567508e+01 -7.3443e-02 -1.1683e+00 -3.6654e+00 +3.6936e+00 -3.9866e+00 +2.6105e+00 -4.8550e+00 -4.7676e+00 +4.7840e+00 -4.7207e+00
757 0 +2.858103068e+01 +9.529103068e+01 +9.529103068e+01 -2.7581e+00 -2.7483e+00 -3.1647e+00 +3.1560e+00 -3.8289e+00 +4.1415e+00 -4.4171e+00 -4.4352e+00 +4.6208e+00 -4.8974e+00
805 0 +2.649489177e+01 +9.320489177e+01 +9.320489177e+01 -2.7367e+00 -3.9697e+00 -4.4044e+00 +7.5811e-01 -4.4901e+00 +3.7171e+00 -4.1065e+00 -4.9521e+00 +4.8862e+00 -4.8576e+00
871 0 +2.131600399e+01 +8.802600399e+01 +8.802600399e+01 -4.1420e+00 -3.2666e+00 -4.4582e+00 +4.2153e+00 -3.9343e+00 +3.9354e+00 -4.5056e+00 -4.5469e+00 +4.6669e+00 -4.8756e+00
955 0 +2.031832104e+01 +8.702832104e+01 +8.702832104e+01 -2.0524e+00 -4.6845e+00 -4.0499e+00 +4.3382e+00 -4.7810e+00 +4.7800e+00 -4.4959e+00 -3.7554e+00 +4.9966e+00 -4.7274e+00
1001 0 +1.734451742e+01 +8.405451742e+01 +8.405451742e+01 -3.8642e+00 -4.2017e+00 -2.9846e+00 +4.5683e+00 -4.0674e+00 +4.4059e+00 -4.9959e+00 -4.9229e+00 +4.5636e+00 -4.7705e+00
1101 0 +1.442060482e+01 +8.113060482e+01 +8.113060482e+01 -4.8600e+00 -4.2812e+00 -4.0882e+00 +4.9986e+00 -4.9924e+00 +4.4968e+00 -4.7873e+00 -4.5174e+00 +4.3998e+00 -4.8528e+00
1102 0 +1.290634693e+01 +7.961634693e+01 +7.961634693e+01 -4.6572e+00 -3.2174e+00 -4.1736e+00 +4.5437e+00 -4.5640e+00 +3.7115e+00 -4.8678e+00 -4.9642e+00 +4.8548e+00 -4.9897e+00
1351 0 +1.277769873e+01 +7.948769873e+01 +7.948769873e+01 -4.1113e+00 -4.8176e+00 -4.8984e+00 +4.6422e+00 -4.8301e+00 +4.3577e+00 -4.3841e+00 -4.9763e+00 +4.9375e+00 -4.5553e+00
1356 0 +1.254614406e+01 +7.925614406e+01 +7.925614406e+01 -4.4285e+00 -3.9336e+00 -4.3847e+00 +4.9354e+00 -4.5022e+00 +4.7460e+00 -4.6701e+00 -4.4792e+00 +4.9913e+00 -4.7587e+00
1402 0 +1.110095572e+01 +7.781095572e+01 +7.781095572e+01 -4.1838e+00 -4.0598e+00 -4.5358e+00 +4.7450e+00 -4.5749e+00 +4.9527e+00 -4.9616e+00 -4.6799e+00 +4.7627e+00 -4.7541e+00
1451 0 +1.089160158e+01 +7.760160158e+01 +7.760160158e+01 -4.4086e+00 -4.2117e+00 -4.2313e+00 +4.7481e+00 -4.8645e+00 +4.5671e+00 -4.4410e+00 -4.9000e+00 +4.7703e+00 -4.9448e+00
1454 0 +1.029967883e+01 +7.700967883e+01 +7.700967883e+01 -4.5697e+00 -4.3649e+00 -4.6132e+00 +4.4945e+00 -4.8275e+00 +4.6528e+00 -4.8620e+00 -4.7168e+00 +4.6781e+00 -4.9243e+00
1501 0 +7.911933647e+00 +7.462193365e+01 +7.462193365e+01 -4.2558e+00 -4.7648e+00 -4.9827e+00 +4.6008e+00 -4.8088e+00 +4.9604e+00 -4.7251e+00 -4.9868e+00 +4.5415e+00 -4.9604e+00
1601 0 +7.031829132e+00 +7.374182913e+01 +7.374182913e+01 -4.5192e+00 -4.8602e+00 -4.7748e+00 +4.6621e+00 -4.6201e+00 +4.3990e+00 -4.9339e+00 -4.9080e+00 +4.9999e+00 -4.8810e+00
1651 0 +6.790302993e+00 +7.350030299e+01 +7.350030299e+01 -4.1932e+00 -3.7827e+00 -4.6155e+00 +4.9411e+00 -4.8754e+00 +4.7867e+00 -4.9406e+00 -4.9816e+00 +4.9573e+00 -4.8187e+00
1751 0 +4.801240905e+00 +7.151124091e+01 +7.151124091e+01 -4.1623e+00 -4.7208e+00 -4.8429e+00 +4.6558e+00 -4.9369e+00 +4.9124e+00 -4.9397e+00 -4.8987e+00 +4.9426e+00 -4.9223e+00
1752 0 +4.608131910e+00 +7.131813191e+01 +7.131813191e+01 -4.5082e+00 -4.9392e+00 -4.7342e+00 +4.6786e+00 -4.7269e+00 +4.9530e+00 -4.9754e+00 -4.8950e+00 +4.9205e+00 -4.9386e+00
1801 0 +4.348892521e+00 +7.105889252e+01 +7.105889252e+01 -4.2678e+00 -4.8095e+00 -4.8821e+00 +4.9704e+00 -4.9098e+00 +4.8592e+00 -4.9620e+00 -4.7940e+00 +4.8891e+00 -4.9917e+00
1851 0 +3.639771455e+00 +7.034977146e+01 +7.034977146e+01 -4.3991e+00 -4.5870e+00 -4.8023e+00 +4.8874e+00 -4.9494e+00 +4.9344e+00 -4.8702e+00 -4.9718e+00 +4.9985e+00 -4.9226e+00
2051 0 +3.026658460e+00 +6.973665846e+01 +6.973665846e+01 -4.6217e+00 -4.9461e+00 -4.9041e+00 +4.8011e+00 -4.9547e+00 +4.9352e+00 -4.9628e+00 -4.9078e+00 +4.9301e+00 -4.9635e+00
2115 0 +3.021487122e+00 +6.973148712e+01 +6.973148712e+01 -4.6494e+00 -4.9569e+00 -4.9388e+00 +4.9983e+00 -4.9538e+00 +4.9771e+00 -4.9011e+00 -4.9470e+00 +4.9525e+00 -4.8845e+00
2155 0 +2.938392152e+00 +6.964839215e+01 +6.964839215e+01 -4.6331e+00 -4.9941e+00 -4.9678e+00 +4.9608e+00 -4.9255e+00 +4.8168e+00 -4.9859e+00 -4.9709e+00 +4.9069e+00 -4.9401e+00
2160 0 +2.909140353e+00 +6.961914035e+01 +6.961914035e+01 -4.5484e+00 -4.8522e+00 -4.8759e+00 +4.9864e+00 -4.9959e+00 +4.9290e+00 -4.9715e+00 -4.8700e+00 +4.9713e+00 -4.9370e+00
2164 0 +2.855404369e+00 +6.956540437e+01 +6.956540437e+01 -4.8068e+00 -4.6784e+00 -4.8571e+00 +4.8651e+00 -4.9917e+00 +4.8712e+00 -4.9936e+00 -4.9625e+00 +4.9371e+00 -4.9509e+00
2227 0 +2.520179211e+00 +6.923017921e+01 +6.923017921e+01 -4.8426e+00 -4.9061e+00 -4.8953e+00 +4.9336e+00 -4.9789e+00 +4.8593e+00 -4.9825e+00 -4.9595e+00 +4.9230e+00 -4.9561e+00
2301 0 +2.450433694e+00 +6.916043369e+01 +6.916043369e+01 -4.8707e+00 -4.7614e+00 -4.9710e+00 +4.9640e+00 -4.9261e+00 +4.8371e+00 -4.9973e+00 -4.9988e+00 +4.9486e+00 -4.9322e+00
2316 0 +2.123539300e+00 +6.883353930e+01 +6.883353930e+01 -4.5242e+00 -4.9164e+00 -4.9304e+00 +4.9160e+00 -4.9892e+00 +4.9184e+00 -4.9256e+00 -4.9857e+00 +4.9875e+00 -4.9609e+00
2351 0 +1.924901240e+00 +6.863490124e+01 +6.863490124e+01 -4.5297e+00 -4.9490e+00 -4.9180e+00 +4.9613e+00 -4.9053e+00 +4.9327e+00 -4.9984e+00 -4.9780e+00 +4.9911e+00 -4.9546e+00
% f evaluations | g evaluations | best noise-free fitness - Fopt (9.416700000000e+02) + sum g_i+ | measured fitness | best measured fitness or single-digit g-values | x1 | x2...
1 0 +2.215762965e+02 +1.163246297e+03 +1.163246297e+03 +5.9671e-01 -3.8264e-02 +7.4769e-01 +1.6230e+00 -1.3415e-01 -1.3414e-01 +1.6792e+00 +8.6743e-01 -3.6947e-01 +6.4256e-01
2 0 +1.920447763e+02 +1.133714776e+03 +1.133714776e+03 -3.6342e-01 -3.6573e-01 +3.4196e-01 -1.8133e+00 -1.6249e+00 -4.6229e-01 -9.1283e-01 +4.1425e-01 -8.0802e-01 -1.3123e+00
5 0 +1.851301783e+02 +1.126800178e+03 +1.126800178e+03 +8.3847e-01 +2.7137e-01 -1.5648e-02 -2.0110e-01 -1.3785e+00 -6.1984e-01 -3.6064e-01 +1.1571e+00 +4.4362e-01 -1.6630e+00
8 0 +1.788477772e+02 +1.120517777e+03 +1.120517777e+03 +4.6140e-01 +1.6380e+00 +6.4174e-02 +1.6646e+00 -2.5197e+00 +9.2190e-01 +1.8705e-01 -1.9901e-01 +1.9176e-01 -1.8876e+00
51 0 +1.736640070e+02 +1.115334007e+03 +1.115334007e+03 +1.6066e+00 +1.4634e+00 -1.1503e+00 +7.0587e-01 +5.1289e-01 -3.6030e-01 -1.9325e-01 -6.6278e-01 +1.8025e+00 -1.5884e+00
53 0 +1.651255650e+02 +1.106795565e+03 +1.106795565e+03 +2.6258e+00 +2.0960e-01 -2.2962e+00 +8.7833e-01 -7.4485e-01 +1.7617e+00 +5.3507e-02 -1.2659e+00 +2.7630e+00 -1.9582e+00
68 0 +1.587046074e+02 +1.100374607e+03 +1.100374607e+03 +6.3620e-01 -1.9279e+00 -1.0927e+00 +1.2218e+00 -4.9463e-01 +2.3068e-01 -7.9802e-01 +1.0659e+00 +2.0061e+00 -2.9586e+00
102 0 +1.335716718e+02 +1.075241672e+03 +1.075241672e+03 +1.3413e+00 +3.4318e+00 +1.3143e+00 -1.5108e+00 -3.7930e+00 -2.0214e+00 -1.5006e+00 +8.6541e-01 +1.3918e+00 -4.7240e+00
103 0 +1.202676748e+02 +1.061937675e+03 +1.061937675e+03 -2.9196e+00 +6.7595e-01 -2.9042e-01 +1.3784e+00 -1.8407e+00 +7.6348e-01 -1.2944e+00 -7.3799e-01 +4.6206e+00 -3.0962e+00
115 0 +1.018701333e+02 +1.043540133e+03 +1.043540133e+03 -1.4445e+00 +1.7283e+00 +1.0077e+00 +6.5529e-01 -3.7720e+00 +4.6754e-01 -2.2661e+00 -3.7894e+00 +4.5901e+00 -2.2582e+00
142 0 +1.001831007e+02 +1.041853101e+03 +1.041853101e+03 +2.5130e+00 +1.2138e+00 -2.7577e+00 +2.0114e+00 -2.9243e+00 +5.2419e-01 +1.6980e-01 -4.0876e+00 +3.9663e+00 -4.7833e+00
151 0 +8.236552085e+01 +1.024035521e+03 +1.024035521e+03 +2.3512e+00 +4.9119e+00 +1.3605e+00 +4.3588e+00 -4.3563e+00 -2.7681e+00 -1.1868e+00 -3.6840e+00 +3.9569e+00 -3.8716e+00
254 0 +8.166159012e+01 +1.023331590e+03 +1.023331590e+03 -1.3966e+00 +3.0018e+00 +1.8503e+00 +5.3872e-01 +3.2618e+00 -4.6366e+00 -4.9365e+00 -2.9928e+00 +3.7858e+00 -4.3166e+00
302 0 +7.617236298e+01 +1.017842363e+03 +1.017842363e+03 -2.3254e+00 +3.4132e-01 -1.0450e+00 -8.9991e-01 -3.5024e+00 -4.2999e+00 -3.8535e+00 -2.2674e+00 +3.9424e+00 -4.2770e+00
303 0 +7.611220603e+01 +1.017782206e+03 +1.017782206e+03 -2.3218e+00 -1.9625e+00 +3.6246e+00 +2.9913e-01 -4.8549e+00 -1.9284e+00 -9.0057e-01 -4.3141e+00 +4.7292e+00 -2.9589e+00
385 0 +5.458692167e+01 +9.962569217e+02 +9.962569217e+02 -4.0690e+00 -2.0043e+00 +1.9547e+00 +3.7460e+00 -2.8727e+00 -2.5956e+00 -2.7874e+00 -4.0562e+00 +4.6520e+00 -4.1177e+00
609 0 +5.273918491e+01 +9.944091849e+02 +9.944091849e+02 -1.3958e+00 -4.8377e+00 -1.7490e+00 +1.6952e+00 +3.5658e-03 -4.2008e+00 -4.6797e+00 -3.8227e+00 +4.9967e+00 -4.4818e+00
685 0 +4.979629126e+01 +9.914662913e+02 +9.914662913e+02 +2.2520e+00 -3.6592e+00 +2.0513e+00 +1.8358e+00 -2.3320e+00 -3.4566e+00 -4.3928e+00 -4.3508e+00 +3.9977e+00 -4.8364e+00
747 0 +4.913600879e+01 +9.908060088e+02 +9.908060088e+02 -1.0151e-01 -2.8835e+00 +9.2496e-01 +3.1615e+00 -1.4025e+00 -4.6193e+00 -3.4638e+00 -4.1296e+00 +4.9797e+00 -4.3138e+00
751 0 +3.526265570e+01 +9.769326557e+02 +9.769326557e+02 -1.5507e+00 -4.3412e+00 +3.4255e+00 -4.6127e-01 -4.6085e+00 -3.8136e+00 -4.5436e+00 -4.3132e+00 +4.8285e+00 -4.6346e+00
909 0 +3.468127272e+01 +9.763512727e+02 +9.763512727e+02 -4.1183e-01 -3.7454e+00 +4.8105e+00 +1.2554e+00 -3.7383e+00 -3.6362e+00 -4.6930e+00 -4.7254e+00 +4.6904e+00 -4.3791e+00
951 0 +3.048386296e+01 +9.721538630e+02 +9.721538630e+02 -6.7308e-01 -1.7683e+00 +4.8478e+00 +4.8678e+00 -4.6403e+00 -4.5261e+00 -4.0369e+00 -4.0589e+00 +4.7707e+00 -4.3147e+00
1029 0 +2.981939194e+01 +9.714893919e+02 +9.714893919e+02 -1.0246e+00 -2.7020e+00 +2.9264e+00 +4.8984e+00 -2.8981e+00 -3.7792e+00 -4.2361e+00 -4.5069e+00 +4.8126e+00 -4.8991e+00
1052 0 +2.926246182e+01 +9.709324618e+02 +9.709324618e+02 -6.3185e-01 -2.7337e+00 +4.3598e+00 +4.6773e+00 -3.9708e+00 -4.9234e+00 -4.7007e+00 -2.7944e+00 +4.7157e+00 -4.9748e+00
1059 0 +2.880488796e+01 +9.704748880e+02 +9.704748880e+02 -3.2246e+00 -2.8571e+00 +3.5514e+00 +4.6819e+00 -4.5450e+00 -3.1705e+00 -3.7022e+00 -4.3871e+00 +4.8827e+00 -4.7288e+00
1060 0 +2.669592501e+01 +9.683659250e+02 +9.683659250e+02 -3.6357e+00 -4.0061e+00 +4.8690e+00 +3.0285e+00 -4.6158e+00 -2.8685e+00 -4.3024e+00 -4.9483e+00 +4.8215e+00 -4.4077e+00
1103 0 +2.667075685e+01 +9.683407569e+02 +9.683407569e+02 -4.7830e+00 -2.3787e+00 +4.6711e+00 +4.3783e+00 -3.8158e+00 -4.3966e+00 -4.1764e+00 -4.9285e+00 +4.0747e+00 -4.5699e+00
1106 0 +2.582764080e+01 +9.674976408e+02 +9.674976408e+02 -2.6345e+00 -4.5426e+00 +2.8481e+00 +4.6105e+00 -4.8653e+00 -4.5450e+00 -4.7515e+00 -4.2911e+00 +4.5238e+00 -4.2657e+00
1110 0 +2.408816809e+01 +9.657581681e+02 +9.657581681e+02 -2.8405e+00 -3.5448e+00 +4.0592e+00 +4.3560e+00 -2.9830e+00 -3.7949e+00 -4.7604e+00 -4.6018e+00 +4.6035e+00 -4.9420e+00
1227 0 +1.843877160e+01 +9.601087716e+02 +9.601087716e+02 -3.4397e+00 -4.2540e+00 +3.8419e+00 +3.7215e+00 -4.7957e+00 -4.9481e+00 -3.9578e+00 -4.6872e+00 +4.7980e+00 -4.7803e+00
1302 0 +1.496369493e+01 +9.566336949e+02 +9.566336949e+02 -4.8832e+00 -4.7760e+00 +4.0287e+00 +3.8266e+00 -4.5830e+00 -4.2802e+00 -4.4404e+00 -4.8705e+00 +4.5805e+00 -4.9959e+00
1465 0 +1.277350403e+01 +9.544435040e+02 +9.544435040e+02 -4.0012e+00 -4.9827e+00 +4.0123e+00 +4.4913e+00 -4.7479e+00 -4.1752e+00 -4.5783e+00 -4.8019e+00 +4.8768e+00 -4.8756e+00
1553 0 +1.138601581e+01 +9.530560158e+02 +9.530560158e+02 -3.2515e+00 -3.6811e+00 +3.8653e+00 +4.8101e+00 -4.6074e+00 -4.7039e+00 -4.7445e+00 -4.9771e+00 +4.8537e+00 -4.8981e+00
1601 0 +1.070079485e+01 +9.523707948e+02 +9.523707948e+02 -4.1239e+00 -3.7100e+00 +3.4251e+00 +5.0000e+00 -5.0000e+00 -4.9084e+00 -4.9738e+00 -4.7546e+00 +4.7569e+00 -4.8273e+00
1604 0 +1.059383237e+01 +9.522638324e+02 +9.522638324e+02 -3.7162e+00 -4.0571e+00 +4.2590e+00 +4.7921e+00 -4.3520e+00 -4.8113e+00 -4.8764e+00 -4.9879e+00 +4.9292e+00 -4.7267e+00
1701 0 +9.025428004e+00 +9.506954280e+02 +9.506954280e+02 -3.8652e+00 -4.9126e+00 +3.3313e+00 +4.9717e+00 -4.9474e+00 -4.6349e+00 -4.9894e+00 -4.7823e+00 +4.7359e+00 -4.9924e+00
1801 0 +7.909443819e+00 +9.495794438e+02 +9.495794438e+02 -4.5421e+00 -4.0869e+00 +4.0812e+00 +4.8386e+00 -4.9847e+00 -4.9593e+00 -4.8284e+00 -4.8300e+00 +4.8054e+00 -4.9119e+00
1859 0 +7.695129349e+00 +9.493651293e+02 +9.493651293e+02 -3.7267e+00 -4.3824e+00 +4.5246e+00 +4.9020e+00 -4.9588e+00 -4.7526e+00 -4.8576e+00 -4.8421e+00 +4.9854e+00 -4.8104e+00
1903 0 +7.101579316e+00 +9.487715793e+02 +9.487715793e+02 -4.0895e+00 -4.7943e+00 +5.0000e+00 +4.8673e+00 -4.9190e+00 -4.8705e+00 -4.5334e+00 -5.0000e+00 +4.8996e+00 -4.7994e+00
1957 0 +6.568479542e+00 +9.482384795e+02 +9.482384795e+02 -4.6085e+00 -4.6631e+00 +4.5324e+00 +4.9433e+00 -4.9303e+00 -4.7746e+00 -4.8806e+00 -4.8435e+00 +4.9441e+00 -4.8090e+00
1958 0 +6.424102079e+00 +9.480941021e+02 +9.480941021e+02 -4.9680e+00 -4.7986e+00 +4.4602e+00 +4.9615e+00 -4.8033e+00 -4.8196e+00 -4.8813e+00 -4.9633e+00 +4.9630e+00 -4.7105e+00
2001 0 +5.661110289e+00 +9.473311103e+02 +9.473311103e+02 -3.5848e+00 -4.7519e+00 +4.9673e+00 +4.5008e+00 -4.9406e+00 -4.8865e+00 -4.7719e+00 -4.8762e+00 +4.9708e+00 -4.9805e+00
2002 0 +5.123303894e+00 +9.467933039e+02 +9.467933039e+02 -4.2345e+00 -4.9322e+00 +4.5550e+00 +4.4665e+00 -4.9607e+00 -4.7969e+00 -4.9941e+00 -4.9465e+00 +4.9746e+00 -4.9005e+00
2251 0 +4.736031119e+00 +9.464060311e+02 +9.464060311e+02 -4.0823e+00 -4.8163e+00 +4.8419e+00 +4.8672e+00 -4.9579e+00 -4.8521e+00 -4.9329e+00 -4.9766e+00 +4.9785e+00 -4.8236e+00
2301 0 +4.503349078e+00 +9.461733491e+02 +9.461733491e+02 -3.6343e+00 -4.9233e+00 +5.0000e+00 +5.0000e+00 -5.0000e+00 -5.0000e+00 -4.9754e+00 -4.8752e+00 +5.0000e+00 -4.7824e+00
2303 0 +3.758642410e+00 +9.454286424e+02 +9.454286424e+02 -4.4090e+00 -5.0000e+00 +4.7358e+00 +5.0000e+00 -5.0000e+00 -5.0000e+00 -4.8059e+00 -4.8343e+00 +4.9422e+00 -4.9615e+00
2351 0 +3.715068598e+00 +9.453850686e+02 +9.453850686e+02 -4.9097e+00 -5.0000e+00 +4.7148e+00 +4.9360e+00 -5.0000e+00 -5.0000e+00 -5.0000e+00 -4.7281e+00 +4.8216e+00 -5.0000e+00
2406 0 +3.701087818e+00 +9.453710878e+02 +9.453710878e+02 -4.8702e+00 -4.9804e+00 +4.8171e+00 +4.8586e+00 -4.8426e+00 -4.7775e+00 -4.9892e+00 -4.9204e+00 +4.9241e+00 -4.9416e+00
2424 0 +3.515722572e+00 +9.451857226e+02 +9.451857226e+02 -4.8485e+00 -4.7976e+00 +4.8873e+00 +4.7560e+00 -4.8279e+00 -4.7681e+00 -4.8728e+00 -4.9953e+00 +4.9677e+00 -4.9792e+00
2486 0 +3.432350554e+00 +9.451023506e+02 +9.451023506e+02 -4.4712e+00 -4.9128e+00 +4.9113e+00 +4.7554e+00 -4.8038e+00 -4.9009e+00 -4.8531e+00 -4.9648e+00 +4.9625e+00 -4.9969e+00
% f evaluations | g evaluations | best noise-free fitness - Fopt (-3.745000000000e+01) + sum g_i+ | measured fitness | best measured fitness or single-digit g-values | x1 | x2...
1 0 +1.999996271e+02 +1.625496271e+02 +1.625496271e+02 +5.9671e-01 -3.8264e-02 +7.4769e-01 +1.6230e+00 -1.3415e-01 -1.3414e-01 +1.6792e+00 +8.6743e-01 -3.6947e-01 +6.4256e-01
6 0 +1.943105945e+02 +1.568605945e+02 +1.568605945e+02 +4.2408e-01 -2.8508e-01 -5.7692e-01 +7.1168e-01 +1.1310e+00 +1.0313e+00 -7.3922e-01 -2.0921e-01 +4.3126e-01 +1.0755e+00
11 0 +1.923900652e+02 +1.549400652e+02 +1.549400652e+02 -1.3154e+00 -3.2065e-01 -2.4271e-01 -7.0228e-01 -6.1286e-02 +5.0405e-01 +1.9862e+00 +2.7458e-01 +3.5755e-01 +2.5554e-02
12 0 +1.847748086e+02 +1.473248086e+02 +1.473248086e+02 -1.8188e+00 +7.3486e-02 +1.6023e-01 +2.5632e+00 -9.2361e-02 +4.0155e-01 +6.5288e-02 -1.0687e+00 +1.2428e+00 +8.5193e-01
21 0 +1.595399496e+02 +1.220899496e+02 +1.220899496e+02 +4.5779e-01 +6.6078e-01 +1.1831e+00 +1.1538e+00 -1.2777e+00 -8.3783e-01 +6.1504e-01 +6.1379e-01 +6.1505e-01 +3.9527e+00
52 0 +1.569465914e+02 +1.194965914e+02 +1.194965914e+02 -2.3673e-01 -1.6824e+00 -2.1548e+00 +2.2576e+00 -1.8103e+00 +2.0498e+00 +1.7324e+00 +2.2234e+00 +3.0005e+00 +2.7921e+00
55 0 +1.292919310e+02 +9.184193096e+01 +9.184193096e+01 -8.3247e-02 -7.0150e-01 +1.8694e+00 +1.3121e+00 -2.8716e+00 +2.1889e+00 +1.5537e+00 -5.1374e-01 +1.5594e+00 +3.7531e+00
58 0 +1.282376047e+02 +9.078760472e+01 +9.078760472e+01 -1.0421e+00 +8.0232e-01 +1.9457e+00 -2.0529e+00 -1.2378e+00 +2.2325e-01 +1.0680e+00 -2.6045e+00 +6.7723e-01 +3.8387e+00
101 0 +9.060957014e+01 +5.315957014e+01 +5.315957014e+01 +4.1999e+00 +4.0178e+00 +1.1050e+00 -1.8066e+00 -3.0489e+00 +2.1168e+00 +2.4985e+00 -3.5114e+00 +1.6770e+00 +3.6891e+00
151 0 +6.426417156e+01 +2.681417156e+01 +2.681417156e+01 +2.0098e+00 -3.6072e+00 +3.5618e+00 -4.9988e+00 -9.6650e-02 +3.2357e+00 +4.7262e+00 -3.0432e+00 +4.3099e+00 +4.0573e+00
371 0 +5.959612052e+01 +2.214612052e+01 +2.214612052e+01 +1.5491e+00 +1.7924e+00 +3.7554e+00 -2.5115e+00 -3.4306e+00 +1.8193e+00 +2.2166e+00 -4.3580e+00 +3.6784e+00 +4.8234e+00
403 0 +5.749097952e+01 +2.004097952e+01 +2.004097952e+01 -2.1956e-01 +1.2058e+00 +3.2049e+00 -2.4458e+00 -1.7489e+00 +4.8741e+00 +3.4356e+00 -2.6822e+00 +4.7135e+00 +4.4000e+00
451 0 +4.543159459e+01 +7.981594594e+00 +7.981594594e+00 +2.3454e+00 +2.4359e+00 +3.2412e+00 -2.2356e+00 -4.2003e+00 +4.3638e+00 +4.6967e+00 -1.5768e+00 +4.5447e+00 +4.9390e+00
602 0 +4.148706678e+01 +4.037066779e+00 +4.037066779e+00 +1.5576e+00 +2.1683e+00 +4.7300e+00 -2.4949e+00 -4.0770e+00 +4.2044e+00 +3.5643e+00 -3.1564e+00 +4.8149e+00 +4.6036e+00
651 0 +4.148605332e+01 +4.036053318e+00 +4.036053318e+00 +1.8735e+00 +2.3620e+00 +3.7511e+00 -3.7274e+00 -4.1178e+00 +2.9188e+00 +4.3716e+00 -4.6399e+00 +4.8906e+00 +3.5730e+00
701 0 +3.639980588e+01 -1.050194121e+00 -1.050194121e+00 +2.0884e+00 +3.3444e+00 +2.7750e+00 -4.8112e+00 -2.0828e+00 +4.7078e+00 +4.3275e+00 -4.4153e+00 +3.8413e+00 +4.7534e+00
702 0 +3.370443360e+01 -3.745566396e+00 -3.745566396e+00 +1.6705e+00 +2.5531e+00 +3.9682e+00 -4.2740e+00 -3.9246e+00 +3.9119e+00 +4.4207e+00 -2.8812e+00 +4.8116e+00 +4.9822e+00
751 0 +2.773835859e+01 -9.711641410e+00 -9.711641410e+00 +8.2511e-01 +4.1011e+00 +3.9470e+00 -3.3304e+00 -4.3967e+00 +4.7032e+00 +4.8119e+00 -4.3419e+00 +4.5657e+00 +4.3878e+00
802 0 +2.430328844e+01 -1.314671156e+01 -1.314671156e+01 +2.4645e+00 +3.7427e+00 +3.7286e+00 -4.0573e+00 -4.0093e+00 +3.9389e+00 +4.9576e+00 -4.2735e+00 +4.9818e+00 +4.5271e+00
901 0 +2.360603187e+01 -1.384396813e+01 -1.384396813e+01 +4.6207e+00 +3.7103e+00 +3.8067e+00 -4.9001e+00 -3.3426e+00 +3.9831e+00 +4.5964e+00 -4.1732e+00 +4.9040e+00 +4.6484e+00
902 0 +2.340837156e+01 -1.404162844e+01 -1.404162844e+01 +4.3618e+00 +3.6815e+00 +2.8389e+00 -3.9892e+00 -3.5774e+00 +4.8307e+00 +4.5956e+00 -4.1518e+00 +4.6131e+00 +4.9240e+00
904 0 +2.143808969e+01 -1.601191031e+01 -1.601191031e+01 +3.5387e+00 +4.7359e+00 +4.4158e+00 -4.2997e+00 -4.0064e+00 +4.1304e+00 +4.6995e+00 -4.4567e+00 +4.5753e+00 +4.6678e+00
952 0 +1.889938576e+01 -1.855061424e+01 -1.855061424e+01 +4.5635e+00 +4.3203e+00 +4.6938e+00 -3.4698e+00 -4.6078e+00 +3.5707e+00 +4.9944e+00 -4.8596e+00 +4.7079e+00 +4.5580e+00
1002 0 +1.592562392e+01 -2.152437608e+01 -2.152437608e+01 +2.7418e+00 +4.7445e+00 +4.2978e+00 -4.1229e+00 -4.9108e+00 +4.6733e+00 +4.1926e+00 -4.5421e+00 +4.8277e+00 +4.8973e+00
1151 0 +1.102315273e+01 -2.642684727e+01 -2.642684727e+01 +3.0980e+00 +4.3724e+00 +4.2062e+00 -4.7020e+00 -4.8441e+00 +4.9851e+00 +4.7924e+00 -4.8430e+00 +4.5444e+00 +4.9575e+00
1255 0 +1.057512217e+01 -2.687487783e+01 -2.687487783e+01 +4.3168e+00 +3.7078e+00 +4.7161e+00 -4.9519e+00 -4.9832e+00 +4.5056e+00 +4.5608e+00 -4.9534e+00 +4.8148e+00 +4.7930e+00
1353 0 +8.397959071e+00 -2.905204093e+01 -2.905204093e+01 +3.6511e+00 +4.8116e+00 +4.9242e+00 -4.5518e+00 -4.7301e+00 +4.8054e+00 +4.9887e+00 -4.8178e+00 +4.7760e+00 +4.8616e+00
1451 0 +7.997449593e+00 -2.945255041e+01 -2.945255041e+01 +3.9497e+00 +4.6726e+00 +4.6986e+00 -4.5139e+00 -4.7681e+00 +4.9660e+00 +4.8764e+00 -4.7064e+00 +4.9299e+00 +4.8670e+00
1454 0 +7.744835284e+00 -2.970516472e+01 -2.970516472e+01 +4.6576e+00 +4.4066e+00 +4.5561e+00 -4.9338e+00 -4.7827e+00 +4.9258e+00 +4.7509e+00 -4.7897e+00 +4.8768e+00 +4.8489e+00
1551 0 +6.681516486e+00 -3.076848351e+01 -3.076848351e+01 +4.5487e+00 +4.8323e+00 +4.6796e+00 -4.6965e+00 -4.3755e+00 +4.9557e+00 +4.8317e+00 -4.7399e+00 +4.9644e+00 +4.9688e+00
1601 0 +4.819406386e+00 -3.263059361e+01 -3.263059361e+01 +4.3797e+00 +4.8399e+00 +4.9777e+00 -4.9319e+00 -4.9398e+00 +4.7771e+00 +4.8656e+00 -4.8621e+00 +4.9140e+00 +4.9276e+00
1701 0 +4.422103396e+00 -3.302789660e+01 -3.302789660e+01 +4.4844e+00 +4.7478e+00 +4.6662e+00 -4.9615e+00 -4.8241e+00 +4.9346e+00 +4.9295e+00 -4.9536e+00 +4.8122e+00 +4.9842e+00
1801 0 +3.095837815e+00 -3.435416219e+01 -3.435416219e+01 +4.8306e+00 +4.4555e+00 +4.8847e+00 -4.8242e+00 -4.9848e+00 +4.9621e+00 +4.8753e+00 -4.8863e+00 +4.9789e+00 +4.9950e+00
2002 0 +2.284821164e+00 -3.516517884e+01 -3.516517884e+01 +4.4932e+00 +4.9160e+00 +4.7778e+00 -4.9853e+00 -4.8722e+00 +4.9866e+00 +4.9757e+00 -4.9760e+00 +4.9964e+00 +4.9421e+00
2103 0 +2.191084860e+00 -3.525891514e+01 -3.525891514e+01 +4.8404e+00 +4.7113e+00 +4.9830e+00 -4.8990e+00 -4.9651e+00 +4.9941e+00 +4.9104e+00 -4.9375e+00 +4.9474e+00 +4.9904e+00
2254 0 +1.798145748e+00 -3.565185425e+01 -3.565185425e+01 +4.8854e+00 +4.8638e+00 +4.9941e+00 -4.8097e+00 -4.9108e+00 +4.9936e+00 +4.9885e+00 -4.9746e+00 +4.9341e+00 +4.9899e+00
% f evaluations | g evaluations | best noise-free fitness - Fopt (-6.639000000000e+01) + sum g_i+ | measured fitness | best measured fitness or single-digit g-values | x1 | x2...
1 0 +2.095452719e+02 +1.431552719e+02 +1.431552719e+02 +5.9671e-01 -3.8264e-02 +7.4769e-01 +1.6230e+00 -1.3415e-01 -1.3414e-01 +1.6792e+00 +8.6743e-01 -3.6947e-01 +6.4256e-01
2 0 +2.059270714e+02 +1.395370714e+02 +1.395370714e+02 -3.6342e-01 -3.6573e-01 +3.4196e-01 -1.8133e+00 -1.6249e+00 -4.6229e-01 -9.1283e-01 +4.1425e-01 -8.0802e-01 -1.3123e+00
5 0 +1.921800842e+02 +1.257900842e+02 +1.257900842e+02 +8.3847e-01 +2.7137e-01 -1.5648e-02 -2.0110e-01 -1.3785e+00 -6.1984e-01 -3.6064e-01 +1.1571e+00 +4.4362e-01 -1.6630e+00
8 0 +1.664679805e+02 +1.000779805e+02 +1.000779805e+02 +4.6140e-01 +1.6380e+00 +6.4174e-02 +1.6646e+00 -2.5197e+00 +9.2190e-01 +1.8705e-01 -1.9901e-01 +1.9176e-01 -1.8876e+00
51 0 +1.399548334e+02 +7.356483339e+01 +7.356483339e+01 -3.6572e-01 -2.9574e+00 +1.6442e+00 +1.6574e+00 -2.7946e+00 +2.4866e+00 +1.7402e+00 -1.1045e+00 +1.9640e+00 -2.0401e+00
58 0 +1.317249776e+02 +6.533497764e+01 +6.533497764e+01 -1.9213e+00 -9.2311e-01 -1.5532e+00 +2.0152e+00 +1.0851e+00 -1.8950e+00 +4.1425e-01 -1.8604e+00 +4.5267e+00 -2.6666e+00
101 0 +9.775138766e+01 +3.136138766e+01 +3.136138766e+01 -4.5808e+00 +3.9599e+00 -3.9872e+00 +3.6223e+00 -2.7774e+00 +3.8814e+00 -6.4837e-01 -3.1609e+00 +1.9443e+00 -2.9775e+00
105 0 +9.510348630e+01 +2.871348630e+01 +2.871348630e+01 -1.8329e+00 +1.4476e+00 -3.4922e+00 +1.7649e+00 -2.7275e+00 +3.0177e+00 +2.0457e+00 -8.7182e-01 +2.4253e+00 -4.3979e+00
126 0 +9.264189851e+01 +2.625189851e+01 +2.625189851e+01 +4.7431e-01 -9.0963e-01 -2.9393e+00 +5.5186e-01 -3.0499e+00 +3.4520e+00 +3.5500e+00 -1.3298e+00 +4.5848e+00 -2.6422e+00
138 0 +9.103405685e+01 +2.464405685e+01 +2.464405685e+01 -1.4356e+00 +2.0092e+00 -1.2331e+00 +1.4768e+00 +2.7921e-01 +7.6953e-01 +4.0497e+00 -1.2129e+00 +4.9854e+00 -3.7388e+00
151 0 +7.095794941e+01 +4.567949414e+00 +4.567949414e+00 -2.6471e+00 +2.1537e+00 -4.0203e+00 +4.2561e+00 +3.1053e+00 +4.1224e+00 +2.4814e+00 -2.8901e+00 +4.8006e+00 -3.9898e+00
162 0 +7.032902595e+01 +3.939025952e+00 +3.939025952e+00 -3.9187e+00 +1.8728e+00 -3.1258e+00 +4.4925e+00 +6.6866e-02 +4.0179e+00 +2.6209e+00 -1.6468e+00 +3.7015e+00 -4.7837e+00
302 0 +6.372159226e+01 -2.668407741e+00 -2.668407741e+00 -9.2523e-01 +2.9216e+00 -4.2744e+00 +3.4063e+00 -3.6516e+00 +3.1263e+00 +2.2539e+00 -2.2867e+00 +4.6712e+00 -3.9725e+00
352 0 +6.150314846e+01 -4.886851539e+00 -4.886851539e+00 -3.6680e+00 +4.3007e+00 -4.3675e+00 +2.4362e+00 -3.2960e+00 +3.1037e+00 +4.7889e+00 -4.8896e+00 +3.8199e+00 -1.9646e+00
401 0 +5.881132387e+01 -7.578676134e+00 -7.578676134e+00 -1.9319e+00 +4.1430e+00 -3.8290e+00 +3.9185e+00 -3.1093e+00 +4.9036e+00 +3.6931e+00 -3.0694e+00 +1.5818e+00 -4.9360e+00
402 0 +5.862156634e+01 -7.768433660e+00 -7.768433660e+00 -1.5527e+00 -2.8207e+00 -1.0287e+00 +3.5350e+00 -4.3987e+00 +2.4256e+00 +3.7744e+00 -3.5074e+00 +4.6530e+00 -4.2955e+00
404 0 +5.527440981e+01 -1.111559019e+01 -1.111559019e+01 -3.9061e+00 +3.6522e+00 -2.0378e+00 +4.2894e+00 -3.8741e+00 +6.3746e-01 +4.0350e+00 -2.1245e+00 +4.6508e+00 -4.7264e+00
451 0 +5.005671196e+01 -1.633328804e+01 -1.633328804e+01 -1.3674e+00 +4.6386e+00 -3.7480e+00 +4.1044e+00 -1.5094e+00 +8.5942e-01 +3.5485e+00 -4.7627e+00 +4.0465e+00 -4.8197e+00
551 0 +3.796688922e+01 -2.842311078e+01 -2.842311078e+01 -2.8308e+00 +4.8192e+00 -2.8332e+00 +4.5996e+00 -2.8978e+00 +3.3802e+00 +4.9615e+00 -3.7626e+00 +4.5360e+00 -4.1773e+00
552 0 +3.407980605e+01 -3.231019395e+01 -3.231019395e+01 -6.0183e-01 +8.4403e-02 -2.1436e+00 +4.1784e+00 -4.5877e+00 +4.7021e+00 +4.4121e+00 -3.4585e+00 +4.6908e+00 -4.9784e+00
652 0 +3.041473035e+01 -3.597526965e+01 -3.597526965e+01 -1.3908e+00 +4.4757e+00 -4.8651e+00 +3.1480e+00 -2.8282e+00 +4.8764e+00 +4.3730e+00 -3.9620e+00 +4.7509e+00 -4.5636e+00
751 0 +2.909465019e+01 -3.729534981e+01 -3.729534981e+01 -3.4967e+00 +4.9311e+00 -4.5920e+00 +3.6536e+00 -4.5516e+00 +4.2844e+00 +3.4561e+00 -3.2300e+00 +4.8707e+00 -4.8677e+00
807 0 +2.791661686e+01 -3.847338314e+01 -3.847338314e+01 -2.1022e+00 +1.8537e+00 -2.7113e+00 +4.8074e+00 -3.2141e+00 +4.9507e+00 +4.6762e+00 -4.3087e+00 +4.3396e+00 -4.9185e+00
852 0 +2.738639296e+01 -3.900360704e+01 -3.900360704e+01 -3.8998e+00 +4.5127e+00 -2.3177e+00 +4.5794e+00 -4.0699e+00 +3.4839e+00 +4.7621e+00 -4.3365e+00 +4.4803e+00 -4.6866e+00
854 0 +2.721802130e+01 -3.917197870e+01 -3.917197870e+01 -3.2644e+00 +4.3878e+00 -3.8858e+00 +3.9693e+00 -2.9126e+00 +3.6207e+00 +4.4039e+00 -4.8506e+00 +4.7871e+00 -4.5464e+00
901 0 +2.130081765e+01 -4.508918235e+01 -4.508918235e+01 -4.3968e+00 +4.7822e+00 -1.1926e+00 +4.8488e+00 -4.6625e+00 +3.5374e+00 +4.5865e+00 -4.3442e+00 +4.8032e+00 -4.9831e+00
958 0 +1.916484980e+01 -4.722515020e+01 -4.722515020e+01 -3.1572e+00 +3.0257e+00 -4.4404e+00 +4.5241e+00 -4.0707e+00 +4.1064e+00 +4.9520e+00 -4.6892e+00 +4.3694e+00 -4.9953e+00
1052 0 +1.614692227e+01 -5.024307773e+01 -5.024307773e+01 -4.9194e+00 +3.8944e+00 -4.2615e+00 +4.4561e+00 -4.0911e+00 +4.4520e+00 +4.5099e+00 -4.7189e+00 +4.5724e+00 -4.9535e+00
1163 0 +1.573469257e+01 -5.065530743e+01 -5.065530743e+01 -4.2401e+00 +4.3297e+00 -4.1536e+00 +4.6885e+00 -4.0542e+00 +4.2063e+00 +4.4224e+00 -4.9197e+00 +4.7659e+00 -4.8433e+00
1176 0 +1.271930202e+01 -5.367069798e+01 -5.367069798e+01 -4.5158e+00 +4.9694e+00 -4.5665e+00 +4.6470e+00 -4.3988e+00 +3.9798e+00 +4.8435e+00 -4.9752e+00 +4.8674e+00 -4.6529e+00
1201 0 +1.240728729e+01 -5.398271271e+01 -5.398271271e+01 -4.5303e+00 +4.7242e+00 -4.1367e+00 +4.9127e+00 -4.9937e+00 +4.6900e+00 +4.6107e+00 -4.5401e+00 +4.8925e+00 -4.6575e+00
1203 0 +1.119898160e+01 -5.519101840e+01 -5.519101840e+01 -4.4947e+00 +4.8195e+00 -4.1500e+00 +4.2632e+00 -4.6848e+00 +4.3366e+00 +4.9945e+00 -4.9211e+00 +4.5588e+00 -4.9720e+00
1254 0 +1.103916049e+01 -5.535083951e+01 -5.535083951e+01 -4.0734e+00 +4.5664e+00 -3.5802e+00 +4.6438e+00 -4.2420e+00 +4.9114e+00 +4.9148e+00 -4.9802e+00 +4.7629e+00 -4.8361e+00
1403 0 +9.806642858e+00 -5.658335714e+01 -5.658335714e+01 -3.5408e+00 +4.9811e+00 -3.9420e+00 +4.4460e+00 -4.9162e+00 +4.7945e+00 +4.8022e+00 -4.7841e+00 +4.8599e+00 -4.8904e+00
1404 0 +9.583727796e+00 -5.680627220e+01 -5.680627220e+01 -4.4014e+00 +4.6320e+00 -4.2010e+00 +4.5102e+00 -4.8372e+00 +4.7055e+00 +4.8125e+00 -4.6890e+00 +4.9062e+00 -4.8851e+00
1523 0 +8.920488420e+00 -5.746951158e+01 -5.746951158e+01 -4.2475e+00 +4.0887e+00 -4.6720e+00 +4.6155e+00 -4.5915e+00 +4.6196e+00 +4.7657e+00 -4.7472e+00 +4.9783e+00 -4.9659e+00
1552 0 +8.171135098e+00 -5.821886490e+01 -5.821886490e+01 -3.7505e+00 +4.9895e+00 -4.4066e+00 +4.7916e+00 -4.5390e+00 +4.9707e+00 +4.9660e+00 -4.7886e+00 +4.6831e+00 -4.9798e+00
1603 0 +6.346092630e+00 -6.004390737e+01 -6.004390737e+01 -3.8240e+00 +4.1829e+00 -4.9122e+00 +4.8243e+00 -4.6764e+00 +4.9388e+00 +4.8880e+00 -4.8058e+00 +4.9753e+00 -4.9406e+00
1656 0 +6.290946160e+00 -6.009905384e+01 -6.009905384e+01 -4.4899e+00 +4.6165e+00 -4.4899e+00 +4.7743e+00 -4.4393e+00 +4.8561e+00 +4.8737e+00 -4.9835e+00 +4.9193e+00 -4.9439e+00
1701 0 +5.008322157e+00 -6.138167784e+01 -6.138167784e+01 -4.2944e+00 +4.5531e+00 -4.8178e+00 +4.8591e+00 -4.9605e+00 +4.8934e+00 +4.8008e+00 -4.9445e+00 +4.9631e+00 -4.8918e+00
1858 0 +4.972556044e+00 -6.141744396e+01 -6.141744396e+01 -4.6859e+00 +4.8396e+00 -4.8105e+00 +4.5749e+00 -4.9073e+00 +4.8898e+00 +4.9844e+00 -4.9454e+00 +4.9859e+00 -4.7943e+00
1865 0 +4.797047380e+00 -6.159295262e+01 -6.159295262e+01 -4.1534e+00 +4.7813e+00 -4.8718e+00 +4.6085e+00 -4.8197e+00 +4.9298e+00 +4.9274e+00 -4.7715e+00 +4.9927e+00 -4.9907e+00
1902 0 +4.452152550e+00 -6.193784745e+01 -6.193784745e+01 -3.8675e+00 +4.6080e+00 -4.9638e+00 +4.6470e+00 -4.8912e+00 +4.9729e+00 +4.9685e+00 -4.9870e+00 +4.9255e+00 -4.9208e+00
1952 0 +4.318009146e+00 -6.207199085e+01 -6.207199085e+01 -4.7389e+00 +4.5643e+00 -4.7711e+00 +4.8912e+00 -4.9638e+00 +4.9196e+00 +4.9866e+00 -4.9271e+00 +4.7661e+00 -4.9822e+00
1971 0 +4.241403995e+00 -6.214859601e+01 -6.214859601e+01 -4.5387e+00 +4.9777e+00 -4.8055e+00 +4.9329e+00 -4.9466e+00 +4.8635e+00 +4.8877e+00 -4.9434e+00 +4.8619e+00 -4.9286e+00
2006 0 +3.388579558e+00 -6.300142044e+01 -6.300142044e+01 -4.2250e+00 +4.7423e+00 -4.8599e+00 +4.7806e+00 -4.9871e+00 +4.9494e+00 +4.9453e+00 -4.9391e+00 +4.9540e+00 -4.9618e+00
2008 0 +3.261487660e+00 -6.312851234e+01 -6.312851234e+01 -4.5831e+00 +4.8088e+00 -4.8978e+00 +4.9999e+00 -4.9948e+00 +4.9206e+00 +4.9566e+00 -4.9935e+00 +4.9360e+00 -4.8609e+00
2051 0 +3.156231265e+00 -6.323376873e+01 -6.323376873e+01 -4.8490e+00 +4.9671e+00 -4.9346e+00 +4.9289e+00 -4.8891e+00 +4.9574e+00 +4.9247e+00 -4.8975e+00 +4.8926e+00 -4.9556e+00
2054 0 +2.628033052e+00 -6.376196695e+01 -6.376196695e+01 -4.6105e+00 +4.7699e+00 -5.0000e+00 +5.0000e+00 -5.0000e+00 +4.9196e+00 +5.0000e+00 -5.0000e+00 +4.8463e+00 -4.9538e+00
2259 0 +2.174338710e+00 -6.421566129e+01 -6.421566129e+01 -4.8778e+00 +4.8194e+00 -4.9177e+00 +4.9394e+00 -4.9846e+00 +4.9724e+00 +4.9149e+00 -4.9925e+00 +4.9052e+00 -4.9765e+00
2447 0 +2.100346125e+00 -6.428965387e+01 -6.428965387e+01 -4.7813e+00 +4.9634e+00 -4.7854e+00 +4.9456e+00 -4.9634e+00 +4.9771e+00 +4.9980e+00 -4.9391e+00 +4.9601e+00 -4.9508e+00
2466 0 +1.895714072e+00 -6.449428593e+01 -6.449428593e+01 -4.9268e+00 +4.8662e+00 -4.9231e+00 +4.9877e+00 -4.8976e+00 +4.8627e+00 +4.9602e+00 -4.9217e+00 +4.9923e+00 -4.9997e+00
% f evaluations | g evaluations | best noise-free fitness - Fopt (-2.260100000000e+02) + sum g_i+ | measured fitness | best measured fitness or single-digit g-values | x1 | x2...
1 0 +2.112748679e+02 -1.473513214e+01 -1.473513214e+01 +5.9671e-01 -3.8264e-02 +7.4769e-01 +1.6230e+00 -1.3415e-01 -1.3414e-01 +1.6792e+00 +8.6743e-01 -3.6947e-01 +6.4256e-01
2 0 +1.880227975e+02 -3.798720246e+01 -3.798720246e+01 -3.6342e-01 -3.6573e-01 +3.4196e-01 -1.8133e+00 -1.6249e+00 -4.6229e-01 -9.1283e-01 +4.1425e-01 -8.0802e-01 -1.3123e+00
5 0 +1.705556761e+02 -5.545432390e+01 -5.545432390e+01 +8.3847e-01 +2.7137e-01 -1.5648e-02 -2.0110e-01 -1.3785e+00 -6.1984e-01 -3.6064e-01 +1.1571e+00 +4.4362e-01 -1.6630e+00
54 0 +1.608768492e+02 -6.513315085e+01 -6.513315085e+01 -3.4791e-01 +2.6589e+00 -3.6716e-01 +3.4413e-01 -4.1167e-01 +1.0858e+00 -1.8313e-01 +1.6846e+00 -3.4433e-02 -3.1634e+00
66 0 +1.376367077e+02 -8.837329227e+01 -8.837329227e+01 +7.1073e-01 +2.3280e+00 +1.2199e+00 +9.6335e-01 -1.0434e+00 +1.1704e+00 +4.8403e-01 +2.4483e+00 +1.0253e+00 -4.1239e+00
104 0 +1.371948092e+02 -8.881519085e+01 -8.881519085e+01 +9.2982e-01 -9.5815e-01 -5.9178e-01 -4.8969e-01 -1.1221e+00 +4.9009e-01 -8.0384e-01 +2.9050e+00 +1.6193e+00 -3.6318e+00
122 0 +1.240875697e+02 -1.019224303e+02 -1.019224303e+02 +3.4952e+00 +3.7035e-01 -3.2124e-01 +2.3274e+00 +1.4456e+00 -7.0409e-01 -4.6763e+00 +7.3557e-01 +1.9808e+00 -3.8839e+00
153 0 +8.129772984e+01 -1.447122702e+02 -1.447122702e+02 -4.0789e-01 +3.0835e+00 -2.0937e-01 -2.6076e+00 -1.6164e+00 -9.4831e-01 -4.6253e+00 +3.0075e+00 +3.7672e+00 -4.8054e+00
158 0 +7.768094429e+01 -1.483290557e+02 -1.483290557e+02 -5.9887e-01 -1.3701e+00 +2.1798e-01 -2.3140e-01 -1.3117e+00 -2.6980e+00 -3.4371e+00 +1.9716e+00 +4.9956e+00 -4.8174e+00
205 0 +6.023239309e+01 -1.657776069e+02 -1.657776069e+02 +1.7564e-01 +2.9616e+00 +3.2595e+00 +7.0601e-01 -1.9266e+00 -1.0994e+00 -4.9768e+00 +3.8909e+00 +3.8145e+00 -4.8236e+00
354 0 +4.775252001e+01 -1.782574800e+02 -1.782574800e+02 +1.6900e+00 +4.0107e+00 +2.1378e+00 +2.0631e+00 +8.7390e-01 -4.2988e+00 -4.2767e+00 +4.9392e+00 +4.6017e+00 -4.6987e+00
515 0 +3.322383858e+01 -1.927861614e+02 -1.927861614e+02 -3.2506e+00 +1.7418e+00 +2.8173e+00 +2.2971e+00 -3.2751e+00 -3.2053e+00 -4.0864e+00 +4.9652e+00 +4.7554e+00 -4.9790e+00
801 0 +2.929112045e+01 -1.967188796e+02 -1.967188796e+02 -2.3264e+00 +4.2389e-01 +3.2233e+00 +3.0015e+00 -4.2724e+00 -3.5263e+00 -4.3633e+00 +4.8492e+00 +4.9281e+00 -4.8299e+00
847 0 +2.714083354e+01 -1.988691665e+02 -1.988691665e+02 -3.1039e+00 +3.9854e+00 +4.3903e+00 +3.2292e+00 -4.1313e+00 -4.9241e+00 -4.7819e+00 +4.1503e+00 +3.7484e+00 -4.9385e+00
909 0 +2.549872355e+01 -2.005112765e+02 -2.005112765e+02 -3.0921e+00 +3.6352e+00 +3.9065e+00 +2.1996e+00 -3.6457e+00 -4.9201e+00 -3.7748e+00 +4.9416e+00 +4.9118e+00 -4.6805e+00
966 0 +2.075506692e+01 -2.052549331e+02 -2.052549331e+02 -3.6179e+00 +4.7904e+00 +4.7054e+00 +2.9579e+00 -4.7419e+00 -4.0476e+00 -4.4544e+00 +4.4280e+00 +4.7830e+00 -4.7571e+00
1101 0 +1.699410002e+01 -2.090159000e+02 -2.090159000e+02 -4.0524e+00 +4.5909e+00 +3.8920e+00 +5.0000e+00 -5.0000e+00 -2.7338e+00 -3.8102e+00 +5.0000e+00 +5.0000e+00 -4.9997e+00
1166 0 +1.615904491e+01 -2.098509551e+02 -2.098509551e+02 -4.1189e+00 +3.7537e+00 +4.7838e+00 +2.9367e+00 -3.8813e+00 -4.7702e+00 -4.8983e+00 +4.5691e+00 +4.8864e+00 -4.9011e+00
1215 0 +1.520442558e+01 -2.108055744e+02 -2.108055744e+02 -4.4037e+00 +4.7540e+00 +4.9348e+00 +4.4524e+00 -3.8852e+00 -3.9316e+00 -4.8142e+00 +4.6460e+00 +4.9062e+00 -4.7651e+00
1217 0 +1.377105651e+01 -2.122389435e+02 -2.122389435e+02 -4.6603e+00 +4.2408e+00 +4.5059e+00 +4.0901e+00 -4.8031e+00 -4.0141e+00 -4.7378e+00 +4.5562e+00 +4.9418e+00 -4.8753e+00
1252 0 +1.375362052e+01 -2.122563795e+02 -2.122563795e+02 -3.4785e+00 +4.2983e+00 +4.7386e+00 +4.6424e+00 -3.9402e+00 -4.7518e+00 -4.5631e+00 +4.8351e+00 +4.9431e+00 -4.7179e+00
1311 0 +1.234601136e+01 -2.136639886e+02 -2.136639886e+02 -4.4466e+00 +4.9437e+00 +4.4663e+00 +4.1831e+00 -4.9152e+00 -3.5449e+00 -4.7854e+00 +4.9614e+00 +4.7545e+00 -4.9524e+00
1313 0 +1.146776541e+01 -2.145422346e+02 -2.145422346e+02 -4.1212e+00 +5.0000e+00 +4.4929e+00 +2.9690e+00 -4.5755e+00 -4.4314e+00 -4.9961e+00 +5.0000e+00 +5.0000e+00 -4.7875e+00
1404 0 +1.115308654e+01 -2.148569135e+02 -2.148569135e+02 -3.8888e+00 +4.9031e+00 +4.9428e+00 +4.5718e+00 -4.8661e+00 -4.4816e+00 -4.5403e+00 +4.6008e+00 +4.8200e+00 -4.9257e+00
1455 0 +1.095251514e+01 -2.150574849e+02 -2.150574849e+02 -3.8687e+00 +3.7518e+00 +3.6980e+00 +4.4956e+00 -4.9373e+00 -4.7291e+00 -4.9609e+00 +4.8733e+00 +4.7905e+00 -4.8761e+00
1506 0 +1.073308803e+01 -2.152769120e+02 -2.152769120e+02 -4.1445e+00 +3.9547e+00 +4.7119e+00 +4.6848e+00 -4.5469e+00 -4.9776e+00 -4.8463e+00 +4.7780e+00 +4.9755e+00 -4.6207e+00
1553 0 +9.636225829e+00 -2.163737742e+02 -2.163737742e+02 -3.9345e+00 +4.7373e+00 +3.6559e+00 +4.8057e+00 -4.4682e+00 -4.8694e+00 -4.6043e+00 +4.8212e+00 +4.9540e+00 -4.9643e+00
1560 0 +9.197679932e+00 -2.168123201e+02 -2.168123201e+02 -4.3697e+00 +4.1311e+00 +3.9389e+00 +4.1258e+00 -4.8281e+00 -4.8574e+00 -4.9680e+00 +4.7247e+00 +4.9485e+00 -4.9397e+00
1611 0 +8.674903018e+00 -2.173350970e+02 -2.173350970e+02 -4.5178e+00 +4.2547e+00 +4.2334e+00 +4.3597e+00 -4.0063e+00 -4.8239e+00 -4.9133e+00 +4.9313e+00 +4.9621e+00 -4.9934e+00
1615 0 +7.837842029e+00 -2.181721580e+02 -2.181721580e+02 -4.2252e+00 +4.2072e+00 +4.7074e+00 +4.8473e+00 -4.8819e+00 -5.0000e+00 -4.9670e+00 +4.5291e+00 +4.9078e+00 -4.8797e+00
1655 0 +7.728846340e+00 -2.182811537e+02 -2.182811537e+02 -4.6986e+00 +3.7720e+00 +4.4709e+00 +4.4432e+00 -4.9374e+00 -4.9709e+00 -4.7277e+00 +4.9176e+00 +4.8302e+00 -4.9592e+00
1701 0 +7.205912967e+00 -2.188040870e+02 -2.188040870e+02 -4.0643e+00 +5.0000e+00 +3.6566e+00 +5.0000e+00 -5.0000e+00 -3.8788e+00 -5.0000e+00 +5.0000e+00 +5.0000e+00 -5.0000e+00
1704 0 +7.009529450e+00 -2.190004706e+02 -2.190004706e+02 -4.8162e+00 +4.9626e+00 +4.7861e+00 +4.6587e+00 -4.6850e+00 -5.0000e+00 -5.0000e+00 +4.7336e+00 +4.7618e+00 -4.8632e+00
1705 0 +6.525600312e+00 -2.194843997e+02 -2.194843997e+02 -4.4957e+00 +4.6376e+00 +4.6785e+00 +4.8842e+00 -4.4407e+00 -4.9797e+00 -4.5706e+00 +4.9937e+00 +4.8966e+00 -4.9693e+00
1725 0 +6.490180093e+00 -2.195198199e+02 -2.195198199e+02 -4.7798e+00 +4.7524e+00 +3.9643e+00 +4.4133e+00 -4.8627e+00 -4.8938e+00 -4.7424e+00 +4.9356e+00 +4.9728e+00 -4.9597e+00
1905 0 +6.222162819e+00 -2.197878372e+02 -2.197878372e+02 -4.6723e+00 +4.7495e+00 +4.2481e+00 +4.7814e+00 -4.4514e+00 -4.8748e+00 -4.9290e+00 +4.9835e+00 +4.8255e+00 -4.9911e+00
1919 0 +5.787298675e+00 -2.202227013e+02 -2.202227013e+02 -4.1481e+00 +4.9005e+00 +3.9373e+00 +4.4803e+00 -4.9091e+00 -4.7827e+00 -4.9691e+00 +4.9727e+00 +4.9892e+00 -4.9510e+00
2001 0 +5.289225132e+00 -2.207207749e+02 -2.207207749e+02 -4.9485e+00 +4.7608e+00 +4.8500e+00 +4.6321e+00 -4.6421e+00 -4.9535e+00 -4.9302e+00 +4.9404e+00 +4.9375e+00 -4.8442e+00
2108 0 +5.039428468e+00 -2.209705715e+02 -2.209705715e+02 -4.7922e+00 +4.8957e+00 +4.6666e+00 +4.8880e+00 -4.5934e+00 -4.8286e+00 -4.9209e+00 +4.9790e+00 +4.8499e+00 -4.9503e+00
2154 0 +4.818106601e+00 -2.211918934e+02 -2.211918934e+02 -4.2090e+00 +4.9974e+00 +4.3393e+00 +4.8484e+00 -4.8124e+00 -4.9419e+00 -4.9579e+00 +4.9398e+00 +4.9930e+00 -4.8747e+00
2207 0 +4.750200514e+00 -2.212597995e+02 -2.212597995e+02 -4.7033e+00 +4.8104e+00 +4.6000e+00 +4.9558e+00 -4.8170e+00 -4.6705e+00 -4.8170e+00 +4.9178e+00 +4.9794e+00 -4.9749e+00
2210 0 +4.542563968e+00 -2.214674360e+02 -2.214674360e+02 -5.0000e+00 +5.0000e+00 +4.7817e+00 +4.7427e+00 -4.5968e+00 -4.9859e+00 -4.9647e+00 +5.0000e+00 +4.9687e+00 -4.7955e+00
2253 0 +4.330537980e+00 -2.216794620e+02 -2.216794620e+02 -4.6456e+00 +4.6809e+00 +4.9039e+00 +4.7439e+00 -4.8809e+00 -4.8049e+00 -4.9275e+00 +4.9715e+00 +4.9432e+00 -4.9127e+00
2321 0 +4.229511700e+00 -2.217804883e+02 -2.217804883e+02 -4.7647e+00 +4.4346e+00 +4.9335e+00 +4.2733e+00 -4.9178e+00 -5.0000e+00 -4.8894e+00 +4.9793e+00 +4.9417e+00 -4.9730e+00
2353 0 +4.198676803e+00 -2.218113232e+02 -2.218113232e+02 -4.2462e+00 +4.5893e+00 +4.9716e+00 +4.6808e+00 -4.6530e+00 -4.9995e+00 -4.9203e+00 +4.9624e+00 +4.9269e+00 -4.9950e+00
2401 0 +4.125835053e+00 -2.218841649e+02 -2.218841649e+02 -4.9461e+00 +4.5801e+00 +4.9354e+00 +4.8544e+00 -4.9438e+00 -4.9129e+00 -4.8483e+00 +4.8974e+00 +4.9404e+00 -4.9142e+00
2402 0 +3.934267164e+00 -2.220757328e+02 -2.220757328e+02 -4.7284e+00 +4.9472e+00 +4.6918e+00 +4.9881e+00 -4.8055e+00 -4.9317e+00 -4.9449e+00 +4.9842e+00 +4.9050e+00 -4.8818e+00
2403 0 +3.826630781e+00 -2.221833692e+02 -2.221833692e+02 -4.6622e+00 +4.4435e+00 +4.9442e+00 +4.8953e+00 -4.7251e+00 -4.9610e+00 -4.9611e+00 +4.9759e+00 +4.9936e+00 -4.8828e+00
2462 0 +3.657188910e+00 -2.223528111e+02 -2.223528111e+02 -4.8302e+00 +4.8935e+00 +4.6235e+00 +4.8939e+00 -4.9285e+00 -4.8763e+00 -4.7727e+00 +4.9929e+00 +4.9685e+00 -4.9492e+00
% f evaluations | g evaluations | best noise-free fitness - Fopt (1.000000000000e+03) + sum g_i+ | measured fitness | best measured fitness or single-digit g-values | x1 | x2...
1 0 +2.216751370e+02 +1.221675137e+03 +1.221675137e+03 +5.9671e-01 -3.8264e-02 +7.4769e-01 +1.6230e+00 -1.3415e-01 -1.3414e-01 +1.6792e+00 +8.6743e-01 -3.6947e-01 +6.4256e-01
2 0 +1.929894926e+02 +1.192989493e+03 +1.192989493e+03 -3.6342e-01 -3.6573e-01 +3.4196e-01 -1.8133e+00 -1.6249e+00 -4.6229e-01 -9.1283e-01 +4.1425e-01 -8.0802e-01 -1.3123e+00
5 0 +1.844292071e+02 +1.184429207e+03 +1.184429207e+03 +8.3847e-01 +2.7137e-01 -1.5648e-02 -2.0110e-01 -1.3785e+00 -6.1984e-01 -3.6064e-01 +1.1571e+00 +4.4362e-01 -1.6630e+00
8 0 +1.746165660e+02 +1.174616566e+03 +1.174616566e+03 +4.6140e-01 +1.6380e+00 +6.4174e-02 +1.6646e+00 -2.5197e+00 +9.2190e-01 +1.8705e-01 -1.9901e-01 +1.9176e-01 -1.8876e+00
55 0 +1.627701022e+02 +1.162770102e+03 +1.162770102e+03 -5.8908e-02 -3.7919e+00 +1.6836e-01 +7.8331e-02 -2.5688e-01 +7.9309e-01 +7.2744e-01 -1.7956e+00 +3.1473e+00 -1.6346e+00
67 0 +1.574781094e+02 +1.157478109e+03 +1.157478109e+03 -3.5944e-01 -1.6591e-01 -9.5563e-01 +1.1209e+00 -1.3979e+00 -8.9311e-02 -1.0526e+00 -1.9353e-01 +1.7071e+00 -2.2429e+00
92 0 +1.477675128e+02 +1.147767513e+03 +1.147767513e+03 -7.0394e-01 +9.8777e-01 +6.4466e-01 +5.3065e-02 -2.6498e-01 -4.9506e-01 -3.6891e-01 -1.9398e+00 +1.5052e+00 -2.5899e+00
101 0 +9.110472799e+01 +1.091104728e+03 +1.091104728e+03 -3.4886e+00 +1.2568e+00 -1.4810e+00 +1.5201e+00 -2.7138e+00 -3.0276e+00 -9.2300e-01 -4.4155e+00 +1.7778e+00 -4.4376e+00
199 0 +8.135803728e+01 +1.081358037e+03 +1.081358037e+03 -3.7746e+00 +4.0562e+00 +3.2460e+00 +3.0296e+00 -2.1737e+00 -6.1182e-01 -8.4987e-01 -4.9745e+00 +2.8133e+00 -3.8239e+00
280 0 +7.446716911e+01 +1.074467169e+03 +1.074467169e+03 +3.2984e+00 +1.9763e+00 +3.5709e+00 +2.9248e+00 +2.9819e+00 -3.8626e+00 -2.2822e+00 -3.0663e+00 +4.7413e+00 -4.7099e+00
380 0 +6.882060647e+01 +1.068820606e+03 +1.068820606e+03 +3.9610e-01 +1.7971e+00 -1.8172e-01 +1.8128e+00 -2.2314e+00 -1.5251e+00 -4.5022e+00 -3.5180e+00 +4.9459e+00 -3.8028e+00
402 0 +6.189226971e+01 +1.061892270e+03 +1.061892270e+03 -1.7980e+00 +3.6866e+00 -1.7125e+00 -1.0325e+00 -2.7502e+00 -3.4769e+00 -3.5604e+00 -4.6096e+00 +4.7224e+00 -4.0106e+00
458 0 +5.879144679e+01 +1.058791447e+03 +1.058791447e+03 -4.7641e+00 +3.4756e+00 +3.8757e+00 +1.9619e+00 -2.3484e+00 -1.7152e+00 -3.5179e+00 -4.1875e+00 +3.9697e+00 -4.0744e+00
459 0 +5.820576132e+01 +1.058205761e+03 +1.058205761e+03 -4.0652e+00 +4.5322e+00 -3.6357e-01 +3.2179e+00 -7.0657e-01 -2.3413e+00 -4.1119e+00 -4.5053e+00 +3.0627e+00 -4.9709e+00
476 0 +5.519172822e+01 +1.055191728e+03 +1.055191728e+03 -2.2860e+00 +2.0714e+00 +6.2897e-01 +2.6376e+00 -3.6481e+00 -4.1155e+00 -1.6164e+00 -4.5735e+00 +3.9423e+00 -4.7077e+00
502 0 +4.358474972e+01 +1.043584750e+03 +1.043584750e+03 -1.8757e+00 +4.2486e+00 -2.1023e+00 +4.0047e-01 -3.9229e+00 -4.0060e+00 -4.2179e+00 -4.5910e+00 +4.7054e+00 -4.7199e+00
507 0 +4.334144991e+01 +1.043341450e+03 +1.043341450e+03 -2.8856e+00 +4.2381e+00 +1.6230e+00 +8.4732e-01 -1.7800e-01 -4.8137e+00 -4.3844e+00 -4.0049e+00 +4.7350e+00 -4.9299e+00
627 0 +4.282817296e+01 +1.042828173e+03 +1.042828173e+03 -1.1313e+00 +1.3093e+00 +7.7210e-01 +7.4184e-01 -4.6358e+00 -4.1066e+00 -4.9968e+00 -4.8831e+00 +3.9859e+00 -4.4825e+00
651 0 +4.100689873e+01 +1.041006899e+03 +1.041006899e+03 -2.4888e+00 +3.8662e+00 +3.9511e+00 +7.7840e-01 -4.9277e+00 -4.9845e+00 -3.7980e+00 -4.8667e+00 +3.4842e+00 -4.2185e+00
751 0 +3.746585061e+01 +1.037465851e+03 +1.037465851e+03 -4.8267e+00 +2.8438e+00 +3.2461e+00 +4.7832e+00 -4.8911e+00 -2.6452e+00 -2.9598e+00 -4.8158e+00 +4.6232e+00 -4.1142e+00
801 0 +2.971856587e+01 +1.029718566e+03 +1.029718566e+03 -4.4751e+00 +2.2738e+00 +4.9853e+00 +2.4654e+00 -4.3990e+00 -3.6772e+00 -4.7048e+00 -4.7512e+00 +4.4385e+00 -4.3448e+00
951 0 +2.608042138e+01 +1.026080421e+03 +1.026080421e+03 -2.4162e+00 +4.0096e+00 +3.4048e+00 +4.6266e+00 -3.8997e+00 -3.1753e+00 -4.2151e+00 -4.9835e+00 +4.8035e+00 -4.6131e+00
1002 0 +2.038980992e+01 +1.020389810e+03 +1.020389810e+03 -4.4505e+00 +4.3677e+00 +1.8015e+00 +4.6159e+00 -4.1223e+00 -4.0604e+00 -4.6708e+00 -4.6254e+00 +4.9833e+00 -4.6861e+00
1160 0 +1.993566154e+01 +1.019935662e+03 +1.019935662e+03 -3.0980e+00 +3.8774e+00 +2.5641e+00 +3.9612e+00 -3.9558e+00 -4.3049e+00 -4.8990e+00 -4.7153e+00 +4.8945e+00 -4.8113e+00
1257 0 +1.723745393e+01 +1.017237454e+03 +1.017237454e+03 -4.5689e+00 +4.8302e+00 +4.6925e+00 +4.2284e+00 -4.2237e+00 -4.7581e+00 -4.2410e+00 -4.8908e+00 +4.2444e+00 -4.8646e+00
1303 0 +1.547337337e+01 +1.015473373e+03 +1.015473373e+03 -4.3721e+00 +3.6476e+00 +4.4253e+00 +4.3165e+00 -4.2207e+00 -4.9248e+00 -4.2359e+00 -4.8677e+00 +4.7713e+00 -4.7881e+00
1351 0 +1.277721434e+01 +1.012777214e+03 +1.012777214e+03 -4.7645e+00 +4.3201e+00 +3.8269e+00 +4.9070e+00 -4.2232e+00 -4.7105e+00 -4.9278e+00 -4.8758e+00 +4.5822e+00 -4.8010e+00
1353 0 +1.254348288e+01 +1.012543483e+03 +1.012543483e+03 -4.2992e+00 +4.0121e+00 +4.0147e+00 +4.9916e+00 -3.6718e+00 -4.8158e+00 -4.9049e+00 -4.6941e+00 +4.8882e+00 -4.8594e+00
1401 0 +1.064129272e+01 +1.010641293e+03 +1.010641293e+03 -4.7792e+00 +4.9953e+00 +4.6670e+00 +4.9853e+00 -4.8092e+00 -4.9528e+00 -4.2335e+00 -4.6750e+00 +4.9832e+00 -4.6510e+00
1501 0 +9.400978459e+00 +1.009400978e+03 +1.009400978e+03 -4.5071e+00 +4.3181e+00 +4.2047e+00 +4.9853e+00 -4.4298e+00 -4.8677e+00 -4.7831e+00 -4.8125e+00 +4.8686e+00 -4.8541e+00
1553 0 +8.258850426e+00 +1.008258850e+03 +1.008258850e+03 -4.9187e+00 +4.8604e+00 +4.6835e+00 +4.4571e+00 -4.5923e+00 -4.9295e+00 -4.7365e+00 -4.8968e+00 +4.8169e+00 -4.8347e+00
1601 0 +7.927463946e+00 +1.007927464e+03 +1.007927464e+03 -4.4207e+00 +3.7521e+00 +4.7879e+00 +4.9384e+00 -4.0877e+00 -4.9704e+00 -4.9401e+00 -4.7943e+00 +4.8880e+00 -4.9773e+00
1651 0 +6.739849018e+00 +1.006739849e+03 +1.006739849e+03 -3.6795e+00 +4.5585e+00 +4.5682e+00 +4.8768e+00 -4.9506e+00 -4.6030e+00 -4.9509e+00 -4.9237e+00 +4.9509e+00 -4.8766e+00
1751 0 +5.255294578e+00 +1.005255295e+03 +1.005255295e+03 -4.2435e+00 +4.5873e+00 +4.7705e+00 +4.8815e+00 -4.8680e+00 -4.7968e+00 -4.8944e+00 -4.9754e+00 +4.8581e+00 -4.9506e+00
1901 0 +5.154855015e+00 +1.005154855e+03 +1.005154855e+03 -4.3457e+00 +4.6147e+00 +4.5759e+00 +4.9571e+00 -4.7320e+00 -4.8899e+00 -4.9766e+00 -4.9242e+00 +4.8683e+00 -4.9521e+00
2008 0 +4.886523585e+00 +1.004886524e+03 +1.004886524e+03 -4.5750e+00 +4.8202e+00 +4.8650e+00 +4.7470e+00 -4.6750e+00 -4.9794e+00 -4.8161e+00 -4.9425e+00 +4.8465e+00 -4.9906e+00
2051 0 +3.732625318e+00 +1.003732625e+03 +1.003732625e+03 -4.6533e+00 +4.9094e+00 +4.8574e+00 +4.8414e+00 -4.8223e+00 -4.9833e+00 -4.8727e+00 -4.9515e+00 +4.8779e+00 -4.9692e+00
2152 0 +3.419920351e+00 +1.003419920e+03 +1.003419920e+03 -4.6521e+00 +4.8935e+00 +4.9050e+00 +4.9586e+00 -4.8704e+00 -4.8908e+00 -4.9320e+00 -4.9831e+00 +4.9810e+00 -4.8630e+00
2153 0 +3.321280691e+00 +1.003321281e+03 +1.003321281e+03 -4.5841e+00 +4.7995e+00 +4.9630e+00 +4.7611e+00 -4.9145e+00 -4.8874e+00 -4.9734e+00 -4.9686e+00 +4.8911e+00 -4.9727e+00
2203 0 +3.051064422e+00 +1.003051064e+03 +1.003051064e+03 -4.8923e+00 +4.8495e+00 +4.9544e+00 +4.9727e+00 -4.8647e+00 -4.8995e+00 -4.9010e+00 -4.9636e+00 +4.8561e+00 -4.9915e+00
2207 0 +2.955057388e+00 +1.002955057e+03 +1.002955057e+03 -4.8342e+00 +4.6623e+00 +4.8005e+00 +4.9968e+00 -4.8557e+00 -4.9641e+00 -4.9812e+00 -4.9741e+00 +4.8454e+00 -4.9957e+00
2304 0 +2.627958833e+00 +1.002627959e+03 +1.002627959e+03 -4.8397e+00 +4.9126e+00 +4.7392e+00 +4.8716e+00 -4.8494e+00 -4.9093e+00 -4.9948e+00 -4.9701e+00 +4.9445e+00 -4.9735e+00
2408 0 +2.337353602e+00 +1.002337354e+03 +1.002337354e+03 -4.9942e+00 +4.7641e+00 +4.9287e+00 +4.8882e+00 -4.8068e+00 -4.9503e+00 -4.9440e+00 -4.9864e+00 +4.9906e+00 -4.9463e+00
2429 0 +2.237996909e+00 +1.002237997e+03 +1.002237997e+03 -5.0000e+00 +4.9618e+00 +4.8391e+00 +4.9797e+00 -4.9753e+00 -4.8175e+00 -4.9979e+00 -4.8994e+00 +5.0000e+00 -4.9461e+00
% f evaluations | g evaluations | best noise-free fitness - Fopt (-1.830200000000e+02) + sum g_i+ | measured fitness | best measured fitness or single-digit g-values | x1 | x2...
1 0 +2.179836568e+02 +3.496365677e+01 +3.496365677e+01 +5.9671e-01 -3.8264e-02 +7.4769e-01 +1.6230e+00 -1.3415e-01 -1.3414e-01 +1.6792e+00 +8.6743e-01 -3.6947e-01 +6.4256e-01
2 0 +2.156681034e+02 +3.264810335e+01 +3.264810335e+01 -3.6342e-01 -3.6573e-01 +3.4196e-01 -1.8133e+00 -1.6249e+00 -4.6229e-01 -9.1283e-01 +4.1425e-01 -8.0802e-01 -1.3123e+00
3 0 +2.018170238e+02 +1.879702383e+01 +1.879702383e+01 +1.5656e+00 -1.2578e-01 +1.6753e-01 -1.3247e+00 -4.4438e-01 +2.1092e-01 -1.0510e+00 +4.7570e-01 -5.0064e-01 -1.9169e-01
6 0 +1.847871832e+02 +1.767183233e+00 +1.767183233e+00 +4.2408e-01 -2.8508e-01 -5.7692e-01 +7.1168e-01 +1.1310e+00 +1.0313e+00 -7.3922e-01 -2.0921e-01 +4.3126e-01 +1.0755e+00
15 0 +1.803894278e+02 -2.630572244e+00 -2.630572244e+00 +3.2746e-01 +1.4071e+00 -1.5075e+00 +2.8463e-01 +3.5988e-01 +8.8182e-01 -1.1370e+00 -1.2205e+00 +6.2194e-01 +3.9698e-01
21 0 +1.709032002e+02 -1.211679981e+01 -1.211679981e+01 +4.5779e-01 +6.6078e-01 +1.1831e+00 +1.1538e+00 -1.2777e+00 -8.3783e-01 +6.1504e-01 +6.1379e-01 +6.1505e-01 +3.9527e+00
52 0 +1.497896236e+02 -3.323037640e+01 -3.323037640e+01 +2.8420e-01 -3.5213e-01 +5.2269e-01 -1.7729e+00 -7.4319e-01 -6.8223e-01 -2.0218e+00 -1.3815e+00 +2.7449e+00 +1.2336e+00
82 0 +1.463803663e+02 -3.663963370e+01 -3.663963370e+01 +7.3484e-01 -1.4071e+00 -8.6015e-01 +1.7087e-01 -2.6650e-02 +1.5598e+00 -1.5339e+00 -8.1712e-01 +2.1131e+00 +2.0289e+00
104 0 +1.348986423e+02 -4.812135769e+01 -4.812135769e+01 -3.3107e-01 -2.3715e+00 -2.9646e+00 +5.7928e-01 -4.8848e-02 +7.9000e-01 -1.2611e+00 -9.0647e-01 +4.5812e+00 +1.3287e+00
107 0 +1.322571259e+02 -5.076287409e+01 -5.076287409e+01 +2.9634e+00 -1.9233e+00 -1.5013e+00 +5.7625e-01 +1.2191e+00 +3.2900e-01 +1.8154e+00 -1.9146e+00 +3.4912e+00 +3.7507e+00
121 0 +1.308358271e+02 -5.218417285e+01 -5.218417285e+01 -4.3154e-01 -2.2056e-01 -3.2731e+00 +1.0195e+00 +9.5377e-01 -1.9326e+00 -8.9024e-01 -2.6873e+00 +2.0827e+00 +4.3627e+00
139 0 +1.177868725e+02 -6.523312751e+01 -6.523312751e+01 +3.2579e+00 -1.2091e+00 +2.0966e+00 +3.7845e+00 -2.6603e+00 +2.0417e+00 -2.4458e+00 -3.7862e+00 +3.5672e+00 +1.6983e+00
154 0 +1.051281831e+02 -7.789181694e+01 -7.789181694e+01 -1.7075e-01 +1.9637e-01 +1.3259e+00 +2.9975e+00 -1.5247e+00 +8.2354e-01 -4.6782e+00 -4.8108e+00 +3.3799e+00 +2.4388e+00
156 0 +8.138602443e+01 -1.016339756e+02 -1.016339756e+02 +2.9821e+00 -4.4511e+00 -1.5100e+00 +4.2586e+00 -5.9404e-01 +2.1812e+00 -3.6109e+00 -4.4993e+00 +4.5114e+00 +3.2732e+00
201 0 +7.849619945e+01 -1.045238005e+02 -1.045238005e+02 +1.2367e+00 +1.4861e+00 +3.3599e+00 -2.5769e+00 -2.9144e+00 +3.6355e+00 -4.8221e+00 -2.9622e+00 +2.8472e+00 +4.3227e+00
301 0 +5.883179707e+01 -1.241882029e+02 -1.241882029e+02 +4.9536e+00 +3.0696e+00 -4.9622e-01 -3.1674e+00 -2.7833e-01 +4.3574e+00 -4.5008e+00 -4.8989e+00 +4.2534e+00 +3.7249e+00
354 0 +5.692533981e+01 -1.260946602e+02 -1.260946602e+02 -1.3377e+00 -3.0220e+00 -3.6642e+00 -2.2820e+00 -3.8124e+00 +4.1006e+00 -4.5315e+00 -4.3937e+00 +4.6762e+00 +2.4905e+00
404 0 +5.559098947e+01 -1.274290105e+02 -1.274290105e+02 +1.8619e+00 -4.3205e+00 -3.4440e+00 -3.3039e+00 -1.6750e+00 +4.5521e+00 -1.3583e+00 -3.8373e+00 +3.7842e+00 +4.8823e+00
502 0 +5.266301107e+01 -1.303569889e+02 -1.303569889e+02 +4.5379e+00 +2.1961e+00 -2.2431e+00 -2.6511e+00 -1.5249e+00 +4.3805e+00 -4.6784e+00 -3.3329e+00 +4.5699e+00 +4.3465e+00
515 0 +5.245041352e+01 -1.305695865e+02 -1.305695865e+02 +2.7296e+00 -2.7402e+00 -2.2286e+00 -1.0252e+00 -3.9855e+00 +3.0605e+00 -4.2662e+00 -4.9288e+00 +4.0333e+00 +3.7036e+00
552 0 +3.761178772e+01 -1.454082123e+02 -1.454082123e+02 +3.4773e+00 -5.1760e-01 -2.6244e+00 -3.8628e+00 -7.1646e-01 +4.1396e+00 -4.6061e+00 -4.7361e+00 +4.4304e+00 +4.8945e+00
751 0 +3.044552187e+01 -1.525744781e+02 -1.525744781e+02 +3.8982e+00 -4.6663e+00 -3.6333e+00 -4.9919e+00 -4.4912e+00 +3.6713e+00 -4.8692e+00 -2.9325e+00 +4.0438e+00 +4.9980e+00
805 0 +2.907669345e+01 -1.539433065e+02 -1.539433065e+02 +3.2424e+00 -4.7632e+00 -3.3775e+00 -2.9375e+00 -4.8081e+00 +3.2448e+00 -4.0194e+00 -4.2228e+00 +4.9930e+00 +4.6243e+00
851 0 +1.893001698e+01 -1.640899830e+02 -1.640899830e+02 +3.6223e+00 -2.6621e+00 -2.6873e+00 -3.6468e+00 -4.1073e+00 +4.2154e+00 -4.7131e+00 -4.9806e+00 +4.9044e+00 +4.9732e+00
951 0 +1.777931339e+01 -1.652406866e+02 -1.652406866e+02 +4.0117e+00 -4.1240e+00 -4.2080e+00 -3.9243e+00 -4.5766e+00 +4.1615e+00 -4.4721e+00 -4.5838e+00 +4.8810e+00 +4.8037e+00
1151 0 +1.610541340e+01 -1.669145866e+02 -1.669145866e+02 +4.8838e+00 -4.3007e+00 -4.9076e+00 -4.1601e+00 -3.7435e+00 +4.6564e+00 -4.3550e+00 -4.5194e+00 +4.9615e+00 +4.7782e+00
1201 0 +1.477075159e+01 -1.682492484e+02 -1.682492484e+02 +4.4760e+00 -4.9602e+00 -4.6820e+00 -4.3587e+00 -4.0112e+00 +4.6193e+00 -4.3969e+00 -4.8179e+00 +4.7096e+00 +4.7976e+00
1252 0 +1.258897418e+01 -1.704310258e+02 -1.704310258e+02 +4.2317e+00 -4.9467e+00 -4.7777e+00 -4.2717e+00 -4.8344e+00 +4.9814e+00 -4.8449e+00 -4.3294e+00 +4.9225e+00 +4.6056e+00
1301 0 +7.814626636e+00 -1.752053734e+02 -1.752053734e+02 +4.6637e+00 -4.7124e+00 -4.9332e+00 -4.4977e+00 -4.9383e+00 +4.6528e+00 -4.6262e+00 -4.7654e+00 +4.9975e+00 +4.8667e+00
1651 0 +5.619927146e+00 -1.774000729e+02 -1.774000729e+02 +4.9559e+00 -4.9648e+00 -4.8573e+00 -4.5474e+00 -4.7088e+00 +4.5811e+00 -4.9280e+00 -4.7682e+00 +4.9873e+00 +4.9821e+00
1702 0 +4.678958633e+00 -1.783410414e+02 -1.783410414e+02 +4.7060e+00 -4.8326e+00 -4.8574e+00 -4.7866e+00 -4.9389e+00 +4.8554e+00 -4.7315e+00 -4.8193e+00 +4.9501e+00 +4.9935e+00
1951 0 +3.767300690e+00 -1.792526993e+02 -1.792526993e+02 +4.7418e+00 -4.7794e+00 -4.9018e+00 -4.9896e+00 -4.9061e+00 +4.8954e+00 -4.9778e+00 -4.9728e+00 +4.7838e+00 +4.9539e+00
2001 0 +3.489113093e+00 -1.795308869e+02 -1.795308869e+02 +4.9498e+00 -4.8917e+00 -4.9534e+00 -4.8486e+00 -4.8964e+00 +4.9661e+00 -4.9810e+00 -4.9443e+00 +4.9575e+00 +4.8266e+00
2002 0 +2.947755690e+00 -1.800722443e+02 -1.800722443e+02 +4.8730e+00 -4.7587e+00 -4.9195e+00 -4.8353e+00 -4.8473e+00 +4.9741e+00 -4.9108e+00 -4.9634e+00 +4.8939e+00 +4.9953e+00
2159 0 +2.943247795e+00 -1.800767522e+02 -1.800767522e+02 +4.8133e+00 -4.8992e+00 -4.9592e+00 -4.8120e+00 -4.7477e+00 +4.9849e+00 -4.9534e+00 -4.8696e+00 +4.9786e+00 +4.9767e+00
2301 0 +2.416750199e+00 -1.806032498e+02 -1.806032498e+02 +4.8728e+00 -4.7715e+00 -4.8484e+00 -4.9758e+00 -4.8591e+00 +4.9916e+00 -4.9592e+00 -4.9606e+00 +4.9704e+00 +4.9388e+00
2352 0 +2.215008024e+00 -1.808049920e+02 -1.808049920e+02 +4.9425e+00 -4.7827e+00 -4.8963e+00 -4.9879e+00 -4.8905e+00 +4.9944e+00 -4.9282e+00 -4.9667e+00 +4.9705e+00 +4.9408e+00
2357 0 +2.206663885e+00 -1.808133361e+02 -1.808133361e+02 +4.8989e+00 -4.7542e+00 -4.9816e+00 -4.9519e+00 -4.9170e+00 +4.8272e+00 -4.9937e+00 -4.9324e+00 +4.9938e+00 +4.9681e+00
2407 0 +1.767361060e+00 -1.812526389e+02 -1.812526389e+02 +4.9038e+00 -4.8236e+00 -4.9311e+00 -4.8953e+00 -4.9290e+00 +4.9134e+00 -4.9390e+00 -4.9723e+00 +4.9948e+00 +4.9895e+00
% f evaluations | g evaluations | best noise-free fitness - Fopt (-1.026200000000e+02) + sum g_i+ | measured fitness | best measured fitness or single-digit g-values | x1 | x2...
1 0 +2.043352336e+02 +1.017152336e+02 +1.017152336e+02 +5.9671e-01 -3.8264e-02 +7.4769e-01 +1.6230e+00 -1.3415e-01 -1.3414e-01 +1.6792e+00 +8.6743e-01 -3.6947e-01 +6.4256e-01
4 0 +1.998681640e+02 +9.724816397e+01 +9.724816397e+01 -5.0171e-01 +1.9523e+00 +8.6503e-02 -9.5771e-01 +9.2254e-01 -1.1208e+00 +3.0886e-01 -1.8597e+00 -1.2282e+00 +2.9686e-01
6 0 +1.862034921e+02 +8.358349206e+01 +8.358349206e+01 +4.2408e-01 -2.8508e-01 -5.7692e-01 +7.1168e-01 +1.1310e+00 +1.0313e+00 -7.3922e-01 -2.0921e-01 +4.3126e-01 +1.0755e+00
12 0 +1.823756481e+02 +7.975564808e+01 +7.975564808e+01 -1.8188e+00 +7.3486e-02 +1.6023e-01 +2.5632e+00 -9.2361e-02 +4.0155e-01 +6.5288e-02 -1.0687e+00 +1.2428e+00 +8.5193e-01
18 0 +1.811038233e+02 +7.848382325e+01 +7.848382325e+01 -7.8951e-01 -7.1581e-01 +2.2898e-02 +4.4115e-01 +3.7669e-01 +9.2718e-01 +1.1300e-01 +1.5535e+00 -1.6466e-01 +2.8202e+00
21 0 +1.732196751e+02 +7.059967508e+01 +7.059967508e+01 +4.5779e-01 +6.6078e-01 +1.1831e+00 +1.1538e+00 -1.2777e+00 -8.3783e-01 +6.1504e-01 +6.1379e-01 +6.1505e-01 +3.9527e+00
48 0 +1.603248356e+02 +5.770483557e+01 +5.770483557e+01 -1.7505e-01 -2.2019e+00 -1.4152e+00 +1.4669e+00 +1.7450e+00 -1.4904e-01 +6.7656e-01 +4.1125e-01 +3.1789e+00 +1.2196e+00
51 0 +1.259172215e+02 +2.329722145e+01 +2.329722145e+01 -3.9582e-01 -2.6823e+00 -1.4231e+00 +1.0218e+00 -1.4752e+00 -1.2968e+00 +1.3560e+00 -3.7823e-01 +4.1407e+00 +4.2542e+00
105 0 +1.157325712e+02 +1.311257119e+01 +1.311257119e+01 -7.2908e-01 -4.8535e+00 -1.3319e+00 -3.0926e+00 +2.5072e+00 +3.4196e+00 +3.9268e+00 -2.8223e-01 +1.2920e+00 +2.3545e+00
106 0 +1.005492069e+02 -2.070793078e+00 -2.070793078e+00 -3.0744e+00 -3.6271e+00 -1.2652e+00 -2.6972e+00 +1.4092e+00 +1.8654e+00 +4.6543e-01 -2.9580e+00 +2.7228e+00 +3.6518e+00
112 0 +9.663534037e+01 -5.984659627e+00 -5.984659627e+00 -3.9566e+00 -9.7753e-01 -2.0921e+00 -6.7996e-01 +5.7951e-01 +7.3223e-01 +3.6888e+00 -1.5875e+00 +4.2824e+00 +3.3499e+00
151 0 +6.318964978e+01 -3.943035022e+01 -3.943035022e+01 -1.9164e+00 +6.2031e-01 -4.5704e+00 -3.2918e+00 +2.7633e+00 +4.6051e+00 +2.8940e+00 -1.9682e+00 +4.2885e+00 +4.2652e+00
201 0 +5.178671778e+01 -5.083328222e+01 -5.083328222e+01 -2.6127e+00 +4.2844e+00 -4.7125e+00 -4.4065e+00 +1.8582e+00 +3.0541e+00 +4.6028e+00 -3.8697e+00 +4.9891e+00 +3.8789e+00
502 0 +4.983493163e+01 -5.278506837e+01 -5.278506837e+01 -4.7704e+00 -2.3860e+00 -4.8787e+00 +5.0992e-02 +1.0639e+00 +4.5470e+00 +2.3527e+00 -4.6665e+00 +4.9807e+00 +4.1872e+00
503 0 +3.735917855e+01 -6.526082145e+01 -6.526082145e+01 +1.0501e+00 -2.0764e+00 -4.4296e+00 -1.8808e+00 +3.7692e+00 +3.1516e+00 +3.6599e+00 -4.9878e+00 +4.5570e+00 +4.9929e+00
701 0 +2.965320734e+01 -7.296679266e+01 -7.296679266e+01 -1.7308e+00 -3.1329e+00 -4.0604e+00 -3.4212e+00 +3.1037e+00 +3.9408e+00 +3.9024e+00 -4.3314e+00 +4.9898e+00 +4.9261e+00
801 0 +2.012610138e+01 -8.249389862e+01 -8.249389862e+01 -1.4579e+00 -3.5024e+00 -4.6873e+00 -4.0427e+00 +4.8097e+00 +4.3437e+00 +4.4225e+00 -4.7818e+00 +4.5518e+00 +4.8282e+00
1001 0 +1.809778528e+01 -8.452221472e+01 -8.452221472e+01 -4.2869e+00 -3.4964e+00 -3.9398e+00 -4.5474e+00 +3.8741e+00 +4.9416e+00 +4.1036e+00 -4.9419e+00 +4.4527e+00 +4.9391e+00
1101 0 +1.623512368e+01 -8.638487632e+01 -8.638487632e+01 -3.8576e+00 -4.9832e+00 -4.4159e+00 -4.4737e+00 +3.7731e+00 +4.4729e+00 +4.5470e+00 -4.6517e+00 +4.7494e+00 +4.8476e+00
1201 0 +9.006761551e+00 -9.361323845e+01 -9.361323845e+01 -4.6329e+00 -4.3674e+00 -4.4156e+00 -4.9293e+00 +4.6283e+00 +4.5111e+00 +4.8158e+00 -4.8206e+00 +4.9811e+00 +4.8172e+00
1451 0 +4.989388348e+00 -9.763061165e+01 -9.763061165e+01 -4.6657e+00 -4.8926e+00 -4.8946e+00 -4.6863e+00 +4.8647e+00 +4.6014e+00 +4.8773e+00 -4.9120e+00 +4.9111e+00 +4.9930e+00
1756 0 +4.767972341e+00 -9.785202766e+01 -9.785202766e+01 -4.7632e+00 -4.8125e+00 -4.6663e+00 -4.8825e+00 +4.7106e+00 +4.9844e+00 +4.8826e+00 -4.8308e+00 +4.8783e+00 +4.9884e+00
1802 0 +4.689766778e+00 -9.793023322e+01 -9.793023322e+01 -4.5059e+00 -4.9050e+00 -4.8479e+00 -4.8148e+00 +4.7428e+00 +4.8304e+00 +4.9329e+00 -4.9741e+00 +4.8762e+00 +4.9330e+00
1901 0 +3.631253044e+00 -9.898874696e+01 -9.898874696e+01 -4.9115e+00 -4.6646e+00 -4.9397e+00 -4.9379e+00 +4.8138e+00 +4.9081e+00 +4.7949e+00 -4.9155e+00 +4.9469e+00 +4.9842e+00
1905 0 +3.053724499e+00 -9.956627550e+01 -9.956627550e+01 -4.9105e+00 -4.7568e+00 -4.8098e+00 -4.7138e+00 +4.9714e+00 +4.9130e+00 +4.8877e+00 -4.9461e+00 +4.9928e+00 +4.9577e+00
2051 0 +2.269474182e+00 -1.003505258e+02 -1.003505258e+02 -4.9362e+00 -4.6356e+00 -4.9940e+00 -4.9463e+00 +4.9836e+00 +4.9891e+00 +4.9642e+00 -4.9634e+00 +4.9362e+00 +4.9355e+00
2223 0 +1.867931682e+00 -1.007520683e+02 -1.007520683e+02 -4.7607e+00 -4.9169e+00 -4.9487e+00 -4.9538e+00 +4.9678e+00 +4.9447e+00 +4.9349e+00 -4.9534e+00 +4.9434e+00 +4.9971e+00
2354 0 +1.796720040e+00 -1.008232800e+02 -1.008232800e+02 -4.9502e+00 -4.9593e+00 -4.9656e+00 -4.9412e+00 +4.9265e+00 +4.9672e+00 +4.9342e+00 -4.9910e+00 +4.9729e+00 +4.9382e+00
