% f evaluations | g evaluations | best noise-free fitness - Fopt (-1.694000000000e+01) + sum g_i+ | measured fitness | best measured fitness or single-digit g-values | x1 | x2...
1 0 +7.031522943e+01 +5.337522943e+01 +5.337522943e+01 +5.9671e-01 -3.8264e-02
2 0 +3.077541350e+01 +1.383541350e+01 +1.383541350e+01 +7.4769e-01 +1.6230e+00
4 0 +9.559170567e+00 -7.380829433e+00 -7.380829433e+00 +1.6792e+00 +8.6743e-01
21 0 +5.775634514e+00 -1.116436549e+01 -1.116436549e+01 +2.4388e+00 +2.7339e+00
26 0 +2.168312724e+00 -1.477168728e+01 -1.477168728e+01 +3.3572e+00 +1.3667e+00
46 0 +1.525871108e+00 -1.541412889e+01 -1.541412889e+01 +4.0599e+00 +1.3412e+00
57 0 +1.078616633e+00 -1.586138337e+01 -1.586138337e+01 +4.0164e+00 +1.8835e+00
66 0 +1.027431301e+00 -1.591256870e+01 -1.591256870e+01 +3.2592e+00 +2.4209e+00
70 0 +6.103961273e-01 -1.632960387e+01 -1.632960387e+01 +3.6347e+00 +2.1429e+00
86 0 +4.278839161e-01 -1.651211608e+01 -1.651211608e+01 +3.7877e+00 +2.2831e+00
111 0 +3.882822243e-01 -1.655171778e+01 -1.655171778e+01 +3.6162e+00 +2.8890e+00
114 0 +3.793427733e-01 -1.656065723e+01 -1.656065723e+01 +3.7660e+00 +2.5728e+00
135 0 +2.467645961e-01 -1.669323540e+01 -1.669323540e+01 +3.5301e+00 +2.7571e+00
145 0 +1.899136339e-01 -1.675008637e+01 -1.675008637e+01 +3.6689e+00 +2.6206e+00
153 0 +9.388258669e-02 -1.684611741e+01 -1.684611741e+01 +3.6491e+00 +2.5419e+00
155 0 +5.975021382e-02 -1.688024979e+01 -1.688024979e+01 +3.6488e+00 +2.6049e+00
182 0 +1.648644444e-02 -1.692351356e+01 -1.692351356e+01 +3.6538e+00 +2.5585e+00
209 0 +6.461457868e-03 -1.693353854e+01 -1.693353854e+01 +3.6564e+00 +2.5507e+00
330 0 +3.321074329e-03 -1.693667893e+01 -1.693667893e+01 +3.6555e+00 +2.5482e+00
345 0 +3.042212223e-03 -1.693695779e+01 -1.693695779e+01 +3.6551e+00 +2.5525e+00
346 0 +3.034885638e-03 -1.693696511e+01 -1.693696511e+01 +3.6552e+00 +2.5526e+00
380 0 +2.495634745e-03 -1.693750437e+01 -1.693750437e+01 +3.6558e+00 +2.5508e+00
482 0 +2.420685481e-03 -1.693757931e+01 -1.693757931e+01 +3.6558e+00 +2.5509e+00
494 0 +1.187227857e-03 -1.693881277e+01 -1.693881277e+01 +3.6556e+00 +2.5504e+00
% f evaluations | g evaluations | best noise-free fitness - Fopt (1.881000000000e+01) + sum g_i+ | measured fitness | best measured fitness or single-digit g-values | x1 | x2...
1 0 +6.942990112e+00 +2.575299011e+01 +2.575299011e+01 +5.9671e-01 -3.8264e-02
2 0 +1.906153911e+00 +2.071615391e+01 +2.071615391e+01 +7.4769e-01 +1.6230e+00
18 0 +1.638129291e+00 +2.044812929e+01 +2.044812929e+01 +5.4824e-01 +1.4950e+00
38 0 +1.133426566e+00 +1.994342657e+01 +1.994342657e+01 +8.1410e-01 +1.8064e+00
42 0 +5.280112504e-01 +1.933801125e+01 +1.933801125e+01 +4.3003e-01 +1.6949e+00
52 0 +2.705955556e-01 +1.908059556e+01 +1.908059556e+01 -9.1373e-02 +1.7515e+00
99 0 +1.635865798e-01 +1.897358658e+01 +1.897358658e+01 -2.8825e-01 +1.7471e+00
114 0 +1.275559543e-01 +1.893755595e+01 +1.893755595e+01 -2.4769e-01 +1.8105e+00
161 0 +6.839129494e-02 +1.887839129e+01 +1.887839129e+01 -1.1986e-01 +1.7650e+00
177 0 +2.674906598e-02 +1.883674907e+01 +1.883674907e+01 -1.7424e-01 +1.7772e+00
191 0 +3.535060067e-03 +1.881353506e+01 +1.881353506e+01 -1.9234e-01 +1.7799e+00
276 0 +3.046482044e-03 +1.881304648e+01 +1.881304648e+01 -1.9184e-01 +1.7812e+00
277 0 +1.148090743e-03 +1.881114809e+01 +1.881114809e+01 -1.9209e-01 +1.7806e+00
306 0 +1.016201242e-03 +1.881101620e+01 +1.881101620e+01 -1.9182e-01 +1.7811e+00
316 0 +3.653978533e-04 +1.881036540e+01 +1.881036540e+01 -1.9132e-01 +1.7809e+00
344 0 +3.440188042e-04 +1.881034402e+01 +1.881034402e+01 -1.9135e-01 +1.7808e+00
345 0 +3.199418235e-04 +1.881031994e+01 +1.881031994e+01 -1.9133e-01 +1.7809e+00
373 0 +2.561356201e-04 +1.881025614e+01 +1.881025614e+01 -1.9101e-01 +1.7808e+00
375 0 +2.333240236e-04 +1.881023332e+01 +1.881023332e+01 -1.9143e-01 +1.7808e+00
385 0 +2.295271609e-04 +1.881022953e+01 +1.881022953e+01 -1.9106e-01 +1.7808e+00
417 0 +6.910847465e-05 +1.881006911e+01 +1.881006911e+01 -1.9121e-01 +1.7808e+00
461 0 +3.527920634e-05 +1.881003528e+01 +1.881003528e+01 -1.9121e-01 +1.7808e+00
472 0 +2.907960184e-05 +1.881002908e+01 +1.881002908e+01 -1.9122e-01 +1.7808e+00
487 0 +1.843333942e-05 +1.881001843e+01 +1.881001843e+01 -1.9120e-01 +1.7808e+00
% f evaluations | g evaluations | best noise-free fitness - Fopt (2.731500000000e+02) + sum g_i+ | measured fitness | best measured fitness or single-digit g-values | x1 | x2...
1 0 +1.915563684e+01 +2.923056368e+02 +2.923056368e+02 +5.9671e-01 -3.8264e-02
8 0 +1.172421566e+01 +2.848742157e+02 +2.848742157e+02 -1.6249e+00 -4.6229e-01
21 0 +4.323597192e+00 +2.774735972e+02 +2.774735972e+02 -4.1060e+00 +6.8597e-01
33 0 +3.219464916e+00 +2.763694649e+02 +2.763694649e+02 -4.1327e+00 +1.2075e+00
70 0 +3.294270536e-02 +2.731829427e+02 +2.731829427e+02 -3.5927e+00 +3.7239e+00
199 0 +1.039048215e-02 +2.731603905e+02 +2.731603905e+02 -3.5747e+00 +3.7588e+00
298 0 +7.552690964e-03 +2.731575527e+02 +2.731575527e+02 -3.5762e+00 +3.7548e+00
335 0 +2.751665758e-03 +2.731527517e+02 +2.731527517e+02 -3.5789e+00 +3.7548e+00
418 0 +1.845296919e-03 +2.731518453e+02 +2.731518453e+02 -3.5787e+00 +3.7549e+00
428 0 +9.894657055e-04 +2.731509895e+02 +2.731509895e+02 -3.5787e+00 +3.7544e+00
447 0 +2.370230256e-04 +2.731502370e+02 +2.731502370e+02 -3.5791e+00 +3.7538e+00
472 0 +2.297972196e-04 +2.731502298e+02 +2.731502298e+02 -3.5792e+00 +3.7537e+00
% f evaluations | g evaluations | best noise-free fitness - Fopt (3.718000000000e+01) + sum g_i+ | measured fitness | best measured fitness or single-digit g-values | x1 | x2...
1 0 +2.809391165e+01 +6.527391165e+01 +6.527391165e+01 +5.9671e-01 -3.8264e-02
2 0 +1.487796505e+01 +5.205796505e+01 +5.205796505e+01 +7.4769e-01 +1.6230e+00
4 0 +9.230360559e+00 +4.641036056e+01 +4.641036056e+01 +1.6792e+00 +8.6743e-01
5 0 +5.298824688e+00 +4.247882469e+01 +4.247882469e+01 -3.6947e-01 +6.4256e-01
13 0 +5.147449785e+00 +4.232744978e+01 +4.232744978e+01 +6.4622e-02 +7.1590e-01
22 0 +4.001783166e+00 +4.118178317e+01 +4.118178317e+01 -1.2112e+00 +8.9594e-01
33 0 +3.431963592e+00 +4.061196359e+01 +4.061196359e+01 -8.4922e-01 +1.5770e+00
35 0 +3.147149395e+00 +4.032714939e+01 +4.032714939e+01 -9.9400e-01 +1.4987e+00
51 0 +2.631831465e+00 +3.981183146e+01 +3.981183146e+01 -2.8981e+00 +1.2595e+00
66 0 +1.355790822e+00 +3.853579082e+01 +3.853579082e+01 -2.9163e+00 +2.1131e+00
99 0 +1.029034652e+00 +3.820903465e+01 +3.820903465e+01 -3.4837e+00 +1.7284e+00
125 0 +7.038662500e-01 +3.788386625e+01 +3.788386625e+01 -3.8218e+00 +2.2051e+00
129 0 +5.754837858e-01 +3.775548379e+01 +3.775548379e+01 -3.6266e+00 +1.9732e+00
139 0 +3.757999536e-01 +3.755579995e+01 +3.755579995e+01 -3.6043e+00 +2.1513e+00
147 0 +3.703769042e-01 +3.755037690e+01 +3.755037690e+01 -3.7029e+00 +2.0078e+00
151 0 +2.794247401e-01 +3.745942474e+01 +3.745942474e+01 -3.6802e+00 +2.0987e+00
152 0 +1.663044995e-01 +3.734630450e+01 +3.734630450e+01 -3.8405e+00 +2.1226e+00
179 0 +9.852528802e-02 +3.727852529e+01 +3.727852529e+01 -3.9059e+00 +2.0301e+00
185 0 +6.412581937e-02 +3.724412582e+01 +3.724412582e+01 -3.8442e+00 +2.0557e+00
191 0 +3.764174581e-02 +3.721764175e+01 +3.721764175e+01 -3.8917e+00 +2.0714e+00
205 0 +2.589646309e-02 +3.720589646e+01 +3.720589646e+01 -3.9157e+00 +2.0638e+00
222 0 +1.423688377e-02 +3.719423688e+01 +3.719423688e+01 -3.9020e+00 +2.0632e+00
254 0 +6.945547944e-03 +3.718694555e+01 +3.718694555e+01 -3.9008e+00 +2.0604e+00
302 0 +3.333271009e-03 +3.718333327e+01 +3.718333327e+01 -3.8979e+00 +2.0591e+00
303 0 +2.164502934e-03 +3.718216450e+01 +3.718216450e+01 -3.8991e+00 +2.0598e+00
331 0 +1.480063699e-03 +3.718148006e+01 +3.718148006e+01 -3.8987e+00 +2.0602e+00
337 0 +9.999383214e-04 +3.718099994e+01 +3.718099994e+01 -3.8996e+00 +2.0603e+00
344 0 +6.224803261e-04 +3.718062248e+01 +3.718062248e+01 -3.8992e+00 +2.0601e+00
374 0 +5.720913004e-04 +3.718057209e+01 +3.718057209e+01 -3.8989e+00 +2.0599e+00
390 0 +3.973185553e-04 +3.718039732e+01 +3.718039732e+01 -3.8994e+00 +2.0599e+00
394 0 +2.520392131e-04 +3.718025204e+01 +3.718025204e+01 -3.8994e+00 +2.0600e+00
421 0 +2.382685473e-04 +3.718023827e+01 +3.718023827e+01 -3.8994e+00 +2.0600e+00
442 0 +3.817531201e-05 +3.718003818e+01 +3.718003818e+01 -3.8992e+00 +2.0600e+00
445 0 +3.035551001e-05 +3.718003036e+01 +3.718003036e+01 -3.8992e+00 +2.0600e+00
497 0 +2.957698763e-05 +3.718002958e+01 +3.718002958e+01 -3.8992e+00 +2.0600e+00
% f evaluations | g evaluations | best noise-free fitness - Fopt (-1.479000000000e+02) + sum g_i+ | measured fitness | best measured fitness or single-digit g-values | x1 | x2...
1 0 +3.179527156e+01 -1.161047284e+02 -1.161047284e+02 +5.9671e-01 -3.8264e-02
2 0 +2.107928318e+01 -1.268207168e+02 -1.268207168e+02 +7.4769e-01 +1.6230e+00
3 0 +9.063765354e+00 -1.388362346e+02 -1.388362346e+02 -1.3415e-01 -1.3414e-01
5 0 +5.181625312e+00 -1.427183747e+02 -1.427183747e+02 -3.6947e-01 +6.4256e-01
8 0 +2.523007955e+00 -1.453769920e+02 -1.453769920e+02 -1.6249e+00 -4.6229e-01
16 0 +1.613100380e+00 -1.462868996e+02 -1.462868996e+02 -1.2664e+00 -5.7508e-01
32 0 +8.361051713e-01 -1.470638948e+02 -1.470638948e+02 -1.9543e+00 +4.1242e-01
47 0 +5.390722927e-01 -1.473609277e+02 -1.473609277e+02 -1.6730e+00 +5.9103e-02
78 0 +3.120018263e-01 -1.475879982e+02 -1.475879982e+02 -1.7792e+00 +1.4950e-01
89 0 +2.291984604e-01 -1.476708015e+02 -1.476708015e+02 -1.7002e+00 +9.0075e-02
121 0 +1.281549348e-01 -1.477718451e+02 -1.477718451e+02 -1.6759e+00 +1.0071e-01
122 0 +9.787349451e-02 -1.478021265e+02 -1.478021265e+02 -1.7129e+00 +2.0442e-01
139 0 +5.837621736e-02 -1.478416238e+02 -1.478416238e+02 -1.6497e+00 +9.7551e-02
169 0 +5.764872756e-02 -1.478423513e+02 -1.478423513e+02 -1.6343e+00 +1.3376e-01
176 0 +5.761583236e-02 -1.478423842e+02 -1.478423842e+02 -1.6662e+00 +1.5973e-01
184 0 +1.757787524e-02 -1.478824221e+02 -1.478824221e+02 -1.6564e+00 +1.2753e-01
192 0 +8.969150062e-03 -1.478910308e+02 -1.478910308e+02 -1.6639e+00 +1.3123e-01
207 0 +7.649862618e-03 -1.478923501e+02 -1.478923501e+02 -1.6709e+00 +1.3233e-01
242 0 +2.547699474e-03 -1.478974523e+02 -1.478974523e+02 -1.6698e+00 +1.3428e-01
311 0 +1.544405428e-03 -1.478984556e+02 -1.478984556e+02 -1.6699e+00 +1.3521e-01
322 0 +1.001472634e-03 -1.478989985e+02 -1.478989985e+02 -1.6701e+00 +1.3495e-01
337 0 +9.829849003e-04 -1.478990170e+02 -1.478990170e+02 -1.6708e+00 +1.3588e-01
346 0 +3.174601226e-04 -1.478996825e+02 -1.478996825e+02 -1.6704e+00 +1.3514e-01
385 0 +1.550243659e-04 -1.478998450e+02 -1.478998450e+02 -1.6704e+00 +1.3523e-01
454 0 +2.922324310e-05 -1.478999708e+02 -1.478999708e+02 -1.6704e+00 +1.3518e-01
% f evaluations | g evaluations | best noise-free fitness - Fopt (4.817100000000e+02) + sum g_i+ | measured fitness | best measured fitness or single-digit g-values | x1 | x2...
1 0 +1.164397629e+01 +4.933539763e+02 +4.933539763e+02 +5.9671e-01 -3.8264e-02
7 0 +1.025353710e+01 +4.919635371e+02 +4.919635371e+02 +3.4196e-01 -1.8133e+00
11 0 +3.132702764e+00 +4.848427028e+02 +4.848427028e+02 +2.0752e+00 -1.7351e+00
15 0 +1.860606518e+00 +4.835706065e+02 +4.835706065e+02 +1.6351e+00 -2.3116e+00
32 0 +1.086024566e+00 +4.827960246e+02 +4.827960246e+02 +1.2612e+00 -1.9887e+00
64 0 +5.398075942e-01 +4.822498076e+02 +4.822498076e+02 +8.7037e-01 -2.7884e+00
78 0 +4.607070837e-01 +4.821707071e+02 +4.821707071e+02 +1.0715e+00 -2.9058e+00
79 0 +1.573080295e-01 +4.818673080e+02 +4.818673080e+02 +1.0518e+00 -2.8002e+00
131 0 +9.835565484e-02 +4.818083557e+02 +4.818083557e+02 +1.0490e+00 -2.8769e+00
192 0 +4.521488822e-02 +4.817552149e+02 +4.817552149e+02 +1.0520e+00 -2.9993e+00
219 0 +3.795131435e-02 +4.817479513e+02 +4.817479513e+02 +1.0416e+00 -2.9574e+00
226 0 +3.564636086e-02 +4.817456464e+02 +4.817456464e+02 +1.0306e+00 -3.0162e+00
256 0 +2.524851370e-02 +4.817352485e+02 +4.817352485e+02 +1.0393e+00 -2.9844e+00
294 0 +1.471475864e-03 +4.817114715e+02 +4.817114715e+02 +1.0406e+00 -3.0007e+00
313 0 +1.157336704e-03 +4.817111573e+02 +4.817111573e+02 +1.0406e+00 -3.0016e+00
386 0 +2.435274351e-04 +4.817102435e+02 +4.817102435e+02 +1.0407e+00 -3.0010e+00
421 0 +2.397607275e-04 +4.817102398e+02 +4.817102398e+02 +1.0408e+00 -3.0005e+00
496 0 +2.312100800e-04 +4.817102312e+02 +4.817102312e+02 +1.0408e+00 -3.0006e+00
499 0 +2.294867697e-04 +4.817102295e+02 +4.817102295e+02 +1.0408e+00 -3.0006e+00
% f evaluations | g evaluations | best noise-free fitness - Fopt (-3.646000000000e+01) + sum g_i+ | measured fitness | best measured fitness or single-digit g-values | x1 | x2...
1 0 +3.988263522e+01 +3.422635223e+00 +3.422635223e+00 +5.9671e-01 -3.8264e-02
4 0 +2.113645673e+01 -1.532354327e+01 -1.532354327e+01 +1.6792e+00 +8.6743e-01
7 0 +3.923936627e+00 -3.253606337e+01 -3.253606337e+01 +3.4196e-01 -1.8133e+00
83 0 +2.843589121e+00 -3.361641088e+01 -3.361641088e+01 +7.3420e-01 -1.6697e+00
88 0 +2.427191889e+00 -3.403280811e+01 -3.403280811e+01 +7.0442e-01 -1.6664e+00
91 0 +2.136155106e+00 -3.432384489e+01 -3.432384489e+01 +1.2963e+00 -1.9929e+00
133 0 +2.136050405e+00 -3.432394959e+01 -3.432394959e+01 +2.3361e+00 -2.2934e+00
135 0 +1.026241334e+00 -3.543375867e+01 -3.543375867e+01 +2.4967e+00 -2.8310e+00
160 0 +5.292222080e-01 -3.593077779e+01 -3.593077779e+01 +2.4405e+00 -3.2621e+00
176 0 +3.690159365e-01 -3.609098406e+01 -3.609098406e+01 +1.8813e+00 -2.5831e+00
203 0 +9.790129096e-02 -3.636209871e+01 -3.636209871e+01 +2.0989e+00 -2.7553e+00
215 0 +3.195233944e-02 -3.642804766e+01 -3.642804766e+01 +2.1156e+00 -2.8559e+00
272 0 +1.764494854e-02 -3.644235505e+01 -3.644235505e+01 +2.1145e+00 -2.8458e+00
306 0 +1.078853291e-02 -3.644921147e+01 -3.644921147e+01 +2.1246e+00 -2.8469e+00
311 0 +3.548548166e-03 -3.645645145e+01 -3.645645145e+01 +2.1229e+00 -2.8477e+00
344 0 +2.874356559e-03 -3.645712564e+01 -3.645712564e+01 +2.1224e+00 -2.8478e+00
374 0 +1.378520165e-03 -3.645862148e+01 -3.645862148e+01 +2.1211e+00 -2.8462e+00
376 0 +1.324436699e-03 -3.645867556e+01 -3.645867556e+01 +2.1219e+00 -2.8478e+00
403 0 +9.965423360e-04 -3.645900346e+01 -3.645900346e+01 +2.1213e+00 -2.8464e+00
405 0 +9.828446938e-04 -3.645901716e+01 -3.645901716e+01 +2.1210e+00 -2.8465e+00
419 0 +5.189830119e-04 -3.645948102e+01 -3.645948102e+01 +2.1218e+00 -2.8475e+00
429 0 +5.047805282e-04 -3.645949522e+01 -3.645949522e+01 +2.1217e+00 -2.8475e+00
430 0 +3.293774108e-04 -3.645967062e+01 -3.645967062e+01 +2.1216e+00 -2.8472e+00
440 0 +2.359482302e-04 -3.645976405e+01 -3.645976405e+01 +2.1217e+00 -2.8474e+00
478 0 +2.324768134e-04 -3.645976752e+01 -3.645976752e+01 +2.1216e+00 -2.8473e+00
481 0 +2.111934817e-04 -3.645978881e+01 -3.645978881e+01 +2.1216e+00 -2.8472e+00
497 0 +2.955972376e-05 -3.645997044e+01 -3.645997044e+01 +2.1216e+00 -2.8472e+00
% f evaluations | g evaluations | best noise-free fitness - Fopt (3.920000000000e+01) + sum g_i+ | measured fitness | best measured fitness or single-digit g-values | x1 | x2...
1 0 +1.326631129e+01 +5.246631129e+01 +5.246631129e+01 +5.9671e-01 -3.8264e-02
4 0 +5.741761308e+00 +4.494176131e+01 +4.494176131e+01 +1.6792e+00 +8.6743e-01
15 0 +5.583413631e+00 +4.478341363e+01 +4.478341363e+01 +1.8713e+00 +1.6677e+00
17 0 +3.190881638e+00 +4.239088164e+01 +4.239088164e+01 +2.2936e+00 +1.1065e+00
29 0 +2.698701213e+00 +4.189870121e+01 +4.189870121e+01 +3.1435e+00 +1.0277e+00
32 0 +1.415209599e+00 +4.061520960e+01 +4.061520960e+01 +4.3882e+00 +1.8556e+00
58 0 +9.541113583e-01 +4.015411136e+01 +4.015411136e+01 +3.5622e+00 +1.8221e+00
69 0 +7.458115770e-01 +3.994581158e+01 +3.994581158e+01 +3.8009e+00 +1.3495e+00
70 0 +6.311080886e-01 +3.983110809e+01 +3.983110809e+01 +3.6607e+00 +1.4279e+00
72 0 +9.841832171e-02 +3.929841832e+01 +3.929841832e+01 +3.7222e+00 +1.6546e+00
122 0 +6.813577764e-02 +3.926813578e+01 +3.926813578e+01 +3.7503e+00 +1.6798e+00
193 0 +3.854015334e-02 +3.923854015e+01 +3.923854015e+01 +3.7136e+00 +1.6059e+00
195 0 +3.770952375e-02 +3.923770952e+01 +3.923770952e+01 +3.6986e+00 +1.5974e+00
206 0 +9.107696586e-03 +3.920910770e+01 +3.920910770e+01 +3.7229e+00 +1.6334e+00
284 0 +3.641533108e-03 +3.920364153e+01 +3.920364153e+01 +3.7212e+00 +1.6272e+00
293 0 +3.595549743e-03 +3.920359555e+01 +3.920359555e+01 +3.7217e+00 +1.6279e+00
294 0 +3.154593307e-03 +3.920315459e+01 +3.920315459e+01 +3.7211e+00 +1.6281e+00
363 0 +3.075972133e-03 +3.920307597e+01 +3.920307597e+01 +3.7222e+00 +1.6306e+00
372 0 +3.037543965e-03 +3.920303754e+01 +3.920303754e+01 +3.7209e+00 +1.6280e+00
379 0 +3.021884064e-03 +3.920302188e+01 +3.920302188e+01 +3.7214e+00 +1.6275e+00
% f evaluations | g evaluations | best noise-free fitness - Fopt (-3.225000000000e+01) + sum g_i+ | measured fitness | best measured fitness or single-digit g-values | x1 | x2...
1 0 +1.773096966e+01 -1.451903034e+01 -1.451903034e+01 +5.9671e-01 -3.8264e-02
2 0 +6.359869553e+00 -2.589013045e+01 -2.589013045e+01 +7.4769e-01 +1.6230e+00
19 0 +5.374973247e+00 -2.687502675e+01 -2.687502675e+01 +7.5813e-01 +1.4670e+00
24 0 +5.099202764e+00 -2.715079724e+01 -2.715079724e+01 +2.1596e+00 +1.4265e+00
26 0 +5.080792499e+00 -2.716920750e+01 -2.716920750e+01 +1.6473e+00 +2.3105e+00
38 0 +5.273623178e-01 -3.172263768e+01 -3.172263768e+01 +3.8581e+00 +1.1663e+00
73 0 +3.830934817e-01 -3.186690652e+01 -3.186690652e+01 +3.6508e+00 +1.1224e+00
98 0 +2.602237558e-01 -3.198977624e+01 -3.198977624e+01 +3.4156e+00 +9.9942e-01
114 0 +2.548398567e-01 -3.199516014e+01 -3.199516014e+01 +3.5441e+00 +9.7126e-01
121 0 +1.574316295e-01 -3.209256837e+01 -3.209256837e+01 +3.3892e+00 +1.0248e+00
138 0 +9.399760363e-02 -3.215600240e+01 -3.215600240e+01 +3.6171e+00 +1.0679e+00
150 0 +5.973880959e-02 -3.219026119e+01 -3.219026119e+01 +3.6507e+00 +1.0662e+00
168 0 +4.733857625e-02 -3.220266142e+01 -3.220266142e+01 +3.5718e+00 +1.0542e+00
169 0 +4.578028776e-02 -3.220421971e+01 -3.220421971e+01 +3.5817e+00 +1.0596e+00
191 0 +1.088391847e-02 -3.223911608e+01 -3.223911608e+01 +3.5884e+00 +1.0596e+00
250 0 +9.817360688e-03 -3.224018264e+01 -3.224018264e+01 +3.5957e+00 +1.0637e+00
265 0 +3.443747136e-03 -3.224655625e+01 -3.224655625e+01 +3.5974e+00 +1.0618e+00
289 0 +1.659106774e-03 -3.224834089e+01 -3.224834089e+01 +3.5972e+00 +1.0618e+00
305 0 +1.398259934e-03 -3.224860174e+01 -3.224860174e+01 +3.5960e+00 +1.0612e+00
364 0 +8.082044698e-04 -3.224919180e+01 -3.224919180e+01 +3.5957e+00 +1.0616e+00
396 0 +2.551072206e-04 -3.224974489e+01 -3.224974489e+01 +3.5959e+00 +1.0617e+00
417 0 +2.407026301e-04 -3.224975930e+01 -3.224975930e+01 +3.5958e+00 +1.0616e+00
419 0 +2.892179870e-05 -3.224997108e+01 -3.224997108e+01 +3.5960e+00 +1.0616e+00
% f evaluations | g evaluations | best noise-free fitness - Fopt (3.681200000000e+02) + sum g_i+ | measured fitness | best measured fitness or single-digit g-values | x1 | x2...
1 0 +8.302234047e+00 +3.764222340e+02 +3.764222340e+02 +5.9671e-01 -3.8264e-02
6 0 +8.298232127e+00 +3.764182321e+02 +3.764182321e+02 -3.6342e-01 -3.6573e-01
8 0 +6.799989240e+00 +3.749199892e+02 +3.749199892e+02 -1.6249e+00 -4.6229e-01
10 0 +1.848777001e+00 +3.699687770e+02 +3.699687770e+02 -8.0802e-01 -1.3123e+00
19 0 +1.460843095e+00 +3.695808431e+02 +3.695808431e+02 -1.8186e+00 -7.9049e-01
24 0 +1.033052067e+00 +3.691530521e+02 +3.691530521e+02 -1.9029e+00 -7.9573e-01
34 0 +8.480914844e-01 +3.689680915e+02 +3.689680915e+02 -1.9100e+00 -1.0854e+00
45 0 +5.584772006e-01 +3.686784772e+02 +3.686784772e+02 -2.7872e+00 -1.1654e+00
81 0 +4.836336583e-01 +3.686036337e+02 +3.686036337e+02 -2.2982e+00 -1.2122e+00
98 0 +2.700305663e-01 +3.683900306e+02 +3.683900306e+02 -2.4633e+00 -1.1966e+00
115 0 +9.690782872e-02 +3.682169078e+02 +3.682169078e+02 -2.4752e+00 -1.1054e+00
146 0 +6.879141188e-02 +3.681887914e+02 +3.681887914e+02 -2.4505e+00 -1.0979e+00
179 0 +6.522459343e-02 +3.681852246e+02 +3.681852246e+02 -2.4998e+00 -1.0783e+00
180 0 +6.272680435e-02 +3.681827268e+02 +3.681827268e+02 -2.4838e+00 -1.0901e+00
199 0 +5.852148548e-02 +3.681785215e+02 +3.681785215e+02 -2.5037e+00 -1.0782e+00
219 0 +4.180438009e-02 +3.681618044e+02 +3.681618044e+02 -2.4562e+00 -1.0787e+00
244 0 +3.404676302e-02 +3.681540468e+02 +3.681540468e+02 -2.4866e+00 -1.0833e+00
291 0 +8.692105169e-03 +3.681286921e+02 +3.681286921e+02 -2.4580e+00 -1.0874e+00
362 0 +7.820923947e-03 +3.681278209e+02 +3.681278209e+02 -2.4585e+00 -1.0916e+00
363 0 +7.367718319e-03 +3.681273677e+02 +3.681273677e+02 -2.4616e+00 -1.0892e+00
366 0 +1.927022758e-03 +3.681219270e+02 +3.681219270e+02 -2.4639e+00 -1.0900e+00
385 0 +9.917610255e-04 +3.681209918e+02 +3.681209918e+02 -2.4623e+00 -1.0896e+00
419 0 +9.891451983e-04 +3.681209891e+02 +3.681209891e+02 -2.4626e+00 -1.0898e+00
455 0 +4.217834920e-04 +3.681204218e+02 +3.681204218e+02 -2.4632e+00 -1.0896e+00
456 0 +2.818565127e-04 +3.681202819e+02 +3.681202819e+02 -2.4630e+00 -1.0896e+00
464 0 +2.391017872e-04 +3.681202391e+02 +3.681202391e+02 -2.4631e+00 -1.0895e+00
497 0 +2.295001522e-04 +3.681202295e+02 +3.681202295e+02 -2.4630e+00 -1.0896e+00
