% f evaluations | g evaluations | best noise-free fitness - Fopt (7.135000000000e+01) + sum g_i+ | measured fitness | best measured fitness or single-digit g-values | x1 | x2...
1 0 +7.446886989e+01 +1.458188699e+02 +1.458188699e+02 +5.9671e-01 -3.8264e-02 +7.4769e-01 +1.6230e+00 -1.3415e-01
3 0 +5.113084942e+01 +1.224808494e+02 +1.224808494e+02 -3.6342e-01 -3.6573e-01 +3.4196e-01 -1.8133e+00 -1.6249e+00
18 0 +4.266526997e+01 +1.140152700e+02 +1.140152700e+02 -4.0176e-01 +1.0154e+00 +4.2875e-01 -4.2976e-01 +6.1327e-01
32 0 +3.507195369e+01 +1.064219537e+02 +1.064219537e+02 +6.7999e-01 +1.1921e+00 +5.7077e-02 +1.5652e+00 -4.7133e-01
43 0 +1.195471543e+01 +8.330471543e+01 +8.330471543e+01 -9.2555e-01 +7.9070e-02 -6.4233e-01 +8.6614e-01 -8.8935e-01
171 0 +8.524906178e+00 +7.987490618e+01 +7.987490618e+01 -6.5007e-01 -3.1164e-01 +5.2030e-01 +2.7772e-01 -9.6170e-01
210 0 +8.125230623e+00 +7.947523062e+01 +7.947523062e+01 -8.1313e-01 +2.0219e-01 +1.7257e-01 -1.8745e+00 -1.1019e+00
370 0 +6.743266336e+00 +7.809326634e+01 +7.809326634e+01 -3.2094e-01 -2.3536e-01 +4.3167e-01 +2.3571e-01 -1.0823e+00
383 0 +5.959193301e+00 +7.730919330e+01 +7.730919330e+01 -5.9579e-01 +6.2624e-02 -3.5657e-01 -7.7475e-01 -9.2562e-01
476 0 +2.917437288e+00 +7.426743729e+01 +7.426743729e+01 -5.9515e-01 +9.5670e-02 -3.2935e-01 -5.8322e-01 -1.5116e+00
567 0 +2.141397306e+00 +7.349139731e+01 +7.349139731e+01 -6.7493e-01 +1.0593e-01 -4.1132e-01 -2.7976e-01 -1.1280e+00
636 0 +1.908436411e+00 +7.325843641e+01 +7.325843641e+01 -7.1665e-01 +1.5286e-01 -4.1614e-01 -5.9591e-01 -1.0532e+00
667 0 +1.397118110e+00 +7.274711811e+01 +7.274711811e+01 -6.4374e-01 +1.7126e-01 -5.5643e-01 -1.7566e-01 -1.2957e+00
723 0 +1.275928291e+00 +7.262592829e+01 +7.262592829e+01 -5.3696e-01 +5.9795e-02 -3.1478e-01 +2.2558e-01 -1.2550e+00
724 0 +4.340114866e-01 +7.178401149e+01 +7.178401149e+01 -6.1863e-01 +1.9454e-01 -5.9694e-01 +1.7549e-01 -1.4002e+00
893 0 +1.451220665e-01 +7.149512207e+01 +7.149512207e+01 -5.8626e-01 +2.1927e-01 -6.3166e-01 +1.0737e-01 -1.3885e+00
959 0 +1.063744196e-01 +7.145637442e+01 +7.145637442e+01 -5.2331e-01 +2.0276e-01 -5.7161e-01 +3.3392e-01 -1.4220e+00
976 0 +5.236258545e-02 +7.140236259e+01 +7.140236259e+01 -5.5576e-01 +2.3262e-01 -6.1785e-01 +3.0540e-01 -1.4235e+00
1014 0 +3.813358941e-02 +7.138813359e+01 +7.138813359e+01 -5.4368e-01 +2.3519e-01 -6.4183e-01 +3.0079e-01 -1.4364e+00
1064 0 +2.673676965e-02 +7.137673677e+01 +7.137673677e+01 -5.0050e-01 +2.4341e-01 -6.4623e-01 +3.0738e-01 -1.4889e+00
1079 0 +1.944971129e-02 +7.136944971e+01 +7.136944971e+01 -4.9836e-01 +2.3950e-01 -6.4080e-01 +2.5826e-01 -1.4888e+00
1086 0 +7.375321611e-03 +7.135737532e+01 +7.135737532e+01 -5.2102e-01 +2.4342e-01 -6.3946e-01 +3.1023e-01 -1.4548e+00
1241 0 +5.624182313e-03 +7.135562418e+01 +7.135562418e+01 -5.2413e-01 +2.3813e-01 -6.3386e-01 +2.8412e-01 -1.4609e+00
% f evaluations | g evaluations | best noise-free fitness - Fopt (-3.552200000000e+02) + sum g_i+ | measured fitness | best measured fitness or single-digit g-values | x1 | x2...
1 0 +9.960213824e+01 -2.556178618e+02 -2.556178618e+02 +5.9671e-01 -3.8264e-02 +7.4769e-01 +1.6230e+00 -1.3415e-01
2 0 +9.589743832e+01 -2.593225617e+02 -2.593225617e+02 -1.3414e-01 +1.6792e+00 +8.6743e-01 -3.6947e-01 +6.4256e-01
3 0 +5.554821623e+01 -2.996717838e+02 -2.996717838e+02 -3.6342e-01 -3.6573e-01 +3.4196e-01 -1.8133e+00 -1.6249e+00
8 0 +3.140876179e+01 -3.238112382e+02 -3.238112382e+02 -1.1208e+00 +3.0886e-01 -1.8597e+00 -1.2282e+00 +2.9686e-01
62 0 +6.227258408e+00 -3.489927416e+02 -3.489927416e+02 -8.2223e-01 -2.4048e-01 -7.3852e-01 -2.6314e+00 +2.0906e-01
311 0 +4.440359224e+00 -3.507796408e+02 -3.507796408e+02 -9.6962e-01 -5.9153e-01 -2.1559e+00 +1.1589e+00 -4.4799e-02
345 0 +4.043936553e+00 -3.511760634e+02 -3.511760634e+02 -9.3202e-01 -4.6341e-01 -2.5908e+00 +7.4470e-01 -6.5442e-02
420 0 +2.437786930e+00 -3.527822131e+02 -3.527822131e+02 -5.5965e-01 -1.0637e+00 -2.5980e+00 +3.1321e-01 +1.8330e-01
453 0 +1.902379989e+00 -3.533176200e+02 -3.533176200e+02 -5.9868e-01 -1.2696e+00 -2.4302e+00 +3.9586e-01 +4.0133e-01
541 0 +1.660579379e+00 -3.535594206e+02 -3.535594206e+02 -6.9984e-01 -8.6848e-01 -2.2259e+00 +5.3849e-01 +6.2627e-02
563 0 +1.068585187e+00 -3.541514148e+02 -3.541514148e+02 -6.1549e-01 -9.9292e-01 -2.3478e+00 +6.0547e-01 +2.0481e-01
565 0 +1.038867435e+00 -3.541811326e+02 -3.541811326e+02 -6.1337e-01 -9.8741e-01 -2.4395e+00 +5.8535e-01 +1.3491e-01
578 0 +9.754921011e-01 -3.542445079e+02 -3.542445079e+02 -5.5447e-01 -1.0583e+00 -2.4728e+00 +6.1824e-01 +8.3889e-02
625 0 +9.314295450e-01 -3.542885705e+02 -3.542885705e+02 -6.1079e-01 -1.0265e+00 -2.4897e+00 +5.0416e-01 +2.2481e-01
635 0 +4.233151003e-01 -3.547966849e+02 -3.547966849e+02 -6.1054e-01 -1.1064e+00 -2.4626e+00 +7.6582e-01 +1.5400e-01
671 0 +2.519609188e-01 -3.549680391e+02 -3.549680391e+02 -5.5263e-01 -1.1212e+00 -2.6346e+00 +6.7549e-01 +1.7622e-01
682 0 +1.666497231e-01 -3.550533503e+02 -3.550533503e+02 -4.4438e-01 -1.3116e+00 -2.6569e+00 +7.1655e-01 +1.8060e-01
789 0 +1.349151467e-01 -3.550850849e+02 -3.550850849e+02 -5.4463e-01 -1.1388e+00 -2.5561e+00 +6.7235e-01 +1.8903e-01
807 0 +5.599424239e-02 -3.551640058e+02 -3.551640058e+02 -5.2340e-01 -1.1868e+00 -2.6052e+00 +6.5777e-01 +1.7995e-01
842 0 +4.657917837e-02 -3.551734208e+02 -3.551734208e+02 -5.2257e-01 -1.1995e+00 -2.6158e+00 +6.6961e-01 +1.8733e-01
847 0 +3.584076816e-02 -3.551841592e+02 -3.551841592e+02 -5.0907e-01 -1.2254e+00 -2.6034e+00 +6.8443e-01 +1.8580e-01
887 0 +3.579070266e-02 -3.551842093e+02 -3.551842093e+02 -5.3597e-01 -1.1742e+00 -2.5749e+00 +6.9995e-01 +1.7716e-01
899 0 +3.546808580e-02 -3.551845319e+02 -3.551845319e+02 -5.2784e-01 -1.1817e+00 -2.5743e+00 +6.4217e-01 +2.0208e-01
914 0 +3.231409053e-02 -3.551876859e+02 -3.551876859e+02 -4.7343e-01 -1.3106e+00 -2.6221e+00 +6.8860e-01 +1.9903e-01
923 0 +2.620136020e-02 -3.551937986e+02 -3.551937986e+02 -4.9913e-01 -1.2303e+00 -2.6059e+00 +7.0232e-01 +1.7552e-01
957 0 +7.814550796e-03 -3.552121854e+02 -3.552121854e+02 -5.2045e-01 -1.2039e+00 -2.5701e+00 +6.8216e-01 +1.9557e-01
1016 0 +4.319205930e-03 -3.552156808e+02 -3.552156808e+02 -5.1133e-01 -1.2197e+00 -2.5928e+00 +6.6871e-01 +2.0324e-01
1044 0 +2.542052746e-03 -3.552174579e+02 -3.552174579e+02 -5.0993e-01 -1.2229e+00 -2.5921e+00 +6.6517e-01 +2.0396e-01
1062 0 +1.873598583e-03 -3.552181264e+02 -3.552181264e+02 -4.9489e-01 -1.2502e+00 -2.5979e+00 +6.6727e-01 +2.1000e-01
1071 0 +9.998560101e-04 -3.552190001e+02 -3.552190001e+02 -5.0050e-01 -1.2427e+00 -2.5933e+00 +6.8093e-01 +2.0342e-01
% f evaluations | g evaluations | best noise-free fitness - Fopt (9.917000000000e+01) + sum g_i+ | measured fitness | best measured fitness or single-digit g-values | x1 | x2...
1 0 +7.486993682e+01 +1.740399368e+02 +1.740399368e+02 +5.9671e-01 -3.8264e-02 +7.4769e-01 +1.6230e+00 -1.3415e-01
6 0 +2.244151693e+01 +1.216115169e+02 +1.216115169e+02 +2.1092e-01 -1.0510e+00 +4.7570e-01 -5.0064e-01 -1.9169e-01
13 0 +1.944891373e+01 +1.186189137e+02 +1.186189137e+02 -3.7917e-01 -8.5659e-02 -1.0063e+00 -1.0962e+00 +9.1253e-01
58 0 +1.511787356e+01 +1.142878736e+02 +1.142878736e+02 +2.7790e-02 -9.3593e-01 +1.2109e-01 -9.1419e-01 +9.4503e-01
103 0 +9.269613623e+00 +1.084396136e+02 +1.084396136e+02 -1.4996e+00 -3.3485e-02 -3.7640e-01 -1.7687e+00 +1.4643e+00
234 0 +9.200065303e+00 +1.083700653e+02 +1.083700653e+02 -4.5353e-01 -5.3958e-01 +7.9678e-02 -9.4879e-01 +1.2053e+00
254 0 +3.297114852e+00 +1.024671149e+02 +1.024671149e+02 -3.9828e-01 -5.2400e-01 +2.0746e-01 -5.3277e-01 +9.3654e-01
263 0 +3.076130607e+00 +1.022461306e+02 +1.022461306e+02 -6.1853e-01 -3.1968e-01 +3.9660e-02 -8.0254e-01 +9.4580e-01
340 0 +2.869947520e+00 +1.020399475e+02 +1.020399475e+02 -6.8892e-01 -3.7244e-01 +3.3680e-02 -1.0673e+00 +1.0703e+00
382 0 +2.771882693e+00 +1.019418827e+02 +1.019418827e+02 -9.3302e-01 -2.7902e-01 -1.7120e-01 -1.2107e+00 +1.3833e+00
398 0 +1.818210060e+00 +1.009882101e+02 +1.009882101e+02 -8.9849e-01 -3.9440e-01 +3.2177e-01 -1.0064e+00 +1.3294e+00
505 0 +1.558292501e+00 +1.007282925e+02 +1.007282925e+02 -7.4600e-01 -3.2716e-01 -3.7773e-02 -1.1523e+00 +1.1992e+00
529 0 +1.398312845e+00 +1.005683128e+02 +1.005683128e+02 -7.9248e-01 -3.5879e-01 +3.8682e-02 -1.0057e+00 +1.1678e+00
540 0 +1.025345587e+00 +1.001953456e+02 +1.001953456e+02 -7.7788e-01 -4.0540e-01 +4.8242e-02 -1.0325e+00 +1.1799e+00
545 0 +1.010503096e+00 +1.001805031e+02 +1.001805031e+02 -7.3215e-01 -4.1893e-01 -7.1789e-02 -1.1459e+00 +1.1923e+00
559 0 +9.306526065e-01 +1.001006526e+02 +1.001006526e+02 -7.2070e-01 -3.9560e-01 -7.9480e-02 -1.0916e+00 +1.1545e+00
582 0 +5.269199974e-01 +9.969692000e+01 +9.969692000e+01 -6.6838e-01 -4.3977e-01 -1.7229e-01 -1.0718e+00 +1.2279e+00
780 0 +5.138303328e-01 +9.968383033e+01 +9.968383033e+01 -6.7565e-01 -4.1788e-01 -2.5815e-01 -1.0577e+00 +1.3099e+00
840 0 +3.336888136e-01 +9.950368881e+01 +9.950368881e+01 -6.6133e-01 -4.3496e-01 -1.9005e-01 -1.0000e+00 +1.2501e+00
869 0 +2.916660501e-01 +9.946166605e+01 +9.946166605e+01 -6.7374e-01 -4.5032e-01 -1.6974e-01 -1.0139e+00 +1.2546e+00
913 0 +2.903512815e-01 +9.946035128e+01 +9.946035128e+01 -7.0134e-01 -4.0293e-01 -3.0200e-01 -1.0296e+00 +1.3564e+00
941 0 +2.828327943e-01 +9.945283279e+01 +9.945283279e+01 -6.6810e-01 -4.4122e-01 -2.0167e-01 -9.9529e-01 +1.2754e+00
950 0 +1.349366886e-01 +9.930493669e+01 +9.930493669e+01 -6.6759e-01 -4.3751e-01 -3.1201e-01 -1.0113e+00 +1.3159e+00
956 0 +1.001874974e-01 +9.927018750e+01 +9.927018750e+01 -6.5376e-01 -4.2775e-01 -3.2891e-01 -9.9097e-01 +1.3352e+00
1054 0 +6.966521809e-02 +9.923966522e+01 +9.923966522e+01 -6.6160e-01 -4.2570e-01 -3.1418e-01 -9.9903e-01 +1.3267e+00
1129 0 +6.258534410e-02 +9.923258534e+01 +9.923258534e+01 -6.6864e-01 -4.1521e-01 -3.1224e-01 -9.9329e-01 +1.3358e+00
1177 0 +4.956428281e-02 +9.921956428e+01 +9.921956428e+01 -6.6663e-01 -4.1636e-01 -3.2309e-01 -9.9477e-01 +1.3381e+00
1229 0 +4.496543171e-02 +9.921496543e+01 +9.921496543e+01 -6.7294e-01 -4.0858e-01 -3.1833e-01 -1.0024e+00 +1.3354e+00
1238 0 +4.128218721e-02 +9.921128219e+01 +9.921128219e+01 -6.7551e-01 -4.0679e-01 -3.4300e-01 -9.9903e-01 +1.3472e+00
1244 0 +3.118287523e-02 +9.920118288e+01 +9.920118288e+01 -6.6798e-01 -4.0723e-01 -3.3888e-01 -9.8670e-01 +1.3451e+00
% f evaluations | g evaluations | best noise-free fitness - Fopt (-5.179100000000e+02) + sum g_i+ | measured fitness | best measured fitness or single-digit g-values | x1 | x2...
1 0 +1.668669367e+01 -5.012233063e+02 -5.012233063e+02 +5.9671e-01 -3.8264e-02 +7.4769e-01 +1.6230e+00 -1.3415e-01
8 0 +1.394012739e+01 -5.039698726e+02 -5.039698726e+02 -1.1208e+00 +3.0886e-01 -1.8597e+00 -1.2282e+00 +2.9686e-01
97 0 +1.141383930e+01 -5.064961607e+02 -5.064961607e+02 -2.4706e-01 +2.3735e-02 +2.6069e-01 +3.7710e-01 -7.2023e-01
178 0 +9.638373746e+00 -5.082716263e+02 -5.082716263e+02 -2.3397e-01 +4.6636e-01 +1.4867e-01 +7.1031e-01 -9.4607e-01
229 0 +8.089682598e+00 -5.098203174e+02 -5.098203174e+02 -5.6067e-02 +4.6189e-01 -5.0213e-01 +1.1309e+00 -4.8970e-01
230 0 +6.567813480e+00 -5.113421865e+02 -5.113421865e+02 +1.2091e-01 +3.9169e-01 -1.5133e-01 +6.6762e-01 -1.9410e-01
242 0 +5.947660854e+00 -5.119623391e+02 -5.119623391e+02 -2.6819e-01 +5.4764e-01 -9.7536e-02 +5.1011e-01 -6.5191e-01
287 0 +4.404913994e+00 -5.135050860e+02 -5.135050860e+02 -2.6559e-02 +3.2744e-01 -1.6355e-01 +8.9992e-01 -6.0874e-01
368 0 +3.734315022e+00 -5.141756850e+02 -5.141756850e+02 -4.2829e-02 +4.0020e-01 -3.4793e-01 +1.0633e+00 -5.6113e-01
424 0 +3.306807438e+00 -5.146031926e+02 -5.146031926e+02 -1.2503e-01 +5.9377e-01 -1.2671e-01 +7.4445e-01 -7.9345e-01
429 0 +2.062431747e+00 -5.158475683e+02 -5.158475683e+02 -1.9087e-01 +5.9564e-01 -7.2894e-02 +6.6323e-01 -8.0424e-01
520 0 +1.835894673e+00 -5.160741053e+02 -5.160741053e+02 -2.7015e-01 +5.4207e-01 -6.5910e-02 +6.7871e-01 -8.1145e-01
547 0 +1.440752974e+00 -5.164692470e+02 -5.164692470e+02 -3.1278e-01 +5.1951e-01 -3.9795e-03 +6.0676e-01 -7.9059e-01
614 0 +1.354518223e+00 -5.165554818e+02 -5.165554818e+02 -2.5140e-01 +5.7403e-01 +3.1441e-02 +6.5212e-01 -8.0837e-01
665 0 +1.338171337e+00 -5.165718287e+02 -5.165718287e+02 -3.0056e-01 +5.9593e-01 +2.1151e-02 +5.9469e-01 -8.1527e-01
675 0 +9.030158105e-01 -5.170069842e+02 -5.170069842e+02 -2.6677e-01 +6.1582e-01 -1.3738e-02 +6.1758e-01 -8.3733e-01
692 0 +8.869978511e-01 -5.170230021e+02 -5.170230021e+02 -2.6576e-01 +5.5517e-01 -1.2466e-03 +6.3469e-01 -8.0977e-01
746 0 +7.619447922e-01 -5.171480552e+02 -5.171480552e+02 -2.5182e-01 +6.4457e-01 +1.3616e-02 +6.1959e-01 -8.4884e-01
864 0 +6.049101387e-01 -5.173050899e+02 -5.173050899e+02 -2.6031e-01 +6.7849e-01 +4.3253e-02 +5.7924e-01 -8.6434e-01
942 0 +5.979180474e-01 -5.173120820e+02 -5.173120820e+02 -2.6585e-01 +6.9006e-01 +2.2450e-02 +5.7282e-01 -8.7060e-01
968 0 +5.712707522e-01 -5.173387292e+02 -5.173387292e+02 -2.5698e-01 +7.0168e-01 +3.6971e-02 +5.6796e-01 -8.6844e-01
996 0 +5.206807781e-01 -5.173893192e+02 -5.173893192e+02 -2.5508e-01 +6.9845e-01 +2.7835e-02 +5.7910e-01 -8.6988e-01
1044 0 +5.172230162e-01 -5.173927770e+02 -5.173927770e+02 -2.5757e-01 +6.8911e-01 +1.5909e-02 +5.9186e-01 -8.6326e-01
1048 0 +4.980377802e-01 -5.174119622e+02 -5.174119622e+02 -2.5938e-01 +6.9069e-01 +1.8754e-02 +5.7901e-01 -8.6507e-01
1061 0 +4.478087988e-01 -5.174621912e+02 -5.174621912e+02 -2.6140e-01 +6.8167e-01 +2.2855e-02 +5.8459e-01 -8.6090e-01
1066 0 +4.420422258e-01 -5.174679578e+02 -5.174679578e+02 -2.6071e-01 +6.7040e-01 +2.0371e-02 +5.9133e-01 -8.5832e-01
1167 0 +4.392928856e-01 -5.174707071e+02 -5.174707071e+02 -2.6323e-01 +6.8726e-01 +2.3281e-02 +5.8198e-01 -8.6823e-01
1184 0 +4.338933475e-01 -5.174761067e+02 -5.174761067e+02 -2.6650e-01 +6.8223e-01 +3.3731e-02 +5.7512e-01 -8.6738e-01
1204 0 +4.169044815e-01 -5.174930955e+02 -5.174930955e+02 -2.5913e-01 +6.9651e-01 +3.1810e-02 +5.7320e-01 -8.6905e-01
1210 0 +3.965359266e-01 -5.175134641e+02 -5.175134641e+02 -2.6158e-01 +6.9547e-01 +2.5155e-02 +5.7348e-01 -8.6963e-01
1212 0 +3.491880917e-01 -5.175608119e+02 -5.175608119e+02 -2.6177e-01 +6.8960e-01 +2.8650e-02 +5.7828e-01 -8.6715e-01
% f evaluations | g evaluations | best noise-free fitness - Fopt (-5.721000000000e+01) + sum g_i+ | measured fitness | best measured fitness or single-digit g-values | x1 | x2...
1 0 +8.736249735e+01 +3.015249735e+01 +3.015249735e+01 +5.9671e-01 -3.8264e-02 +7.4769e-01 +1.6230e+00 -1.3415e-01
3 0 +3.006729433e+01 -2.714270567e+01 -2.714270567e+01 -3.6342e-01 -3.6573e-01 +3.4196e-01 -1.8133e+00 -1.6249e+00
11 0 +1.892218357e+01 -3.828781643e+01 -3.828781643e+01 +4.2408e-01 -2.8508e-01 -5.7692e-01 +7.1168e-01 +1.1310e+00
36 0 +1.108729902e+01 -4.612270098e+01 -4.612270098e+01 -1.2883e-01 -4.4670e-01 +8.8309e-02 -1.2201e+00 -1.1089e+00
207 0 +9.577771186e+00 -4.763222881e+01 -4.763222881e+01 -4.5828e-01 -3.2812e-01 -1.0036e-01 +1.6171e-01 -1.3287e+00
258 0 +9.272559110e+00 -4.793744089e+01 -4.793744089e+01 -1.1167e+00 +6.3174e-02 +1.8237e-01 -7.2329e-01 -1.8039e+00
336 0 +4.504534962e+00 -5.270546504e+01 -5.270546504e+01 -5.4319e-01 -4.1995e-01 -6.2011e-01 -1.0377e+00 -1.9083e+00
587 0 +4.279239635e+00 -5.293076036e+01 -5.293076036e+01 -2.6233e-01 -6.4751e-01 -9.2424e-01 -1.1515e+00 -1.8483e+00
651 0 +3.966306400e+00 -5.324369360e+01 -5.324369360e+01 -5.9945e-01 -3.8796e-01 -7.5448e-01 -9.2411e-01 -1.9525e+00
653 0 +2.735317381e+00 -5.447468262e+01 -5.447468262e+01 -5.3115e-01 -2.8160e-01 -8.7417e-01 -1.2027e+00 -2.0633e+00
657 0 +1.947826051e+00 -5.526217395e+01 -5.526217395e+01 -1.0479e-01 -4.5759e-01 -1.1135e+00 -8.3750e-01 -1.8184e+00
688 0 +1.701171020e+00 -5.550882898e+01 -5.550882898e+01 -2.4485e-01 -3.9290e-01 -1.0713e+00 -9.7909e-01 -1.9543e+00
729 0 +9.680165664e-01 -5.624198343e+01 -5.624198343e+01 -6.2623e-03 -7.0965e-01 -1.2532e-01 -1.0929e+00 -1.1719e+00
764 0 +5.316194248e-01 -5.667838058e+01 -5.667838058e+01 -6.3574e-02 -5.7867e-01 -7.8237e-01 -1.1326e+00 -1.6874e+00
788 0 +2.560149421e-01 -5.695398506e+01 -5.695398506e+01 -3.0418e-02 -5.8142e-01 -4.5531e-01 -1.1147e+00 -1.4220e+00
835 0 +2.113659751e-01 -5.699863402e+01 -5.699863402e+01 -8.9171e-02 -5.3747e-01 -5.4218e-01 -1.1544e+00 -1.5365e+00
883 0 +1.879620981e-01 -5.702203790e+01 -5.702203790e+01 -1.7933e-01 -5.1387e-01 -5.8638e-01 -1.1354e+00 -1.6114e+00
908 0 +1.042677638e-01 -5.710573224e+01 -5.710573224e+01 -1.0223e-01 -5.9174e-01 -3.7515e-01 -1.1267e+00 -1.4025e+00
935 0 +1.030972616e-01 -5.710690274e+01 -5.710690274e+01 -1.4177e-01 -5.7712e-01 -4.7554e-01 -1.1483e+00 -1.4968e+00
953 0 +6.400182009e-02 -5.714599818e+01 -5.714599818e+01 -1.0540e-01 -5.7866e-01 -4.1978e-01 -1.1409e+00 -1.4406e+00
955 0 +2.477871041e-02 -5.718522129e+01 -5.718522129e+01 -1.2459e-01 -5.5045e-01 -5.1286e-01 -1.1421e+00 -1.5227e+00
978 0 +2.452051196e-02 -5.718547949e+01 -5.718547949e+01 -9.9147e-02 -5.6359e-01 -5.3703e-01 -1.1171e+00 -1.5142e+00
1012 0 +1.802993416e-02 -5.719197007e+01 -5.719197007e+01 -1.2099e-01 -5.5506e-01 -5.2003e-01 -1.1525e+00 -1.5313e+00
1065 0 +1.565116981e-02 -5.719434883e+01 -5.719434883e+01 -1.0807e-01 -5.7271e-01 -4.5249e-01 -1.1283e+00 -1.4629e+00
1086 0 +1.500347607e-02 -5.719499652e+01 -5.719499652e+01 -1.2078e-01 -5.5941e-01 -5.0546e-01 -1.1125e+00 -1.5088e+00
1097 0 +4.165481561e-03 -5.720583452e+01 -5.720583452e+01 -1.0794e-01 -5.8017e-01 -4.8444e-01 -1.1384e+00 -1.4879e+00
1198 0 +3.888718125e-03 -5.720611128e+01 -5.720611128e+01 -1.0555e-01 -5.7658e-01 -4.9034e-01 -1.1360e+00 -1.4950e+00
1201 0 +3.140099481e-03 -5.720685990e+01 -5.720685990e+01 -9.8747e-02 -5.7880e-01 -4.9965e-01 -1.1409e+00 -1.5012e+00
1203 0 +1.668798596e-03 -5.720833120e+01 -5.720833120e+01 -1.1536e-01 -5.6613e-01 -4.9421e-01 -1.1280e+00 -1.4982e+00
1209 0 +1.215012615e-03 -5.720878499e+01 -5.720878499e+01 -1.0799e-01 -5.7431e-01 -4.8546e-01 -1.1380e+00 -1.4915e+00
% f evaluations | g evaluations | best noise-free fitness - Fopt (6.626000000000e+01) + sum g_i+ | measured fitness | best measured fitness or single-digit g-values | x1 | x2...
1 0 +8.820622849e+01 +1.544662285e+02 +1.544662285e+02 +5.9671e-01 -3.8264e-02 +7.4769e-01 +1.6230e+00 -1.3415e-01
5 0 +4.417165334e+01 +1.104316533e+02 +1.104316533e+02 +1.5656e+00 -1.2578e-01 +1.6753e-01 -1.3247e+00 -4.4438e-01
9 0 +4.399379149e+01 +1.102537915e+02 +1.102537915e+02 +8.3847e-01 +2.7137e-01 -1.5648e-02 -2.0110e-01 -1.3785e+00
16 0 +1.958782640e+01 +8.584782640e+01 +8.584782640e+01 +9.2190e-01 +1.8705e-01 -1.9901e-01 +1.9176e-01 -1.8876e+00
25 0 +9.739598777e+00 +7.599959878e+01 +7.599959878e+01 +8.9103e-01 -8.0939e-01 +1.5028e+00 -1.3019e+00 +6.8686e-01
134 0 +9.528957750e+00 +7.578895775e+01 +7.578895775e+01 +1.3444e-01 +3.8045e-01 -1.8804e-01 -1.8487e+00 +2.6507e-01
182 0 +4.958927578e+00 +7.121892758e+01 +7.121892758e+01 +1.2456e+00 +8.9436e-01 -2.6501e-01 -1.0743e+00 -8.6901e-01
283 0 +1.483633593e+00 +6.774363359e+01 +6.774363359e+01 +1.9767e-02 +6.3824e-01 -3.4206e-02 -1.6554e+00 +5.4178e-01
501 0 +9.165118460e-01 +6.717651185e+01 +6.717651185e+01 +4.3997e-01 +4.8018e-01 +1.5300e-01 -1.8493e+00 +6.1157e-01
706 0 +7.205082920e-01 +6.698050829e+01 +6.698050829e+01 +4.4887e-01 +5.8132e-01 +1.2915e-01 -1.7207e+00 +4.9241e-01
781 0 +6.320709410e-01 +6.689207094e+01 +6.689207094e+01 +8.7996e-02 +5.8325e-01 +1.1354e-01 -1.8240e+00 +8.7403e-01
807 0 +5.695486858e-01 +6.682954869e+01 +6.682954869e+01 +4.2296e-02 +5.6318e-01 +3.4475e-01 -1.9419e+00 +9.5828e-01
837 0 +4.258589236e-01 +6.668585892e+01 +6.668585892e+01 +1.5173e-01 +4.6776e-01 +1.9814e-01 -1.9905e+00 +9.7490e-01
864 0 +2.867477799e-01 +6.654674778e+01 +6.654674778e+01 +5.8919e-02 +4.9229e-01 +3.0647e-01 -2.0346e+00 +1.0418e+00
947 0 +2.500755015e-01 +6.651007550e+01 +6.651007550e+01 +9.5965e-02 +4.8422e-01 +2.7091e-01 -2.0006e+00 +1.0040e+00
964 0 +1.684622434e-01 +6.642846224e+01 +6.642846224e+01 +1.7027e-01 +4.3008e-01 +2.9062e-01 -2.0528e+00 +9.9179e-01
1000 0 +1.524626323e-01 +6.641246263e+01 +6.641246263e+01 +1.6001e-01 +4.7491e-01 +2.8554e-01 -1.9987e+00 +9.3726e-01
1003 0 +1.420293258e-01 +6.640202933e+01 +6.640202933e+01 +1.6279e-01 +4.7673e-01 +2.8396e-01 -1.9864e+00 +9.1883e-01
1012 0 +1.284956726e-01 +6.638849567e+01 +6.638849567e+01 +1.6301e-01 +4.9545e-01 +2.4348e-01 -1.9606e+00 +8.9815e-01
1017 0 +1.097463243e-01 +6.636974632e+01 +6.636974632e+01 +1.5933e-01 +4.7018e-01 +2.8239e-01 -2.0023e+00 +9.5057e-01
1026 0 +1.075398635e-01 +6.636753986e+01 +6.636753986e+01 +1.4760e-01 +4.8401e-01 +2.5756e-01 -1.9950e+00 +9.3701e-01
1030 0 +1.022612121e-01 +6.636226121e+01 +6.636226121e+01 +1.4417e-01 +4.9147e-01 +2.7685e-01 -1.9787e+00 +9.3224e-01
1056 0 +8.819788649e-02 +6.634819789e+01 +6.634819789e+01 +1.5447e-01 +4.7231e-01 +2.7006e-01 -1.9882e+00 +9.4066e-01
1062 0 +5.189656806e-02 +6.631189657e+01 +6.631189657e+01 +1.5596e-01 +4.9632e-01 +2.4954e-01 -1.9617e+00 +9.0286e-01
1125 0 +3.674719668e-02 +6.629674720e+01 +6.629674720e+01 +1.5973e-01 +4.7925e-01 +2.5741e-01 -1.9793e+00 +9.2134e-01
1175 0 +3.323122827e-02 +6.629323123e+01 +6.629323123e+01 +1.6518e-01 +4.7851e-01 +2.5341e-01 -1.9784e+00 +9.1372e-01
1195 0 +3.091605316e-02 +6.629091605e+01 +6.629091605e+01 +1.5597e-01 +4.8742e-01 +2.5309e-01 -1.9750e+00 +9.1461e-01
% f evaluations | g evaluations | best noise-free fitness - Fopt (-1.386200000000e+02) + sum g_i+ | measured fitness | best measured fitness or single-digit g-values | x1 | x2...
1 0 +7.089111692e+01 -6.772888308e+01 -6.772888308e+01 +5.9671e-01 -3.8264e-02 +7.4769e-01 +1.6230e+00 -1.3415e-01
3 0 +1.325662276e+01 -1.253633772e+02 -1.253633772e+02 -3.6342e-01 -3.6573e-01 +3.4196e-01 -1.8133e+00 -1.6249e+00
81 0 +7.379618622e+00 -1.312403814e+02 -1.312403814e+02 -9.7832e-01 +8.8269e-01 -5.6660e-01 -2.0115e+00 -1.4870e+00
84 0 +3.423336720e+00 -1.351966633e+02 -1.351966633e+02 +1.5510e+00 -2.2715e+00 -3.1857e-01 -1.1256e+00 -1.7450e+00
387 0 +3.273559365e+00 -1.353464406e+02 -1.353464406e+02 -4.3508e-01 +5.4496e-01 -3.7588e-01 -1.7401e+00 -1.9321e+00
415 0 +1.691532283e+00 -1.369284677e+02 -1.369284677e+02 -1.4029e-01 +5.3830e-02 -5.9044e-01 -1.9109e+00 -1.6168e+00
431 0 +1.661083085e+00 -1.369589169e+02 -1.369589169e+02 -2.0854e-01 +1.0817e-01 -5.0135e-01 -1.9030e+00 -1.6549e+00
461 0 +1.063281809e+00 -1.375567182e+02 -1.375567182e+02 -7.0439e-02 -1.1772e-02 -5.7036e-01 -2.0142e+00 -1.5442e+00
463 0 +8.594626399e-01 -1.377605374e+02 -1.377605374e+02 -3.1766e-01 +1.9821e-01 -5.6948e-01 -1.8545e+00 -1.7000e+00
487 0 +8.163140070e-01 -1.378036860e+02 -1.378036860e+02 -3.4659e-01 +2.6181e-01 -2.8842e-01 -1.8925e+00 -1.6435e+00
515 0 +3.035333560e-01 -1.383164666e+02 -1.383164666e+02 -4.4106e-01 +4.3077e-01 -4.8891e-01 -1.8696e+00 -1.7346e+00
545 0 +2.815202141e-01 -1.383384798e+02 -1.383384798e+02 -5.8499e-01 +3.8059e-01 -2.9034e-01 -1.9344e+00 -1.6429e+00
616 0 +1.665001442e-01 -1.384534999e+02 -1.384534999e+02 -4.9431e-01 +2.5218e-01 -4.4473e-01 -1.8757e+00 -1.6134e+00
668 0 +1.229213300e-01 -1.384970787e+02 -1.384970787e+02 -4.4913e-01 +2.8575e-01 -4.3839e-01 -1.8894e+00 -1.6229e+00
682 0 +9.364036958e-02 -1.385263596e+02 -1.385263596e+02 -4.9032e-01 +3.7966e-01 -3.8988e-01 -1.8956e+00 -1.6656e+00
694 0 +9.277400480e-02 -1.385272260e+02 -1.385272260e+02 -4.3293e-01 +3.3953e-01 -3.7787e-01 -1.8794e+00 -1.6703e+00
719 0 +7.193339834e-02 -1.385480666e+02 -1.385480666e+02 -4.6600e-01 +3.1263e-01 -4.0789e-01 -1.8819e+00 -1.6512e+00
739 0 +4.956262210e-02 -1.385704374e+02 -1.385704374e+02 -4.8972e-01 +2.8680e-01 -3.6533e-01 -1.8917e+00 -1.6311e+00
774 0 +4.447278882e-02 -1.385755272e+02 -1.385755272e+02 -4.5717e-01 +3.4403e-01 -3.7344e-01 -1.8767e+00 -1.6731e+00
779 0 +2.863533141e-02 -1.385913647e+02 -1.385913647e+02 -4.1417e-01 +2.6359e-01 -4.1143e-01 -1.8748e+00 -1.6449e+00
794 0 +1.956215443e-02 -1.386004378e+02 -1.386004378e+02 -4.4815e-01 +3.0223e-01 -3.7715e-01 -1.8931e+00 -1.6459e+00
820 0 +4.291375702e-03 -1.386157086e+02 -1.386157086e+02 -4.0517e-01 +3.0989e-01 -4.3018e-01 -1.8731e+00 -1.6615e+00
980 0 +2.502353689e-03 -1.386174976e+02 -1.386174976e+02 -4.2602e-01 +3.0272e-01 -4.1023e-01 -1.8796e+00 -1.6580e+00
1003 0 +1.378036499e-03 -1.386186220e+02 -1.386186220e+02 -4.2396e-01 +3.0676e-01 -4.1848e-01 -1.8774e+00 -1.6591e+00
1028 0 +9.226492876e-04 -1.386190774e+02 -1.386190774e+02 -4.2252e-01 +3.1230e-01 -4.2342e-01 -1.8751e+00 -1.6602e+00
1074 0 +2.153546634e-04 -1.386197846e+02 -1.386197846e+02 -4.1633e-01 +3.0775e-01 -4.2704e-01 -1.8744e+00 -1.6584e+00
% f evaluations | g evaluations | best noise-free fitness - Fopt (7.313900000000e+02) + sum g_i+ | measured fitness | best measured fitness or single-digit g-values | x1 | x2...
1 0 +2.046415366e+02 +9.360315366e+02 +9.360315366e+02 +5.9671e-01 -3.8264e-02 +7.4769e-01 +1.6230e+00 -1.3415e-01
2 0 +1.421874192e+02 +8.735774192e+02 +8.735774192e+02 -1.3414e-01 +1.6792e+00 +8.6743e-01 -3.6947e-01 +6.4256e-01
3 0 +1.010786191e+02 +8.324686191e+02 +8.324686191e+02 -3.6342e-01 -3.6573e-01 +3.4196e-01 -1.8133e+00 -1.6249e+00
5 0 +2.831534046e+01 +7.597053405e+02 +7.597053405e+02 +1.5656e+00 -1.2578e-01 +1.6753e-01 -1.3247e+00 -4.4438e-01
50 0 +8.164622522e+00 +7.395546225e+02 +7.395546225e+02 -1.6513e+00 +6.2618e-01 +1.8742e-01 -1.9767e+00 +8.6927e-01
382 0 +7.168266958e+00 +7.385582670e+02 +7.385582670e+02 +1.2207e+00 -4.5073e+00 +1.0757e+00 -3.0492e+00 -1.3884e-02
527 0 +2.415868165e+00 +7.338058682e+02 +7.338058682e+02 +1.4528e+00 -4.3045e+00 +2.4291e-01 -2.9164e+00 -3.1658e-01
916 0 +1.847178475e+00 +7.332371785e+02 +7.332371785e+02 +1.1118e+00 -4.0909e+00 +3.2885e-01 -2.8672e+00 -5.9224e-01
948 0 +6.218012264e-01 +7.320118012e+02 +7.320118012e+02 +1.1627e+00 -4.2454e+00 +1.7950e-01 -2.7783e+00 -3.4019e-01
1108 0 +6.133010242e-01 +7.320033010e+02 +7.320033010e+02 +1.1901e+00 -4.1278e+00 +3.1824e-01 -2.8465e+00 -4.5166e-01
1109 0 +1.717207447e-01 +7.315617207e+02 +7.315617207e+02 +1.2310e+00 -4.1606e+00 +2.5155e-01 -2.8893e+00 -2.7935e-01
1113 0 +1.422997291e-01 +7.315322997e+02 +7.315322997e+02 +1.2898e+00 -4.2059e+00 +9.6480e-02 -2.8719e+00 -2.1558e-01
1149 0 +1.280744667e-01 +7.315180745e+02 +7.315180745e+02 +1.2576e+00 -4.0681e+00 +1.0166e-01 -2.9008e+00 -2.6430e-01
1171 0 +9.735634973e-02 +7.314873563e+02 +7.314873563e+02 +1.2537e+00 -4.1357e+00 +7.4795e-02 -2.8751e+00 -2.0006e-01
1191 0 +6.576195670e-02 +7.314557620e+02 +7.314557620e+02 +1.2245e+00 -4.1931e+00 +1.5215e-01 -2.8568e+00 -2.0900e-01
1219 0 +5.538101300e-02 +7.314453810e+02 +7.314453810e+02 +1.2517e+00 -4.2163e+00 +8.2682e-02 -2.8504e+00 -1.8461e-01
1241 0 +4.604557591e-02 +7.314360456e+02 +7.314360456e+02 +1.2008e+00 -4.1676e+00 +1.5819e-01 -2.8458e+00 -3.0410e-01
% f evaluations | g evaluations | best noise-free fitness - Fopt (7.526000000000e+01) + sum g_i+ | measured fitness | best measured fitness or single-digit g-values | x1 | x2...
1 0 +3.167498302e+01 +1.069349830e+02 +1.069349830e+02 +5.9671e-01 -3.8264e-02 +7.4769e-01 +1.6230e+00 -1.3415e-01
14 0 +1.971392701e+01 +9.497392701e+01 +9.497392701e+01 +1.4562e+00 +2.7990e-02 +1.1035e+00 +4.6164e-01 -5.4512e-01
37 0 +1.204277963e+01 +8.730277963e+01 +8.730277963e+01 -1.0770e+00 +7.5365e-01 +5.4596e-01 -3.4581e-01 -2.1037e+00
281 0 +9.231645441e+00 +8.449164544e+01 +8.449164544e+01 -1.6950e+00 -1.3763e+00 +1.4027e-01 -2.0536e+00 -3.0062e+00
316 0 +6.555461824e+00 +8.181546182e+01 +8.181546182e+01 -1.6940e+00 -1.5850e+00 -4.2330e-01 -2.4480e+00 -2.8784e+00
474 0 +4.889538162e+00 +8.014953816e+01 +8.014953816e+01 -2.1834e+00 -1.2962e+00 +2.0770e-01 -2.0922e+00 -3.1035e+00
484 0 +3.440688007e+00 +7.870068801e+01 +7.870068801e+01 -2.0486e+00 -1.4375e+00 +2.0150e-01 -1.9883e+00 -3.0228e+00
502 0 +3.148537266e+00 +7.840853727e+01 +7.840853727e+01 -2.3605e+00 -1.9415e+00 +2.1146e-01 -2.0643e+00 -2.9703e+00
503 0 +2.817255264e+00 +7.807725526e+01 +7.807725526e+01 -2.4749e+00 -2.0666e+00 +4.7057e-01 -1.9163e+00 -3.0462e+00
526 0 +2.618235860e+00 +7.787823586e+01 +7.787823586e+01 -2.5844e+00 -1.8652e+00 +2.2723e-01 -2.0661e+00 -2.9764e+00
594 0 +1.029239348e+00 +7.628923935e+01 +7.628923935e+01 -2.6278e+00 -1.9706e+00 +3.4427e-01 -2.1427e+00 -3.1383e+00
666 0 +1.013490421e+00 +7.627349042e+01 +7.627349042e+01 -2.6160e+00 -2.1145e+00 +5.4501e-01 -1.8784e+00 -3.0951e+00
722 0 +4.968498414e-01 +7.575684984e+01 +7.575684984e+01 -2.7272e+00 -2.0951e+00 +5.4283e-01 -1.9657e+00 -3.1761e+00
743 0 +3.344196327e-01 +7.559441963e+01 +7.559441963e+01 -2.7921e+00 -2.0809e+00 +5.9051e-01 -1.8925e+00 -3.1176e+00
759 0 +2.092397012e-01 +7.546923970e+01 +7.546923970e+01 -2.7723e+00 -2.0902e+00 +5.7523e-01 -1.9116e+00 -3.1662e+00
839 0 +1.351912014e-01 +7.539519120e+01 +7.539519120e+01 -2.7639e+00 -2.0905e+00 +6.3968e-01 -1.9090e+00 -3.1748e+00
850 0 +4.514141016e-02 +7.530514141e+01 +7.530514141e+01 -2.8420e+00 -2.1996e+00 +6.1387e-01 -1.9475e+00 -3.1753e+00
895 0 +3.677152281e-02 +7.529677152e+01 +7.529677152e+01 -2.7584e+00 -2.1018e+00 +5.5281e-01 -1.9541e+00 -3.1483e+00
937 0 +2.051109902e-02 +7.528051110e+01 +7.528051110e+01 -2.8225e+00 -2.1737e+00 +5.8754e-01 -1.9565e+00 -3.1500e+00
997 0 +2.025328731e-02 +7.528025329e+01 +7.528025329e+01 -2.8522e+00 -2.2058e+00 +5.7768e-01 -1.9735e+00 -3.1745e+00
1003 0 +8.501919640e-03 +7.526850192e+01 +7.526850192e+01 -2.8355e+00 -2.1717e+00 +5.7724e-01 -1.9705e+00 -3.1620e+00
1050 0 +3.037571250e-03 +7.526303757e+01 +7.526303757e+01 -2.8201e+00 -2.1728e+00 +5.6357e-01 -1.9819e+00 -3.1624e+00
1123 0 +2.972559121e-03 +7.526297256e+01 +7.526297256e+01 -2.8180e+00 -2.1615e+00 +5.7243e-01 -1.9658e+00 -3.1601e+00
1149 0 +2.721363772e-03 +7.526272136e+01 +7.526272136e+01 -2.8391e+00 -2.1738e+00 +5.7845e-01 -1.9681e+00 -3.1685e+00
1173 0 +1.915793952e-03 +7.526191579e+01 +7.526191579e+01 -2.8286e+00 -2.1674e+00 +5.7768e-01 -1.9654e+00 -3.1627e+00
1182 0 +1.364959308e-03 +7.526136496e+01 +7.526136496e+01 -2.8274e+00 -2.1698e+00 +5.8036e-01 -1.9625e+00 -3.1655e+00
1198 0 +1.123488840e-03 +7.526112349e+01 +7.526112349e+01 -2.8327e+00 -2.1710e+00 +5.7908e-01 -1.9676e+00 -3.1668e+00
1220 0 +6.783285348e-04 +7.526067833e+01 +7.526067833e+01 -2.8283e+00 -2.1708e+00 +5.8157e-01 -1.9629e+00 -3.1667e+00
% f evaluations | g evaluations | best noise-free fitness - Fopt (-4.913000000000e+01) + sum g_i+ | measured fitness | best measured fitness or single-digit g-values | x1 | x2...
1 0 +9.278563647e+01 +4.365563647e+01 +4.365563647e+01 +5.9671e-01 -3.8264e-02 +7.4769e-01 +1.6230e+00 -1.3415e-01
8 0 +8.321498474e+01 +3.408498474e+01 +3.408498474e+01 -1.1208e+00 +3.0886e-01 -1.8597e+00 -1.2282e+00 +2.9686e-01
11 0 +3.866106911e+01 -1.046893089e+01 -1.046893089e+01 +4.2408e-01 -2.8508e-01 -5.7692e-01 +7.1168e-01 +1.1310e+00
16 0 +3.589504818e+01 -1.323495182e+01 -1.323495182e+01 +9.2190e-01 +1.8705e-01 -1.9901e-01 +1.9176e-01 -1.8876e+00
35 0 +2.807097514e+01 -2.105902486e+01 -2.105902486e+01 -4.9135e-01 +1.1326e+00 -4.2662e-01 +2.9917e-01 -1.6730e+00
50 0 +2.741228770e+01 -2.171771230e+01 -2.171771230e+01 +7.8853e-01 +5.5337e-03 -4.3342e-01 +7.6554e-01 +2.5540e-01
63 0 +9.443118010e+00 -3.968688199e+01 -3.968688199e+01 +1.1549e+00 +1.2992e+00 -6.9923e-01 +3.7179e-01 -2.2902e+00
92 0 +7.842334275e+00 -4.128766573e+01 -4.128766573e+01 +6.1627e-01 +7.2704e-01 -4.2947e-01 +4.0013e-01 -2.0312e+00
227 0 +3.954214620e+00 -4.517578538e+01 -4.517578538e+01 +1.7882e-01 +9.9462e-01 -4.4269e-01 +2.5998e-01 -2.1476e+00
332 0 +2.816515933e+00 -4.631348407e+01 -4.631348407e+01 +4.4602e-01 +1.7865e+00 -1.5187e+00 +4.5713e-01 -1.9244e+00
505 0 +3.907825945e-01 -4.873921741e+01 -4.873921741e+01 +6.3808e-01 +1.3979e+00 -1.1257e+00 +3.2682e-01 -1.9513e+00
751 0 +3.781701549e-01 -4.875182985e+01 -4.875182985e+01 +7.8041e-01 +1.4213e+00 -1.1076e+00 +2.6811e-01 -2.0080e+00
763 0 +2.740019119e-01 -4.885599809e+01 -4.885599809e+01 +7.3026e-01 +1.3312e+00 -9.6845e-01 +2.7633e-01 -2.0309e+00
782 0 +1.947203323e-01 -4.893527967e+01 -4.893527967e+01 +7.3481e-01 +1.3540e+00 -1.0578e+00 +2.7144e-01 -1.9724e+00
795 0 +1.304841232e-01 -4.899951588e+01 -4.899951588e+01 +6.2564e-01 +1.3839e+00 -9.8256e-01 +2.6801e-01 -1.9993e+00
801 0 +8.653616567e-02 -4.904346383e+01 -4.904346383e+01 +7.2148e-01 +1.3177e+00 -1.0031e+00 +3.4195e-01 -2.0302e+00
884 0 +6.074492892e-02 -4.906925507e+01 -4.906925507e+01 +7.0770e-01 +1.4198e+00 -1.0798e+00 +3.1474e-01 -1.9856e+00
982 0 +5.646252409e-02 -4.907353748e+01 -4.907353748e+01 +6.9368e-01 +1.3104e+00 -9.8869e-01 +3.1914e-01 -2.0336e+00
991 0 +4.420764911e-02 -4.908579235e+01 -4.908579235e+01 +6.4643e-01 +1.3596e+00 -1.0169e+00 +3.1668e-01 -1.9994e+00
1002 0 +2.365906316e-02 -4.910634094e+01 -4.910634094e+01 +6.6232e-01 +1.3567e+00 -1.0211e+00 +3.1093e-01 -1.9935e+00
1046 0 +1.909129745e-02 -4.911090870e+01 -4.911090870e+01 +6.6234e-01 +1.3529e+00 -1.0449e+00 +3.1037e-01 -1.9843e+00
1063 0 +1.330092094e-02 -4.911669908e+01 -4.911669908e+01 +6.6813e-01 +1.3801e+00 -1.0505e+00 +2.9795e-01 -1.9806e+00
1075 0 +1.124009199e-02 -4.911875991e+01 -4.911875991e+01 +6.7133e-01 +1.3380e+00 -1.0124e+00 +3.1016e-01 -1.9988e+00
1084 0 +6.303060918e-03 -4.912369694e+01 -4.912369694e+01 +6.7455e-01 +1.3497e+00 -1.0144e+00 +3.0064e-01 -2.0024e+00
1102 0 +3.594157762e-03 -4.912640584e+01 -4.912640584e+01 +6.7392e-01 +1.3494e+00 -1.0263e+00 +2.9196e-01 -1.9906e+00
1131 0 +3.489641993e-03 -4.912651036e+01 -4.912651036e+01 +6.7114e-01 +1.3642e+00 -1.0371e+00 +3.0288e-01 -1.9889e+00
1135 0 +1.729763259e-03 -4.912827024e+01 -4.912827024e+01 +6.8858e-01 +1.3753e+00 -1.0459e+00 +3.0059e-01 -1.9882e+00
1216 0 +5.896031267e-04 -4.912941040e+01 -4.912941040e+01 +6.7955e-01 +1.3577e+00 -1.0295e+00 +3.0202e-01 -1.9938e+00
