% f evaluations | g evaluations | best noise-free fitness - Fopt (7.135000000000e+01) + sum g_i+ | measured fitness | best measured fitness or single-digit g-values | x1 | x2...
1 0 +1.876019234e+01 +9.011019234e+01 +9.011019234e+01 +5.9671e-01 -3.8264e-02
4 0 +7.077934523e+00 +7.842793452e+01 +7.842793452e+01 +1.6792e+00 +8.6743e-01
12 0 +4.677793279e+00 +7.602779328e+01 +7.602779328e+01 +1.4653e+00 +1.8929e+00
14 0 +4.524221834e+00 +7.587422183e+01 +7.587422183e+01 +1.1384e+00 +1.7902e+00
29 0 +4.110185388e+00 +7.546018539e+01 +7.546018539e+01 +2.1537e+00 +2.9893e+00
45 0 +2.405738779e+00 +7.375573878e+01 +7.375573878e+01 +1.1512e+00 +3.1142e+00
58 0 +2.157444312e+00 +7.350744431e+01 +7.350744431e+01 +9.8090e-01 +4.1508e+00
122 0 +4.026815751e-01 +7.175268158e+01 +7.175268158e+01 +1.4443e+00 +2.9738e+00
254 0 +1.727637071e-01 +7.152276371e+01 +7.152276371e+01 +1.3120e+00 +2.9903e+00
292 0 +9.812280051e-02 +7.144812280e+01 +7.144812280e+01 +1.1533e+00 +2.9684e+00
308 0 +5.270674901e-02 +7.140270675e+01 +7.140270675e+01 +1.3498e+00 +2.9733e+00
326 0 +1.472809549e-03 +7.135147281e+01 +7.135147281e+01 +1.2863e+00 +2.9704e+00
485 0 +2.076905973e-05 +7.135002077e+01 +7.135002077e+01 +1.2873e+00 +2.9721e+00
% f evaluations | g evaluations | best noise-free fitness - Fopt (-3.552200000000e+02) + sum g_i+ | measured fitness | best measured fitness or single-digit g-values | x1 | x2...
1 0 +5.932143259e+01 -2.958985674e+02 -2.958985674e+02 +5.9671e-01 -3.8264e-02
14 0 +4.148627018e+01 -3.137337298e+02 -3.137337298e+02 +1.5012e+00 +1.2846e+00
21 0 +6.850000977e+00 -3.483699990e+02 -3.483699990e+02 +1.9460e+00 +2.7461e+00
48 0 +2.882451688e+00 -3.523375483e+02 -3.523375483e+02 +1.7031e+00 +2.6681e+00
152 0 +1.341882754e+00 -3.538781172e+02 -3.538781172e+02 +2.7427e+00 +2.0372e+00
268 0 +1.186662824e+00 -3.540333372e+02 -3.540333372e+02 +2.9397e+00 +2.2158e+00
290 0 +1.031608093e+00 -3.541883919e+02 -3.541883919e+02 +3.0541e+00 +2.2271e+00
291 0 +5.865996322e-01 -3.546334004e+02 -3.546334004e+02 +2.9635e+00 +2.1761e+00
321 0 +3.596609333e-01 -3.548603391e+02 -3.548603391e+02 +3.1082e+00 +2.1837e+00
332 0 +1.754140553e-01 -3.550445859e+02 -3.550445859e+02 +2.9805e+00 +2.1725e+00
339 0 +1.158416149e-01 -3.551041584e+02 -3.551041584e+02 +3.0485e+00 +2.1864e+00
341 0 +1.080666257e-01 -3.551119334e+02 -3.551119334e+02 +3.0543e+00 +2.1857e+00
342 0 +5.775672742e-02 -3.551622433e+02 -3.551622433e+02 +3.0389e+00 +2.1964e+00
344 0 +1.094472137e-03 -3.552189055e+02 -3.552189055e+02 +3.0559e+00 +2.1994e+00
493 0 +2.296374494e-04 -3.552197704e+02 -3.552197704e+02 +3.0633e+00 +2.2009e+00
% f evaluations | g evaluations | best noise-free fitness - Fopt (9.917000000000e+01) + sum g_i+ | measured fitness | best measured fitness or single-digit g-values | x1 | x2...
1 0 +6.408215168e+01 +1.632521517e+02 +1.632521517e+02 +5.9671e-01 -3.8264e-02
2 0 +3.931986844e+01 +1.384898684e+02 +1.384898684e+02 +7.4769e-01 +1.6230e+00
16 0 +1.724948351e+01 +1.164194835e+02 +1.164194835e+02 +1.1760e+00 +1.1514e+00
41 0 +3.790647854e+00 +1.029606479e+02 +1.029606479e+02 +6.8627e-01 +1.1151e+00
42 0 +3.152348638e+00 +1.023223486e+02 +1.023223486e+02 +7.4298e-01 +1.0862e+00
58 0 +4.728200772e-01 +9.964282008e+01 +9.964282008e+01 +3.9754e-01 +1.5295e+00
109 0 +8.320818896e-02 +9.925320819e+01 +9.925320819e+01 +4.6073e-01 +1.4504e+00
139 0 +5.177936927e-02 +9.922177937e+01 +9.922177937e+01 +4.9558e-01 +1.4166e+00
234 0 +3.632263045e-02 +9.920632263e+01 +9.920632263e+01 +5.3934e-01 +1.3778e+00
237 0 +3.352836743e-02 +9.920352837e+01 +9.920352837e+01 +5.1164e-01 +1.3971e+00
239 0 +2.462743026e-02 +9.919462743e+01 +9.919462743e+01 +4.9888e-01 +1.4119e+00
241 0 +2.392760319e-02 +9.919392760e+01 +9.919392760e+01 +5.2658e-01 +1.3709e+00
242 0 +1.440664708e-02 +9.918440665e+01 +9.918440665e+01 +4.9914e-01 +1.4060e+00
246 0 +1.218885027e-02 +9.918218885e+01 +9.918218885e+01 +5.3396e-01 +1.3737e+00
251 0 +1.523002351e-03 +9.917152300e+01 +9.917152300e+01 +5.1157e-01 +1.3937e+00
262 0 +2.375285362e-05 +9.917002375e+01 +9.917002375e+01 +5.2007e-01 +1.3832e+00
398 0 +1.401774773e-05 +9.917001402e+01 +9.917001402e+01 +5.1990e-01 +1.3836e+00
434 0 +3.940328071e-06 +9.917000394e+01 +9.917000394e+01 +5.2076e-01 +1.3826e+00
450 0 +1.602141097e-06 +9.917000160e+01 +9.917000160e+01 +5.2051e-01 +1.3828e+00
% f evaluations | g evaluations | best noise-free fitness - Fopt (-5.179100000000e+02) + sum g_i+ | measured fitness | best measured fitness or single-digit g-values | x1 | x2...
1 0 +7.771971472e+01 -4.401902853e+02 -4.401902853e+02 +5.9671e-01 -3.8264e-02
5 0 +7.683614405e+01 -4.410738560e+02 -4.410738560e+02 -3.6947e-01 +6.4256e-01
7 0 +3.898235035e+01 -4.789276497e+02 -4.789276497e+02 +3.4196e-01 -1.8133e+00
11 0 +3.633113471e+01 -4.815788653e+02 -4.815788653e+02 -1.9449e+00 -9.0525e-01
32 0 +2.934414631e+00 -5.149755854e+02 -5.149755854e+02 -1.7729e+00 -1.0874e+00
120 0 +2.540196111e+00 -5.153698039e+02 -5.153698039e+02 -1.8989e+00 -1.1692e+00
138 0 +2.058758720e+00 -5.158512413e+02 -5.158512413e+02 -2.0145e+00 -1.3745e+00
146 0 +1.406012431e+00 -5.165039876e+02 -5.165039876e+02 -2.0485e+00 -1.3510e+00
153 0 +7.151017545e-01 -5.171948982e+02 -5.171948982e+02 -2.0441e+00 -1.2940e+00
160 0 +3.730078919e-01 -5.175369921e+02 -5.175369921e+02 -2.1521e+00 -1.4312e+00
167 0 +1.020771957e-01 -5.178079228e+02 -5.178079228e+02 -2.2251e+00 -1.4331e+00
175 0 +5.686138784e-02 -5.178531386e+02 -5.178531386e+02 -2.1672e+00 -1.3848e+00
193 0 +4.192122955e-02 -5.178680788e+02 -5.178680788e+02 -2.2145e+00 -1.4446e+00
258 0 +3.194202362e-02 -5.178780580e+02 -5.178780580e+02 -2.2144e+00 -1.4314e+00
264 0 +2.541169103e-02 -5.178845883e+02 -5.178845883e+02 -2.1939e+00 -1.4218e+00
298 0 +2.274930123e-02 -5.178872507e+02 -5.178872507e+02 -2.1972e+00 -1.4218e+00
321 0 +1.958865201e-02 -5.178904113e+02 -5.178904113e+02 -2.2141e+00 -1.4322e+00
322 0 +3.507479563e-03 -5.179064925e+02 -5.179064925e+02 -2.2112e+00 -1.4325e+00
364 0 +9.686598518e-04 -5.179090313e+02 -5.179090313e+02 -2.2306e+00 -1.4492e+00
471 0 +2.360961885e-04 -5.179097639e+02 -5.179097639e+02 -2.2297e+00 -1.4479e+00
% f evaluations | g evaluations | best noise-free fitness - Fopt (-5.721000000000e+01) + sum g_i+ | measured fitness | best measured fitness or single-digit g-values | x1 | x2...
1 0 +2.349400551e+01 -3.371599449e+01 -3.371599449e+01 +5.9671e-01 -3.8264e-02
3 0 +2.057296210e+01 -3.663703790e+01 -3.663703790e+01 -1.3415e-01 -1.3414e-01
4 0 +1.348011489e+01 -4.372988511e+01 -4.372988511e+01 +1.6792e+00 +8.6743e-01
14 0 +2.050414721e+00 -5.515958528e+01 -5.515958528e+01 +3.5479e-01 +9.1097e-01
120 0 +1.409167029e+00 -5.580083297e+01 -5.580083297e+01 +8.6855e-01 +2.5106e-01
158 0 +1.164464139e+00 -5.604553586e+01 -5.604553586e+01 +8.5128e-01 +2.7803e-01
455 0 +1.032413262e+00 -5.617758674e+01 -5.617758674e+01 +8.6179e-01 +2.6012e-01
% f evaluations | g evaluations | best noise-free fitness - Fopt (6.626000000000e+01) + sum g_i+ | measured fitness | best measured fitness or single-digit g-values | x1 | x2...
1 0 +1.472412562e+02 +2.135012562e+02 +2.135012562e+02 +5.9671e-01 -3.8264e-02
3 0 +6.414909670e+01 +1.304090967e+02 +1.304090967e+02 -1.3415e-01 -1.3414e-01
4 0 +4.058838415e+01 +1.068483841e+02 +1.068483841e+02 +1.6792e+00 +8.6743e-01
5 0 +4.467008837e+00 +7.072700884e+01 +7.072700884e+01 -3.6947e-01 +6.4256e-01
21 0 +3.759793942e+00 +7.001979394e+01 +7.001979394e+01 -4.7325e-01 +8.3365e-01
93 0 +2.333680150e+00 +6.859368015e+01 +6.859368015e+01 -5.0794e-01 +8.2800e-01
98 0 +1.891846186e+00 +6.815184619e+01 +6.815184619e+01 -4.1807e-01 +1.1265e+00
99 0 +2.611308275e-01 +6.652113083e+01 +6.652113083e+01 -4.4156e-01 +1.0948e+00
105 0 +2.478947100e-01 +6.650789471e+01 +6.650789471e+01 -4.5428e-01 +1.1794e+00
116 0 +1.198895756e-02 +6.627198896e+01 +6.627198896e+01 -4.7539e-01 +1.2040e+00
341 0 +7.233902897e-03 +6.626723390e+01 +6.626723390e+01 -4.7518e-01 +1.2283e+00
365 0 +5.809856199e-03 +6.626580986e+01 +6.626580986e+01 -4.7743e-01 +1.2347e+00
369 0 +3.328441181e-03 +6.626332844e+01 +6.626332844e+01 -4.7992e-01 +1.2376e+00
377 0 +2.342493707e-03 +6.626234249e+01 +6.626234249e+01 -4.7449e-01 +1.2162e+00
423 0 +1.282101845e-03 +6.626128210e+01 +6.626128210e+01 -4.8017e-01 +1.2345e+00
% f evaluations | g evaluations | best noise-free fitness - Fopt (-1.386200000000e+02) + sum g_i+ | measured fitness | best measured fitness or single-digit g-values | x1 | x2...
1 0 +2.378128087e+01 -1.148387191e+02 -1.148387191e+02 +5.9671e-01 -3.8264e-02
7 0 +1.850710327e+01 -1.201128967e+02 -1.201128967e+02 +3.4196e-01 -1.8133e+00
26 0 +1.839480055e+01 -1.202251994e+02 -1.202251994e+02 +3.9615e+00 -3.3308e+00
41 0 +1.795042561e+01 -1.206695744e+02 -1.206695744e+02 +2.0967e+00 +2.4043e+00
42 0 +1.791504923e+01 -1.207049508e+02 -1.207049508e+02 +7.1954e-01 +2.9721e+00
46 0 +7.873777751e+00 -1.307462222e+02 -1.307462222e+02 +4.9258e+00 -4.8800e-01
76 0 +2.098899530e+00 -1.365211005e+02 -1.365211005e+02 +1.4633e-01 +6.0767e-01
258 0 +2.026123455e+00 -1.365938765e+02 -1.365938765e+02 +1.9376e+00 -3.3371e+00
285 0 +1.951806514e+00 -1.366681935e+02 -1.366681935e+02 +1.9055e+00 -3.1605e+00
303 0 +1.895334788e+00 -1.367246652e+02 -1.367246652e+02 +1.9223e+00 -3.2530e+00
306 0 +1.766602690e+00 -1.368533973e+02 -1.368533973e+02 +1.9169e+00 -3.2461e+00
318 0 +1.607339456e+00 -1.370126605e+02 -1.370126605e+02 +1.9180e+00 -3.2524e+00
337 0 +1.424531234e+00 -1.371954688e+02 -1.371954688e+02 +1.9181e+00 -3.2451e+00
351 0 +1.299942465e+00 -1.373200575e+02 -1.373200575e+02 +1.9224e+00 -3.2652e+00
369 0 +1.230880743e+00 -1.373891193e+02 -1.373891193e+02 +1.9210e+00 -3.2648e+00
377 0 +1.219958732e+00 -1.374000413e+02 -1.374000413e+02 +1.9251e+00 -3.2792e+00
388 0 +1.132739563e+00 -1.374872604e+02 -1.374872604e+02 +1.9227e+00 -3.2773e+00
417 0 +1.068283702e+00 -1.375517163e+02 -1.375517163e+02 +1.9225e+00 -3.2720e+00
437 0 +1.061472044e+00 -1.375585280e+02 -1.375585280e+02 +1.9241e+00 -3.2816e+00
456 0 +1.010651914e+00 -1.376093481e+02 -1.376093481e+02 +1.9225e+00 -3.2744e+00
471 0 +9.610025611e-01 -1.376589974e+02 -1.376589974e+02 +1.9233e+00 -3.2769e+00
% f evaluations | g evaluations | best noise-free fitness - Fopt (7.313900000000e+02) + sum g_i+ | measured fitness | best measured fitness or single-digit g-values | x1 | x2...
1 0 +8.674165798e+01 +8.181316580e+02 +8.181316580e+02 +5.9671e-01 -3.8264e-02
3 0 +4.911042708e+01 +7.805004271e+02 +7.805004271e+02 -1.3415e-01 -1.3414e-01
7 0 +1.324106043e+01 +7.446310604e+02 +7.446310604e+02 +3.4196e-01 -1.8133e+00
43 0 +6.682640177e+00 +7.380726402e+02 +7.380726402e+02 +3.7245e-01 +9.1422e-01
314 0 +2.944478074e+00 +7.343344781e+02 +7.343344781e+02 +7.0018e-01 -3.0379e+00
328 0 +1.850107753e+00 +7.332401078e+02 +7.332401078e+02 +7.6491e-01 -3.2306e+00
369 0 +6.065536616e-01 +7.319965537e+02 +7.319965537e+02 +7.5276e-01 -3.0916e+00
451 0 +3.728410681e-01 +7.317628411e+02 +7.317628411e+02 +7.1755e-01 -2.9954e+00
469 0 +2.982228787e-01 +7.316882229e+02 +7.316882229e+02 +7.1230e-01 -2.8769e+00
470 0 +2.057869956e-01 +7.315957870e+02 +7.315957870e+02 +7.5420e-01 -3.0536e+00
% f evaluations | g evaluations | best noise-free fitness - Fopt (7.526000000000e+01) + sum g_i+ | measured fitness | best measured fitness or single-digit g-values | x1 | x2...
1 0 +6.794538791e+01 +1.432053879e+02 +1.432053879e+02 +5.9671e-01 -3.8264e-02
4 0 +5.930386647e+01 +1.345638665e+02 +1.345638665e+02 +1.6792e+00 +8.6743e-01
7 0 +1.959903938e+01 +9.485903938e+01 +9.485903938e+01 +3.4196e-01 -1.8133e+00
11 0 +4.934838635e+00 +8.019483863e+01 +8.019483863e+01 +1.6412e+00 -2.0967e+00
52 0 +3.672235291e+00 +7.893223529e+01 +7.893223529e+01 +1.6806e+00 -1.9994e+00
54 0 +3.434316980e+00 +7.869431698e+01 +7.869431698e+01 +2.0830e+00 +4.2088e-02
59 0 +8.970354591e-01 +7.615703546e+01 +7.615703546e+01 +1.5725e+00 -1.9842e+00
166 0 +6.775033777e-01 +7.593750338e+01 +7.593750338e+01 +1.6904e+00 -1.8802e+00
233 0 +2.753569798e-01 +7.553535698e+01 +7.553535698e+01 +1.8667e+00 -1.6501e+00
291 0 +4.556373628e-02 +7.530556374e+01 +7.530556374e+01 +1.8024e+00 -1.7635e+00
318 0 +3.276546219e-02 +7.529276546e+01 +7.529276546e+01 +1.8372e+00 -1.7058e+00
320 0 +1.172442869e-02 +7.527172443e+01 +7.527172443e+01 +1.8282e+00 -1.7200e+00
404 0 +1.167922772e-02 +7.527167923e+01 +7.527167923e+01 +1.8048e+00 -1.7412e+00
411 0 +1.776874933e-03 +7.526177687e+01 +7.526177687e+01 +1.8180e+00 -1.7302e+00
451 0 +3.100994903e-04 +7.526031010e+01 +7.526031010e+01 +1.8107e+00 -1.7373e+00
452 0 +2.296921273e-04 +7.526022969e+01 +7.526022969e+01 +1.8111e+00 -1.7378e+00
462 0 +1.195049109e-04 +7.526011950e+01 +7.526011950e+01 +1.8104e+00 -1.7379e+00
% f evaluations | g evaluations | best noise-free fitness - Fopt (-4.913000000000e+01) + sum g_i+ | measured fitness | best measured fitness or single-digit g-values | x1 | x2...
1 0 +1.790270696e+02 +1.298970696e+02 +1.298970696e+02 +5.9671e-01 -3.8264e-02
2 0 +1.296712992e+02 +8.054129920e+01 +8.054129920e+01 +7.4769e-01 +1.6230e+00
3 0 +1.808965611e+01 -3.104034389e+01 -3.104034389e+01 -1.3415e-01 -1.3414e-01
15 0 +1.769152589e+01 -3.143847411e+01 -3.143847411e+01 +2.8341e-02 -1.3653e-01
27 0 +1.196998328e+01 -3.716001672e+01 -3.716001672e+01 -2.0041e-01 -1.3114e-01
61 0 +1.280494454e+00 -4.784950555e+01 -4.784950555e+01 -1.5852e+00 -9.1607e-01
105 0 +3.964150978e-01 -4.873358490e+01 -4.873358490e+01 -1.8262e+00 -1.0734e+00
186 0 +3.779407349e-01 -4.875205927e+01 -4.875205927e+01 -1.8675e+00 -1.0731e+00
187 0 +4.225629981e-02 -4.908774370e+01 -4.908774370e+01 -1.7033e+00 -9.8982e-01
314 0 +7.679656261e-03 -4.912232034e+01 -4.912232034e+01 -1.7414e+00 -1.0070e+00
354 0 +5.971706983e-03 -4.912402829e+01 -4.912402829e+01 -1.7353e+00 -1.0063e+00
357 0 +2.009254615e-03 -4.912799075e+01 -4.912799075e+01 -1.7389e+00 -1.0060e+00
360 0 +1.478227037e-03 -4.912852177e+01 -4.912852177e+01 -1.7421e+00 -1.0079e+00
367 0 +9.436098265e-04 -4.912905639e+01 -4.912905639e+01 -1.7311e+00 -1.0027e+00
368 0 +4.340356377e-04 -4.912956596e+01 -4.912956596e+01 -1.7325e+00 -1.0032e+00
397 0 +7.793942829e-05 -4.912992206e+01 -4.912992206e+01 -1.7363e+00 -1.0050e+00
400 0 +1.344611080e-05 -4.912998655e+01 -4.912998655e+01 -1.7348e+00 -1.0044e+00
458 0 +5.387084663e-06 -4.912999461e+01 -4.912999461e+01 -1.7353e+00 -1.0046e+00
