% f evaluations | g evaluations | best noise-free fitness - Fopt (1.491500000000e+02) + sum g_i+ | measured fitness | best measured fitness or single-digit g-values | x1 | x2...
1 0 +2.873441236e+04 +2.888356236e+04 +2.888356236e+04 +5.9671e-01 -3.8264e-02 +7.4769e-01 +1.6230e+00 -1.3415e-01 -1.3414e-01 +1.6792e+00 +8.6743e-01 -3.6947e-01 +6.4256e-01
2 0 +9.711296827e+03 +9.860446827e+03 +9.860446827e+03 -3.6342e-01 -3.6573e-01 +3.4196e-01 -1.8133e+00 -1.6249e+00 -4.6229e-01 -9.1283e-01 +4.1425e-01 -8.0802e-01 -1.3123e+00
25 0 +9.022887792e+03 +9.172037792e+03 +9.172037792e+03 -6.9252e-01 -1.4736e-02 +6.0499e-01 +9.6576e-01 -1.1003e+00 -2.3450e-01 -3.7495e-01 -5.5333e-01 +1.8655e+00 +5.0498e-01
45 0 +8.788259099e+03 +8.937409099e+03 +8.937409099e+03 +4.8407e-01 +6.7305e-02 -1.9674e+00 +1.0880e-02 -1.2045e+00 +7.6967e-01 +4.6660e-01 -8.3988e-01 -4.1387e-01 -9.5921e-01
54 0 +8.776023257e+03 +8.925173257e+03 +8.925173257e+03 -1.8411e+00 -2.4649e-01 -7.8579e-01 -8.6201e-01 -1.0302e+00 +1.5946e-02 -4.6321e-01 +2.1965e-01 -2.2374e+00 +2.6531e-01
55 0 +4.737061613e+03 +4.886211613e+03 +4.886211613e+03 -1.3207e+00 -1.4183e+00 -2.9248e+00 +1.8118e+00 -2.1288e+00 -1.6207e+00 -1.1128e-02 +1.8997e-01 +1.2303e+00 -2.7425e-01
67 0 +3.299111563e+03 +3.448261563e+03 +3.448261563e+03 +1.7685e-01 +3.4864e-02 -1.5679e-01 -4.3431e-01 -1.7975e+00 +2.6801e-01 -2.1741e-01 -1.1719e+00 +2.1009e-01 -1.1032e+00
109 0 +3.025355441e+03 +3.174505441e+03 +3.174505441e+03 +2.5602e-01 -8.8825e-02 +4.6480e-01 -1.1905e+00 -2.2809e+00 -1.2838e+00 -2.1261e+00 -3.2882e+00 -3.8370e-01 -1.7932e-02
177 0 +1.077684106e+03 +1.226834106e+03 +1.226834106e+03 -1.6055e+00 -1.2225e+00 -8.6951e-01 +2.7705e-01 -2.4240e+00 -1.9912e+00 -4.6848e-01 -2.4691e+00 -1.0827e+00 -1.0688e+00
388 0 +9.405978951e+02 +1.089747895e+03 +1.089747895e+03 -1.8670e-01 -8.0945e-01 -1.7372e+00 +7.4405e-01 -3.2859e+00 -3.0755e+00 -5.4485e-01 -8.3950e-01 +5.0952e-01 -9.1421e-01
414 0 +6.831201457e+02 +8.322701457e+02 +8.322701457e+02 -4.6974e-01 -3.7982e-01 -1.5958e+00 +1.5085e-01 -3.7111e+00 -2.5897e+00 -1.4093e+00 -8.5662e-01 -8.3021e-02 -6.0917e-01
457 0 +3.189496189e+02 +4.680996189e+02 +4.680996189e+02 -8.6773e-01 -9.1742e-01 -2.1165e-01 +4.2524e-01 -3.6380e+00 -2.9687e+00 -2.0003e+00 -2.3571e+00 -1.0236e+00 -1.1249e-01
474 0 +2.738213865e+02 +4.229713865e+02 +4.229713865e+02 -1.5698e+00 -7.5813e-01 -4.5961e-01 +1.2549e+00 -3.5667e+00 -1.3875e+00 -2.3625e+00 -1.3141e+00 -1.4616e-01 -4.1787e-01
569 0 +2.372088022e+02 +3.863588022e+02 +3.863588022e+02 -1.5415e+00 -8.4531e-01 -8.2997e-01 +1.4846e+00 -3.5746e+00 -2.7319e+00 -1.9385e+00 -2.0551e+00 -1.9780e+00 +4.1345e-01
617 0 +8.792354886e+01 +2.370735489e+02 +2.370735489e+02 -1.6048e-01 -9.0669e-01 -5.4531e-01 +1.1566e+00 -3.8485e+00 -1.7271e+00 -1.4459e+00 -2.0598e+00 -1.4983e+00 -2.3597e-01
757 0 +7.877332776e+01 +2.279233278e+02 +2.279233278e+02 -7.3918e-01 -8.6508e-01 -6.1019e-01 +1.5214e+00 -3.3714e+00 -2.0100e+00 -1.7826e+00 -2.3851e+00 -4.5240e-01 -9.0561e-02
815 0 +6.697921237e+01 +2.161292124e+02 +2.161292124e+02 -5.4006e-01 -9.3923e-01 -8.3448e-01 +9.8704e-01 -3.4817e+00 -1.8915e+00 -1.7822e+00 -1.4070e+00 -3.0958e-01 -2.1530e-01
921 0 +5.362818461e+01 +2.027781846e+02 +2.027781846e+02 -1.4923e+00 -1.2870e+00 -1.1586e+00 +4.3012e-01 -3.7484e+00 -2.2207e+00 -1.5042e+00 -2.1831e+00 -8.3655e-01 -4.4303e-01
927 0 +5.318112753e+01 +2.023311275e+02 +2.023311275e+02 -7.8749e-01 -1.5542e+00 -6.7251e-01 +1.2880e+00 -3.3441e+00 -2.1024e+00 -1.8985e+00 -1.7635e+00 -7.0896e-01 -2.1159e-01
944 0 +3.683677486e+01 +1.859867749e+02 +1.859867749e+02 -6.0613e-01 -1.4260e+00 -9.7565e-01 +7.9430e-01 -3.5539e+00 -2.1875e+00 -1.5419e+00 -1.8767e+00 -5.4895e-01 -2.6809e-01
949 0 +3.169952635e+01 +1.808495263e+02 +1.808495263e+02 -7.6068e-01 -1.0582e+00 -7.7910e-01 +9.9773e-01 -3.4938e+00 -2.3667e+00 -1.8865e+00 -1.8985e+00 -7.4610e-01 -3.4895e-01
1122 0 +2.758342409e+01 +1.767334241e+02 +1.767334241e+02 -6.0726e-01 -1.1855e+00 -8.7259e-01 +6.1989e-01 -3.4272e+00 -2.1089e+00 -1.9958e+00 -2.0399e+00 -9.1653e-01 -3.1924e-01
1166 0 +2.636396038e+01 +1.755139604e+02 +1.755139604e+02 -8.2705e-01 -1.6230e+00 -1.0904e+00 +9.1388e-01 -3.5704e+00 -2.1559e+00 -1.7993e+00 -2.1540e+00 -7.7178e-01 -4.4548e-01
1209 0 +1.947028559e+01 +1.686202856e+02 +1.686202856e+02 -1.3454e+00 -1.3026e+00 -8.9320e-01 +9.4710e-01 -3.6530e+00 -2.2412e+00 -1.9363e+00 -1.9112e+00 -9.5848e-01 -6.7409e-01
1298 0 +1.935254885e+01 +1.685025488e+02 +1.685025488e+02 -1.3265e+00 -1.3628e+00 -1.1395e+00 +8.1338e-01 -3.6766e+00 -2.1583e+00 -1.7757e+00 -2.1336e+00 -1.0267e+00 -2.9023e-01
1318 0 +1.797292095e+01 +1.671229209e+02 +1.671229209e+02 -8.1515e-01 -1.3788e+00 -9.5741e-01 +8.5678e-01 -3.8017e+00 -2.1462e+00 -1.7549e+00 -2.1311e+00 -6.2224e-01 -3.6509e-01
1332 0 +1.460919454e+01 +1.637591945e+02 +1.637591945e+02 -4.6011e-01 -1.1633e+00 -8.5655e-01 +9.6064e-01 -3.7772e+00 -2.2637e+00 -1.8617e+00 -2.0820e+00 -8.2054e-01 -5.9756e-01
1348 0 +1.268263354e+01 +1.618326335e+02 +1.618326335e+02 -6.4421e-01 -1.2630e+00 -9.7222e-01 +8.9898e-01 -3.7346e+00 -2.0418e+00 -1.7659e+00 -2.0167e+00 -9.6696e-01 -3.6139e-01
1416 0 +1.218683447e+01 +1.613368345e+02 +1.613368345e+02 -6.6377e-01 -1.3139e+00 -1.0831e+00 +9.8859e-01 -3.6727e+00 -2.1523e+00 -1.7878e+00 -2.0837e+00 -8.8817e-01 -5.2852e-01
1468 0 +1.116956501e+01 +1.603195650e+02 +1.603195650e+02 -1.0006e+00 -1.2776e+00 -9.6646e-01 +9.3109e-01 -3.7022e+00 -2.2386e+00 -1.8480e+00 -2.0576e+00 -8.2426e-01 -4.9567e-01
1477 0 +1.094349534e+01 +1.600934953e+02 +1.600934953e+02 -9.7356e-01 -1.3052e+00 -1.0350e+00 +8.1865e-01 -3.7535e+00 -2.1577e+00 -1.7574e+00 -2.0185e+00 -8.0431e-01 -4.6338e-01
1637 0 +1.008181332e+01 +1.592318133e+02 +1.592318133e+02 -6.2672e-01 -1.1638e+00 -9.2754e-01 +7.4049e-01 -3.7840e+00 -2.1911e+00 -1.8098e+00 -2.0939e+00 -8.8269e-01 -5.1720e-01
1771 0 +9.780259920e+00 +1.589302599e+02 +1.589302599e+02 -9.7412e-01 -1.3228e+00 -1.0070e+00 +7.8715e-01 -3.7024e+00 -2.1549e+00 -1.8222e+00 -2.0309e+00 -9.0487e-01 -4.9796e-01
1815 0 +9.540366131e+00 +1.586903661e+02 +1.586903661e+02 -9.0926e-01 -1.3514e+00 -9.6258e-01 +8.7678e-01 -3.7842e+00 -2.1684e+00 -1.7426e+00 -2.0916e+00 -9.2328e-01 -5.0820e-01
1862 0 +9.410155530e+00 +1.585601555e+02 +1.585601555e+02 -9.5184e-01 -1.3488e+00 -9.6591e-01 +8.8374e-01 -3.7478e+00 -2.1686e+00 -1.8334e+00 -2.0574e+00 -9.6545e-01 -4.7594e-01
1894 0 +9.351093139e+00 +1.585010931e+02 +1.585010931e+02 -8.2375e-01 -1.2774e+00 -9.5426e-01 +8.1118e-01 -3.7669e+00 -2.1671e+00 -1.8410e+00 -2.0110e+00 -8.8339e-01 -4.9378e-01
1921 0 +8.727643218e+00 +1.578776432e+02 +1.578776432e+02 -6.6445e-01 -1.2482e+00 -9.1986e-01 +8.5449e-01 -3.7414e+00 -2.1545e+00 -1.7834e+00 -2.0988e+00 -9.1251e-01 -5.3334e-01
2043 0 +8.395179746e+00 +1.575451797e+02 +1.575451797e+02 -6.6837e-01 -1.2469e+00 -9.3079e-01 +8.4812e-01 -3.7027e+00 -2.1447e+00 -1.7926e+00 -2.0764e+00 -9.0310e-01 -5.0529e-01
2117 0 +8.331822443e+00 +1.574818224e+02 +1.574818224e+02 -5.9940e-01 -1.1821e+00 -9.6445e-01 +8.6280e-01 -3.7737e+00 -2.1813e+00 -1.8147e+00 -2.0816e+00 -9.0832e-01 -5.1917e-01
2173 0 +8.078807590e+00 +1.572288076e+02 +1.572288076e+02 -5.8636e-01 -1.1739e+00 -9.4974e-01 +8.5259e-01 -3.6987e+00 -2.1996e+00 -1.7880e+00 -2.0565e+00 -9.0043e-01 -5.1493e-01
2211 0 +7.979421332e+00 +1.571294213e+02 +1.571294213e+02 -5.6853e-01 -1.1271e+00 -8.8730e-01 +9.0565e-01 -3.7388e+00 -2.1952e+00 -1.8234e+00 -2.0458e+00 -9.0409e-01 -4.8116e-01
2389 0 +7.742339326e+00 +1.568923393e+02 +1.568923393e+02 -5.5131e-01 -1.1110e+00 -9.1010e-01 +8.6866e-01 -3.7392e+00 -2.1595e+00 -1.8103e+00 -2.0805e+00 -8.7904e-01 -4.7709e-01
2456 0 +7.516143264e+00 +1.566661433e+02 +1.566661433e+02 -4.3982e-01 -9.8238e-01 -8.5646e-01 +8.6845e-01 -3.7546e+00 -2.1677e+00 -1.8009e+00 -2.0595e+00 -8.6636e-01 -5.0838e-01
2458 0 +7.448323608e+00 +1.565983236e+02 +1.565983236e+02 -4.7193e-01 -1.0064e+00 -8.2313e-01 +8.8196e-01 -3.7317e+00 -2.2031e+00 -1.7946e+00 -2.0786e+00 -8.7776e-01 -4.8072e-01
% f evaluations | g evaluations | best noise-free fitness - Fopt (-1.000000000000e+03) + sum g_i+ | measured fitness | best measured fitness or single-digit g-values | x1 | x2...
1 0 +1.147647275e+05 +1.137647275e+05 +1.137647275e+05 +5.9671e-01 -3.8264e-02 +7.4769e-01 +1.6230e+00 -1.3415e-01 -1.3414e-01 +1.6792e+00 +8.6743e-01 -3.6947e-01 +6.4256e-01
2 0 +2.513115352e+04 +2.413115352e+04 +2.413115352e+04 -3.6342e-01 -3.6573e-01 +3.4196e-01 -1.8133e+00 -1.6249e+00 -4.6229e-01 -9.1283e-01 +4.1425e-01 -8.0802e-01 -1.3123e+00
14 0 +1.481946528e+04 +1.381946528e+04 +1.381946528e+04 -1.4507e+00 +1.6856e-01 -9.6230e-01 +5.7359e-01 -8.1942e-01 +1.6499e+00 -6.8325e-01 -2.2206e-01 +9.1352e-01 -1.1309e+00
41 0 +1.262405333e+04 +1.162405333e+04 +1.162405333e+04 -1.4944e+00 -4.9938e-01 +1.0524e-01 +1.4698e-01 -3.5007e-01 +7.2285e-01 -9.6762e-01 -4.2379e-02 +2.2030e-01 +6.1444e-01
51 0 +9.698503890e+03 +8.698503890e+03 +8.698503890e+03 -2.1236e+00 +2.9166e-02 -1.4615e+00 -7.7726e-01 -4.1996e-01 +2.5565e-01 -4.1365e-01 -4.5544e-01 +4.6551e-01 -1.5378e+00
58 0 +8.128850810e+03 +7.128850810e+03 +7.128850810e+03 -1.3128e+00 +3.9943e-01 -4.8148e-01 -1.9917e-01 -1.1092e+00 +4.7164e-01 -1.8477e+00 -2.2105e-01 +1.1002e-01 -3.1022e-03
63 0 +7.875604985e+03 +6.875604985e+03 +6.875604985e+03 -1.6250e+00 +2.8632e-01 +6.9924e-01 -1.0438e-01 -2.1125e+00 -2.4211e+00 -1.3063e+00 -3.1174e-01 +4.9982e-01 -3.5095e-01
70 0 +3.894548317e+03 +2.894548317e+03 +2.894548317e+03 -1.7084e+00 +1.5231e+00 +6.1251e-01 -9.5165e-01 -1.2410e+00 -3.4034e-01 -1.7897e+00 -4.4557e-01 -1.5939e-01 +6.8112e-01
82 0 +3.111138281e+03 +2.111138281e+03 +2.111138281e+03 -2.1612e+00 +1.5778e+00 +1.2184e-01 -1.9563e+00 -1.7906e+00 +4.9098e-01 -1.8462e+00 -9.5758e-01 +9.1656e-01 -2.1489e+00
174 0 +2.540546070e+03 +1.540546070e+03 +1.540546070e+03 -3.6068e+00 +1.3773e+00 +1.5539e+00 -2.4922e+00 -1.8652e+00 -1.7697e+00 -3.7835e+00 -2.6648e-01 +5.8416e-01 +1.5354e+00
326 0 +2.234362649e+03 +1.234362649e+03 +1.234362649e+03 -2.3681e+00 +9.1764e-01 +1.5607e+00 -3.6618e+00 -1.5194e+00 +5.5550e-01 -3.6331e+00 -2.6356e+00 +1.2048e+00 +5.4134e-01
408 0 +2.216939438e+03 +1.216939438e+03 +1.216939438e+03 -3.2140e+00 +1.3241e+00 -9.7545e-01 -1.6615e+00 -3.1451e+00 -2.0479e-01 -2.5812e+00 -6.9737e-01 +6.7721e-01 -1.7450e-01
453 0 +1.800587091e+03 +8.005870909e+02 +8.005870909e+02 -4.0794e+00 +1.5036e+00 +1.0991e+00 -3.7327e+00 -4.0128e+00 -4.9480e-01 -3.3087e+00 -2.4049e+00 +6.2450e-01 -3.5637e-01
454 0 +1.734727120e+03 +7.347271197e+02 +7.347271197e+02 -2.1127e+00 +1.0021e+00 +1.6725e+00 -2.4384e+00 -2.1104e+00 -5.7863e-01 -4.0769e+00 -1.9009e-01 +1.5793e+00 +4.5167e+00
543 0 +1.556709950e+03 +5.567099504e+02 +5.567099504e+02 -1.9842e+00 +9.5557e-01 -3.0803e-01 -2.5536e+00 -3.3582e+00 -6.4486e-01 -2.7834e+00 -2.5940e+00 +9.9400e-01 +3.5545e-01
545 0 +1.260388798e+03 +2.603887979e+02 +2.603887979e+02 -3.8211e+00 +1.7930e+00 +1.1706e+00 -1.9028e+00 -2.7963e+00 +3.0623e-02 -3.2110e+00 -2.3379e+00 -1.0250e+00 +1.7821e+00
547 0 +1.113737047e+03 +1.137370472e+02 +1.137370472e+02 -4.4998e+00 -2.4343e-01 -6.0300e-01 -2.3041e+00 -2.5920e+00 +3.6336e-01 -2.4918e+00 -6.0780e-01 +8.8245e-01 +2.6708e+00
549 0 +7.914464470e+02 -2.085535530e+02 -2.085535530e+02 -3.0174e+00 +1.6720e+00 +1.7561e+00 -3.0632e+00 -2.8912e+00 -1.2357e+00 -2.9769e+00 -1.6946e+00 +8.7723e-01 +1.2102e+00
562 0 +5.588913486e+02 -4.411086514e+02 -4.411086514e+02 -4.4738e+00 +2.8847e-01 +8.8526e-01 -2.9414e+00 -3.7667e+00 -1.6393e+00 -3.3893e+00 -2.2014e+00 +1.0119e+00 +3.3947e+00
596 0 +2.134830879e+02 -7.865169121e+02 -7.865169121e+02 -3.8512e+00 +1.0593e-01 +1.2157e-01 -1.9328e+00 -3.2956e+00 -2.6443e-01 -2.9065e+00 -2.0698e+00 +4.4211e-02 +1.0233e+00
624 0 +2.022108199e+02 -7.977891801e+02 -7.977891801e+02 -3.4010e+00 +6.0895e-01 +3.0798e-01 -2.5087e+00 -2.9180e+00 -9.2455e-01 -3.2431e+00 -1.8811e+00 +1.2076e+00 +2.0996e+00
806 0 +1.458939236e+02 -8.541060764e+02 -8.541060764e+02 -3.7116e+00 +1.4981e-01 +5.7372e-01 -2.7709e+00 -3.2655e+00 -4.9198e-01 -3.0639e+00 -2.7354e+00 -9.5410e-02 +2.6968e+00
820 0 +7.634441462e+01 -9.236555854e+02 -9.236555854e+02 -4.4114e+00 +8.5845e-01 +1.0625e+00 -2.4387e+00 -3.2116e+00 -3.3569e-01 -2.7002e+00 -1.7661e+00 +7.0424e-01 +2.3718e+00
1059 0 +4.170866052e+01 -9.582913395e+02 -9.582913395e+02 -3.8072e+00 +2.4145e-01 +5.6944e-01 -2.5246e+00 -3.0021e+00 -7.2467e-01 -2.6027e+00 -1.8494e+00 +7.1688e-01 +2.1372e+00
1307 0 +3.828155055e+01 -9.617184494e+02 -9.617184494e+02 -4.1870e+00 -2.0879e-02 +5.8619e-01 -2.2972e+00 -3.1582e+00 -8.6183e-01 -3.0259e+00 -2.0708e+00 +4.7870e-01 +2.0731e+00
1379 0 +3.739114615e+01 -9.626088539e+02 -9.626088539e+02 -4.4046e+00 +3.3247e-01 +9.2375e-01 -2.2229e+00 -2.8600e+00 -7.8490e-01 -2.7705e+00 -1.9881e+00 +3.4260e-01 +2.1047e+00
1441 0 +3.546005063e+01 -9.645399494e+02 -9.645399494e+02 -4.0944e+00 +5.0367e-02 +5.2719e-01 -2.5575e+00 -2.6988e+00 -8.6393e-01 -2.8989e+00 -1.9886e+00 +6.8028e-02 +1.8462e+00
1493 0 +3.202828740e+01 -9.679717126e+02 -9.679717126e+02 -3.8532e+00 +9.7966e-02 +6.0450e-01 -2.5556e+00 -3.0421e+00 -8.8416e-01 -3.0329e+00 -2.4313e+00 +2.5998e-01 +2.3282e+00
1638 0 +2.835070223e+01 -9.716492978e+02 -9.716492978e+02 -3.5161e+00 +2.6835e-01 +3.4123e-01 -2.6284e+00 -3.0760e+00 -8.3037e-01 -2.8585e+00 -2.2347e+00 +2.0059e-01 +2.3009e+00
1702 0 +2.567438985e+01 -9.743256101e+02 -9.743256101e+02 -3.5590e+00 +1.9506e-01 +4.9645e-01 -2.4986e+00 -3.2748e+00 -5.9627e-01 -2.7753e+00 -1.9482e+00 +1.8437e-01 +2.0285e+00
1703 0 +2.212866993e+01 -9.778713301e+02 -9.778713301e+02 -3.6910e+00 +1.1006e-01 +4.9959e-01 -2.5318e+00 -3.2374e+00 -8.6200e-01 -2.8524e+00 -1.9960e+00 +4.1635e-01 +1.9139e+00
1708 0 +2.115811568e+01 -9.788418843e+02 -9.788418843e+02 -3.6942e+00 +2.6828e-01 +5.0372e-01 -2.3847e+00 -2.8292e+00 -9.7237e-01 -2.8826e+00 -2.0426e+00 +3.1378e-01 +1.9774e+00
1712 0 +2.091485674e+01 -9.790851433e+02 -9.790851433e+02 -3.8487e+00 +1.5935e-01 +5.4058e-01 -2.4449e+00 -3.1287e+00 -6.6555e-01 -3.0795e+00 -2.0405e+00 +2.9427e-01 +2.1016e+00
1744 0 +1.522486506e+01 -9.847751349e+02 -9.847751349e+02 -4.1870e+00 +2.3371e-01 +6.2650e-01 -2.5769e+00 -2.9553e+00 -7.2826e-01 -3.0617e+00 -2.1434e+00 +2.6248e-01 +1.8515e+00
1803 0 +1.476662112e+01 -9.852333789e+02 -9.852333789e+02 -3.6734e+00 +2.0040e-01 +5.7896e-01 -2.6076e+00 -2.9829e+00 -8.1946e-01 -3.0644e+00 -2.0678e+00 +3.2448e-01 +1.8249e+00
1879 0 +1.073568207e+01 -9.892643179e+02 -9.892643179e+02 -3.4502e+00 +2.3255e-01 +4.8539e-01 -2.5414e+00 -3.0958e+00 -8.6289e-01 -2.9681e+00 -2.1741e+00 +2.2762e-01 +2.0150e+00
2240 0 +1.068991856e+01 -9.893100814e+02 -9.893100814e+02 -3.8212e+00 +2.4261e-01 +5.4513e-01 -2.6084e+00 -3.0492e+00 -8.2512e-01 -2.9456e+00 -2.1769e+00 +2.1194e-01 +1.8359e+00
2241 0 +1.039105593e+01 -9.896089441e+02 -9.896089441e+02 -3.6196e+00 +1.9243e-01 +5.4783e-01 -2.5637e+00 -3.0319e+00 -9.0350e-01 -3.0323e+00 -2.1681e+00 +1.8529e-01 +1.8747e+00
2266 0 +1.008002748e+01 -9.899199725e+02 -9.899199725e+02 -3.8052e+00 +1.8476e-01 +5.3327e-01 -2.5134e+00 -3.0462e+00 -9.1258e-01 -2.9904e+00 -2.2426e+00 +2.0749e-01 +1.9625e+00
2308 0 +9.809166312e+00 -9.901908337e+02 -9.901908337e+02 -3.7673e+00 +1.7785e-01 +5.7150e-01 -2.5310e+00 -3.0684e+00 -8.6057e-01 -2.9803e+00 -2.2672e+00 +2.0195e-01 +1.9614e+00
2311 0 +9.557017545e+00 -9.904429825e+02 -9.904429825e+02 -3.6677e+00 +1.3660e-01 +5.2707e-01 -2.5476e+00 -3.0807e+00 -8.2482e-01 -2.9581e+00 -2.2251e+00 +2.1876e-01 +1.9319e+00
2417 0 +8.802489719e+00 -9.911975103e+02 -9.911975103e+02 -3.6283e+00 +2.4184e-01 +5.7590e-01 -2.5547e+00 -3.0249e+00 -8.4690e-01 -2.9460e+00 -2.2186e+00 +1.8122e-01 +1.9100e+00
% f evaluations | g evaluations | best noise-free fitness - Fopt (9.862000000000e+01) + sum g_i+ | measured fitness | best measured fitness or single-digit g-values | x1 | x2...
1 0 +1.171177608e+05 +1.172163808e+05 +1.172163808e+05 +5.9671e-01 -3.8264e-02 +7.4769e-01 +1.6230e+00 -1.3415e-01 -1.3414e-01 +1.6792e+00 +8.6743e-01 -3.6947e-01 +6.4256e-01
2 0 +3.354598863e+04 +3.364460863e+04 +3.364460863e+04 -3.6342e-01 -3.6573e-01 +3.4196e-01 -1.8133e+00 -1.6249e+00 -4.6229e-01 -9.1283e-01 +4.1425e-01 -8.0802e-01 -1.3123e+00
13 0 +3.125661104e+04 +3.135523104e+04 +3.135523104e+04 +8.9103e-01 -8.0939e-01 +1.5028e+00 -1.3019e+00 +6.8686e-01 +2.2905e+00 -8.9054e-01 -4.6630e-01 +1.9965e-01 -4.0348e-01
35 0 +2.091317074e+04 +2.101179074e+04 +2.101179074e+04 -7.2222e-01 +3.4369e-01 +3.4497e-01 -4.0694e-01 -3.7104e-01 +3.3205e-01 -1.3481e+00 -1.3075e+00 -6.1844e-01 -1.1345e-01
51 0 +1.818310978e+04 +1.828172978e+04 +1.828172978e+04 -8.6086e-01 -1.6702e+00 -7.0887e-01 -8.5030e-01 -1.2545e-01 +2.4711e+00 -2.1185e+00 -3.4020e-01 -2.4777e+00 -2.3344e+00
54 0 +8.874733896e+03 +8.973353896e+03 +8.973353896e+03 +8.6324e-01 +1.1133e-01 +1.1733e-01 -4.7765e+00 +9.3466e-01 +4.7822e-01 -2.0457e+00 -1.9528e+00 -2.1570e+00 -3.4256e-01
102 0 +5.470728377e+03 +5.569348377e+03 +5.569348377e+03 -1.9363e+00 -2.5859e+00 +3.1130e+00 -4.1297e+00 +2.0608e+00 +9.8963e-01 -1.7554e+00 -3.0564e+00 -1.9128e+00 -1.8145e+00
120 0 +4.948886245e+03 +5.047506245e+03 +5.047506245e+03 -2.2297e+00 +5.2468e-01 +2.8981e+00 -2.0942e+00 -7.8012e-01 +5.4729e-01 -7.4120e-01 -2.4846e+00 -3.0742e+00 -1.3908e+00
121 0 +3.909334888e+03 +4.007954888e+03 +4.007954888e+03 +6.5527e-01 -1.4245e+00 +1.6460e+00 -1.7284e+00 +1.3937e+00 +9.2604e-01 -1.6495e+00 -4.5572e+00 -4.2539e+00 -4.9433e-01
186 0 +2.968637262e+03 +3.067257262e+03 +3.067257262e+03 -7.0025e-01 -7.4356e-01 +1.7533e+00 -2.1410e+00 -8.5769e-01 +1.2351e+00 -4.0866e+00 -1.8985e+00 -4.0761e+00 +4.1364e-01
233 0 +1.791382815e+03 +1.890002815e+03 +1.890002815e+03 -9.1718e-01 -1.5927e+00 +2.4985e+00 -3.2509e+00 -1.2528e+00 +2.0575e+00 -1.4531e+00 -4.9871e+00 -3.5229e+00 +1.7993e+00
389 0 +1.325181751e+03 +1.423801751e+03 +1.423801751e+03 -2.0614e+00 -2.8839e+00 +2.1633e+00 -1.6440e+00 -9.9109e-03 +1.6512e+00 -2.0607e+00 -4.2483e+00 -1.8445e+00 +3.6554e+00
479 0 +1.261064950e+03 +1.359684950e+03 +1.359684950e+03 -1.0544e+00 -3.8109e+00 +2.7492e+00 -3.2593e+00 +2.5438e-01 +1.1951e+00 -1.7802e+00 -3.2860e+00 -4.0147e+00 -2.3151e+00
487 0 +1.146978956e+03 +1.245598956e+03 +1.245598956e+03 -1.6391e+00 -2.1291e+00 +1.2941e+00 -3.5793e+00 -6.3424e-01 +7.9967e-01 -2.8113e+00 -2.0469e+00 -2.3160e+00 -1.5800e+00
488 0 +9.599852398e+02 +1.058605240e+03 +1.058605240e+03 -1.3781e+00 -2.8548e+00 +1.3132e+00 -3.9086e+00 +9.9208e-01 -3.7880e-01 -1.0109e+00 -2.9089e+00 -1.9321e+00 +1.9020e+00
525 0 +5.642821141e+02 +6.629021141e+02 +6.629021141e+02 -1.6362e+00 -3.0664e+00 +1.5020e+00 -2.9579e+00 +5.7758e-01 +1.6653e+00 -2.1530e+00 -3.9183e+00 -2.4223e+00 -7.2475e-01
557 0 +3.517330154e+02 +4.503530154e+02 +4.503530154e+02 -1.9310e+00 -1.9242e+00 +9.7488e-01 -4.0224e+00 -1.5052e-01 +7.6562e-01 -2.6172e+00 -3.8682e+00 -2.6883e+00 +5.4576e-01
568 0 +1.261736686e+02 +2.247936686e+02 +2.247936686e+02 -1.8644e+00 -2.4628e+00 +1.3982e+00 -2.6854e+00 -1.1217e-01 +3.5823e-01 -1.9209e+00 -3.1237e+00 -2.8970e+00 -2.2565e-01
887 0 +8.720581596e+01 +1.858258160e+02 +1.858258160e+02 -1.6874e+00 -2.2484e+00 +1.6169e+00 -3.3391e+00 +4.1889e-01 +1.3716e+00 -1.7014e+00 -3.3033e+00 -3.2055e+00 -3.8119e-01
974 0 +7.267707376e+01 +1.712970738e+02 +1.712970738e+02 -1.7153e+00 -1.8339e+00 +1.8526e+00 -3.1511e+00 -2.1805e-01 +5.4430e-01 -2.2581e+00 -3.9735e+00 -3.1959e+00 -5.6367e-01
981 0 +6.682334498e+01 +1.654433450e+02 +1.654433450e+02 -1.3811e+00 -1.8884e+00 +1.7398e+00 -2.6152e+00 +3.2205e-01 +6.8438e-01 -2.0911e+00 -3.3643e+00 -3.3822e+00 -8.8686e-01
1023 0 +5.264814531e+01 +1.512681453e+02 +1.512681453e+02 -1.3775e+00 -1.5585e+00 +1.8746e+00 -3.0464e+00 +7.2786e-02 +6.7002e-01 -2.3290e+00 -3.6451e+00 -3.3663e+00 -1.3731e+00
1128 0 +3.649297967e+01 +1.351129797e+02 +1.351129797e+02 -1.6397e+00 -2.4989e+00 +1.6776e+00 -3.1961e+00 -2.3241e-01 +9.7525e-01 -2.3659e+00 -3.9973e+00 -3.6158e+00 -1.2293e+00
1152 0 +3.476948786e+01 +1.333894879e+02 +1.333894879e+02 -1.4914e+00 -1.8764e+00 +1.6734e+00 -3.3271e+00 -1.3390e-01 +1.0849e+00 -2.3067e+00 -3.7288e+00 -3.3716e+00 -1.1155e+00
1214 0 +2.827687595e+01 +1.268968760e+02 +1.268968760e+02 -2.0639e+00 -2.0281e+00 +1.5653e+00 -3.1931e+00 -4.6488e-02 +7.1157e-01 -2.4016e+00 -3.8645e+00 -3.3086e+00 -1.0381e+00
1279 0 +1.677300989e+01 +1.153930099e+02 +1.153930099e+02 -1.6943e+00 -2.1419e+00 +1.4815e+00 -3.3379e+00 -1.1512e-02 +1.0200e+00 -2.1410e+00 -3.6807e+00 -3.6995e+00 -1.1502e+00
1516 0 +1.193145726e+01 +1.105514573e+02 +1.105514573e+02 -1.2458e+00 -1.9674e+00 +1.4583e+00 -3.1750e+00 -1.5192e-01 +8.3206e-01 -2.3105e+00 -3.8603e+00 -3.6110e+00 -1.1181e+00
1841 0 +1.166791208e+01 +1.102879121e+02 +1.102879121e+02 -1.5057e+00 -2.0141e+00 +1.5272e+00 -3.2577e+00 +2.3922e-02 +8.3958e-01 -2.3285e+00 -3.6608e+00 -3.6193e+00 -1.1804e+00
1873 0 +1.126805838e+01 +1.098880584e+02 +1.098880584e+02 -1.1830e+00 -1.7147e+00 +1.6070e+00 -3.0064e+00 +4.2528e-02 +8.5150e-01 -2.2677e+00 -3.7483e+00 -3.6993e+00 -1.1300e+00
1880 0 +8.143583383e+00 +1.067635834e+02 +1.067635834e+02 -1.1793e+00 -1.8121e+00 +1.5990e+00 -3.1609e+00 -7.1630e-02 +8.1978e-01 -2.2992e+00 -3.7341e+00 -3.7347e+00 -1.1425e+00
2288 0 +7.732030816e+00 +1.063520308e+02 +1.063520308e+02 -1.2590e+00 -1.7999e+00 +1.5960e+00 -3.1623e+00 -7.8580e-02 +8.2027e-01 -2.3275e+00 -3.7442e+00 -3.6949e+00 -1.1435e+00
2324 0 +7.595655779e+00 +1.062156558e+02 +1.062156558e+02 -1.1846e+00 -1.7716e+00 +1.5739e+00 -3.1645e+00 -5.8656e-02 +8.1084e-01 -2.3325e+00 -3.7365e+00 -3.6705e+00 -1.0714e+00
2444 0 +7.542206096e+00 +1.061622061e+02 +1.061622061e+02 -1.1873e+00 -1.7471e+00 +1.6447e+00 -3.1809e+00 -6.1404e-02 +8.4072e-01 -2.3152e+00 -3.7390e+00 -3.6687e+00 -1.1580e+00
2495 0 +7.280620268e+00 +1.059006203e+02 +1.059006203e+02 -1.1658e+00 -1.7080e+00 +1.6755e+00 -3.1804e+00 -5.3168e-02 +8.2618e-01 -2.3048e+00 -3.7508e+00 -3.6850e+00 -1.1223e+00
% f evaluations | g evaluations | best noise-free fitness - Fopt (-4.715000000000e+01) + sum g_i+ | measured fitness | best measured fitness or single-digit g-values | x1 | x2...
1 0 +9.362351125e+04 +9.357636125e+04 +9.357636125e+04 +5.9671e-01 -3.8264e-02 +7.4769e-01 +1.6230e+00 -1.3415e-01 -1.3414e-01 +1.6792e+00 +8.6743e-01 -3.6947e-01 +6.4256e-01
2 0 +1.182718958e+04 +1.178003958e+04 +1.178003958e+04 -3.6342e-01 -3.6573e-01 +3.4196e-01 -1.8133e+00 -1.6249e+00 -4.6229e-01 -9.1283e-01 +4.1425e-01 -8.0802e-01 -1.3123e+00
20 0 +1.144194431e+04 +1.139479431e+04 +1.139479431e+04 -3.4651e-01 +9.5640e-01 +3.1409e-01 -1.1457e+00 +2.7318e-01 +4.8532e-01 -7.8386e-01 +2.5373e-01 +1.5821e-01 -1.0430e+00
34 0 +8.086079730e+03 +8.038929730e+03 +8.038929730e+03 +8.7753e-02 -7.9725e-01 +1.7580e-01 -5.7716e-01 +1.0751e+00 -4.7057e-02 -7.2550e-01 -2.2139e-01 +5.1293e-01 -4.6372e-01
58 0 +6.327395350e+03 +6.280245350e+03 +6.280245350e+03 -1.2946e-01 -1.9684e+00 -6.0908e-01 -3.4315e+00 +2.1484e+00 +1.1027e+00 -1.3704e+00 -1.0361e+00 -3.8086e-01 +1.9147e+00
64 0 +4.652381754e+03 +4.605231754e+03 +4.605231754e+03 +1.2985e+00 -4.2506e-01 -6.1780e-01 -1.6663e+00 +7.9548e-01 +1.0768e-02 -1.6658e+00 -7.8518e-01 -3.6025e-01 +8.9405e-01
101 0 +4.745186699e+02 +4.273686699e+02 +4.273686699e+02 -1.0592e+00 -2.3581e+00 -1.1604e+00 -2.5593e+00 +5.3079e-01 +1.2544e+00 -3.4052e+00 -1.1450e+00 +1.4819e-01 -4.8202e-02
609 0 +2.900780212e+02 +2.429280212e+02 +2.429280212e+02 -1.7612e+00 -2.0587e+00 -1.6014e+00 -2.4940e+00 -2.1858e-01 +1.5631e+00 -2.1048e+00 -3.0626e+00 -2.3991e+00 -2.8834e+00
697 0 +2.515646934e+02 +2.044146934e+02 +2.044146934e+02 -2.4968e+00 -8.1507e-01 -2.2474e+00 -3.3839e+00 +2.3309e-01 +2.6211e-01 -2.2225e+00 -3.0106e+00 -1.6215e+00 -2.7911e+00
712 0 +1.347126671e+02 +8.756266710e+01 +8.756266710e+01 -2.2452e+00 -9.3107e-01 -1.3770e+00 -3.3785e+00 -9.0062e-01 +1.0797e+00 -2.7181e+00 -2.2150e+00 -1.4210e+00 -2.3856e+00
769 0 +9.720267647e+01 +5.005267647e+01 +5.005267647e+01 -1.6594e+00 -1.4669e+00 -1.5548e+00 -2.8903e+00 -2.9564e-01 +7.2607e-01 -2.7727e+00 -2.7803e+00 -2.0284e+00 -3.4235e+00
849 0 +4.696798506e+01 -1.820149416e-01 -1.820149416e-01 -1.7349e+00 -1.3600e+00 -1.8631e+00 -3.1152e+00 -5.4795e-01 +5.4263e-01 -2.5358e+00 -2.4750e+00 -1.6645e+00 -2.3925e+00
1047 0 +3.623310399e+01 -1.091689601e+01 -1.091689601e+01 -1.1681e+00 -1.6181e+00 -2.4112e+00 -3.2970e+00 -4.1473e-01 +8.6615e-01 -2.7570e+00 -2.4108e+00 -1.7187e+00 -2.6422e+00
1269 0 +2.892289519e+01 -1.822710481e+01 -1.822710481e+01 -1.1856e+00 -1.7432e+00 -2.0880e+00 -3.1593e+00 -1.4981e-01 +7.7259e-01 -2.6566e+00 -2.6757e+00 -1.4733e+00 -2.7304e+00
1354 0 +2.213268993e+01 -2.501731007e+01 -2.501731007e+01 -1.3699e+00 -1.8575e+00 -2.1485e+00 -3.4375e+00 -3.0656e-01 +5.8399e-01 -2.7826e+00 -2.6958e+00 -1.8391e+00 -2.9239e+00
1362 0 +2.112658378e+01 -2.602341622e+01 -2.602341622e+01 -1.0252e+00 -1.5599e+00 -2.2839e+00 -3.1714e+00 -1.3537e-01 +7.3573e-01 -2.4251e+00 -2.6669e+00 -1.7988e+00 -2.9471e+00
1364 0 +1.475771151e+01 -3.239228849e+01 -3.239228849e+01 -1.3773e+00 -1.7380e+00 -2.2256e+00 -3.2091e+00 -3.6104e-01 +7.9946e-01 -2.5018e+00 -2.7889e+00 -1.8587e+00 -2.6916e+00
1769 0 +1.338762219e+01 -3.376237781e+01 -3.376237781e+01 -1.0785e+00 -1.6884e+00 -2.1607e+00 -3.2681e+00 -2.7898e-01 +6.4694e-01 -2.4563e+00 -2.7452e+00 -1.7272e+00 -2.9567e+00
1812 0 +1.169795909e+01 -3.545204091e+01 -3.545204091e+01 -1.2632e+00 -1.7548e+00 -2.0994e+00 -3.2753e+00 -3.8639e-01 +5.8486e-01 -2.4771e+00 -2.6395e+00 -1.7680e+00 -2.9054e+00
1850 0 +1.164476689e+01 -3.550523311e+01 -3.550523311e+01 -1.0183e+00 -1.7282e+00 -2.1436e+00 -3.2534e+00 -4.2470e-01 +8.2973e-01 -2.5105e+00 -2.7338e+00 -1.8448e+00 -2.8562e+00
1864 0 +1.005981561e+01 -3.709018439e+01 -3.709018439e+01 -9.7154e-01 -1.6236e+00 -2.1072e+00 -3.2431e+00 -3.9167e-01 +6.0655e-01 -2.4252e+00 -2.6808e+00 -1.8130e+00 -2.7924e+00
1940 0 +9.829268920e+00 -3.732073108e+01 -3.732073108e+01 -1.1906e+00 -1.7225e+00 -2.1729e+00 -3.2812e+00 -4.4936e-01 +6.6371e-01 -2.5601e+00 -2.6530e+00 -1.8109e+00 -2.8136e+00
2068 0 +9.752661354e+00 -3.739733865e+01 -3.739733865e+01 -7.7352e-01 -1.4815e+00 -2.1353e+00 -3.2364e+00 -4.1470e-01 +7.5607e-01 -2.5288e+00 -2.6097e+00 -1.8658e+00 -2.7806e+00
2088 0 +9.656409169e+00 -3.749359083e+01 -3.749359083e+01 -8.7315e-01 -1.6252e+00 -2.2243e+00 -3.2597e+00 -3.9453e-01 +7.3257e-01 -2.4714e+00 -2.6616e+00 -1.7632e+00 -2.8575e+00
2109 0 +9.498352425e+00 -3.765164758e+01 -3.765164758e+01 -8.3803e-01 -1.5572e+00 -2.0767e+00 -3.2523e+00 -3.5357e-01 +7.7443e-01 -2.4269e+00 -2.6729e+00 -1.7786e+00 -2.8077e+00
2157 0 +9.071430421e+00 -3.807856958e+01 -3.807856958e+01 -7.0137e-01 -1.5069e+00 -2.0774e+00 -3.2629e+00 -3.3745e-01 +7.2232e-01 -2.5653e+00 -2.6668e+00 -1.8261e+00 -2.7826e+00
2175 0 +7.889889058e+00 -3.926011094e+01 -3.926011094e+01 -7.8174e-01 -1.4773e+00 -2.0579e+00 -3.2615e+00 -3.8076e-01 +6.5425e-01 -2.5417e+00 -2.7048e+00 -1.8516e+00 -2.8287e+00
2325 0 +7.703753640e+00 -3.944624636e+01 -3.944624636e+01 -7.6364e-01 -1.4505e+00 -2.0395e+00 -3.2554e+00 -3.7089e-01 +7.1888e-01 -2.5005e+00 -2.6742e+00 -1.7853e+00 -2.8394e+00
% f evaluations | g evaluations | best noise-free fitness - Fopt (3.752000000000e+01) + sum g_i+ | measured fitness | best measured fitness or single-digit g-values | x1 | x2...
1 0 +5.048915443e+04 +5.052667443e+04 +5.052667443e+04 +5.9671e-01 -3.8264e-02 +7.4769e-01 +1.6230e+00 -1.3415e-01 -1.3414e-01 +1.6792e+00 +8.6743e-01 -3.6947e-01 +6.4256e-01
2 0 +3.909258025e+04 +3.913010025e+04 +3.913010025e+04 -3.6342e-01 -3.6573e-01 +3.4196e-01 -1.8133e+00 -1.6249e+00 -4.6229e-01 -9.1283e-01 +4.1425e-01 -8.0802e-01 -1.3123e+00
3 0 +2.385041846e+04 +2.388793846e+04 +2.388793846e+04 +1.5656e+00 -1.2578e-01 +1.6753e-01 -1.3247e+00 -4.4438e-01 +2.1092e-01 -1.0510e+00 +4.7570e-01 -5.0064e-01 -1.9169e-01
7 0 +1.953997314e+04 +1.957749314e+04 +1.957749314e+04 -3.7917e-01 -8.5659e-02 -1.0063e+00 -1.0962e+00 +9.1253e-01 +1.4562e+00 +2.7990e-02 +1.1035e+00 +4.6164e-01 -5.4512e-01
11 0 +1.840905757e+04 +1.844657757e+04 +1.844657757e+04 -1.3154e+00 -3.2065e-01 -2.4271e-01 -7.0228e-01 -6.1286e-02 +5.0405e-01 +1.9862e+00 +2.7458e-01 +3.5755e-01 +2.5554e-02
13 0 +1.451216209e+04 +1.454968209e+04 +1.454968209e+04 +8.9103e-01 -8.0939e-01 +1.5028e+00 -1.3019e+00 +6.8686e-01 +2.2905e+00 -8.9054e-01 -4.6630e-01 +1.9965e-01 -4.0348e-01
34 0 +1.381954767e+04 +1.385706767e+04 +1.385706767e+04 +8.7753e-02 -7.9725e-01 +1.7580e-01 -5.7716e-01 +1.0751e+00 -4.7057e-02 -7.2550e-01 -2.2139e-01 +5.1293e-01 -4.6372e-01
58 0 +3.075878553e+03 +3.113398553e+03 +3.113398553e+03 -7.8742e-01 -1.6648e+00 +5.9137e-01 -1.8055e+00 +2.1399e+00 +6.1812e-01 +1.7360e+00 +1.8881e+00 +1.5378e+00 +9.0858e-01
115 0 +2.240168165e+03 +2.277688165e+03 +2.277688165e+03 +8.2808e-01 -9.4531e-01 +1.9564e+00 -2.1075e+00 +1.6565e+00 +2.4638e-01 +1.0284e+00 +2.1364e+00 -4.2888e-02 +2.7396e-01
287 0 +1.674071444e+03 +1.711591444e+03 +1.711591444e+03 +9.1601e-01 -2.4972e+00 +3.0427e+00 -8.6497e-01 +2.6915e+00 -4.8437e-01 +6.9696e-01 +1.4935e+00 +1.3058e+00 -2.6491e+00
307 0 +8.696009173e+02 +9.071209173e+02 +9.071209173e+02 +3.3637e-01 -2.8518e+00 +1.8039e+00 -3.4255e+00 +3.1433e+00 +1.0413e+00 +1.4632e+00 +1.1361e+00 +3.6046e+00 +4.9512e+00
344 0 +7.695772154e+02 +8.070972154e+02 +8.070972154e+02 +7.3531e-01 -3.0731e+00 +2.8723e+00 -1.6282e+00 +1.7009e+00 +1.3260e+00 +5.7885e-01 +2.4940e+00 -1.6247e-01 -3.0438e-01
470 0 +4.692838539e+02 +5.068038539e+02 +5.068038539e+02 +1.9361e+00 -2.9163e+00 +2.3438e+00 -2.2512e+00 +2.0088e+00 +9.6370e-01 +1.3667e+00 +1.7621e+00 +1.6885e+00 +8.4503e-01
510 0 +4.542632056e+02 +4.917832056e+02 +4.917832056e+02 +4.3094e-01 -1.8590e+00 +1.7799e+00 -1.8368e+00 +2.0454e+00 +1.8716e+00 +1.5937e+00 +1.8010e+00 +2.0988e+00 -3.7666e-01
609 0 +3.740994171e+02 +4.116194171e+02 +4.116194171e+02 +1.7611e+00 -3.4214e+00 +2.6884e+00 -2.1907e+00 +1.1918e+00 +1.5551e+00 +8.7920e-01 +2.4152e+00 +1.2799e+00 -3.0711e-01
666 0 +3.072861440e+02 +3.448061440e+02 +3.448061440e+02 +1.2696e+00 -3.5688e+00 +1.5826e+00 -2.0440e+00 +1.2318e+00 +1.8199e+00 +1.6095e+00 +2.1470e+00 +1.9136e+00 -3.6078e-01
695 0 +2.341320976e+02 +2.716520976e+02 +2.716520976e+02 +6.3658e-01 -2.2124e+00 +2.2190e+00 -2.0782e+00 +2.0445e+00 +4.3353e-01 +1.0927e+00 +2.4978e+00 +2.2630e+00 +6.0452e-01
806 0 +2.133395114e+02 +2.508595114e+02 +2.508595114e+02 +1.5228e+00 -3.3456e+00 +2.3557e+00 -2.9807e+00 +2.2395e+00 +1.3077e+00 +1.5845e+00 +1.5833e+00 +1.0995e+00 -3.8490e-01
808 0 +1.550287441e+02 +1.925487441e+02 +1.925487441e+02 +1.4996e+00 -2.2751e+00 +2.1999e+00 -2.8729e+00 +2.3894e+00 +1.0460e+00 +1.3011e+00 +1.6787e+00 +6.3710e-01 -5.6568e-01
814 0 +1.314886772e+02 +1.690086772e+02 +1.690086772e+02 +2.2685e+00 -2.2823e+00 +2.2693e+00 -2.5528e+00 +1.5426e+00 +1.1683e+00 +1.4932e+00 +1.5405e+00 +1.0165e+00 -4.9769e-01
869 0 +9.974180144e+01 +1.372618014e+02 +1.372618014e+02 +1.0354e+00 -2.6997e+00 +2.3012e+00 -2.7813e+00 +2.2879e+00 +1.3744e+00 +1.7229e+00 +1.9959e+00 +8.3122e-01 -8.3460e-01
934 0 +9.083939415e+01 +1.283593941e+02 +1.283593941e+02 +1.6960e+00 -3.0979e+00 +2.1751e+00 -2.4629e+00 +2.6367e+00 +1.1545e+00 +1.4991e+00 +1.7958e+00 +1.2974e+00 -8.7409e-01
1040 0 +5.849168633e+01 +9.601168633e+01 +9.601168633e+01 +2.2582e+00 -2.5192e+00 +2.4028e+00 -2.6372e+00 +2.2555e+00 +1.0371e+00 +1.2302e+00 +1.9612e+00 +1.6544e+00 -1.1134e+00
1112 0 +5.644238231e+01 +9.396238231e+01 +9.396238231e+01 +1.1066e+00 -2.5036e+00 +2.3929e+00 -2.2339e+00 +2.1463e+00 +1.1723e+00 +1.4578e+00 +2.2943e+00 +1.4258e+00 -1.6301e+00
1124 0 +5.471496112e+01 +9.223496112e+01 +9.223496112e+01 +1.3857e+00 -2.6027e+00 +2.4027e+00 -2.2367e+00 +2.0369e+00 +1.1536e+00 +1.4690e+00 +2.1096e+00 +1.5396e+00 -1.5417e+00
1167 0 +4.122714858e+01 +7.874714858e+01 +7.874714858e+01 +1.4710e+00 -2.6216e+00 +2.0119e+00 -2.5626e+00 +2.0414e+00 +1.2048e+00 +1.1963e+00 +2.0578e+00 +1.3936e+00 -1.1863e+00
1173 0 +3.873467785e+01 +7.625467785e+01 +7.625467785e+01 +1.4400e+00 -2.7586e+00 +2.2531e+00 -2.1994e+00 +2.1167e+00 +9.6640e-01 +1.5046e+00 +2.0045e+00 +1.5461e+00 -1.4890e+00
1175 0 +3.136516302e+01 +6.888516302e+01 +6.888516302e+01 +8.2420e-01 -2.6034e+00 +2.2772e+00 -2.4525e+00 +2.0694e+00 +8.3467e-01 +1.1541e+00 +1.7864e+00 +1.2280e+00 -1.0921e+00
1243 0 +3.080739792e+01 +6.832739792e+01 +6.832739792e+01 +9.7674e-01 -2.6516e+00 +1.7467e+00 -2.4051e+00 +1.9705e+00 +6.6460e-01 +1.4190e+00 +1.7622e+00 +1.4559e+00 -1.5126e+00
1326 0 +2.282365915e+01 +6.034365915e+01 +6.034365915e+01 +1.5041e+00 -2.9920e+00 +2.0950e+00 -2.5759e+00 +1.7962e+00 +1.0685e+00 +1.2370e+00 +1.9205e+00 +1.1874e+00 -1.4274e+00
1419 0 +2.162721388e+01 +5.914721388e+01 +5.914721388e+01 +1.6474e+00 -2.8854e+00 +1.9842e+00 -2.4825e+00 +1.7042e+00 +1.0392e+00 +1.4026e+00 +1.7221e+00 +1.2638e+00 -1.3389e+00
1464 0 +2.096179589e+01 +5.848179589e+01 +5.848179589e+01 +1.5820e+00 -3.0940e+00 +1.9860e+00 -2.3814e+00 +1.9691e+00 +1.0983e+00 +1.3551e+00 +1.8240e+00 +1.1714e+00 -1.1661e+00
1490 0 +2.018690522e+01 +5.770690522e+01 +5.770690522e+01 +1.4684e+00 -2.7500e+00 +1.8929e+00 -2.4502e+00 +1.9194e+00 +1.0859e+00 +1.3897e+00 +1.9615e+00 +1.4153e+00 -1.3455e+00
1550 0 +1.379679894e+01 +5.131679894e+01 +5.131679894e+01 +1.5488e+00 -2.9505e+00 +1.9399e+00 -2.3777e+00 +2.1016e+00 +9.4175e-01 +1.2335e+00 +1.8978e+00 +1.2702e+00 -1.2275e+00
1767 0 +1.306633842e+01 +5.058633842e+01 +5.058633842e+01 +1.8532e+00 -2.9443e+00 +1.8980e+00 -2.5209e+00 +1.9634e+00 +7.8877e-01 +1.3184e+00 +1.8296e+00 +1.3729e+00 -1.4040e+00
1835 0 +1.247187893e+01 +4.999187893e+01 +4.999187893e+01 +1.8752e+00 -2.8468e+00 +1.8537e+00 -2.4696e+00 +1.9821e+00 +1.0675e+00 +1.3494e+00 +1.8805e+00 +1.1821e+00 -1.4865e+00
1870 0 +1.035068911e+01 +4.787068911e+01 +4.787068911e+01 +1.7558e+00 -2.9370e+00 +1.8610e+00 -2.3962e+00 +1.9915e+00 +9.0742e-01 +1.3290e+00 +1.9040e+00 +1.2544e+00 -1.4842e+00
1946 0 +9.732081126e+00 +4.725208113e+01 +4.725208113e+01 +1.7255e+00 -2.8777e+00 +1.8816e+00 -2.4785e+00 +2.0478e+00 +9.0111e-01 +1.2547e+00 +1.7813e+00 +1.2372e+00 -1.4220e+00
1993 0 +8.751091304e+00 +4.627109130e+01 +4.627109130e+01 +1.8447e+00 -2.8426e+00 +1.9055e+00 -2.4833e+00 +2.0351e+00 +9.2576e-01 +1.3162e+00 +1.8132e+00 +1.2994e+00 -1.4404e+00
2159 0 +8.247456346e+00 +4.576745635e+01 +4.576745635e+01 +1.9600e+00 -2.6992e+00 +1.9669e+00 -2.4575e+00 +1.9733e+00 +9.1498e-01 +1.2967e+00 +1.8259e+00 +1.2687e+00 -1.4401e+00
2453 0 +8.088969498e+00 +4.560896950e+01 +4.560896950e+01 +2.0430e+00 -2.6932e+00 +1.9994e+00 -2.4154e+00 +2.0170e+00 +8.8716e-01 +1.2770e+00 +1.8619e+00 +1.2770e+00 -1.4328e+00
% f evaluations | g evaluations | best noise-free fitness - Fopt (6.740000000000e+00) + sum g_i+ | measured fitness | best measured fitness or single-digit g-values | x1 | x2...
1 0 +4.829926066e+04 +4.830600066e+04 +4.830600066e+04 +5.9671e-01 -3.8264e-02 +7.4769e-01 +1.6230e+00 -1.3415e-01 -1.3414e-01 +1.6792e+00 +8.6743e-01 -3.6947e-01 +6.4256e-01
2 0 +1.325999703e+04 +1.326673703e+04 +1.326673703e+04 -3.6342e-01 -3.6573e-01 +3.4196e-01 -1.8133e+00 -1.6249e+00 -4.6229e-01 -9.1283e-01 +4.1425e-01 -8.0802e-01 -1.3123e+00
5 0 +6.316560568e+03 +6.323300568e+03 +6.323300568e+03 +8.3847e-01 +2.7137e-01 -1.5648e-02 -2.0110e-01 -1.3785e+00 -6.1984e-01 -3.6064e-01 +1.1571e+00 +4.4362e-01 -1.6630e+00
59 0 +5.802588496e+03 +5.809328496e+03 +5.809328496e+03 -1.5296e+00 +3.4285e-01 -8.6775e-01 -6.2635e-01 -1.3716e+00 -8.7271e-01 -1.3035e+00 -1.3846e+00 +8.6571e-01 -1.0974e+00
70 0 +4.739830493e+03 +4.746570493e+03 +4.746570493e+03 -2.4365e-01 +1.0981e+00 -3.0841e+00 -2.5274e-01 -2.1790e+00 -1.1030e+00 -4.9600e-01 +1.1966e-01 -5.3859e-01 -1.8995e-01
76 0 +4.545384483e+03 +4.552124483e+03 +4.552124483e+03 -5.0101e-01 -5.1037e-01 -2.0423e+00 +1.0330e+00 -1.6206e+00 +9.2269e-01 -1.5816e+00 -1.6562e+00 +3.8838e-01 -2.4664e-01
81 0 +2.462573587e+03 +2.469313587e+03 +2.469313587e+03 -8.9383e-01 -3.1411e-01 -2.0616e-01 +1.2488e+00 -2.8524e+00 -8.8710e-01 -1.8456e+00 +6.5195e-01 -1.0313e+00 +4.2861e-01
119 0 +1.683562634e+03 +1.690302634e+03 +1.690302634e+03 +1.1824e+00 -6.2173e-01 -1.9866e+00 +3.5393e-01 -3.1358e+00 -1.4464e-01 -2.3762e+00 -1.1658e+00 -4.8104e-01 -2.6033e+00
144 0 +1.353758519e+03 +1.360498519e+03 +1.360498519e+03 +8.1521e-01 -7.0162e-02 -9.9547e-01 +1.5999e+00 -4.8580e+00 -2.1237e+00 -1.0208e+00 +8.5341e-01 -2.0050e+00 -8.3709e-01
314 0 +1.128478685e+03 +1.135218685e+03 +1.135218685e+03 -3.0698e-01 +4.9831e-01 -5.5252e-01 +1.4561e+00 -2.8005e+00 -2.4685e-01 -2.9052e+00 +7.1407e-01 +8.5645e-03 -5.4794e-01
347 0 +6.719200794e+02 +6.786600794e+02 +6.786600794e+02 +1.0693e+00 +1.4450e+00 -1.6017e+00 +2.6891e+00 -2.8190e+00 -1.7254e+00 -1.7289e+00 +4.2231e-01 +2.1036e-01 -2.4035e+00
495 0 +6.009078690e+02 +6.076478690e+02 +6.076478690e+02 -5.0186e-01 +7.9688e-01 -2.1504e+00 +2.2079e+00 -2.2367e+00 -4.5292e-01 -1.8449e+00 +1.1011e+00 -1.2596e+00 -2.5738e+00
531 0 +5.152323630e+02 +5.219723630e+02 +5.219723630e+02 +4.5097e-01 +1.1139e+00 -2.9791e-01 +2.1308e+00 -2.6386e+00 -1.0332e+00 -2.6968e+00 -1.1662e-01 +1.5595e-01 -2.8946e+00
534 0 +1.899096441e+02 +1.966496441e+02 +1.966496441e+02 -2.4821e-01 +5.5421e-01 -1.0499e+00 +1.5751e+00 -3.0925e+00 -7.9317e-01 -2.5537e+00 +7.2498e-01 -2.1150e-02 -2.1698e+00
689 0 +1.588039337e+02 +1.655439337e+02 +1.655439337e+02 +3.1772e-01 +3.3313e-01 -1.6543e+00 +1.4790e+00 -2.8390e+00 -7.4826e-01 -1.5519e+00 +1.0030e+00 -1.7641e-01 -3.1426e+00
707 0 +1.278347857e+02 +1.345747857e+02 +1.345747857e+02 +3.5884e-01 +5.8036e-01 -1.5675e+00 +1.2574e+00 -3.0937e+00 -9.8886e-01 -2.7971e+00 +8.0537e-01 +2.4059e-01 -2.8024e+00
718 0 +1.107436316e+02 +1.174836316e+02 +1.174836316e+02 +1.9460e-01 +6.4045e-01 -1.2063e+00 +1.4030e+00 -3.1866e+00 -7.4190e-01 -2.8156e+00 +6.1183e-01 -2.0201e-01 -3.1080e+00
894 0 +9.396232598e+01 +1.007023260e+02 +1.007023260e+02 -2.8760e-01 +1.2170e+00 -1.7239e+00 +1.3672e+00 -4.1699e+00 -1.2111e+00 -2.1977e+00 -7.0614e-02 -4.5946e-01 -3.6431e+00
937 0 +8.448099651e+01 +9.122099651e+01 +9.122099651e+01 +6.7146e-01 +1.0708e+00 -2.0120e+00 +9.8657e-01 -3.6453e+00 -1.0213e+00 -2.6724e+00 +3.4535e-01 -7.4103e-01 -2.6977e+00
963 0 +7.463381019e+01 +8.137381019e+01 +8.137381019e+01 +1.0905e-01 +7.7625e-01 -1.2082e+00 +1.3660e+00 -4.1089e+00 -1.0552e+00 -2.4624e+00 +5.1613e-01 -5.2799e-01 -2.9294e+00
988 0 +5.665486158e+01 +6.339486158e+01 +6.339486158e+01 +2.6640e-01 +8.9288e-01 -1.7606e+00 +1.1694e+00 -3.5027e+00 -8.8339e-01 -1.9781e+00 +3.3211e-01 -1.0107e+00 -3.0536e+00
1004 0 +5.644614498e+01 +6.318614498e+01 +6.318614498e+01 +1.1487e-01 +8.4130e-01 -1.5060e+00 +7.8646e-01 -3.7231e+00 -8.5567e-01 -2.3465e+00 +3.2795e-01 -4.9919e-01 -3.2864e+00
1005 0 +5.112988958e+01 +5.786988958e+01 +5.786988958e+01 +1.5087e-01 +8.8133e-01 -1.3210e+00 +1.3473e+00 -3.4351e+00 -9.2894e-01 -2.3789e+00 +5.0280e-01 -4.5585e-01 -2.9950e+00
1031 0 +4.595660274e+01 +5.269660274e+01 +5.269660274e+01 +7.3344e-03 +8.3988e-01 -1.6839e+00 +1.2324e+00 -3.4424e+00 -7.6765e-01 -1.9855e+00 +7.0576e-01 -2.5910e-01 -3.2600e+00
1037 0 +2.985598378e+01 +3.659598378e+01 +3.659598378e+01 +2.2612e-01 +9.0942e-01 -1.8837e+00 +1.2996e+00 -3.6009e+00 -9.6072e-01 -2.2900e+00 +2.4631e-01 -6.4398e-01 -3.0704e+00
1209 0 +2.815163767e+01 +3.489163767e+01 +3.489163767e+01 +1.5921e-01 +7.4843e-01 -1.8953e+00 +1.1020e+00 -3.8932e+00 -9.9082e-01 -2.2095e+00 +1.2446e-01 -4.5975e-01 -3.2567e+00
1215 0 +2.406907234e+01 +3.080907234e+01 +3.080907234e+01 -1.2532e-01 +5.6403e-01 -1.8826e+00 +1.2541e+00 -3.7466e+00 -1.0361e+00 -2.6206e+00 +2.4665e-01 -6.3265e-01 -3.1032e+00
1277 0 +2.150535874e+01 +2.824535874e+01 +2.824535874e+01 +1.0785e-01 +7.0329e-01 -1.6744e+00 +1.3766e+00 -3.8628e+00 -1.1809e+00 -2.5978e+00 +4.1996e-01 -5.5826e-01 -3.1259e+00
1367 0 +1.706310650e+01 +2.380310650e+01 +2.380310650e+01 +5.4773e-01 +7.3117e-01 -1.5009e+00 +1.2224e+00 -3.6402e+00 -1.1760e+00 -2.4207e+00 +3.2296e-01 -5.6067e-01 -3.1753e+00
1407 0 +1.515818995e+01 +2.189818995e+01 +2.189818995e+01 +4.7466e-01 +7.6428e-01 -1.8012e+00 +1.2072e+00 -3.8177e+00 -1.1646e+00 -2.2128e+00 +3.0650e-01 -4.9909e-01 -3.2400e+00
1657 0 +9.881460094e+00 +1.662146009e+01 +1.662146009e+01 +6.3332e-01 +8.6737e-01 -1.7516e+00 +1.2693e+00 -3.6784e+00 -1.0996e+00 -2.4190e+00 +1.9066e-01 -6.8610e-01 -3.2279e+00
1971 0 +9.302474799e+00 +1.604247480e+01 +1.604247480e+01 +6.0408e-01 +8.3485e-01 -1.7141e+00 +1.1767e+00 -3.8307e+00 -1.1513e+00 -2.4173e+00 +2.3480e-01 -6.0522e-01 -3.2752e+00
1986 0 +9.234574484e+00 +1.597457448e+01 +1.597457448e+01 +5.9402e-01 +7.8121e-01 -1.7001e+00 +1.2342e+00 -3.7168e+00 -1.2371e+00 -2.4123e+00 +3.0227e-01 -6.0334e-01 -3.3053e+00
1995 0 +9.224345843e+00 +1.596434584e+01 +1.596434584e+01 +6.3095e-01 +8.6778e-01 -1.7289e+00 +1.2435e+00 -3.6764e+00 -1.1744e+00 -2.4019e+00 +1.9890e-01 -6.9297e-01 -3.2950e+00
2036 0 +8.841863968e+00 +1.558186397e+01 +1.558186397e+01 +5.8661e-01 +8.3168e-01 -1.7831e+00 +1.2319e+00 -3.7122e+00 -1.1971e+00 -2.4022e+00 +2.4036e-01 -6.4394e-01 -3.2675e+00
2074 0 +8.528300482e+00 +1.526830048e+01 +1.526830048e+01 +6.6532e-01 +9.2040e-01 -1.6589e+00 +1.1869e+00 -3.7588e+00 -1.1821e+00 -2.4445e+00 +2.1312e-01 -5.8960e-01 -3.3248e+00
2079 0 +8.446813989e+00 +1.518681399e+01 +1.518681399e+01 +6.7665e-01 +9.6793e-01 -1.6606e+00 +1.2161e+00 -3.7465e+00 -1.1263e+00 -2.4033e+00 +2.3679e-01 -5.7081e-01 -3.2396e+00
2155 0 +7.806793943e+00 +1.454679394e+01 +1.454679394e+01 +8.2784e-01 +1.0285e+00 -1.5597e+00 +1.2366e+00 -3.7035e+00 -1.1264e+00 -2.3973e+00 +2.3774e-01 -5.9875e-01 -3.2801e+00
2301 0 +7.539025843e+00 +1.427902584e+01 +1.427902584e+01 +8.5089e-01 +1.0946e+00 -1.5687e+00 +1.2388e+00 -3.7590e+00 -1.1864e+00 -2.4435e+00 +2.3846e-01 -5.7387e-01 -3.3059e+00
2369 0 +7.180167428e+00 +1.392016743e+01 +1.392016743e+01 +8.5121e-01 +1.1031e+00 -1.5579e+00 +1.2506e+00 -3.7094e+00 -1.1366e+00 -2.4420e+00 +2.2444e-01 -6.1251e-01 -3.2868e+00
% f evaluations | g evaluations | best noise-free fitness - Fopt (-1.897900000000e+02) + sum g_i+ | measured fitness | best measured fitness or single-digit g-values | x1 | x2...
1 0 +2.516356139e+04 +2.497377139e+04 +2.497377139e+04 +5.9671e-01 -3.8264e-02 +7.4769e-01 +1.6230e+00 -1.3415e-01 -1.3414e-01 +1.6792e+00 +8.6743e-01 -3.6947e-01 +6.4256e-01
2 0 +1.570363304e+04 +1.551384304e+04 +1.551384304e+04 -3.6342e-01 -3.6573e-01 +3.4196e-01 -1.8133e+00 -1.6249e+00 -4.6229e-01 -9.1283e-01 +4.1425e-01 -8.0802e-01 -1.3123e+00
5 0 +1.561527317e+04 +1.542548317e+04 +1.542548317e+04 +8.3847e-01 +2.7137e-01 -1.5648e-02 -2.0110e-01 -1.3785e+00 -6.1984e-01 -3.6064e-01 +1.1571e+00 +4.4362e-01 -1.6630e+00
7 0 +8.191637863e+03 +8.001847863e+03 +8.001847863e+03 -3.7917e-01 -8.5659e-02 -1.0063e+00 -1.0962e+00 +9.1253e-01 +1.4562e+00 +2.7990e-02 +1.1035e+00 +4.6164e-01 -5.4512e-01
9 0 +6.254297830e+03 +6.064507830e+03 +6.064507830e+03 -1.1967e-01 +4.5711e-01 +1.5779e+00 -4.1827e-01 -7.0849e-01 -4.0176e-01 +1.0154e+00 +4.2875e-01 -4.2976e-01 +6.1327e-01
17 0 +6.668589915e+02 +4.770689915e+02 +4.770689915e+02 -8.7468e-01 +8.8708e-01 +1.2586e+00 -7.2068e-01 +1.0634e+00 +5.1278e-01 +9.2206e-01 +1.9968e+00 -1.4539e-01 -6.5374e-01
287 0 +4.831928395e+02 +2.934028395e+02 +2.934028395e+02 -2.0862e+00 +2.1584e+00 +1.6807e+00 -2.7871e+00 +1.3744e+00 +6.3256e-01 -4.5975e-02 +2.3138e+00 +1.1021e+00 -3.3011e-01
419 0 +4.021127201e+02 +2.123227201e+02 +2.123227201e+02 -8.0159e-01 +1.1766e+00 +2.0817e+00 -1.5149e+00 +5.4117e-01 +4.3238e-01 +1.8369e+00 +3.0093e+00 +2.3323e+00 -5.1960e-01
427 0 +3.661688003e+02 +1.763788003e+02 +1.763788003e+02 -1.6794e+00 +7.9429e-01 +2.0503e+00 -2.3240e+00 +1.9831e+00 +8.7823e-01 +1.2462e+00 +1.5799e+00 +8.1225e-01 -8.3187e-02
455 0 +3.243039221e+02 +1.345139221e+02 +1.345139221e+02 -2.4965e+00 +2.5564e+00 +2.4336e+00 -1.2372e+00 +2.0120e+00 +5.7148e-01 +1.2790e+00 +2.4771e+00 +5.0610e-01 -1.8579e+00
463 0 +2.533368281e+02 +6.354682809e+01 +6.354682809e+01 -2.4399e+00 +1.3247e+00 +1.4137e+00 -1.4991e+00 +1.3450e+00 -4.3774e-01 +1.1516e+00 +3.2703e+00 +3.0430e+00 +1.6485e+00
558 0 +1.714895067e+02 -1.830049332e+01 -1.830049332e+01 -2.1318e+00 +6.0159e-01 +2.0831e+00 -1.2091e+00 +1.2138e+00 +1.2575e-01 +6.3136e-01 +2.4037e+00 +9.0284e-01 -1.3902e+00
612 0 +1.200232385e+02 -6.976676153e+01 -6.976676153e+01 -2.1056e+00 +1.9613e+00 +2.5092e+00 -1.3366e+00 +1.9475e+00 +3.9035e-01 +9.8365e-01 +2.2168e+00 +1.4576e+00 -1.3767e+00
706 0 +3.249001494e+01 -1.572999851e+02 -1.572999851e+02 -1.8396e+00 +1.3575e+00 +1.8666e+00 -1.6390e+00 +8.5080e-01 +3.9684e-01 +6.0418e-01 +1.9063e+00 +9.8626e-01 -1.5929e+00
1104 0 +2.775551463e+01 -1.620344854e+02 -1.620344854e+02 -1.4782e+00 +1.3658e+00 +1.5009e+00 -1.6552e+00 +9.2833e-01 +2.4612e-01 +6.1512e-01 +1.9373e+00 +1.3106e+00 -1.4038e+00
1180 0 +2.685756005e+01 -1.629324399e+02 -1.629324399e+02 -1.5408e+00 +1.2495e+00 +1.7344e+00 -1.6393e+00 +1.2246e+00 +3.0230e-01 +7.6726e-01 +2.1823e+00 +1.1099e+00 -1.5463e+00
1288 0 +2.451893815e+01 -1.652710619e+02 -1.652710619e+02 -1.4576e+00 +1.1743e+00 +1.8802e+00 -1.6576e+00 +1.2222e+00 +2.1891e-01 +4.7128e-01 +1.7934e+00 +8.6672e-01 -1.3847e+00
1307 0 +2.023864269e+01 -1.695513573e+02 -1.695513573e+02 -1.5317e+00 +1.4861e+00 +1.4953e+00 -1.8124e+00 +1.2248e+00 +2.2230e-01 +6.3237e-01 +1.9758e+00 +1.1591e+00 -1.3050e+00
1379 0 +1.582587207e+01 -1.739641279e+02 -1.739641279e+02 -1.4870e+00 +1.2335e+00 +1.7272e+00 -1.6426e+00 +1.2633e+00 +2.8215e-01 +6.1087e-01 +1.8825e+00 +1.1398e+00 -1.5883e+00
1434 0 +1.511508035e+01 -1.746749196e+02 -1.746749196e+02 -1.5164e+00 +1.3353e+00 +1.6485e+00 -1.9347e+00 +1.3460e+00 +2.6666e-01 +4.3858e-01 +1.9167e+00 +1.2135e+00 -1.4457e+00
1488 0 +1.355071432e+01 -1.762392857e+02 -1.762392857e+02 -1.7404e+00 +1.2682e+00 +1.7491e+00 -1.8926e+00 +1.2671e+00 +2.3390e-01 +5.3198e-01 +1.8618e+00 +9.4553e-01 -1.5442e+00
1516 0 +1.343069512e+01 -1.763593049e+02 -1.763593049e+02 -1.4430e+00 +1.4725e+00 +1.5582e+00 -1.7995e+00 +1.1690e+00 +2.2347e-01 +6.0007e-01 +1.7061e+00 +1.1211e+00 -1.5085e+00
1518 0 +1.247459876e+01 -1.773154012e+02 -1.773154012e+02 -1.4579e+00 +1.4137e+00 +1.7809e+00 -1.8387e+00 +1.2427e+00 +3.0087e-01 +5.8699e-01 +1.9184e+00 +1.0858e+00 -1.6089e+00
1611 0 +1.182207509e+01 -1.779679249e+02 -1.779679249e+02 -1.4576e+00 +1.3984e+00 +1.7837e+00 -1.7835e+00 +1.2321e+00 +1.5514e-01 +5.6012e-01 +1.8918e+00 +1.1601e+00 -1.3660e+00
1769 0 +1.159402184e+01 -1.781959782e+02 -1.781959782e+02 -1.5971e+00 +1.3600e+00 +1.6418e+00 -1.8308e+00 +1.1130e+00 +2.5379e-01 +6.5398e-01 +1.8785e+00 +1.1610e+00 -1.4533e+00
1776 0 +1.117396113e+01 -1.786160389e+02 -1.786160389e+02 -1.1270e+00 +1.5812e+00 +1.6889e+00 -1.7310e+00 +1.2083e+00 +2.6184e-01 +4.7561e-01 +1.9178e+00 +1.1459e+00 -1.4629e+00
1819 0 +1.090303142e+01 -1.788869686e+02 -1.788869686e+02 -1.4770e+00 +1.3859e+00 +1.7314e+00 -1.8589e+00 +1.1658e+00 +1.5206e-01 +5.2951e-01 +1.8550e+00 +1.1510e+00 -1.3758e+00
1822 0 +9.515493469e+00 -1.802745065e+02 -1.802745065e+02 -1.5216e+00 +1.4545e+00 +1.7083e+00 -1.8021e+00 +1.1884e+00 +1.5522e-01 +5.5363e-01 +1.8494e+00 +1.1068e+00 -1.4777e+00
1939 0 +9.497281385e+00 -1.802927186e+02 -1.802927186e+02 -1.4931e+00 +1.3857e+00 +1.7016e+00 -1.8205e+00 +1.2042e+00 +1.6359e-01 +4.4764e-01 +1.8732e+00 +1.0801e+00 -1.4791e+00
1953 0 +9.114086466e+00 -1.806759135e+02 -1.806759135e+02 -1.5491e+00 +1.3476e+00 +1.6645e+00 -1.8131e+00 +1.1428e+00 +1.9426e-01 +5.8083e-01 +1.8314e+00 +1.0617e+00 -1.4835e+00
2058 0 +8.931995276e+00 -1.808580047e+02 -1.808580047e+02 -1.2510e+00 +1.4980e+00 +1.7269e+00 -1.8801e+00 +1.1538e+00 +2.1507e-01 +5.1473e-01 +1.8642e+00 +1.0854e+00 -1.5167e+00
2119 0 +8.535689857e+00 -1.812543101e+02 -1.812543101e+02 -1.3356e+00 +1.4931e+00 +1.7553e+00 -1.7894e+00 +1.1836e+00 +1.9556e-01 +5.5658e-01 +1.8619e+00 +1.1328e+00 -1.5226e+00
2146 0 +8.028363744e+00 -1.817616363e+02 -1.817616363e+02 -1.2663e+00 +1.5291e+00 +1.6937e+00 -1.8346e+00 +1.2139e+00 +2.2059e-01 +5.1725e-01 +1.8649e+00 +1.0938e+00 -1.5093e+00
2261 0 +7.988614434e+00 -1.818013856e+02 -1.818013856e+02 -1.1467e+00 +1.6242e+00 +1.7109e+00 -1.7918e+00 +1.2157e+00 +2.0290e-01 +5.2739e-01 +1.8520e+00 +1.1152e+00 -1.4914e+00
% f evaluations | g evaluations | best noise-free fitness - Fopt (-2.774000000000e+01) + sum g_i+ | measured fitness | best measured fitness or single-digit g-values | x1 | x2...
1 0 +3.209026303e+04 +3.206252303e+04 +3.206252303e+04 +5.9671e-01 -3.8264e-02 +7.4769e-01 +1.6230e+00 -1.3415e-01 -1.3414e-01 +1.6792e+00 +8.6743e-01 -3.6947e-01 +6.4256e-01
2 0 +2.390741275e+04 +2.387967275e+04 +2.387967275e+04 -3.6342e-01 -3.6573e-01 +3.4196e-01 -1.8133e+00 -1.6249e+00 -4.6229e-01 -9.1283e-01 +4.1425e-01 -8.0802e-01 -1.3123e+00
3 0 +2.347748546e+04 +2.344974546e+04 +2.344974546e+04 +1.5656e+00 -1.2578e-01 +1.6753e-01 -1.3247e+00 -4.4438e-01 +2.1092e-01 -1.0510e+00 +4.7570e-01 -5.0064e-01 -1.9169e-01
18 0 +1.982049038e+04 +1.979275038e+04 +1.979275038e+04 -7.8951e-01 -7.1581e-01 +2.2898e-02 +4.4115e-01 +3.7669e-01 +9.2718e-01 +1.1300e-01 +1.5535e+00 -1.6466e-01 +2.8202e+00
19 0 +1.323566730e+04 +1.320792730e+04 +1.320792730e+04 +7.2567e-01 -7.5716e-01 -9.7089e-01 +5.8247e-01 -1.2346e-01 +8.1400e-01 +5.7324e-01 +2.7171e-02 -7.4679e-01 -1.4148e+00
44 0 +8.137299885e+03 +8.109559885e+03 +8.109559885e+03 -1.0833e+00 -1.9392e+00 -1.6941e-01 +8.1754e-01 +1.6024e+00 +1.7409e-01 +1.7286e+00 -1.2801e+00 -1.6034e+00 +4.4452e-02
54 0 +5.414841239e+03 +5.387101239e+03 +5.387101239e+03 +6.7098e-01 -1.8767e+00 -7.4789e-01 -5.3418e-01 -1.4249e+00 +3.8815e-01 +1.3685e+00 +1.0854e+00 -1.4213e+00 +1.2335e+00
73 0 +4.269800159e+03 +4.242060159e+03 +4.242060159e+03 -4.7309e-02 -1.4201e+00 -3.4415e-01 +1.7592e-01 -1.4851e-01 +8.6123e-02 +1.1692e+00 -4.0441e-02 -1.7654e+00 -1.0876e-02
170 0 +2.117157295e+03 +2.089417295e+03 +2.089417295e+03 -1.0301e+00 -1.6426e+00 -7.5797e-01 -1.0384e+00 -4.2549e-01 +4.4994e-01 +6.6753e-01 -1.2701e+00 -2.0703e+00 +1.8029e+00
173 0 +2.109507094e+03 +2.081767094e+03 +2.081767094e+03 +7.7398e-01 -3.0871e+00 -3.0557e+00 -1.3640e+00 -3.4407e-01 -2.7387e+00 +9.0937e-01 -8.2167e-01 -2.6739e+00 -7.5813e-01
261 0 +1.112050096e+03 +1.084310096e+03 +1.084310096e+03 +3.7185e-01 -3.5685e+00 -3.2328e+00 -8.3266e-01 -9.1368e-02 -1.8686e+00 +3.1885e-01 -5.2288e-01 -4.4216e+00 -8.3484e-01
335 0 +9.815342741e+02 +9.537942741e+02 +9.537942741e+02 -5.4192e-01 -3.6113e+00 -1.0379e+00 -1.0758e-01 -6.7055e-01 -5.4345e-01 -2.4667e-01 -2.3752e+00 -1.9809e+00 +2.1487e+00
417 0 +4.283976025e+02 +4.006576025e+02 +4.006576025e+02 -2.1652e-01 -3.1523e+00 -2.5152e+00 -2.2789e+00 -1.6731e-02 -4.2324e-01 +5.8346e-01 -1.0019e+00 -2.7198e+00 +1.2383e+00
462 0 +1.525022418e+02 +1.247622418e+02 +1.247622418e+02 -2.2043e-01 -3.5165e+00 -3.1959e+00 -1.5972e+00 +2.2543e-01 -5.3318e-01 -4.7643e-01 -1.5042e+00 -3.3589e+00 +8.4969e-01
535 0 +1.138286899e+02 +8.608868987e+01 +8.608868987e+01 +2.6659e-01 -3.3714e+00 -2.4163e+00 -1.1957e+00 -7.8538e-01 -5.9776e-01 -5.3174e-01 -1.0251e+00 -2.7763e+00 +4.6380e-01
684 0 +1.092635629e+02 +8.152356287e+01 +8.152356287e+01 -1.1637e-01 -2.9266e+00 -1.8418e+00 -4.9266e-01 -1.1181e-01 -3.6682e-01 -6.1049e-01 -1.3084e+00 -3.1060e+00 +8.6605e-01
751 0 +1.053139455e+02 +7.757394549e+01 +7.757394549e+01 -8.6784e-01 -2.9107e+00 -2.6520e+00 -1.4923e+00 -4.6755e-01 -7.1700e-01 -2.4082e-01 -1.8739e+00 -3.7151e+00 -4.0061e-01
754 0 +9.227120089e+01 +6.453120089e+01 +6.453120089e+01 -3.9853e-01 -3.8588e+00 -2.8742e+00 -7.2987e-01 -1.3122e-01 -5.7143e-01 -9.2738e-01 -1.7834e+00 -3.4266e+00 +5.7577e-02
797 0 +7.004577200e+01 +4.230577200e+01 +4.230577200e+01 -4.7221e-01 -3.1282e+00 -2.6326e+00 -9.3307e-01 -1.0591e-01 -1.9277e-01 -9.3279e-01 -1.3181e+00 -3.6723e+00 +3.6875e-01
820 0 +6.509341851e+01 +3.735341851e+01 +3.735341851e+01 +1.0493e-01 -3.5160e+00 -2.2067e+00 -1.0591e+00 -3.8682e-01 -4.9874e-01 -3.0431e-01 -1.8416e+00 -3.2405e+00 +2.9637e-01
869 0 +6.041352326e+01 +3.267352326e+01 +3.267352326e+01 -3.2913e-01 -3.2029e+00 -2.3292e+00 -7.0179e-01 -4.6793e-01 -4.7253e-01 -6.8693e-01 -1.7425e+00 -3.2365e+00 +7.9717e-02
881 0 +3.438974598e+01 +6.649745978e+00 +6.649745978e+00 -6.9221e-01 -3.3148e+00 -2.5473e+00 -1.3842e+00 -2.2403e-01 -4.7116e-01 -5.0954e-01 -1.4006e+00 -3.7447e+00 +4.5657e-01
882 0 +2.662702779e+01 -1.112972214e+00 -1.112972214e+00 +3.9526e-02 -3.1642e+00 -2.4458e+00 -8.0592e-01 -4.2416e-01 -6.7381e-01 -5.4433e-01 -1.7323e+00 -3.3989e+00 +3.2718e-01
975 0 +2.307620642e+01 -4.663793584e+00 -4.663793584e+00 -3.3736e-01 -3.3371e+00 -2.4267e+00 -9.5037e-01 -3.2916e-01 -7.1353e-01 -6.7301e-01 -1.5103e+00 -3.4522e+00 +2.1937e-01
1082 0 +1.823403681e+01 -9.505963191e+00 -9.505963191e+00 -7.1231e-01 -3.2413e+00 -2.7255e+00 -1.2423e+00 -5.0686e-01 -4.8452e-01 -3.4955e-01 -1.4942e+00 -3.5288e+00 +3.5885e-01
1091 0 +1.795835976e+01 -9.781640241e+00 -9.781640241e+00 -5.4851e-01 -3.3244e+00 -2.5905e+00 -1.0128e+00 -5.4730e-01 -4.7246e-01 -5.5320e-01 -1.7315e+00 -3.5522e+00 +1.3214e-01
1127 0 +1.560381248e+01 -1.213618752e+01 -1.213618752e+01 -6.3969e-01 -3.3908e+00 -2.8180e+00 -1.0785e+00 -3.6145e-01 -5.3021e-01 -5.8340e-01 -1.7032e+00 -3.4397e+00 +3.5252e-01
1130 0 +1.469088089e+01 -1.304911911e+01 -1.304911911e+01 -1.7488e-01 -3.3055e+00 -2.6435e+00 -1.0238e+00 -4.3424e-01 -5.6361e-01 -6.6551e-01 -1.6455e+00 -3.4054e+00 +3.1482e-01
1142 0 +1.405894718e+01 -1.368105282e+01 -1.368105282e+01 -4.5073e-02 -3.3000e+00 -2.8464e+00 -1.1009e+00 -3.1270e-01 -5.4525e-01 -5.3994e-01 -1.5276e+00 -3.6803e+00 +2.4552e-01
1239 0 +1.304163271e+01 -1.469836729e+01 -1.469836729e+01 +1.3541e-01 -3.1622e+00 -2.6654e+00 -1.0187e+00 -3.5585e-01 -4.4114e-01 -3.9213e-01 -1.5600e+00 -3.4936e+00 +2.6954e-01
1254 0 +1.230675089e+01 -1.543324911e+01 -1.543324911e+01 -9.4954e-02 -3.2749e+00 -2.7739e+00 -1.2089e+00 -4.1854e-01 -4.8328e-01 -6.3277e-01 -1.5598e+00 -3.4872e+00 +2.3755e-01
1312 0 +1.116779039e+01 -1.657220961e+01 -1.657220961e+01 -5.1115e-02 -3.2135e+00 -2.6974e+00 -1.1125e+00 -4.7333e-01 -5.8935e-01 -4.7946e-01 -1.6652e+00 -3.5187e+00 +1.7840e-01
1367 0 +1.013768514e+01 -1.760231486e+01 -1.760231486e+01 -9.6857e-02 -3.2493e+00 -2.6196e+00 -1.1067e+00 -4.3762e-01 -5.4118e-01 -5.2391e-01 -1.6072e+00 -3.6024e+00 +2.0038e-01
1473 0 +9.254640259e+00 -1.848535974e+01 -1.848535974e+01 -1.0842e-01 -3.3425e+00 -2.6347e+00 -1.1056e+00 -4.1999e-01 -5.6652e-01 -5.4531e-01 -1.5731e+00 -3.5026e+00 +2.4695e-01
1694 0 +9.245119223e+00 -1.849488078e+01 -1.849488078e+01 -2.6457e-02 -3.2432e+00 -2.7012e+00 -1.1450e+00 -4.2667e-01 -5.9875e-01 -5.0886e-01 -1.5683e+00 -3.5223e+00 +1.8200e-01
1700 0 +9.207895843e+00 -1.853210416e+01 -1.853210416e+01 -2.3964e-01 -3.3595e+00 -2.6761e+00 -1.1615e+00 -3.6357e-01 -6.1457e-01 -5.5877e-01 -1.5764e+00 -3.5500e+00 +2.4675e-01
1714 0 +8.998128051e+00 -1.874187195e+01 -1.874187195e+01 -3.7591e-02 -3.2533e+00 -2.7230e+00 -1.1490e+00 -4.0849e-01 -6.0329e-01 -5.9044e-01 -1.6252e+00 -3.5297e+00 +2.4401e-01
1751 0 +8.806583237e+00 -1.893341676e+01 -1.893341676e+01 +8.2205e-02 -3.2727e+00 -2.6499e+00 -1.1639e+00 -4.3068e-01 -6.0481e-01 -5.5450e-01 -1.6252e+00 -3.5571e+00 +2.1345e-01
1860 0 +8.800527073e+00 -1.893947293e+01 -1.893947293e+01 +1.5661e-02 -3.2735e+00 -2.7206e+00 -1.1150e+00 -3.7873e-01 -5.6560e-01 -5.4518e-01 -1.5979e+00 -3.6138e+00 +2.3833e-01
1865 0 +8.732704101e+00 -1.900729590e+01 -1.900729590e+01 -1.1665e-02 -3.2424e+00 -2.6964e+00 -1.1782e+00 -4.1727e-01 -5.6263e-01 -5.8268e-01 -1.6064e+00 -3.5268e+00 +2.2620e-01
1885 0 +8.715671592e+00 -1.902432841e+01 -1.902432841e+01 -1.3059e-01 -3.3226e+00 -2.6729e+00 -1.1402e+00 -4.0891e-01 -5.5617e-01 -5.7072e-01 -1.6120e+00 -3.5685e+00 +2.4488e-01
1905 0 +8.447902182e+00 -1.929209782e+01 -1.929209782e+01 -1.3903e-02 -3.2629e+00 -2.7102e+00 -1.1693e+00 -3.8545e-01 -5.7716e-01 -5.7068e-01 -1.6081e+00 -3.5346e+00 +2.3845e-01
1966 0 +8.167653400e+00 -1.957234660e+01 -1.957234660e+01 +1.0386e-01 -3.2194e+00 -2.6503e+00 -1.1640e+00 -3.6630e-01 -5.9154e-01 -5.4253e-01 -1.6103e+00 -3.5214e+00 +2.4040e-01
2015 0 +8.105707632e+00 -1.963429237e+01 -1.963429237e+01 +1.8241e-01 -3.1467e+00 -2.6712e+00 -1.1409e+00 -4.0921e-01 -6.1245e-01 -5.6265e-01 -1.5740e+00 -3.5569e+00 +2.3081e-01
2022 0 +8.009521978e+00 -1.973047802e+01 -1.973047802e+01 +1.5782e-01 -3.1774e+00 -2.6544e+00 -1.1700e+00 -3.8527e-01 -5.9501e-01 -5.4165e-01 -1.6093e+00 -3.5306e+00 +2.5927e-01
2148 0 +7.552072046e+00 -2.018792795e+01 -2.018792795e+01 +2.2672e-01 -3.0711e+00 -2.5929e+00 -1.1121e+00 -4.1721e-01 -5.8363e-01 -5.3821e-01 -1.5955e+00 -3.5716e+00 +2.4523e-01
2477 0 +7.326619705e+00 -2.041338029e+01 -2.041338029e+01 +2.9251e-01 -2.9913e+00 -2.5349e+00 -1.1087e+00 -3.7933e-01 -5.6315e-01 -5.0894e-01 -1.6009e+00 -3.5168e+00 +2.4263e-01
% f evaluations | g evaluations | best noise-free fitness - Fopt (6.930000000000e+00) + sum g_i+ | measured fitness | best measured fitness or single-digit g-values | x1 | x2...
1 0 +1.138242197e+05 +1.138311497e+05 +1.138311497e+05 +5.9671e-01 -3.8264e-02 +7.4769e-01 +1.6230e+00 -1.3415e-01 -1.3414e-01 +1.6792e+00 +8.6743e-01 -3.6947e-01 +6.4256e-01
2 0 +1.025719985e+04 +1.026412985e+04 +1.026412985e+04 -3.6342e-01 -3.6573e-01 +3.4196e-01 -1.8133e+00 -1.6249e+00 -4.6229e-01 -9.1283e-01 +4.1425e-01 -8.0802e-01 -1.3123e+00
24 0 +5.465725667e+03 +5.472655667e+03 +5.472655667e+03 -6.3037e-01 +3.1646e-01 +1.4557e-01 -5.5160e-01 +2.2439e+00 +7.3392e-01 -1.9251e+00 +2.8645e-01 -5.6179e-01 +9.5243e-01
71 0 +4.322719412e+03 +4.329649412e+03 +4.329649412e+03 -1.1856e-01 +8.8370e-01 +2.4187e-01 -1.7933e+00 +5.3149e-01 +2.0519e-01 -2.1251e+00 -1.5726e+00 -2.8550e-01 +7.3581e-01
76 0 +4.285332674e+03 +4.292262674e+03 +4.292262674e+03 -7.4624e-01 +1.2688e+00 -4.8481e-01 -1.2299e+00 +1.1299e+00 +1.3436e+00 -1.5779e+00 -1.6593e+00 -1.6385e+00 -1.4546e-01
79 0 +3.803304734e+03 +3.810234734e+03 +3.810234734e+03 -1.5386e+00 +8.8740e-01 -4.3338e-01 -1.5419e+00 +2.2824e-01 +2.6002e+00 -2.6087e+00 +1.1530e+00 -3.8865e-01 -1.7561e+00
119 0 +6.373642334e+02 +6.442942334e+02 +6.442942334e+02 -1.1294e+00 +3.6305e-01 -1.1115e+00 -1.7557e+00 -7.2712e-01 +1.8547e-01 -2.9999e+00 -1.3454e-01 -2.4411e+00 +2.0915e+00
302 0 +3.797415756e+02 +3.866715756e+02 +3.866715756e+02 -1.2222e+00 -2.4731e-01 -8.0628e-01 -2.4729e+00 -9.7307e-02 +1.5790e+00 -3.4823e+00 -9.6631e-01 -2.4774e+00 -5.0460e-01
442 0 +3.078994634e+02 +3.148294634e+02 +3.148294634e+02 -1.6676e+00 -4.8148e-01 -1.3121e+00 -2.2279e+00 -3.1749e-01 +5.3218e-01 -3.2924e+00 -6.9001e-01 -2.0707e+00 +1.1449e+00
535 0 +1.353602946e+02 +1.422902946e+02 +1.422902946e+02 -9.5643e-01 +1.0100e+00 -2.0231e+00 -1.9853e+00 +1.8450e-01 +1.8061e-01 -3.4678e+00 -7.4727e-01 -2.2914e+00 -2.0099e-01
740 0 +1.249740958e+02 +1.319040958e+02 +1.319040958e+02 -1.3364e+00 +8.5233e-02 -1.5912e+00 -2.2086e+00 -3.2643e-01 +7.2531e-01 -3.9258e+00 -1.0557e-01 -2.5121e+00 +1.0098e+00
746 0 +1.060466925e+02 +1.129766925e+02 +1.129766925e+02 -1.2997e+00 +8.8079e-01 -1.6426e+00 -2.6554e+00 +6.4101e-02 +1.2992e+00 -3.9229e+00 -3.5596e-01 -2.7090e+00 +5.9966e-01
764 0 +1.019289977e+02 +1.088589977e+02 +1.088589977e+02 -1.0225e+00 +2.4709e-01 -2.1724e+00 -2.1612e+00 +2.4288e-01 +1.1322e+00 -3.6391e+00 -6.4840e-02 -2.2362e+00 +5.5181e-01
778 0 +5.907395580e+01 +6.600395580e+01 +6.600395580e+01 -1.6020e+00 +6.9699e-02 -1.6190e+00 -2.5464e+00 -3.5455e-01 +1.0140e+00 -3.8175e+00 -4.1366e-01 -2.3416e+00 +4.6128e-01
813 0 +5.743561453e+01 +6.436561453e+01 +6.436561453e+01 -1.7078e+00 +7.2207e-01 -1.9007e+00 -2.3873e+00 -3.2277e-01 +8.7011e-01 -3.7739e+00 -9.3102e-01 -2.1982e+00 +4.0000e-01
888 0 +5.284059549e+01 +5.977059549e+01 +5.977059549e+01 -1.0674e+00 +4.0643e-01 -1.8591e+00 -2.2807e+00 -3.9065e-01 +5.8725e-01 -3.8861e+00 -4.5818e-01 -2.5873e+00 +3.0960e-01
897 0 +2.450126156e+01 +3.143126156e+01 +3.143126156e+01 -9.6117e-01 +8.1990e-01 -1.8427e+00 -2.3263e+00 -2.1309e-01 +7.7559e-01 -3.9657e+00 -4.2961e-01 -2.3831e+00 +9.1031e-02
1032 0 +2.196856718e+01 +2.889856718e+01 +2.889856718e+01 -1.1503e+00 +5.9207e-01 -1.7274e+00 -2.5456e+00 -3.3058e-02 +6.5978e-01 -3.9011e+00 -4.5978e-01 -2.4651e+00 +2.6168e-01
1063 0 +1.923440824e+01 +2.616440824e+01 +2.616440824e+01 -1.4869e+00 +5.0935e-01 -1.6356e+00 -2.5215e+00 -3.3582e-01 +7.5917e-01 -3.7679e+00 -5.2882e-01 -2.1302e+00 +2.9938e-01
1178 0 +1.753484316e+01 +2.446484316e+01 +2.446484316e+01 -1.0746e+00 +6.3401e-01 -1.6206e+00 -2.4751e+00 -1.1995e-01 +5.4659e-01 -3.6328e+00 -3.1571e-01 -2.2024e+00 +3.4877e-02
1228 0 +1.662855820e+01 +2.355855820e+01 +2.355855820e+01 -8.9970e-01 +8.4150e-01 -1.5448e+00 -2.3059e+00 -2.7797e-01 +6.3918e-01 -3.6132e+00 -3.0959e-01 -2.1299e+00 +1.6121e-01
1299 0 +1.631258409e+01 +2.324258409e+01 +2.324258409e+01 -1.3045e+00 +5.8170e-01 -1.7056e+00 -2.3196e+00 -1.1421e-01 +7.6161e-01 -3.6634e+00 -3.6442e-01 -2.3832e+00 +1.0930e-01
1316 0 +1.423979263e+01 +2.116979263e+01 +2.116979263e+01 -1.1437e+00 +5.8248e-01 -1.6209e+00 -2.3437e+00 +5.4572e-02 +7.8850e-01 -3.7373e+00 -3.6193e-01 -2.3114e+00 +1.7362e-01
1419 0 +1.060148108e+01 +1.753148108e+01 +1.753148108e+01 -1.0852e+00 +6.7422e-01 -1.5969e+00 -2.3635e+00 -5.9756e-02 +8.2150e-01 -3.8447e+00 -4.2980e-01 -2.1327e+00 +2.0271e-01
1626 0 +1.041733383e+01 +1.734733383e+01 +1.734733383e+01 -1.0775e+00 +5.9258e-01 -1.7128e+00 -2.4021e+00 -2.1813e-02 +7.2833e-01 -3.8005e+00 -5.0921e-01 -2.2111e+00 +2.0038e-01
1810 0 +1.030259680e+01 +1.723259680e+01 +1.723259680e+01 -1.4177e+00 +5.5481e-01 -1.7202e+00 -2.4419e+00 -1.2536e-01 +7.6953e-01 -3.7882e+00 -4.5625e-01 -2.1563e+00 +8.3345e-02
1811 0 +9.092982384e+00 +1.602298238e+01 +1.602298238e+01 -9.6048e-01 +7.1690e-01 -1.5864e+00 -2.3981e+00 -1.0518e-01 +7.2411e-01 -3.7205e+00 -4.6002e-01 -2.1570e+00 +1.9406e-01
1992 0 +8.894044827e+00 +1.582404483e+01 +1.582404483e+01 -1.0627e+00 +6.6813e-01 -1.6414e+00 -2.4097e+00 -1.0780e-01 +6.8534e-01 -3.7560e+00 -3.8550e-01 -2.1920e+00 +1.8933e-01
2008 0 +8.294913737e+00 +1.522491374e+01 +1.522491374e+01 -9.4116e-01 +7.3091e-01 -1.6887e+00 -2.3947e+00 -1.4051e-01 +7.6921e-01 -3.7740e+00 -3.9956e-01 -2.1702e+00 +2.0965e-01
2329 0 +8.066531666e+00 +1.499653167e+01 +1.499653167e+01 -9.0547e-01 +7.8452e-01 -1.6580e+00 -2.4354e+00 -1.3273e-01 +7.5768e-01 -3.8038e+00 -4.3311e-01 -2.2052e+00 +2.0454e-01
2346 0 +7.935950579e+00 +1.486595058e+01 +1.486595058e+01 -9.0951e-01 +8.1686e-01 -1.6270e+00 -2.4002e+00 -7.0856e-02 +7.7345e-01 -3.7798e+00 -3.8277e-01 -2.1682e+00 +1.9495e-01
2420 0 +7.873989663e+00 +1.480398966e+01 +1.480398966e+01 -7.8852e-01 +8.9931e-01 -1.5916e+00 -2.3900e+00 -8.7826e-02 +7.6174e-01 -3.7602e+00 -3.7438e-01 -2.1720e+00 +1.5215e-01
% f evaluations | g evaluations | best noise-free fitness - Fopt (-4.456000000000e+01) + sum g_i+ | measured fitness | best measured fitness or single-digit g-values | x1 | x2...
1 0 +3.399329627e+04 +3.394873627e+04 +3.394873627e+04 +5.9671e-01 -3.8264e-02 +7.4769e-01 +1.6230e+00 -1.3415e-01 -1.3414e-01 +1.6792e+00 +8.6743e-01 -3.6947e-01 +6.4256e-01
2 0 +1.955879631e+04 +1.951423631e+04 +1.951423631e+04 -3.6342e-01 -3.6573e-01 +3.4196e-01 -1.8133e+00 -1.6249e+00 -4.6229e-01 -9.1283e-01 +4.1425e-01 -8.0802e-01 -1.3123e+00
23 0 +1.717109716e+04 +1.712653716e+04 +1.712653716e+04 +2.4147e+00 -1.7673e+00 +7.8626e-01 -1.5127e+00 -3.7193e-01 +1.1890e+00 +1.6428e-01 -9.7774e-01 -6.1530e-01 +7.7960e-01
44 0 +1.604454231e+04 +1.599998231e+04 +1.599998231e+04 -1.0833e+00 -1.9392e+00 -1.6941e-01 +8.1754e-01 +1.6024e+00 +1.7409e-01 +1.7286e+00 -1.2801e+00 -1.6034e+00 +4.4452e-02
53 0 +9.765028529e+03 +9.720468529e+03 +9.720468529e+03 +9.0534e-01 -1.3525e+00 +1.7415e+00 -6.8729e-01 +2.8664e-01 -5.0808e-01 +7.4169e-01 +6.3409e-01 -8.1606e-01 +1.7542e+00
81 0 +3.792501581e+03 +3.747941581e+03 +3.747941581e+03 -1.3475e+00 -2.5985e+00 -2.3177e-01 +1.5147e-01 -7.7661e-01 +1.2701e+00 +1.9037e+00 -1.1326e+00 -3.7030e+00 +1.9800e-02
107 0 +2.957549601e+03 +2.912989601e+03 +2.912989601e+03 +9.6017e-01 -2.3769e+00 -7.8457e-01 -1.4955e+00 -1.6122e-01 -9.6456e-01 +1.3062e+00 -1.3595e+00 -3.1920e+00 +3.4974e-01
109 0 +6.825830243e+02 +6.380230243e+02 +6.380230243e+02 +1.0964e+00 -2.8845e+00 +1.3466e+00 -1.0788e+00 -1.1595e+00 +5.4301e-01 +4.1803e-01 +3.5213e-01 -4.2913e+00 +1.6742e+00
395 0 +6.696495448e+02 +6.250895448e+02 +6.250895448e+02 +2.5093e-01 -2.0495e+00 +1.1118e+00 -2.9228e+00 -1.5640e+00 +1.0353e+00 -3.8256e-01 -2.3254e-01 -2.9309e+00 +1.8958e+00
446 0 +3.827954794e+02 +3.382354794e+02 +3.382354794e+02 -5.4986e-01 -1.7139e+00 +1.7540e+00 -8.5878e-01 -4.9336e-01 +1.9222e-01 -1.8011e-01 +1.8222e-01 -2.8152e+00 +2.1463e+00
453 0 +2.807715716e+02 +2.362115716e+02 +2.362115716e+02 +3.2272e-01 -2.6441e+00 +1.0199e+00 -2.1645e+00 -1.9417e+00 +1.0155e+00 +3.4067e-02 -9.0096e-01 -2.9544e+00 +3.0637e+00
660 0 +2.788994621e+02 +2.343394621e+02 +2.343394621e+02 -9.2821e-01 -2.4109e+00 +2.6606e-01 -1.7534e+00 -1.3573e+00 +1.0420e+00 -8.0459e-01 +4.1736e-01 -4.1388e+00 +1.7231e+00
747 0 +1.764319989e+02 +1.318719989e+02 +1.318719989e+02 -6.8823e-01 -2.3246e+00 +2.0409e-01 -2.5031e+00 -1.0261e+00 +1.0554e+00 -3.2470e-01 -3.3397e-01 -4.0398e+00 +1.4211e+00
759 0 +1.372332230e+02 +9.267322300e+01 +9.267322300e+01 -6.7192e-01 -2.2189e+00 +7.3786e-01 -1.2001e+00 -9.4359e-01 +8.8477e-01 +5.3887e-01 +3.3294e-01 -3.5712e+00 +1.3528e+00
841 0 +9.576574053e+01 +5.120574053e+01 +5.120574053e+01 -5.7676e-01 -2.5854e+00 +3.5483e-01 -1.9805e+00 -1.2351e+00 +2.6119e-01 +2.9993e-02 -4.5263e-02 -3.8066e+00 +1.3066e+00
867 0 +8.502287761e+01 +4.046287761e+01 +4.046287761e+01 -1.1196e+00 -2.3329e+00 +3.8335e-01 -1.2631e+00 -1.1246e+00 +4.9656e-01 +4.2560e-02 -2.1520e-01 -3.3946e+00 +1.6308e+00
873 0 +8.037980476e+01 +3.581980476e+01 +3.581980476e+01 -7.0192e-01 -2.7419e+00 +4.9819e-01 -1.6700e+00 -8.7566e-01 +5.5317e-01 +3.0470e-01 -1.1440e-01 -3.8889e+00 +1.8294e+00
974 0 +7.393680243e+01 +2.937680243e+01 +2.937680243e+01 -9.5184e-01 -2.1071e+00 +1.2769e+00 -1.6652e+00 -1.2356e+00 +6.0179e-01 +2.2344e-01 +4.8082e-02 -3.4644e+00 +1.6397e+00
1080 0 +5.035763256e+01 +5.797632564e+00 +5.797632564e+00 -1.0200e+00 -2.0047e+00 +7.7465e-01 -1.7083e+00 -1.5727e+00 +9.0648e-01 -2.9586e-01 -7.0769e-01 -3.7084e+00 +1.8492e+00
1108 0 +4.580862524e+01 +1.248625242e+00 +1.248625242e+00 -6.1620e-01 -2.2031e+00 +1.1508e+00 -1.4541e+00 -1.4526e+00 +6.8433e-01 -2.0660e-01 -3.8298e-01 -3.8044e+00 +1.7116e+00
1245 0 +4.231964708e+01 -2.240352924e+00 -2.240352924e+00 -1.9997e-01 -2.2821e+00 +8.3906e-01 -1.8945e+00 -1.2888e+00 +9.9599e-01 +3.3490e-02 -3.9901e-01 -3.9059e+00 +1.6644e+00
1290 0 +3.456793570e+01 -9.992064303e+00 -9.992064303e+00 -3.9822e-01 -2.9425e+00 +9.0874e-01 -1.5514e+00 -1.1019e+00 +7.0047e-01 +1.2036e-01 -3.2620e-01 -3.9007e+00 +1.6175e+00
1334 0 +3.406335812e+01 -1.049664188e+01 -1.049664188e+01 -9.9823e-01 -2.3119e+00 +4.9254e-01 -1.7315e+00 -1.2504e+00 +7.7365e-01 +6.9905e-02 -2.6073e-01 -3.9552e+00 +1.6303e+00
1394 0 +2.457675192e+01 -1.998324808e+01 -1.998324808e+01 -7.3767e-01 -2.5498e+00 +5.3861e-01 -1.5923e+00 -1.5707e+00 +8.1091e-01 -1.3527e-03 -5.3039e-01 -3.9414e+00 +1.6310e+00
1467 0 +2.068866209e+01 -2.387133791e+01 -2.387133791e+01 -1.1881e-01 -2.4544e+00 +7.7356e-01 -1.7684e+00 -1.1591e+00 +7.5245e-01 +3.0713e-02 -5.6554e-01 -3.9154e+00 +1.4932e+00
1515 0 +1.614121535e+01 -2.841878465e+01 -2.841878465e+01 -5.3413e-01 -2.7263e+00 +6.0333e-01 -1.6857e+00 -1.3131e+00 +6.7446e-01 +7.0232e-03 -5.1751e-01 -3.9963e+00 +1.5186e+00
1849 0 +1.590027704e+01 -2.865972296e+01 -2.865972296e+01 -3.1877e-02 -2.6775e+00 +5.5593e-01 -1.7049e+00 -1.3112e+00 +6.5256e-01 -8.3868e-02 -7.2837e-01 -3.8231e+00 +1.6574e+00
1890 0 +1.187812713e+01 -3.268187287e+01 -3.268187287e+01 -2.1000e-01 -2.7423e+00 +5.0195e-01 -1.6060e+00 -1.2734e+00 +8.1987e-01 -7.3067e-02 -6.5409e-01 -3.8123e+00 +1.5573e+00
2104 0 +1.061124606e+01 -3.394875394e+01 -3.394875394e+01 -7.1573e-02 -2.6883e+00 +5.6205e-01 -1.6807e+00 -1.2732e+00 +6.9374e-01 -5.4643e-02 -4.8999e-01 -3.7888e+00 +1.4906e+00
2201 0 +1.027229581e+01 -3.428770419e+01 -3.428770419e+01 -2.8921e-01 -2.7046e+00 +6.3069e-01 -1.6334e+00 -1.2738e+00 +7.7797e-01 +1.6104e-02 -5.0900e-01 -3.8217e+00 +1.5730e+00
2327 0 +9.297144447e+00 -3.526285555e+01 -3.526285555e+01 -1.0251e-01 -2.7583e+00 +5.8767e-01 -1.6986e+00 -1.2907e+00 +8.0961e-01 -3.9829e-02 -5.3332e-01 -3.7845e+00 +1.5500e+00
2383 0 +9.214462033e+00 -3.534553797e+01 -3.534553797e+01 -1.1304e-01 -2.6632e+00 +6.1613e-01 -1.6547e+00 -1.2702e+00 +7.9778e-01 -3.3237e-02 -5.1055e-01 -3.8142e+00 +1.5207e+00
2389 0 +9.117791493e+00 -3.544220851e+01 -3.544220851e+01 +5.8659e-02 -2.6240e+00 +5.6639e-01 -1.7304e+00 -1.3238e+00 +8.0803e-01 -3.9391e-02 -5.3517e-01 -3.8038e+00 +1.6012e+00
2435 0 +8.704315915e+00 -3.585568409e+01 -3.585568409e+01 -1.9030e-02 -2.6724e+00 +6.1416e-01 -1.6843e+00 -1.2814e+00 +8.3441e-01 -9.2013e-02 -5.2140e-01 -3.8309e+00 +1.5672e+00
