% f evaluations | g evaluations | best noise-free fitness - Fopt (1.026100000000e+02) + sum g_i+ | measured fitness | best measured fitness or single-digit g-values | x1 | x2...
1 0 +8.499088232e+01 +1.876008823e+02 +1.876008823e+02 +5.9671e-01 -3.8264e-02 +7.4769e-01 +1.6230e+00 -1.3415e-01
3 0 +7.334857351e+01 +1.759585735e+02 +1.759585735e+02 -3.6342e-01 -3.6573e-01 +3.4196e-01 -1.8133e+00 -1.6249e+00
5 0 +6.580041802e+01 +1.684104180e+02 +1.684104180e+02 +1.5656e+00 -1.2578e-01 +1.6753e-01 -1.3247e+00 -4.4438e-01
9 0 +6.386104831e+01 +1.664710483e+02 +1.664710483e+02 +8.3847e-01 +2.7137e-01 -1.5648e-02 -2.0110e-01 -1.3785e+00
12 0 +4.633366536e+01 +1.489436654e+02 +1.489436654e+02 +1.0313e+00 -7.3922e-01 -2.0921e-01 +4.3126e-01 +1.0755e+00
32 0 +4.515309629e+01 +1.477630963e+02 +1.477630963e+02 +1.3769e-01 -5.5841e-01 -1.2954e+00 -1.5742e+00 -6.9482e-01
90 0 +4.040096284e+01 +1.430109628e+02 +1.430109628e+02 +1.3493e+00 -2.5345e-01 -6.0564e-01 -1.1914e+00 -1.1527e+00
126 0 +3.135816952e+01 +1.339681695e+02 +1.339681695e+02 +1.4842e+00 +5.1814e-02 -1.4584e+00 -6.2438e-01 -1.9536e+00
191 0 +3.071374408e+01 +1.333237441e+02 +1.333237441e+02 +1.8527e+00 +9.6939e-01 -9.9899e-01 -1.6489e-01 -7.5169e-01
207 0 +3.012439156e+01 +1.327343916e+02 +1.327343916e+02 +1.2247e+00 +8.7865e-01 -2.1291e+00 -3.9934e-01 -1.4715e+00
232 0 +2.407613512e+01 +1.266861351e+02 +1.266861351e+02 +1.2322e+00 +1.4203e+00 -1.5457e+00 -5.5342e-01 -1.1079e+00
237 0 +2.329603437e+01 +1.259060344e+02 +1.259060344e+02 +2.0824e+00 +6.7143e-01 -1.6419e+00 -1.0421e-01 +5.5324e-03
353 0 +2.142814033e+01 +1.240381403e+02 +1.240381403e+02 +1.4628e+00 +1.0213e+00 -1.7551e+00 -9.6854e-01 -1.3479e+00
447 0 +1.445155046e+01 +1.170615505e+02 +1.170615505e+02 +1.6169e+00 +9.9993e-01 -1.2311e+00 -1.5630e+00 -1.7705e+00
781 0 +1.266277652e+01 +1.152727765e+02 +1.152727765e+02 +1.5245e+00 +1.0188e+00 -1.6216e+00 -1.1554e+00 -1.6129e+00
947 0 +4.286151869e+00 +1.068961519e+02 +1.068961519e+02 +1.6449e+00 +1.0467e+00 -1.6080e+00 -1.0934e+00 -2.0127e+00
% f evaluations | g evaluations | best noise-free fitness - Fopt (9.330000000000e+01) + sum g_i+ | measured fitness | best measured fitness or single-digit g-values | x1 | x2...
1 0 +9.053870432e+01 +1.838387043e+02 +1.838387043e+02 +5.9671e-01 -3.8264e-02 +7.4769e-01 +1.6230e+00 -1.3415e-01
3 0 +7.053340211e+01 +1.638334021e+02 +1.638334021e+02 -3.6342e-01 -3.6573e-01 +3.4196e-01 -1.8133e+00 -1.6249e+00
4 0 +5.747590142e+01 +1.507759014e+02 +1.507759014e+02 -4.6229e-01 -9.1283e-01 +4.1425e-01 -8.0802e-01 -1.3123e+00
5 0 +4.851537749e+01 +1.418153775e+02 +1.418153775e+02 +1.5656e+00 -1.2578e-01 +1.6753e-01 -1.3247e+00 -4.4438e-01
9 0 +3.690835605e+01 +1.302083560e+02 +1.302083560e+02 +8.3847e-01 +2.7137e-01 -1.5648e-02 -2.0110e-01 -1.3785e+00
29 0 +3.490522237e+01 +1.282052224e+02 +1.282052224e+02 +1.0238e+00 -6.6779e-01 +7.7142e-01 -1.2065e+00 -2.1631e+00
59 0 +3.210652571e+01 +1.254065257e+02 +1.254065257e+02 +1.3557e+00 -1.9209e+00 +1.5215e+00 -1.3589e+00 -1.4307e+00
158 0 +3.151350550e+01 +1.248135055e+02 +1.248135055e+02 +1.3455e+00 -1.4400e+00 +4.2650e-01 -3.1053e-01 -7.5486e-01
165 0 +3.054318042e+01 +1.238431804e+02 +1.238431804e+02 +1.6909e+00 -9.8611e-01 +1.4465e+00 -1.3635e+00 -2.1345e+00
171 0 +1.258605209e+01 +1.058860521e+02 +1.058860521e+02 +2.1585e+00 -1.3432e+00 +1.9917e+00 -1.1614e+00 -1.3462e+00
498 0 +7.321250264e+00 +1.006212503e+02 +1.006212503e+02 +1.3276e+00 -1.5561e+00 +1.6457e+00 -1.2302e+00 -1.7995e+00
% f evaluations | g evaluations | best noise-free fitness - Fopt (1.364000000000e+01) + sum g_i+ | measured fitness | best measured fitness or single-digit g-values | x1 | x2...
1 0 +8.700110703e+01 +1.006411070e+02 +1.006411070e+02 +5.9671e-01 -3.8264e-02 +7.4769e-01 +1.6230e+00 -1.3415e-01
2 0 +7.291196819e+01 +8.655196819e+01 +8.655196819e+01 -1.3414e-01 +1.6792e+00 +8.6743e-01 -3.6947e-01 +6.4256e-01
5 0 +4.383361079e+01 +5.747361079e+01 +5.747361079e+01 +1.5656e+00 -1.2578e-01 +1.6753e-01 -1.3247e+00 -4.4438e-01
29 0 +4.349332074e+01 +5.713332074e+01 +5.713332074e+01 +1.0780e+00 +9.4336e-01 +5.0542e-01 -8.3459e-01 +1.4295e+00
56 0 +4.004236173e+01 +5.368236173e+01 +5.368236173e+01 +2.9872e-01 +1.0668e+00 -7.0171e-01 -8.2396e-01 +1.3588e+00
139 0 +1.891977162e+01 +3.255977162e+01 +3.255977162e+01 +2.0558e-01 +1.3864e+00 +3.6997e-01 -1.6824e-01 +5.0042e-01
596 0 +1.486508525e+01 +2.850508525e+01 +2.850508525e+01 +9.4868e-01 +1.2275e+00 +7.9190e-01 -7.8180e-01 +1.6865e+00
1193 0 +8.840052928e+00 +2.248005293e+01 +2.248005293e+01 +9.4397e-01 +1.3459e+00 +1.3431e+00 -9.1012e-01 +6.8030e-01
% f evaluations | g evaluations | best noise-free fitness - Fopt (1.948000000000e+02) + sum g_i+ | measured fitness | best measured fitness or single-digit g-values | x1 | x2...
1 0 +8.015826547e+01 +2.749582655e+02 +2.749582655e+02 +5.9671e-01 -3.8264e-02 +7.4769e-01 +1.6230e+00 -1.3415e-01
3 0 +7.775577416e+01 +2.725557742e+02 +2.725557742e+02 -3.6342e-01 -3.6573e-01 +3.4196e-01 -1.8133e+00 -1.6249e+00
4 0 +4.861626552e+01 +2.434162655e+02 +2.434162655e+02 -4.6229e-01 -9.1283e-01 +4.1425e-01 -8.0802e-01 -1.3123e+00
63 0 +4.705290969e+01 +2.418529097e+02 +2.418529097e+02 +2.7019e-01 -3.0263e-01 +1.6810e+00 -1.0894e+00 -2.6627e+00
96 0 +4.296571624e+01 +2.377657162e+02 +2.377657162e+02 +3.8023e-01 +6.6578e-01 +6.0467e-01 -2.4337e+00 -1.8274e+00
125 0 +3.406089566e+01 +2.288608957e+02 +2.288608957e+02 +2.0077e+00 -3.9427e-02 +3.9391e+00 -1.7280e+00 -2.2554e+00
130 0 +3.371130490e+01 +2.285113049e+02 +2.285113049e+02 +1.1972e+00 +1.0918e+00 +1.8046e+00 -3.3082e+00 -3.2755e+00
142 0 +3.007542650e+01 +2.248754265e+02 +2.248754265e+02 +5.6316e-01 +2.0022e-01 +1.7325e+00 -3.3136e+00 -4.3203e-01
150 0 +2.544996024e+01 +2.202499602e+02 +2.202499602e+02 +1.8532e+00 +5.8139e-01 +2.0939e+00 -2.4630e+00 -5.2707e-01
222 0 +2.243537923e+01 +2.172353792e+02 +2.172353792e+02 +1.3871e+00 +1.7127e+00 +1.5057e+00 -1.3594e+00 -2.0363e+00
628 0 +2.195548760e+01 +2.167554876e+02 +2.167554876e+02 +4.9273e-01 +2.1984e+00 +1.7234e+00 -1.7188e+00 -1.0447e+00
656 0 +1.784084301e+01 +2.126408430e+02 +2.126408430e+02 +1.2727e+00 +1.8578e+00 +1.8561e+00 -1.0395e+00 -3.9032e-01
% f evaluations | g evaluations | best noise-free fitness - Fopt (-1.335900000000e+02) + sum g_i+ | measured fitness | best measured fitness or single-digit g-values | x1 | x2...
1 0 +6.971884850e+01 -6.387115150e+01 -6.387115150e+01 +5.9671e-01 -3.8264e-02 +7.4769e-01 +1.6230e+00 -1.3415e-01
3 0 +5.223349731e+01 -8.135650269e+01 -8.135650269e+01 -3.6342e-01 -3.6573e-01 +3.4196e-01 -1.8133e+00 -1.6249e+00
12 0 +4.026655205e+01 -9.332344795e+01 -9.332344795e+01 +1.0313e+00 -7.3922e-01 -2.0921e-01 +4.3126e-01 +1.0755e+00
80 0 +3.211202819e+01 -1.014779718e+02 -1.014779718e+02 +1.6148e+00 -2.0779e+00 +4.2994e-01 +8.4390e-01 +5.1878e-02
82 0 +2.982136612e+01 -1.037686339e+02 -1.037686339e+02 +1.5728e+00 -1.5159e+00 +3.1054e-01 +1.2571e+00 +1.4943e+00
140 0 +2.358055579e+01 -1.100094442e+02 -1.100094442e+02 +1.7054e+00 -1.3586e+00 +6.4353e-01 +1.0498e-01 +1.5029e+00
340 0 +2.070933764e+01 -1.128806624e+02 -1.128806624e+02 +1.6274e+00 -7.4480e-01 +7.1853e-01 +6.4295e-01 +1.6006e+00
445 0 +1.742956030e+01 -1.161604397e+02 -1.161604397e+02 +1.6438e+00 -1.0411e+00 +1.0291e+00 +3.0457e-01 +1.2248e+00
482 0 +1.522000209e+01 -1.183699979e+02 -1.183699979e+02 +1.6081e+00 -1.3109e+00 +1.3084e+00 +7.1552e-01 +6.1601e-01
950 0 +1.352747189e+01 -1.200625281e+02 -1.200625281e+02 +1.0480e+00 -4.4536e-01 +1.5301e+00 +1.0525e+00 +8.6566e-01
1124 0 +1.146478655e+01 -1.221252135e+02 -1.221252135e+02 +1.3890e+00 -8.9195e-01 +1.6075e+00 +1.1629e+00 +6.1956e-01
% f evaluations | g evaluations | best noise-free fitness - Fopt (-3.085000000000e+01) + sum g_i+ | measured fitness | best measured fitness or single-digit g-values | x1 | x2...
1 0 +7.972531536e+01 +4.887531536e+01 +4.887531536e+01 +5.9671e-01 -3.8264e-02 +7.4769e-01 +1.6230e+00 -1.3415e-01
5 0 +5.811570186e+01 +2.726570186e+01 +2.726570186e+01 +1.5656e+00 -1.2578e-01 +1.6753e-01 -1.3247e+00 -4.4438e-01
6 0 +5.148285355e+01 +2.063285355e+01 +2.063285355e+01 +2.1092e-01 -1.0510e+00 +4.7570e-01 -5.0064e-01 -1.9169e-01
36 0 +4.918951901e+01 +1.833951901e+01 +1.833951901e+01 +5.7569e-01 +5.9186e-01 +1.7682e-01 +5.8452e-02 -5.5284e-01
47 0 +3.476514927e+01 +3.915149270e+00 +3.915149270e+00 +1.6941e+00 +3.6600e-01 +3.8359e-02 -2.0518e+00 +1.1034e+00
56 0 +2.867576184e+01 -2.174238156e+00 -2.174238156e+00 +6.3998e-01 +1.1419e+00 -5.9648e-01 -1.0868e+00 +1.4080e+00
129 0 +1.410746983e+01 -1.674253017e+01 -1.674253017e+01 +7.5106e-01 +4.3584e-01 -8.3020e-01 -1.4089e+00 +5.6246e-01
% f evaluations | g evaluations | best noise-free fitness - Fopt (-9.200000000000e+00) + sum g_i+ | measured fitness | best measured fitness or single-digit g-values | x1 | x2...
1 0 +9.317254260e+01 +8.397254260e+01 +8.397254260e+01 +5.9671e-01 -3.8264e-02 +7.4769e-01 +1.6230e+00 -1.3415e-01
2 0 +7.081811700e+01 +6.161811700e+01 +6.161811700e+01 -1.3414e-01 +1.6792e+00 +8.6743e-01 -3.6947e-01 +6.4256e-01
7 0 +3.578238731e+01 +2.658238731e+01 +2.658238731e+01 -5.0171e-01 +1.9523e+00 +8.6503e-02 -9.5771e-01 +9.2254e-01
51 0 +3.456581772e+01 +2.536581772e+01 +2.536581772e+01 +7.5399e-02 +6.8063e-01 +2.0661e+00 -1.1353e+00 +3.2511e-01
105 0 +3.301875702e+01 +2.381875702e+01 +2.381875702e+01 -9.2208e-01 +1.1197e+00 +7.2566e-01 +8.9234e-01 +2.3788e-01
171 0 +3.171747316e+01 +2.251747316e+01 +2.251747316e+01 -2.9239e+00 +4.2830e-01 +1.5289e+00 -1.1617e+00 +2.5989e+00
179 0 +3.034553929e+01 +2.114553929e+01 +2.114553929e+01 -1.4723e+00 +5.9401e-01 +6.8891e-01 -7.1376e-01 +1.9627e+00
215 0 +2.891350160e+01 +1.971350160e+01 +1.971350160e+01 -1.5452e+00 +9.0947e-01 +6.2231e-01 -2.7063e-01 +1.1036e+00
259 0 +2.000918200e+01 +1.080918200e+01 +1.080918200e+01 -2.0656e+00 +2.0588e+00 +9.8651e-01 -1.4917e+00 +2.5254e+00
517 0 +1.605578413e+01 +6.855784125e+00 +6.855784125e+00 -2.1187e+00 +1.1289e+00 +8.5807e-01 -3.7607e-01 +1.6128e+00
858 0 +1.484976912e+01 +5.649769116e+00 +5.649769116e+00 -1.1013e+00 +1.7501e+00 +1.2442e+00 -7.6993e-01 +1.6781e+00
967 0 +1.066403873e+01 +1.464038732e+00 +1.464038732e+00 -1.3049e+00 +1.8450e+00 +1.4756e+00 -6.5771e-01 +1.7886e+00
% f evaluations | g evaluations | best noise-free fitness - Fopt (-2.037600000000e+02) + sum g_i+ | measured fitness | best measured fitness or single-digit g-values | x1 | x2...
1 0 +1.310506073e+02 -7.270939270e+01 -7.270939270e+01 +5.9671e-01 -3.8264e-02 +7.4769e-01 +1.6230e+00 -1.3415e-01
2 0 +5.961339241e+01 -1.441466076e+02 -1.441466076e+02 -1.3414e-01 +1.6792e+00 +8.6743e-01 -3.6947e-01 +6.4256e-01
4 0 +5.452788536e+01 -1.492321146e+02 -1.492321146e+02 -4.6229e-01 -9.1283e-01 +4.1425e-01 -8.0802e-01 -1.3123e+00
25 0 +2.271632233e+01 -1.810436777e+02 -1.810436777e+02 +8.9103e-01 -8.0939e-01 +1.5028e+00 -1.3019e+00 +6.8686e-01
112 0 +2.017230596e+01 -1.835876940e+02 -1.835876940e+02 +2.6107e-01 -4.4211e-01 -6.7244e-01 +1.8015e+00 -9.3089e-01
1067 0 +1.974667769e+01 -1.840133223e+02 -1.840133223e+02 +2.2457e+00 +9.9275e-01 +2.2711e+00 -1.7939e+00 +1.3025e+00
1087 0 +1.663359220e+01 -1.871264078e+02 -1.871264078e+02 +2.1168e+00 +6.4027e-01 +1.8430e+00 -2.0921e+00 +8.8015e-01
% f evaluations | g evaluations | best noise-free fitness - Fopt (3.399000000000e+01) + sum g_i+ | measured fitness | best measured fitness or single-digit g-values | x1 | x2...
1 0 +9.615526314e+01 +1.301452631e+02 +1.301452631e+02 +5.9671e-01 -3.8264e-02 +7.4769e-01 +1.6230e+00 -1.3415e-01
2 0 +5.149938605e+01 +8.548938605e+01 +8.548938605e+01 -1.3414e-01 +1.6792e+00 +8.6743e-01 -3.6947e-01 +6.4256e-01
20 0 +5.114827739e+01 +8.513827739e+01 +8.513827739e+01 -1.3635e+00 +3.9612e-01 +3.6106e-01 +1.0511e-01 -1.3459e-01
23 0 +4.926158838e+01 +8.325158838e+01 +8.325158838e+01 -1.8188e+00 +7.3486e-02 +1.6023e-01 +2.5632e+00 -9.2361e-02
65 0 +3.920665073e+01 +7.319665073e+01 +7.319665073e+01 -1.4332e+00 -1.2234e+00 -1.1338e+00 -7.7052e-02 +3.3991e-02
132 0 +3.596258683e+01 +6.995258683e+01 +6.995258683e+01 -2.2543e+00 -3.9968e-01 -2.8195e+00 +1.0847e+00 +2.9830e-02
161 0 +2.721452107e+01 +6.120452107e+01 +6.120452107e+01 -2.8834e+00 -4.0170e-01 -1.7939e+00 +1.6525e+00 +1.2928e+00
199 0 +2.606157498e+01 +6.005157498e+01 +6.005157498e+01 -1.2676e+00 -1.5217e+00 -1.6076e+00 +9.0234e-01 +5.1251e-01
265 0 +2.078078285e+01 +5.477078285e+01 +5.477078285e+01 -2.7188e+00 -1.4986e+00 -1.0607e+00 +1.4922e+00 +9.9527e-01
381 0 +2.070233826e+01 +5.469233826e+01 +5.469233826e+01 -1.4753e+00 -2.1943e+00 -5.3763e-01 +2.2738e+00 +1.1601e+00
723 0 +1.964664499e+01 +5.363664499e+01 +5.363664499e+01 -1.8202e+00 -9.8002e-01 -1.8337e+00 +2.0273e+00 +9.4429e-01
771 0 +1.535482349e+01 +4.934482349e+01 +4.934482349e+01 -1.7726e+00 -1.4824e+00 -8.8385e-01 +1.6645e+00 +1.3603e+00
1127 0 +1.502302408e+01 +4.901302408e+01 +4.901302408e+01 -1.5228e+00 -1.8759e+00 -1.7587e+00 +1.8666e+00 +1.0996e+00
% f evaluations | g evaluations | best noise-free fitness - Fopt (-1.000000000000e+03) + sum g_i+ | measured fitness | best measured fitness or single-digit g-values | x1 | x2...
1 0 +7.723021528e+01 -9.227697847e+02 -9.227697847e+02 +5.9671e-01 -3.8264e-02 +7.4769e-01 +1.6230e+00 -1.3415e-01
5 0 +5.429640645e+01 -9.457035935e+02 -9.457035935e+02 +1.5656e+00 -1.2578e-01 +1.6753e-01 -1.3247e+00 -4.4438e-01
8 0 +4.738080749e+01 -9.526191925e+02 -9.526191925e+02 -1.1208e+00 +3.0886e-01 -1.8597e+00 -1.2282e+00 +2.9686e-01
16 0 +3.852408119e+01 -9.614759188e+02 -9.614759188e+02 +9.2190e-01 +1.8705e-01 -1.9901e-01 +1.9176e-01 -1.8876e+00
102 0 +3.269976472e+01 -9.673002353e+02 -9.673002353e+02 +3.8234e-02 +1.2921e+00 +5.3360e-01 +5.7670e-01 -1.1088e+00
155 0 +3.212423620e+01 -9.678757638e+02 -9.678757638e+02 -1.3553e-01 +2.0609e+00 +6.8452e-01 -1.2871e-01 -1.3006e+00
173 0 +2.330779369e+01 -9.766922063e+02 -9.766922063e+02 +2.1141e+00 +4.0770e+00 +1.9858e+00 +1.9297e+00 -2.1883e+00
358 0 +2.037758339e+01 -9.796224166e+02 -9.796224166e+02 +1.2542e+00 +1.9653e+00 +1.3408e+00 +1.9917e+00 -1.1195e+00
453 0 +1.878126735e+01 -9.812187327e+02 -9.812187327e+02 +4.6622e-01 +1.4557e+00 +1.4320e+00 +1.5006e+00 -1.7284e+00
1151 0 +1.546342411e+01 -9.845365759e+02 -9.845365759e+02 +5.8181e-01 +1.4090e+00 +2.5396e+00 +2.7185e+00 -1.1688e+00
