% f evaluations | g evaluations | best noise-free fitness - Fopt (-5.235000000000e+01) + sum g_i+ | measured fitness | best measured fitness or single-digit g-values | x1 | x2...
1 0 +8.573881695e+01 +3.338881695e+01 +3.338881695e+01 +5.9671e-01 -3.8264e-02 +7.4769e-01 +1.6230e+00 -1.3415e-01
2 0 +7.039536500e+01 +1.804536500e+01 +1.804536500e+01 -1.3414e-01 +1.6792e+00 +8.6743e-01 -3.6947e-01 +6.4256e-01
3 0 +9.862298760e+00 -4.248770124e+01 -4.248770124e+01 -3.6342e-01 -3.6573e-01 +3.4196e-01 -1.8133e+00 -1.6249e+00
26 0 +5.893708381e+00 -4.645629162e+01 -4.645629162e+01 -1.7652e+00 -2.5115e+00 +3.7215e-01 -2.1044e+00 -3.7111e+00
29 0 +2.734347479e+00 -4.961565252e+01 -4.961565252e+01 -8.9207e-01 -4.8828e-01 +7.1273e-01 -2.6910e+00 -1.5876e+00
46 0 +1.411241745e+00 -5.093875825e+01 -5.093875825e+01 -5.6628e-01 -1.7275e+00 +2.0506e+00 -8.9830e-01 -1.3035e+00
141 0 +1.240120403e+00 -5.110987960e+01 -5.110987960e+01 -1.1434e+00 -1.5862e+00 +2.0873e+00 -1.0544e+00 -1.0361e+00
157 0 +4.974391656e-01 -5.185256083e+01 -5.185256083e+01 -4.4140e-01 -1.6263e+00 +2.8059e+00 -2.1510e+00 -1.7791e+00
227 0 +4.908904892e-01 -5.185910951e+01 -5.185910951e+01 -9.9924e-01 -1.6696e+00 +2.7995e+00 -1.8902e+00 -2.0710e+00
243 0 +4.094273732e-01 -5.194057263e+01 -5.194057263e+01 -8.6582e-01 -1.3740e+00 +1.8642e+00 -2.2390e+00 -9.4867e-01
260 0 +2.414764553e-01 -5.210852354e+01 -5.210852354e+01 -7.7316e-01 -1.2559e+00 +3.1161e+00 -2.1307e+00 -1.3479e+00
300 0 +2.366153329e-01 -5.211338467e+01 -5.211338467e+01 -5.8413e-01 -1.2471e+00 +2.7062e+00 -2.5856e+00 -1.8883e+00
301 0 +1.279423003e-01 -5.222205770e+01 -5.222205770e+01 -9.1808e-01 -1.3139e+00 +2.2192e+00 -2.4272e+00 -1.4961e+00
378 0 +1.093200780e-01 -5.224067992e+01 -5.224067992e+01 -7.1432e-01 -1.2523e+00 +2.5112e+00 -1.9164e+00 -1.5309e+00
388 0 +9.609359972e-02 -5.225390640e+01 -5.225390640e+01 -8.4950e-01 -1.3813e+00 +2.7476e+00 -2.0934e+00 -1.6780e+00
394 0 +9.272482241e-02 -5.225727518e+01 -5.225727518e+01 -6.7313e-01 -1.0398e+00 +2.5139e+00 -2.3681e+00 -1.5608e+00
405 0 +3.042177083e-02 -5.231957823e+01 -5.231957823e+01 -8.1457e-01 -1.2747e+00 +2.6630e+00 -2.1667e+00 -1.4444e+00
537 0 +1.633096185e-02 -5.233366904e+01 -5.233366904e+01 -9.7337e-01 -1.3353e+00 +2.6582e+00 -2.4314e+00 -1.5742e+00
571 0 +1.569319204e-02 -5.233430681e+01 -5.233430681e+01 -8.6427e-01 -1.2367e+00 +2.4746e+00 -2.3247e+00 -1.5748e+00
651 0 +1.399957914e-02 -5.233600042e+01 -5.233600042e+01 -8.3050e-01 -1.2646e+00 +2.6094e+00 -2.2221e+00 -1.5484e+00
671 0 +1.398761625e-02 -5.233601238e+01 -5.233601238e+01 -9.4524e-01 -1.2984e+00 +2.5108e+00 -2.4159e+00 -1.4804e+00
676 0 +5.167340290e-03 -5.234483266e+01 -5.234483266e+01 -8.6817e-01 -1.2301e+00 +2.4741e+00 -2.3179e+00 -1.4678e+00
716 0 +5.132495787e-03 -5.234486750e+01 -5.234486750e+01 -8.6347e-01 -1.2207e+00 +2.5050e+00 -2.3988e+00 -1.4883e+00
845 0 +4.473264457e-03 -5.234552674e+01 -5.234552674e+01 -8.6400e-01 -1.2189e+00 +2.5029e+00 -2.3806e+00 -1.5455e+00
872 0 +3.215444782e-03 -5.234678456e+01 -5.234678456e+01 -8.1685e-01 -1.2118e+00 +2.5319e+00 -2.2870e+00 -1.5080e+00
882 0 +3.009955845e-03 -5.234699004e+01 -5.234699004e+01 -9.0474e-01 -1.2544e+00 +2.5203e+00 -2.4505e+00 -1.5200e+00
885 0 +2.111957772e-03 -5.234788804e+01 -5.234788804e+01 -8.4330e-01 -1.2269e+00 +2.5311e+00 -2.3221e+00 -1.5046e+00
899 0 +1.836016339e-03 -5.234816398e+01 -5.234816398e+01 -8.4817e-01 -1.2164e+00 +2.4983e+00 -2.3455e+00 -1.5369e+00
929 0 +1.827973291e-03 -5.234817203e+01 -5.234817203e+01 -8.2546e-01 -1.2092e+00 +2.5141e+00 -2.2788e+00 -1.5416e+00
967 0 +1.377995501e-03 -5.234862200e+01 -5.234862200e+01 -8.4935e-01 -1.2267e+00 +2.5367e+00 -2.3469e+00 -1.5447e+00
971 0 +5.654592420e-04 -5.234943454e+01 -5.234943454e+01 -8.3488e-01 -1.2132e+00 +2.5121e+00 -2.3066e+00 -1.5297e+00
996 0 +5.127836433e-04 -5.234948722e+01 -5.234948722e+01 -8.6285e-01 -1.2257e+00 +2.5026e+00 -2.3620e+00 -1.5062e+00
1034 0 +4.570518958e-04 -5.234954295e+01 -5.234954295e+01 -8.5397e-01 -1.2117e+00 +2.4762e+00 -2.3469e+00 -1.4943e+00
1053 0 +2.265909315e-04 -5.234977341e+01 -5.234977341e+01 -8.5013e-01 -1.2190e+00 +2.5043e+00 -2.3362e+00 -1.5163e+00
1082 0 +2.036612357e-04 -5.234979634e+01 -5.234979634e+01 -8.6505e-01 -1.2301e+00 +2.5106e+00 -2.3568e+00 -1.5215e+00
1101 0 +1.722694215e-04 -5.234982773e+01 -5.234982773e+01 -8.6711e-01 -1.2341e+00 +2.5179e+00 -2.3562e+00 -1.5227e+00
1134 0 +1.067337440e-04 -5.234989327e+01 -5.234989327e+01 -8.5280e-01 -1.2305e+00 +2.5306e+00 -2.3306e+00 -1.5280e+00
1177 0 +7.401991380e-05 -5.234992598e+01 -5.234992598e+01 -8.6694e-01 -1.2305e+00 +2.5074e+00 -2.3578e+00 -1.5096e+00
1234 0 +5.628327056e-05 -5.234994372e+01 -5.234994372e+01 -8.6801e-01 -1.2340e+00 +2.5163e+00 -2.3591e+00 -1.5099e+00
% f evaluations | g evaluations | best noise-free fitness - Fopt (-1.795400000000e+02) + sum g_i+ | measured fitness | best measured fitness or single-digit g-values | x1 | x2...
1 0 +1.728725235e+01 -1.622527477e+02 -1.622527477e+02 +5.9671e-01 -3.8264e-02 +7.4769e-01 +1.6230e+00 -1.3415e-01
22 0 +1.702440765e+01 -1.625155923e+02 -1.625155923e+02 +5.0405e-01 +1.9862e+00 +2.7458e-01 +3.5755e-01 +2.5554e-02
23 0 +1.510000685e+01 -1.644399931e+02 -1.644399931e+02 -1.8188e+00 +7.3486e-02 +1.6023e-01 +2.5632e+00 -9.2361e-02
24 0 +1.287642982e+01 -1.666635702e+02 -1.666635702e+02 +4.0155e-01 +6.5288e-02 -1.0687e+00 +1.2428e+00 +8.5193e-01
26 0 +9.161057033e+00 -1.703789430e+02 -1.703789430e+02 +5.5918e-01 +9.7169e-01 +4.0356e-01 +2.1392e+00 +1.3630e+00
28 0 +7.055679117e+00 -1.724843209e+02 -1.724843209e+02 +3.0309e-01 +1.2732e+00 -1.5210e-01 +2.7617e+00 +2.1785e+00
63 0 +3.537083400e+00 -1.760029166e+02 -1.760029166e+02 +1.5371e+00 +1.4462e+00 -2.1690e+00 +1.3532e+00 +2.0924e+00
74 0 +3.033505860e+00 -1.765064941e+02 -1.765064941e+02 -6.9201e-01 +1.7333e+00 -2.7239e+00 +2.6361e+00 +3.7984e+00
78 0 +2.919648017e+00 -1.766203520e+02 -1.766203520e+02 +1.6396e+00 +1.8040e+00 -2.9108e+00 +3.0390e+00 +4.3154e+00
79 0 +2.358083121e+00 -1.771819169e+02 -1.771819169e+02 +1.4459e+00 +8.0994e-01 -2.4310e+00 +3.8694e+00 +3.1335e+00
94 0 +1.626522860e+00 -1.779134771e+02 -1.779134771e+02 +1.0001e+00 +1.2654e+00 -4.6274e+00 +1.7464e+00 +3.1580e+00
176 0 +1.118125202e+00 -1.784218748e+02 -1.784218748e+02 +8.9820e-01 -6.2612e-01 -3.1064e+00 +1.8970e+00 +4.3137e+00
237 0 +9.383579791e-01 -1.786016420e+02 -1.786016420e+02 +1.4894e+00 +9.4651e-01 -3.9494e+00 +2.6704e+00 +3.2187e+00
240 0 +6.536086473e-01 -1.788863914e+02 -1.788863914e+02 +4.5063e-01 +9.4850e-01 -2.9755e+00 +3.1575e+00 +3.8317e+00
255 0 +4.898824149e-01 -1.790501176e+02 -1.790501176e+02 +6.8935e-01 +1.2385e+00 -3.7114e+00 +2.2478e+00 +3.7968e+00
275 0 +3.850590923e-01 -1.791549409e+02 -1.791549409e+02 +7.1045e-01 +9.6504e-01 -3.2961e+00 +2.8726e+00 +4.1750e+00
310 0 +3.238864843e-01 -1.792161135e+02 -1.792161135e+02 +7.9955e-01 +3.8550e-01 -3.8652e+00 +2.3958e+00 +4.0213e+00
320 0 +1.997631658e-01 -1.793402368e+02 -1.793402368e+02 +6.8160e-01 +8.1909e-01 -3.7040e+00 +2.2217e+00 +3.9396e+00
360 0 +1.687354965e-01 -1.793712645e+02 -1.793712645e+02 +1.0142e+00 +9.6666e-01 -3.3016e+00 +2.4778e+00 +3.9096e+00
374 0 +8.826157268e-02 -1.794517384e+02 -1.794517384e+02 +5.1622e-01 +5.6658e-01 -3.4657e+00 +2.4178e+00 +3.8241e+00
457 0 +6.723301490e-02 -1.794727670e+02 -1.794727670e+02 +5.2197e-01 +6.1953e-01 -3.4294e+00 +2.4466e+00 +4.0134e+00
472 0 +5.858456093e-02 -1.794814154e+02 -1.794814154e+02 +6.6287e-01 +2.2955e-01 -3.5122e+00 +2.2552e+00 +3.7916e+00
477 0 +1.822862316e-02 -1.795217714e+02 -1.795217714e+02 +9.6672e-01 +4.2406e-01 -3.4391e+00 +2.3465e+00 +3.7430e+00
529 0 +1.562445216e-02 -1.795243755e+02 -1.795243755e+02 +8.4570e-01 +5.3651e-01 -3.3832e+00 +2.5049e+00 +3.8262e+00
588 0 +1.405905302e-02 -1.795259409e+02 -1.795259409e+02 +8.3420e-01 +3.4089e-01 -3.4392e+00 +2.3179e+00 +3.7493e+00
624 0 +1.049846383e-02 -1.795295015e+02 -1.795295015e+02 +8.0831e-01 +4.4229e-01 -3.4273e+00 +2.4170e+00 +3.8154e+00
639 0 +9.769004198e-03 -1.795302310e+02 -1.795302310e+02 +8.5858e-01 +4.1911e-01 -3.4428e+00 +2.3580e+00 +3.7923e+00
652 0 +5.912337390e-03 -1.795340877e+02 -1.795340877e+02 +8.6984e-01 +4.5125e-01 -3.4338e+00 +2.3710e+00 +3.7792e+00
679 0 +5.068097529e-03 -1.795349319e+02 -1.795349319e+02 +7.8512e-01 +5.4647e-01 -3.4342e+00 +2.3669e+00 +3.8476e+00
714 0 +3.523085568e-03 -1.795364769e+02 -1.795364769e+02 +8.5185e-01 +4.6395e-01 -3.4425e+00 +2.3584e+00 +3.8048e+00
732 0 +2.825490305e-03 -1.795371745e+02 -1.795371745e+02 +8.3094e-01 +4.3315e-01 -3.4323e+00 +2.3371e+00 +3.7721e+00
741 0 +1.596428184e-03 -1.795384036e+02 -1.795384036e+02 +8.3683e-01 +4.6021e-01 -3.4436e+00 +2.3191e+00 +3.7902e+00
762 0 +1.076928845e-03 -1.795389231e+02 -1.795389231e+02 +8.1292e-01 +5.1603e-01 -3.4348e+00 +2.4382e+00 +3.8456e+00
816 0 +5.000494284e-04 -1.795395000e+02 -1.795395000e+02 +7.8795e-01 +4.7740e-01 -3.4494e+00 +2.3469e+00 +3.8200e+00
838 0 +3.855271782e-04 -1.795396145e+02 -1.795396145e+02 +7.7073e-01 +4.9998e-01 -3.4533e+00 +2.3600e+00 +3.8419e+00
979 0 +3.200400839e-04 -1.795396800e+02 -1.795396800e+02 +7.8615e-01 +4.7582e-01 -3.4488e+00 +2.3659e+00 +3.8251e+00
981 0 +2.905828848e-04 -1.795397094e+02 -1.795397094e+02 +7.8655e-01 +4.7665e-01 -3.4504e+00 +2.3551e+00 +3.8240e+00
990 0 +1.681623723e-04 -1.795398318e+02 -1.795398318e+02 +7.8453e-01 +4.8980e-01 -3.4491e+00 +2.3530e+00 +3.8283e+00
1015 0 +1.286969235e-04 -1.795398713e+02 -1.795398713e+02 +8.0338e-01 +4.9022e-01 -3.4459e+00 +2.3724e+00 +3.8278e+00
1065 0 +5.979791217e-05 -1.795399402e+02 -1.795399402e+02 +8.0030e-01 +4.8822e-01 -3.4466e+00 +2.3776e+00 +3.8297e+00
1113 0 +4.944149401e-05 -1.795399506e+02 -1.795399506e+02 +7.9310e-01 +4.9196e-01 -3.4478e+00 +2.3713e+00 +3.8319e+00
1120 0 +4.891894679e-05 -1.795399511e+02 -1.795399511e+02 +8.0687e-01 +4.9414e-01 -3.4472e+00 +2.3773e+00 +3.8316e+00
1196 0 +3.606696316e-05 -1.795399639e+02 -1.795399639e+02 +7.9612e-01 +5.1430e-01 -3.4489e+00 +2.3934e+00 +3.8490e+00
% f evaluations | g evaluations | best noise-free fitness - Fopt (7.731000000000e+01) + sum g_i+ | measured fitness | best measured fitness or single-digit g-values | x1 | x2...
1 0 +1.401331818e+01 +9.132331818e+01 +9.132331818e+01 +5.9671e-01 -3.8264e-02 +7.4769e-01 +1.6230e+00 -1.3415e-01
2 0 +8.914043025e+00 +8.622404302e+01 +8.622404302e+01 -1.3414e-01 +1.6792e+00 +8.6743e-01 -3.6947e-01 +6.4256e-01
5 0 +8.304442480e+00 +8.561444248e+01 +8.561444248e+01 +1.5656e+00 -1.2578e-01 +1.6753e-01 -1.3247e+00 -4.4438e-01
7 0 +6.427803988e+00 +8.373780399e+01 +8.373780399e+01 -5.0171e-01 +1.9523e+00 +8.6503e-02 -9.5771e-01 +9.2254e-01
8 0 +2.591273114e+00 +7.990127311e+01 +7.990127311e+01 -1.1208e+00 +3.0886e-01 -1.8597e+00 -1.2282e+00 +2.9686e-01
13 0 +2.105129821e+00 +7.941512982e+01 +7.941512982e+01 -3.7917e-01 -8.5659e-02 -1.0063e+00 -1.0962e+00 +9.1253e-01
38 0 +1.746184644e+00 +7.905618464e+01 +7.905618464e+01 -2.2394e-01 -1.0320e-01 -9.4029e-01 -1.4670e+00 +9.9895e-01
53 0 +1.518794287e+00 +7.882879429e+01 +7.882879429e+01 +5.3923e-01 +2.4031e-01 -2.7593e+00 -8.3199e-01 +2.6625e-01
66 0 +1.168341353e+00 +7.847834135e+01 +7.847834135e+01 +3.8712e-01 -1.3052e+00 -1.2583e+00 -1.6577e+00 +1.3930e+00
89 0 +8.944789973e-01 +7.820447900e+01 +7.820447900e+01 +8.0214e-01 -1.0216e+00 -1.8601e+00 -1.4287e+00 +1.9464e+00
176 0 +6.139832002e-01 +7.792398320e+01 +7.792398320e+01 +9.4928e-01 -1.6474e+00 -1.9008e+00 -1.9825e+00 +1.0327e+00
178 0 +5.955157605e-01 +7.790551576e+01 +7.790551576e+01 +4.2147e-01 -1.4904e+00 -1.9370e+00 -2.1970e+00 +1.2465e+00
179 0 +4.983323567e-01 +7.780833236e+01 +7.780833236e+01 +1.4783e+00 -3.1453e-01 -1.5491e+00 -1.6819e+00 +1.2095e+00
186 0 +3.487578393e-01 +7.765875784e+01 +7.765875784e+01 +1.0764e+00 -7.8135e-01 -1.7372e+00 -1.8262e+00 +5.4022e-01
187 0 +1.454291924e-01 +7.745542919e+01 +7.745542919e+01 +8.0675e-01 -7.7578e-01 -2.0060e+00 -1.7178e+00 +1.2173e+00
328 0 +1.421845138e-01 +7.745218451e+01 +7.745218451e+01 +9.3282e-01 -4.6933e-01 -1.8854e+00 -1.6689e+00 +9.7140e-01
361 0 +9.349082516e-02 +7.740349083e+01 +7.740349083e+01 +8.5177e-01 -4.8063e-01 -2.3686e+00 -1.7629e+00 +1.1595e+00
397 0 +7.658685939e-02 +7.738658686e+01 +7.738658686e+01 +1.1132e+00 -5.5809e-01 -2.0293e+00 -1.7996e+00 +9.9664e-01
402 0 +7.548081218e-02 +7.738548081e+01 +7.738548081e+01 +9.3923e-01 -6.0252e-01 -2.1309e+00 -2.1182e+00 +9.3067e-01
418 0 +6.555164139e-02 +7.737555164e+01 +7.737555164e+01 +9.7304e-01 -3.3833e-01 -2.4166e+00 -1.7824e+00 +1.0053e+00
428 0 +2.660407531e-02 +7.733660408e+01 +7.733660408e+01 +8.6478e-01 -6.0218e-01 -2.0135e+00 -1.8735e+00 +9.9013e-01
480 0 +2.172050908e-02 +7.733172051e+01 +7.733172051e+01 +8.0505e-01 -6.3092e-01 -2.1789e+00 -1.8175e+00 +1.0491e+00
524 0 +1.832252685e-02 +7.732832253e+01 +7.732832253e+01 +9.6233e-01 -5.2687e-01 -2.1186e+00 -1.8114e+00 +9.9187e-01
539 0 +1.715216698e-02 +7.732715217e+01 +7.732715217e+01 +8.6486e-01 -4.9406e-01 -2.0406e+00 -1.9655e+00 +1.0097e+00
543 0 +1.198599754e-02 +7.732198600e+01 +7.732198600e+01 +1.0141e+00 -5.5250e-01 -2.0665e+00 -1.9164e+00 +9.3930e-01
547 0 +1.054462149e-02 +7.732054462e+01 +7.732054462e+01 +9.4208e-01 -5.6756e-01 -2.2169e+00 -1.9137e+00 +9.8045e-01
549 0 +9.127373084e-03 +7.731912737e+01 +7.731912737e+01 +8.7230e-01 -4.6476e-01 -2.2247e+00 -1.9640e+00 +1.0123e+00
608 0 +8.270813884e-03 +7.731827081e+01 +7.731827081e+01 +9.4091e-01 -6.5008e-01 -2.1567e+00 -1.8559e+00 +9.8482e-01
613 0 +5.083799862e-03 +7.731508380e+01 +7.731508380e+01 +9.4681e-01 -5.4393e-01 -2.2153e+00 -1.8921e+00 +9.8041e-01
652 0 +4.573947541e-03 +7.731457395e+01 +7.731457395e+01 +8.1601e-01 -6.3853e-01 -2.2056e+00 -1.8834e+00 +1.0392e+00
668 0 +2.173147180e-03 +7.731217315e+01 +7.731217315e+01 +8.9193e-01 -5.4805e-01 -2.2177e+00 -1.8996e+00 +1.0055e+00
695 0 +2.017397951e-03 +7.731201740e+01 +7.731201740e+01 +8.6781e-01 -6.1593e-01 -2.1501e+00 -1.9120e+00 +1.0068e+00
755 0 +1.125379438e-03 +7.731112538e+01 +7.731112538e+01 +8.9498e-01 -6.0266e-01 -2.1578e+00 -1.8918e+00 +9.9995e-01
817 0 +1.094338994e-03 +7.731109434e+01 +7.731109434e+01 +8.8701e-01 -6.0727e-01 -2.2171e+00 -1.8593e+00 +1.0161e+00
830 0 +7.734884538e-04 +7.731077349e+01 +7.731077349e+01 +8.9212e-01 -6.2749e-01 -2.1403e+00 -1.8573e+00 +1.0089e+00
932 0 +6.297867046e-04 +7.731062979e+01 +7.731062979e+01 +8.8910e-01 -6.1302e-01 -2.1768e+00 -1.8635e+00 +1.0120e+00
961 0 +3.929214988e-04 +7.731039292e+01 +7.731039292e+01 +8.8146e-01 -6.0626e-01 -2.1715e+00 -1.8764e+00 +1.0121e+00
966 0 +3.499074237e-04 +7.731034991e+01 +7.731034991e+01 +8.7488e-01 -6.3842e-01 -2.1362e+00 -1.8752e+00 +1.0106e+00
986 0 +1.988257303e-04 +7.731019883e+01 +7.731019883e+01 +8.9116e-01 -6.1258e-01 -2.1706e+00 -1.8662e+00 +1.0096e+00
1035 0 +1.226393203e-04 +7.731012264e+01 +7.731012264e+01 +9.0230e-01 -5.9981e-01 -2.1529e+00 -1.8793e+00 +1.0013e+00
1042 0 +9.256966847e-05 +7.731009257e+01 +7.731009257e+01 +8.9307e-01 -5.8857e-01 -2.1651e+00 -1.8890e+00 +1.0044e+00
1120 0 +7.701915621e-05 +7.731007702e+01 +7.731007702e+01 +8.9281e-01 -6.0435e-01 -2.1554e+00 -1.8830e+00 +1.0043e+00
1142 0 +6.819203857e-05 +7.731006819e+01 +7.731006819e+01 +8.9253e-01 -5.9601e-01 -2.1639e+00 -1.8845e+00 +1.0051e+00
1156 0 +2.438558674e-05 +7.731002439e+01 +7.731002439e+01 +8.8787e-01 -6.1346e-01 -2.1372e+00 -1.8848e+00 +1.0046e+00
% f evaluations | g evaluations | best noise-free fitness - Fopt (3.992000000000e+01) + sum g_i+ | measured fitness | best measured fitness or single-digit g-values | x1 | x2...
1 0 +6.809865145e+00 +4.672986515e+01 +4.672986515e+01 +5.9671e-01 -3.8264e-02 +7.4769e-01 +1.6230e+00 -1.3415e-01
2 0 +6.257295728e+00 +4.617729573e+01 +4.617729573e+01 -1.3414e-01 +1.6792e+00 +8.6743e-01 -3.6947e-01 +6.4256e-01
3 0 +4.819167854e+00 +4.473916785e+01 +4.473916785e+01 -3.6342e-01 -3.6573e-01 +3.4196e-01 -1.8133e+00 -1.6249e+00
5 0 +3.783022034e+00 +4.370302203e+01 +4.370302203e+01 +1.5656e+00 -1.2578e-01 +1.6753e-01 -1.3247e+00 -4.4438e-01
35 0 +3.702363918e+00 +4.362236392e+01 +4.362236392e+01 +1.4473e+00 -1.9215e-01 -3.0358e-02 -2.2056e+00 -1.4446e+00
41 0 +2.207748646e+00 +4.212774865e+01 +4.212774865e+01 +2.5551e+00 +2.2074e-01 +1.5089e+00 -1.4799e+00 -1.5212e+00
59 0 +1.730438078e+00 +4.165043808e+01 +4.165043808e+01 +2.3127e+00 -1.1390e+00 +1.7469e+00 -2.1976e+00 -2.7196e+00
154 0 +1.277714206e+00 +4.119771421e+01 +4.119771421e+01 +3.4248e+00 -1.6795e+00 +1.3863e+00 -2.5990e+00 -2.4677e+00
159 0 +1.123105509e+00 +4.104310551e+01 +4.104310551e+01 +3.3934e+00 -1.3184e+00 +2.4838e+00 -1.3794e+00 -1.6415e+00
192 0 +4.243984372e-01 +4.034439844e+01 +4.034439844e+01 +3.8365e+00 -1.4367e+00 +2.1128e+00 -1.9749e+00 -1.6567e+00
206 0 +2.880478945e-01 +4.020804789e+01 +4.020804789e+01 +3.4344e+00 -1.1660e+00 +2.8302e+00 -2.1500e+00 -2.2089e+00
226 0 +2.732833648e-01 +4.019328336e+01 +4.019328336e+01 +3.6544e+00 -9.2970e-01 +2.2245e+00 -2.4606e+00 -2.4899e+00
339 0 +2.449401002e-01 +4.016494010e+01 +4.016494010e+01 +3.7717e+00 -1.2026e+00 +2.6679e+00 -2.7578e+00 -2.0957e+00
357 0 +1.381553897e-01 +4.005815539e+01 +4.005815539e+01 +4.1883e+00 -8.0742e-01 +2.4418e+00 -2.3375e+00 -1.9105e+00
370 0 +1.276306791e-01 +4.004763068e+01 +4.004763068e+01 +3.9496e+00 -9.3561e-01 +2.2918e+00 -2.5035e+00 -2.0073e+00
409 0 +8.594855642e-02 +4.000594856e+01 +4.000594856e+01 +4.1889e+00 -9.8428e-01 +2.2582e+00 -2.3475e+00 -1.6878e+00
414 0 +5.473784882e-02 +3.997473785e+01 +3.997473785e+01 +3.9716e+00 -1.0042e+00 +2.5666e+00 -2.2925e+00 -2.0262e+00
484 0 +5.399461207e-02 +3.997399461e+01 +3.997399461e+01 +3.9522e+00 -9.8228e-01 +2.4968e+00 -2.3943e+00 -1.8058e+00
489 0 +1.396432423e-02 +3.993396432e+01 +3.993396432e+01 +3.8687e+00 -1.0889e+00 +2.3992e+00 -2.2348e+00 -2.1960e+00
626 0 +7.121431802e-03 +3.992712143e+01 +3.992712143e+01 +3.9585e+00 -1.0154e+00 +2.4213e+00 -2.2741e+00 -2.0260e+00
679 0 +6.111516150e-03 +3.992611152e+01 +3.992611152e+01 +3.8893e+00 -1.1002e+00 +2.3879e+00 -2.2373e+00 -2.1963e+00
691 0 +5.977325208e-03 +3.992597733e+01 +3.992597733e+01 +3.9096e+00 -1.0751e+00 +2.4299e+00 -2.2757e+00 -2.1132e+00
716 0 +4.223708335e-03 +3.992422371e+01 +3.992422371e+01 +3.9244e+00 -1.1130e+00 +2.4318e+00 -2.3271e+00 -1.9865e+00
814 0 +3.829556611e-03 +3.992382956e+01 +3.992382956e+01 +3.9300e+00 -1.0872e+00 +2.3665e+00 -2.2817e+00 -2.0843e+00
832 0 +3.251107068e-03 +3.992325111e+01 +3.992325111e+01 +3.9574e+00 -1.0831e+00 +2.3390e+00 -2.2745e+00 -2.0568e+00
857 0 +8.404634781e-04 +3.992084046e+01 +3.992084046e+01 +3.9827e+00 -1.0859e+00 +2.3281e+00 -2.3042e+00 -1.9991e+00
971 0 +8.299311662e-04 +3.992082993e+01 +3.992082993e+01 +3.9885e+00 -1.0724e+00 +2.3614e+00 -2.3090e+00 -1.9609e+00
1026 0 +7.497851847e-04 +3.992074979e+01 +3.992074979e+01 +3.9823e+00 -1.0767e+00 +2.3568e+00 -2.3060e+00 -1.9791e+00
1036 0 +6.841423178e-04 +3.992068414e+01 +3.992068414e+01 +3.9809e+00 -1.0762e+00 +2.3683e+00 -2.3177e+00 -1.9636e+00
1040 0 +5.565259488e-04 +3.992055653e+01 +3.992055653e+01 +3.9651e+00 -1.0840e+00 +2.3614e+00 -2.3073e+00 -2.0071e+00
1048 0 +5.260910347e-04 +3.992052609e+01 +3.992052609e+01 +3.9654e+00 -1.0823e+00 +2.3777e+00 -2.3024e+00 -1.9945e+00
1050 0 +4.437788492e-04 +3.992044378e+01 +3.992044378e+01 +3.9688e+00 -1.0837e+00 +2.3810e+00 -2.3201e+00 -1.9708e+00
1100 0 +4.158394723e-04 +3.992041584e+01 +3.992041584e+01 +3.9853e+00 -1.0751e+00 +2.3331e+00 -2.2940e+00 -2.0015e+00
1123 0 +1.677104788e-04 +3.992016771e+01 +3.992016771e+01 +3.9709e+00 -1.0672e+00 +2.3581e+00 -2.2942e+00 -2.0184e+00
% f evaluations | g evaluations | best noise-free fitness - Fopt (-5.661000000000e+01) + sum g_i+ | measured fitness | best measured fitness or single-digit g-values | x1 | x2...
1 0 +2.419317543e+01 -3.241682457e+01 -3.241682457e+01 +5.9671e-01 -3.8264e-02 +7.4769e-01 +1.6230e+00 -1.3415e-01
3 0 +1.632183632e+01 -4.028816368e+01 -4.028816368e+01 -3.6342e-01 -3.6573e-01 +3.4196e-01 -1.8133e+00 -1.6249e+00
14 0 +1.443108532e+01 -4.217891468e+01 -4.217891468e+01 +1.4562e+00 +2.7990e-02 +1.1035e+00 +4.6164e-01 -5.4512e-01
27 0 +1.196366313e+01 -4.464633687e+01 -4.464633687e+01 +1.3209e+00 +3.7003e-01 +7.0105e-01 -1.6185e+00 -1.3095e+00
28 0 +7.490869302e+00 -4.911913070e+01 -4.911913070e+01 +2.6896e+00 +2.0938e+00 +5.4362e-01 -1.3370e+00 -1.6745e+00
57 0 +7.249522583e+00 -4.936047742e+01 -4.936047742e+01 +2.6887e+00 -7.3190e-02 +3.0538e+00 -1.2336e+00 -3.8831e+00
59 0 +7.077429678e+00 -4.953257032e+01 -4.953257032e+01 +4.1542e-01 -1.7125e+00 +3.2202e+00 -4.1778e+00 -3.3126e+00
77 0 +4.149019710e+00 -5.246098029e+01 -5.246098029e+01 +3.0951e+00 +3.7851e+00 +3.8767e+00 -2.1207e+00 -4.6609e+00
89 0 +1.471175962e+00 -5.513882404e+01 -5.513882404e+01 +1.9374e+00 +1.6110e+00 +3.7330e+00 -3.9765e+00 -3.1821e+00
210 0 +8.251500932e-01 -5.578484991e+01 -5.578484991e+01 +1.1523e+00 +3.3307e+00 +3.1130e+00 -3.7428e+00 -2.7895e+00
301 0 +6.079101583e-01 -5.600208984e+01 -5.600208984e+01 +9.9772e-01 +2.9085e+00 +3.3411e+00 -3.3033e+00 -3.1439e+00
304 0 +3.992372642e-01 -5.621076274e+01 -5.621076274e+01 +1.7344e+00 +2.4141e+00 +3.6714e+00 -3.1304e+00 -2.6931e+00
330 0 +3.313355938e-01 -5.627866441e+01 -5.627866441e+01 +2.0354e+00 +2.9821e+00 +3.2781e+00 -3.2291e+00 -2.6402e+00
358 0 +2.319722309e-01 -5.637802777e+01 -5.637802777e+01 +2.1190e+00 +2.8714e+00 +3.0640e+00 -2.9909e+00 -3.0831e+00
373 0 +1.801640811e-01 -5.642983592e+01 -5.642983592e+01 +2.0117e+00 +2.8988e+00 +3.3848e+00 -3.1999e+00 -2.8940e+00
387 0 +1.451627043e-01 -5.646483730e+01 -5.646483730e+01 +2.2735e+00 +2.8135e+00 +3.0560e+00 -3.6291e+00 -2.8493e+00
414 0 +1.042483914e-01 -5.650575161e+01 -5.650575161e+01 +1.6983e+00 +2.9089e+00 +3.3641e+00 -3.4278e+00 -2.7046e+00
433 0 +8.075568366e-02 -5.652924432e+01 -5.652924432e+01 +1.7404e+00 +2.9732e+00 +3.3544e+00 -3.3643e+00 -2.8330e+00
434 0 +7.996582660e-02 -5.653003417e+01 -5.653003417e+01 +1.7678e+00 +2.8023e+00 +3.2077e+00 -3.3027e+00 -2.9257e+00
489 0 +7.428704923e-02 -5.653571295e+01 -5.653571295e+01 +2.1812e+00 +2.8256e+00 +2.9120e+00 -3.2814e+00 -3.1383e+00
503 0 +2.072943758e-02 -5.658927056e+01 -5.658927056e+01 +1.8734e+00 +2.9223e+00 +3.2809e+00 -3.2930e+00 -3.0519e+00
640 0 +8.836159579e-03 -5.660116384e+01 -5.660116384e+01 +1.8823e+00 +2.9284e+00 +3.2032e+00 -3.2395e+00 -3.0846e+00
703 0 +6.672087065e-03 -5.660332791e+01 -5.660332791e+01 +1.9774e+00 +2.9542e+00 +3.1949e+00 -3.2321e+00 -3.1944e+00
710 0 +5.361412467e-03 -5.660463859e+01 -5.660463859e+01 +1.8494e+00 +2.9483e+00 +3.1745e+00 -3.2032e+00 -3.0905e+00
751 0 +2.805470735e-03 -5.660719453e+01 -5.660719453e+01 +1.9193e+00 +2.9421e+00 +3.2089e+00 -3.2148e+00 -3.1441e+00
755 0 +2.275962956e-03 -5.660772404e+01 -5.660772404e+01 +1.9220e+00 +2.9559e+00 +3.2097e+00 -3.2310e+00 -3.1400e+00
786 0 +1.392406929e-03 -5.660860759e+01 -5.660860759e+01 +1.9086e+00 +2.9080e+00 +3.2108e+00 -3.2634e+00 -3.0486e+00
867 0 +9.341666840e-04 -5.660906583e+01 -5.660906583e+01 +1.9488e+00 +2.9236e+00 +3.2441e+00 -3.2829e+00 -3.0905e+00
876 0 +9.141999679e-04 -5.660908580e+01 -5.660908580e+01 +1.8901e+00 +2.9122e+00 +3.2262e+00 -3.2437e+00 -3.0596e+00
888 0 +4.051481544e-04 -5.660959485e+01 -5.660959485e+01 +1.9591e+00 +2.9062e+00 +3.2304e+00 -3.2923e+00 -3.0714e+00
939 0 +2.854914770e-04 -5.660971451e+01 -5.660971451e+01 +1.9231e+00 +2.9244e+00 +3.2266e+00 -3.2533e+00 -3.0940e+00
941 0 +2.399267392e-04 -5.660976007e+01 -5.660976007e+01 +1.9265e+00 +2.9184e+00 +3.2385e+00 -3.2652e+00 -3.0818e+00
997 0 +2.098732752e-04 -5.660979013e+01 -5.660979013e+01 +1.9207e+00 +2.9144e+00 +3.2444e+00 -3.2686e+00 -3.0699e+00
1032 0 +1.456711680e-04 -5.660985433e+01 -5.660985433e+01 +1.9198e+00 +2.9243e+00 +3.2214e+00 -3.2546e+00 -3.0878e+00
1066 0 +9.818113982e-05 -5.660990182e+01 -5.660990182e+01 +1.9315e+00 +2.9204e+00 +3.2178e+00 -3.2637e+00 -3.0854e+00
1122 0 +5.501465408e-05 -5.660994499e+01 -5.660994499e+01 +1.9327e+00 +2.9237e+00 +3.2129e+00 -3.2634e+00 -3.0885e+00
1205 0 +4.304209814e-05 -5.660995696e+01 -5.660995696e+01 +1.9318e+00 +2.9189e+00 +3.2216e+00 -3.2684e+00 -3.0800e+00
1230 0 +2.249650745e-05 -5.660997750e+01 -5.660997750e+01 +1.9341e+00 +2.9186e+00 +3.2200e+00 -3.2707e+00 -3.0790e+00
% f evaluations | g evaluations | best noise-free fitness - Fopt (3.270000000000e+01) + sum g_i+ | measured fitness | best measured fitness or single-digit g-values | x1 | x2...
1 0 +4.738185807e+00 +3.743818581e+01 +3.743818581e+01 +5.9671e-01 -3.8264e-02 +7.4769e-01 +1.6230e+00 -1.3415e-01
6 0 +4.184781633e+00 +3.688478163e+01 +3.688478163e+01 +2.1092e-01 -1.0510e+00 +4.7570e-01 -5.0064e-01 -1.9169e-01
10 0 +4.114533253e+00 +3.681453325e+01 +3.681453325e+01 -6.1984e-01 -3.6064e-01 +1.1571e+00 +4.4362e-01 -1.6630e+00
20 0 +3.167832081e+00 +3.586783208e+01 +3.586783208e+01 -1.3635e+00 +3.9612e-01 +3.6106e-01 +1.0511e-01 -1.3459e-01
21 0 +2.979073793e+00 +3.567907379e+01 +3.567907379e+01 -1.3154e+00 -3.2065e-01 -2.4271e-01 -7.0228e-01 -6.1286e-02
30 0 +2.269610474e+00 +3.496961047e+01 +3.496961047e+01 -2.1266e+00 +3.6672e-01 +1.3811e-01 +4.8430e-01 -3.7445e-02
37 0 +8.978094158e-01 +3.359780942e+01 +3.359780942e+01 -1.4876e+00 -1.1720e+00 +1.8534e-01 +4.6187e-01 -1.9992e-01
103 0 +7.867147475e-01 +3.348671475e+01 +3.348671475e+01 -2.2012e+00 -8.1515e-01 +3.8513e-01 +1.4170e+00 +5.7939e-01
129 0 +6.401943788e-01 +3.334019438e+01 +3.334019438e+01 -1.6861e+00 -1.6670e+00 +1.1172e+00 +1.4193e+00 -1.8447e-01
184 0 +6.116443044e-01 +3.331164430e+01 +3.331164430e+01 -1.6554e+00 -1.3477e+00 +8.5156e-01 +1.3405e+00 -5.2968e-01
201 0 +5.340645528e-01 +3.323406455e+01 +3.323406455e+01 -1.8863e+00 -1.9900e+00 +4.7407e-01 +6.2150e-01 +3.6933e-01
202 0 +3.079066176e-01 +3.300790662e+01 +3.300790662e+01 -1.9190e+00 -1.3296e+00 +4.0545e-01 +1.0540e+00 +2.3189e-01
211 0 +2.158420680e-01 +3.291584207e+01 +3.291584207e+01 -1.9834e+00 -1.2844e+00 -2.9887e-02 +1.3478e+00 -2.8156e-01
231 0 +1.514001464e-01 +3.285140015e+01 +3.285140015e+01 -2.1942e+00 -1.4000e+00 +3.1136e-01 +1.6535e+00 +4.2050e-02
234 0 +1.347574014e-01 +3.283475740e+01 +3.283475740e+01 -2.0827e+00 -1.6475e+00 +9.3517e-02 +1.4285e+00 -4.5551e-01
235 0 +7.471777057e-02 +3.277471777e+01 +3.277471777e+01 -1.9504e+00 -1.4120e+00 +2.6215e-01 +1.6197e+00 +4.7660e-02
393 0 +3.484248316e-02 +3.273484248e+01 +3.273484248e+01 -1.9916e+00 -1.6282e+00 +2.1541e-01 +1.1081e+00 -1.3513e-01
484 0 +2.492913010e-02 +3.272492913e+01 +3.272492913e+01 -2.1018e+00 -1.7129e+00 +1.6998e-01 +1.2404e+00 -1.5803e-01
531 0 +2.317615218e-02 +3.272317615e+01 +3.272317615e+01 -1.9795e+00 -1.5818e+00 +3.1970e-01 +1.2579e+00 -7.8280e-02
559 0 +8.433006454e-03 +3.270843301e+01 +3.270843301e+01 -2.0173e+00 -1.6622e+00 +2.5342e-01 +1.1916e+00 -6.0557e-02
658 0 +7.303375370e-03 +3.270730338e+01 +3.270730338e+01 -2.0743e+00 -1.5975e+00 +3.6165e-01 +1.2589e+00 -1.1842e-01
717 0 +2.119792445e-03 +3.270211979e+01 +3.270211979e+01 -2.0470e+00 -1.5998e+00 +3.0532e-01 +1.2920e+00 -8.6442e-02
791 0 +1.585841844e-03 +3.270158584e+01 +3.270158584e+01 -2.0510e+00 -1.6107e+00 +2.8833e-01 +1.2817e+00 -9.6010e-02
839 0 +1.218806227e-03 +3.270121881e+01 +3.270121881e+01 -2.1033e+00 -1.6476e+00 +2.7254e-01 +1.2176e+00 -2.1347e-01
866 0 +1.015392151e-03 +3.270101539e+01 +3.270101539e+01 -2.0755e+00 -1.6436e+00 +2.8642e-01 +1.2118e+00 -1.5970e-01
922 0 +3.237876084e-04 +3.270032379e+01 +3.270032379e+01 -2.0669e+00 -1.6301e+00 +2.7696e-01 +1.2426e+00 -1.4396e-01
929 0 +1.740210796e-04 +3.270017402e+01 +3.270017402e+01 -2.0785e+00 -1.5983e+00 +2.7385e-01 +1.2999e+00 -1.6833e-01
934 0 +1.031351447e-04 +3.270010314e+01 +3.270010314e+01 -2.0778e+00 -1.6088e+00 +2.8383e-01 +1.2831e+00 -1.5695e-01
983 0 +2.135958633e-05 +3.270002136e+01 +3.270002136e+01 -2.0733e+00 -1.6114e+00 +2.7244e-01 +1.2783e+00 -1.5797e-01
1144 0 +1.871361911e-05 +3.270001871e+01 +3.270001871e+01 -2.0803e+00 -1.6108e+00 +2.7413e-01 +1.2799e+00 -1.6975e-01
1173 0 +1.802709487e-05 +3.270001803e+01 +3.270001803e+01 -2.0799e+00 -1.6132e+00 +2.7262e-01 +1.2755e+00 -1.7020e-01
% f evaluations | g evaluations | best noise-free fitness - Fopt (-3.943000000000e+01) + sum g_i+ | measured fitness | best measured fitness or single-digit g-values | x1 | x2...
1 0 +2.093839249e+01 -1.849160751e+01 -1.849160751e+01 +5.9671e-01 -3.8264e-02 +7.4769e-01 +1.6230e+00 -1.3415e-01
9 0 +1.821593618e+01 -2.121406382e+01 -2.121406382e+01 +8.3847e-01 +2.7137e-01 -1.5648e-02 -2.0110e-01 -1.3785e+00
14 0 +1.049200278e+01 -2.893799722e+01 -2.893799722e+01 +1.4562e+00 +2.7990e-02 +1.1035e+00 +4.6164e-01 -5.4512e-01
26 0 +6.024570086e+00 -3.340542991e+01 -3.340542991e+01 +1.7096e+00 +3.3757e+00 +2.8209e+00 +3.2772e-01 -7.2672e-01
39 0 +5.728668520e+00 -3.370133148e+01 -3.370133148e+01 +3.1015e+00 +3.8643e-01 +1.9195e+00 +1.0744e+00 +1.5693e-01
51 0 +1.119971312e+00 -3.831002869e+01 -3.831002869e+01 +2.8300e+00 +4.0122e+00 +2.5264e+00 +1.5410e+00 +5.9768e-01
103 0 +6.653848125e-01 -3.876461519e+01 -3.876461519e+01 +3.5710e+00 +4.0688e+00 +2.8501e+00 +1.4733e+00 +3.8456e-01
232 0 +5.384895508e-01 -3.889151045e+01 -3.889151045e+01 +4.1980e+00 +3.9040e+00 +3.0266e+00 +9.6543e-01 +8.9289e-01
236 0 +4.750032420e-01 -3.895499676e+01 -3.895499676e+01 +4.2783e+00 +3.0466e+00 +3.3569e+00 +1.7629e+00 +1.3238e+00
238 0 +2.662665903e-01 -3.916373341e+01 -3.916373341e+01 +4.3772e+00 +3.3243e+00 +2.9159e+00 +1.3840e+00 +1.3587e+00
267 0 +1.418169060e-01 -3.928818309e+01 -3.928818309e+01 +3.6155e+00 +3.3210e+00 +2.6417e+00 +1.5557e+00 +1.5019e+00
320 0 +9.453718052e-02 -3.933546282e+01 -3.933546282e+01 +3.7935e+00 +3.3988e+00 +2.7655e+00 +1.3328e+00 +1.3562e+00
379 0 +4.102005257e-02 -3.938897995e+01 -3.938897995e+01 +3.7875e+00 +3.3299e+00 +2.8873e+00 +1.6033e+00 +9.9963e-01
492 0 +3.750905009e-02 -3.939249095e+01 -3.939249095e+01 +3.6343e+00 +3.3156e+00 +2.7453e+00 +1.4992e+00 +1.2575e+00
504 0 +2.615587922e-02 -3.940384412e+01 -3.940384412e+01 +3.8239e+00 +3.2090e+00 +2.8216e+00 +1.4426e+00 +1.2402e+00
509 0 +2.530362266e-02 -3.940469638e+01 -3.940469638e+01 +3.6209e+00 +3.3754e+00 +2.9152e+00 +1.4431e+00 +9.7223e-01
513 0 +2.418754192e-02 -3.940581246e+01 -3.940581246e+01 +3.8220e+00 +3.4246e+00 +2.9326e+00 +1.5310e+00 +1.1179e+00
528 0 +2.070559361e-02 -3.940929441e+01 -3.940929441e+01 +3.8481e+00 +3.2164e+00 +2.9734e+00 +1.2710e+00 +1.2066e+00
580 0 +1.704761374e-02 -3.941295239e+01 -3.941295239e+01 +3.8974e+00 +3.2518e+00 +2.9098e+00 +1.4255e+00 +1.2595e+00
595 0 +1.332923426e-02 -3.941667077e+01 -3.941667077e+01 +3.6655e+00 +3.2987e+00 +2.8491e+00 +1.4121e+00 +1.1162e+00
629 0 +1.056920766e-02 -3.941943079e+01 -3.941943079e+01 +3.8297e+00 +3.2505e+00 +2.8927e+00 +1.3647e+00 +1.2348e+00
636 0 +8.768590789e-03 -3.942123141e+01 -3.942123141e+01 +3.8507e+00 +3.2948e+00 +2.9737e+00 +1.3865e+00 +1.1343e+00
648 0 +7.176482479e-03 -3.942282352e+01 -3.942282352e+01 +3.7401e+00 +3.3220e+00 +2.8555e+00 +1.4555e+00 +1.1431e+00
693 0 +2.675751928e-03 -3.942732425e+01 -3.942732425e+01 +3.7432e+00 +3.3016e+00 +2.8604e+00 +1.4266e+00 +1.1738e+00
699 0 +2.222875362e-03 -3.942777712e+01 -3.942777712e+01 +3.8127e+00 +3.3227e+00 +2.9126e+00 +1.4523e+00 +1.1414e+00
772 0 +1.826568358e-03 -3.942817343e+01 -3.942817343e+01 +3.7794e+00 +3.3438e+00 +2.8986e+00 +1.4447e+00 +1.1370e+00
813 0 +1.780394988e-03 -3.942821961e+01 -3.942821961e+01 +3.7918e+00 +3.3785e+00 +2.9497e+00 +1.4213e+00 +1.1010e+00
863 0 +1.573452482e-03 -3.942842655e+01 -3.942842655e+01 +3.8091e+00 +3.3429e+00 +2.9462e+00 +1.4075e+00 +1.1250e+00
883 0 +1.035753992e-03 -3.942896425e+01 -3.942896425e+01 +3.8094e+00 +3.3404e+00 +2.9170e+00 +1.4384e+00 +1.1469e+00
884 0 +8.302128017e-04 -3.942916979e+01 -3.942916979e+01 +3.8063e+00 +3.3267e+00 +2.9121e+00 +1.4347e+00 +1.1510e+00
885 0 +7.569020055e-04 -3.942924310e+01 -3.942924310e+01 +3.8050e+00 +3.3726e+00 +2.9478e+00 +1.4602e+00 +1.0838e+00
939 0 +5.280914280e-04 -3.942947191e+01 -3.942947191e+01 +3.7868e+00 +3.3525e+00 +2.9089e+00 +1.4495e+00 +1.1289e+00
970 0 +3.160511983e-04 -3.942968395e+01 -3.942968395e+01 +3.7969e+00 +3.3601e+00 +2.9292e+00 +1.4474e+00 +1.1121e+00
1017 0 +1.989471458e-04 -3.942980105e+01 -3.942980105e+01 +3.7886e+00 +3.3533e+00 +2.9154e+00 +1.4480e+00 +1.1234e+00
1047 0 +1.613150726e-04 -3.942983868e+01 -3.942983868e+01 +3.7839e+00 +3.3584e+00 +2.9204e+00 +1.4478e+00 +1.1126e+00
1161 0 +1.536370995e-04 -3.942984636e+01 -3.942984636e+01 +3.7859e+00 +3.3936e+00 +2.9414e+00 +1.4708e+00 +1.0697e+00
1179 0 +6.330651388e-05 -3.942993669e+01 -3.942993669e+01 +3.7734e+00 +3.3685e+00 +2.9160e+00 +1.4597e+00 +1.1015e+00
1243 0 +1.839062581e-05 -3.942998161e+01 -3.942998161e+01 +3.7595e+00 +3.3688e+00 +2.9060e+00 +1.4586e+00 +1.1041e+00
% f evaluations | g evaluations | best noise-free fitness - Fopt (4.197200000000e+02) + sum g_i+ | measured fitness | best measured fitness or single-digit g-values | x1 | x2...
1 0 +4.830635205e+01 +4.680263520e+02 +4.680263520e+02 +5.9671e-01 -3.8264e-02 +7.4769e-01 +1.6230e+00 -1.3415e-01
11 0 +3.359690083e+01 +4.533169008e+02 +4.533169008e+02 +4.2408e-01 -2.8508e-01 -5.7692e-01 +7.1168e-01 +1.1310e+00
23 0 +2.445796969e+01 +4.441779697e+02 +4.441779697e+02 -1.8188e+00 +7.3486e-02 +1.6023e-01 +2.5632e+00 -9.2361e-02
30 0 +4.860109543e+00 +4.245801095e+02 +4.245801095e+02 -2.1017e-01 +2.0934e+00 +4.0823e-01 +2.1934e+00 +2.3109e+00
68 0 +2.204407490e+00 +4.219244075e+02 +4.219244075e+02 -1.9162e+00 +1.8383e+00 -4.1003e-02 +3.8866e+00 +2.1104e+00
156 0 +1.378738263e+00 +4.210987383e+02 +4.210987383e+02 +3.1715e-01 +2.9713e+00 -1.3096e+00 +3.3987e+00 +3.1717e+00
210 0 +1.185872438e+00 +4.209058724e+02 +4.209058724e+02 -9.5971e-01 +3.6809e+00 -2.1919e+00 +3.7016e+00 +3.5993e+00
233 0 +4.783760939e-01 +4.201983761e+02 +4.201983761e+02 -1.0061e+00 +2.8709e+00 -7.1132e-01 +3.8537e+00 +3.3272e+00
290 0 +4.211182652e-01 +4.201411183e+02 +4.201411183e+02 -8.8302e-01 +2.4821e+00 -1.0502e+00 +3.6580e+00 +2.4224e+00
347 0 +3.679251973e-01 +4.200879252e+02 +4.200879252e+02 -1.1935e+00 +2.8756e+00 -1.7454e+00 +3.7968e+00 +2.9065e+00
353 0 +1.381804068e-01 +4.198581804e+02 +4.198581804e+02 -1.3664e+00 +2.9891e+00 -1.2245e+00 +3.5016e+00 +3.5280e+00
393 0 +1.135508887e-01 +4.198335509e+02 +4.198335509e+02 -1.2495e+00 +2.6723e+00 -1.1073e+00 +3.6285e+00 +3.3001e+00
477 0 +2.783109158e-02 +4.197478311e+02 +4.197478311e+02 -1.1113e+00 +2.7747e+00 -1.3146e+00 +3.5436e+00 +3.0832e+00
520 0 +2.469024634e-02 +4.197446902e+02 +4.197446902e+02 -1.0926e+00 +2.5518e+00 -1.2809e+00 +3.6425e+00 +3.1858e+00
578 0 +1.206739696e-02 +4.197320674e+02 +4.197320674e+02 -1.1209e+00 +2.7421e+00 -1.3596e+00 +3.6873e+00 +3.1782e+00
663 0 +1.073963666e-02 +4.197307396e+02 +4.197307396e+02 -1.2146e+00 +2.7883e+00 -1.3179e+00 +3.4029e+00 +3.1150e+00
681 0 +7.575355724e-03 +4.197275754e+02 +4.197275754e+02 -1.2157e+00 +2.7690e+00 -1.2860e+00 +3.4572e+00 +3.1861e+00
725 0 +5.127384139e-03 +4.197251274e+02 +4.197251274e+02 -1.2038e+00 +2.8091e+00 -1.3101e+00 +3.4574e+00 +3.1384e+00
745 0 +5.107630793e-03 +4.197251076e+02 +4.197251076e+02 -1.1843e+00 +2.7932e+00 -1.3272e+00 +3.5147e+00 +3.1403e+00
747 0 +4.254674692e-03 +4.197242547e+02 +4.197242547e+02 -1.1906e+00 +2.8219e+00 -1.3190e+00 +3.5510e+00 +3.1800e+00
752 0 +3.073731344e-03 +4.197230737e+02 +4.197230737e+02 -1.1853e+00 +2.7893e+00 -1.3136e+00 +3.5014e+00 +3.1310e+00
753 0 +1.629140605e-03 +4.197216291e+02 +4.197216291e+02 -1.1765e+00 +2.7791e+00 -1.3148e+00 +3.5235e+00 +3.1406e+00
795 0 +1.290437396e-04 +4.197201290e+02 +4.197201290e+02 -1.1639e+00 +2.7569e+00 -1.3096e+00 +3.6167e+00 +3.2073e+00
1036 0 +1.168993822e-04 +4.197201169e+02 +4.197201169e+02 -1.1537e+00 +2.7397e+00 -1.3146e+00 +3.6384e+00 +3.2171e+00
1041 0 +9.911697418e-06 +4.197200099e+02 +4.197200099e+02 -1.1656e+00 +2.7608e+00 -1.3112e+00 +3.6146e+00 +3.2074e+00
% f evaluations | g evaluations | best noise-free fitness - Fopt (7.640000000000e+00) + sum g_i+ | measured fitness | best measured fitness or single-digit g-values | x1 | x2...
1 0 +1.810879184e+01 +2.574879184e+01 +2.574879184e+01 +5.9671e-01 -3.8264e-02 +7.4769e-01 +1.6230e+00 -1.3415e-01
2 0 +1.593987314e+01 +2.357987314e+01 +2.357987314e+01 -1.3414e-01 +1.6792e+00 +8.6743e-01 -3.6947e-01 +6.4256e-01
22 0 +1.565379303e+01 +2.329379303e+01 +2.329379303e+01 +5.0405e-01 +1.9862e+00 +2.7458e-01 +3.5755e-01 +2.5554e-02
27 0 +1.525056178e+01 +2.289056178e+01 +2.289056178e+01 -2.0369e-01 +1.4652e+00 +1.3455e+00 -3.8311e-01 +5.2971e-01
28 0 +1.370793618e+01 +2.134793618e+01 +2.134793618e+01 +8.0115e-01 +2.5224e-01 +1.1469e+00 +1.1272e-01 +8.1941e-01
30 0 +1.296699910e+01 +2.060699910e+01 +2.060699910e+01 +1.1978e+00 +1.4822e+00 +7.8303e-01 -5.7743e-02 +2.2180e-01
33 0 +1.263460727e+01 +2.027460727e+01 +2.027460727e+01 +1.4561e+00 +1.8686e+00 +1.3754e+00 -1.5867e-01 -4.7065e-01
41 0 +1.259498167e+01 +2.023498167e+01 +2.023498167e+01 +1.7182e+00 +2.6111e+00 +5.2610e-02 +1.5695e+00 -8.5323e-01
44 0 +1.257180650e+01 +2.021180650e+01 +2.021180650e+01 +1.2323e+00 +1.7258e+00 +1.9651e-01 +6.7372e-02 +1.2493e+00
45 0 +1.224311160e+01 +1.988311160e+01 +1.988311160e+01 +1.7234e+00 +1.4084e+00 +1.9567e+00 -5.3814e-01 +3.0275e-01
46 0 +1.187939459e+01 +1.951939459e+01 +1.951939459e+01 +1.2518e+00 +1.7782e+00 +1.3878e+00 -2.7133e-01 +5.6024e-01
51 0 +5.918655321e+00 +1.355865532e+01 +1.355865532e+01 +3.0448e+00 +4.2920e+00 +1.0456e+00 +1.9867e+00 +1.5496e-02
52 0 +5.629792696e+00 +1.326979270e+01 +1.326979270e+01 +1.5158e+00 +3.3086e+00 +2.1899e+00 +2.5547e+00 +2.6400e-01
76 0 +4.960689869e+00 +1.260068987e+01 +1.260068987e+01 +4.2891e+00 +1.4518e+00 +3.0041e+00 +1.9475e+00 +3.5620e+00
80 0 +4.804495127e+00 +1.244449513e+01 +1.244449513e+01 +2.8117e+00 +2.4824e+00 +4.5311e-01 +2.8669e+00 +2.0108e+00
105 0 +3.887035400e+00 +1.152703540e+01 +1.152703540e+01 +2.0236e+00 +2.6921e+00 +1.4023e+00 +2.7242e+00 +1.8837e+00
142 0 +2.424075598e+00 +1.006407560e+01 +1.006407560e+01 +2.5743e+00 +1.9607e+00 +1.3856e+00 +2.9276e+00 +3.2690e+00
147 0 +1.186320415e+00 +8.826320415e+00 +8.826320415e+00 +2.4585e+00 +2.4821e+00 +3.0848e+00 +4.7240e+00 +2.4374e+00
153 0 +1.113386577e+00 +8.753386577e+00 +8.753386577e+00 +4.2700e+00 +3.5767e+00 +3.1097e+00 +4.4240e+00 +2.5447e+00
180 0 +8.548688855e-01 +8.494868886e+00 +8.494868886e+00 +3.9450e+00 +3.0469e+00 +3.3674e+00 +3.8535e+00 +2.0368e+00
267 0 +7.421068769e-01 +8.382106877e+00 +8.382106877e+00 +3.2414e+00 +1.8864e+00 +2.2638e+00 +3.9958e+00 +3.2553e+00
307 0 +7.095397422e-01 +8.349539742e+00 +8.349539742e+00 +3.4555e+00 +3.0173e+00 +3.3077e+00 +4.7548e+00 +2.9075e+00
318 0 +3.619787726e-01 +8.001978773e+00 +8.001978773e+00 +3.7889e+00 +3.0285e+00 +2.4095e+00 +3.6086e+00 +3.0007e+00
357 0 +2.123084791e-01 +7.852308479e+00 +7.852308479e+00 +3.7329e+00 +2.9647e+00 +3.0169e+00 +3.8883e+00 +2.8270e+00
375 0 +2.024637075e-01 +7.842463707e+00 +7.842463707e+00 +3.9941e+00 +2.7733e+00 +2.6790e+00 +3.8064e+00 +3.0563e+00
441 0 +1.349569521e-01 +7.774956952e+00 +7.774956952e+00 +3.3478e+00 +2.8640e+00 +2.7071e+00 +4.1343e+00 +3.0009e+00
460 0 +9.670466932e-02 +7.736704669e+00 +7.736704669e+00 +3.5436e+00 +2.8494e+00 +2.9470e+00 +4.1235e+00 +2.7958e+00
515 0 +7.013689510e-02 +7.710136895e+00 +7.710136895e+00 +3.3164e+00 +2.5438e+00 +2.6878e+00 +4.1083e+00 +2.6228e+00
559 0 +3.695957478e-02 +7.676959575e+00 +7.676959575e+00 +3.3593e+00 +2.7095e+00 +2.6590e+00 +4.0534e+00 +2.7868e+00
649 0 +3.353985367e-02 +7.673539854e+00 +7.673539854e+00 +3.3941e+00 +2.7381e+00 +2.6853e+00 +3.9558e+00 +2.7616e+00
667 0 +3.253989223e-02 +7.672539892e+00 +7.672539892e+00 +3.5443e+00 +2.5109e+00 +2.8044e+00 +3.9489e+00 +2.7852e+00
668 0 +2.599700000e-02 +7.665997000e+00 +7.665997000e+00 +3.4217e+00 +2.6617e+00 +2.7480e+00 +4.0662e+00 +2.7687e+00
703 0 +9.764426778e-03 +7.649764427e+00 +7.649764427e+00 +3.5530e+00 +2.7669e+00 +2.6936e+00 +3.8865e+00 +2.9288e+00
750 0 +7.043787098e-03 +7.647043787e+00 +7.647043787e+00 +3.5125e+00 +2.7106e+00 +2.7506e+00 +3.9216e+00 +2.8400e+00
779 0 +4.832563420e-03 +7.644832563e+00 +7.644832563e+00 +3.5562e+00 +2.5352e+00 +2.7309e+00 +3.8760e+00 +2.7906e+00
794 0 +3.052512578e-03 +7.643052513e+00 +7.643052513e+00 +3.5215e+00 +2.6040e+00 +2.7771e+00 +3.9009e+00 +2.7835e+00
845 0 +2.963358723e-03 +7.642963359e+00 +7.642963359e+00 +3.5592e+00 +2.5825e+00 +2.7264e+00 +3.8956e+00 +2.8186e+00
888 0 +4.094879004e-04 +7.640409488e+00 +7.640409488e+00 +3.5366e+00 +2.6127e+00 +2.7423e+00 +3.9035e+00 +2.8143e+00
1050 0 +3.667180845e-04 +7.640366718e+00 +7.640366718e+00 +3.5536e+00 +2.6266e+00 +2.7295e+00 +3.8866e+00 +2.8411e+00
1061 0 +3.518349939e-04 +7.640351835e+00 +7.640351835e+00 +3.5499e+00 +2.6418e+00 +2.7530e+00 +3.8938e+00 +2.8365e+00
1148 0 +3.169886945e-04 +7.640316989e+00 +7.640316989e+00 +3.5286e+00 +2.6438e+00 +2.7677e+00 +3.9124e+00 +2.8150e+00
1163 0 +2.161667384e-04 +7.640216167e+00 +7.640216167e+00 +3.5346e+00 +2.6496e+00 +2.7557e+00 +3.9040e+00 +2.8286e+00
1166 0 +1.912226263e-04 +7.640191223e+00 +7.640191223e+00 +3.5367e+00 +2.6360e+00 +2.7575e+00 +3.9030e+00 +2.8211e+00
1183 0 +1.810789837e-04 +7.640181079e+00 +7.640181079e+00 +3.5186e+00 +2.6619e+00 +2.7557e+00 +3.9175e+00 +2.8240e+00
1198 0 +1.303326292e-04 +7.640130333e+00 +7.640130333e+00 +3.5360e+00 +2.6393e+00 +2.7595e+00 +3.9050e+00 +2.8219e+00
% f evaluations | g evaluations | best noise-free fitness - Fopt (-1.276800000000e+02) + sum g_i+ | measured fitness | best measured fitness or single-digit g-values | x1 | x2...
1 0 +7.496789357e+01 -5.271210643e+01 -5.271210643e+01 +5.9671e-01 -3.8264e-02 +7.4769e-01 +1.6230e+00 -1.3415e-01
2 0 +1.435804214e+01 -1.133219579e+02 -1.133219579e+02 -1.3414e-01 +1.6792e+00 +8.6743e-01 -3.6947e-01 +6.4256e-01
22 0 +1.285868250e+01 -1.148213175e+02 -1.148213175e+02 +5.0405e-01 +1.9862e+00 +2.7458e-01 +3.5755e-01 +2.5554e-02
26 0 +1.143960116e+01 -1.162403988e+02 -1.162403988e+02 +8.6984e-01 +1.9094e+00 +1.0349e-01 -1.3020e+00 +5.4140e-01
29 0 +9.461656005e+00 -1.182183440e+02 -1.182183440e+02 +8.6127e-01 +1.5571e+00 +1.5820e+00 -3.4937e-01 +1.4564e-01
32 0 +8.354199356e+00 -1.193258006e+02 -1.193258006e+02 +1.6032e+00 +2.5661e+00 +1.7827e+00 -2.0809e+00 -5.1953e-01
34 0 +6.884083961e+00 -1.207959160e+02 -1.207959160e+02 +2.5168e-01 +2.6552e+00 +6.6242e-01 -1.7428e+00 -1.6959e-01
47 0 +2.960668432e+00 -1.247193316e+02 -1.247193316e+02 -3.7086e-02 +2.9963e+00 +1.4495e+00 -5.0875e-01 -2.6818e+00
55 0 +2.240626874e+00 -1.254393731e+02 -1.254393731e+02 +1.0519e+00 +3.7805e+00 +1.8974e+00 -1.8342e-01 -1.4248e+00
108 0 +1.568652931e+00 -1.261113471e+02 -1.261113471e+02 +1.9983e+00 +2.7652e+00 +3.0201e+00 +3.8813e-01 -3.7967e+00
142 0 +1.260284540e+00 -1.264197155e+02 -1.264197155e+02 +2.0758e+00 +2.4912e+00 +2.1994e+00 -2.5771e-01 -2.6981e+00
159 0 +1.211526692e+00 -1.264684733e+02 -1.264684733e+02 +1.6457e+00 +3.3332e+00 +2.4097e+00 -5.8627e-01 -2.7336e+00
196 0 +3.071716022e-01 -1.273728284e+02 -1.273728284e+02 +1.7005e+00 +3.5017e+00 +2.5691e+00 +8.0620e-01 -3.1063e+00
253 0 +2.968798594e-01 -1.273831201e+02 -1.273831201e+02 +2.6064e+00 +4.2538e+00 +2.6586e+00 +5.2923e-01 -3.1059e+00
313 0 +1.197322876e-01 -1.275602677e+02 -1.275602677e+02 +2.4889e+00 +3.8593e+00 +2.4347e+00 +3.6889e-01 -2.5302e+00
382 0 +1.001445358e-01 -1.275798555e+02 -1.275798555e+02 +2.1408e+00 +3.6989e+00 +2.6338e+00 +4.3217e-01 -2.7567e+00
396 0 +3.865435707e-02 -1.276413456e+02 -1.276413456e+02 +2.3600e+00 +3.8451e+00 +2.4378e+00 +5.4478e-01 -2.6446e+00
479 0 +2.308473960e-02 -1.276569153e+02 -1.276569153e+02 +2.3728e+00 +3.6941e+00 +2.5088e+00 +4.7010e-01 -2.9471e+00
522 0 +1.592080823e-02 -1.276640792e+02 -1.276640792e+02 +2.3410e+00 +3.9264e+00 +2.5459e+00 +4.1483e-01 -2.9685e+00
530 0 +1.206720393e-02 -1.276679328e+02 -1.276679328e+02 +2.2580e+00 +3.8723e+00 +2.4917e+00 +5.9442e-01 -2.7704e+00
532 0 +1.042290753e-02 -1.276695771e+02 -1.276695771e+02 +2.3147e+00 +3.8452e+00 +2.4925e+00 +5.1224e-01 -2.7349e+00
551 0 +9.037156990e-03 -1.276709628e+02 -1.276709628e+02 +2.3279e+00 +3.7569e+00 +2.5407e+00 +4.2939e-01 -2.8748e+00
558 0 +5.709900587e-03 -1.276742901e+02 -1.276742901e+02 +2.3034e+00 +3.8701e+00 +2.5122e+00 +4.9485e-01 -2.7575e+00
621 0 +3.571667232e-03 -1.276764283e+02 -1.276764283e+02 +2.2734e+00 +3.8137e+00 +2.5064e+00 +5.3172e-01 -2.7579e+00
643 0 +2.994853725e-03 -1.276770051e+02 -1.276770051e+02 +2.2848e+00 +3.8258e+00 +2.5091e+00 +5.2826e-01 -2.7975e+00
663 0 +2.033129026e-03 -1.276779669e+02 -1.276779669e+02 +2.2828e+00 +3.7711e+00 +2.5145e+00 +5.2338e-01 -2.8140e+00
679 0 +1.650377997e-03 -1.276783496e+02 -1.276783496e+02 +2.2971e+00 +3.8220e+00 +2.5311e+00 +4.8276e-01 -2.8665e+00
688 0 +1.634505862e-03 -1.276783655e+02 -1.276783655e+02 +2.2452e+00 +3.7514e+00 +2.5167e+00 +5.5243e-01 -2.8378e+00
754 0 +6.457408604e-04 -1.276793543e+02 -1.276793543e+02 +2.2875e+00 +3.7848e+00 +2.5226e+00 +5.0419e-01 -2.8298e+00
846 0 +6.131180065e-04 -1.276793869e+02 -1.276793869e+02 +2.2928e+00 +3.8098e+00 +2.5233e+00 +4.9775e-01 -2.8160e+00
853 0 +4.953459492e-04 -1.276795047e+02 -1.276795047e+02 +2.2805e+00 +3.8603e+00 +2.5277e+00 +5.0171e-01 -2.8109e+00
882 0 +4.081698794e-04 -1.276795918e+02 -1.276795918e+02 +2.2764e+00 +3.8158e+00 +2.5276e+00 +5.0672e-01 -2.8346e+00
893 0 +3.029500905e-04 -1.276796970e+02 -1.276796970e+02 +2.2856e+00 +3.8073e+00 +2.5275e+00 +4.9768e-01 -2.8271e+00
909 0 +2.980208378e-04 -1.276797020e+02 -1.276797020e+02 +2.2893e+00 +3.8331e+00 +2.5278e+00 +4.9374e-01 -2.8180e+00
924 0 +1.231546587e-04 -1.276798768e+02 -1.276798768e+02 +2.2716e+00 +3.8188e+00 +2.5229e+00 +5.1699e-01 -2.8217e+00
960 0 +9.171185819e-05 -1.276799083e+02 -1.276799083e+02 +2.2706e+00 +3.8268e+00 +2.5239e+00 +5.1632e-01 -2.8165e+00
963 0 +1.738798643e-05 -1.276799826e+02 -1.276799826e+02 +2.2700e+00 +3.8086e+00 +2.5202e+00 +5.2241e-01 -2.8144e+00
1088 0 +1.455865461e-05 -1.276799854e+02 -1.276799854e+02 +2.2670e+00 +3.8079e+00 +2.5191e+00 +5.2637e-01 -2.8084e+00
1115 0 +1.408472787e-05 -1.276799859e+02 -1.276799859e+02 +2.2662e+00 +3.7995e+00 +2.5180e+00 +5.2914e-01 -2.8157e+00
1145 0 +1.187545705e-05 -1.276799881e+02 -1.276799881e+02 +2.2584e+00 +3.7782e+00 +2.5126e+00 +5.4405e-01 -2.8136e+00
1248 0 +9.196566978e-06 -1.276799908e+02 -1.276799908e+02 +2.2652e+00 +3.8033e+00 +2.5181e+00 +5.2953e-01 -2.8094e+00
