% f evaluations | g evaluations | best noise-free fitness - Fopt (7.627000000000e+01) + sum g_i+ | measured fitness | best measured fitness or single-digit g-values | x1 | x2...
1 0 +1.552914355e+06 +1.552990625e+06 +1.552990625e+06 +5.9671e-01 -3.8264e-02 +7.4769e-01 +1.6230e+00 -1.3415e-01 -1.3414e-01 +1.6792e+00 +8.6743e-01 -3.6947e-01 +6.4256e-01
2 0 +6.218440916e+05 +6.219203616e+05 +6.219203616e+05 -3.6342e-01 -3.6573e-01 +3.4196e-01 -1.8133e+00 -1.6249e+00 -4.6229e-01 -9.1283e-01 +4.1425e-01 -8.0802e-01 -1.3123e+00
3 0 +1.868508053e+05 +1.869270753e+05 +1.869270753e+05 +1.5656e+00 -1.2578e-01 +1.6753e-01 -1.3247e+00 -4.4438e-01 +2.1092e-01 -1.0510e+00 +4.7570e-01 -5.0064e-01 -1.9169e-01
4 0 +1.355190486e+04 +1.362817486e+04 +1.362817486e+04 -5.0171e-01 +1.9523e+00 +8.6503e-02 -9.5771e-01 +9.2254e-01 -1.1208e+00 +3.0886e-01 -1.8597e+00 -1.2282e+00 +2.9686e-01
11 0 +8.121793620e+01 +1.574879362e+02 +1.574879362e+02 -1.3154e+00 -3.2065e-01 -2.4271e-01 -7.0228e-01 -6.1286e-02 +5.0405e-01 +1.9862e+00 +2.7458e-01 +3.5755e-01 +2.5554e-02
226 0 +5.693197852e+01 +1.332019785e+02 +1.332019785e+02 +4.7253e-01 +1.0319e+00 -6.3848e-01 +2.1873e+00 -2.8147e-01 -1.3569e+00 +3.7047e-01 +3.0918e-01 +7.4413e-01 +6.8776e-01
251 0 +4.149060530e+01 +1.177606053e+02 +1.177606053e+02 -1.2933e+00 +7.8354e-01 +7.8792e-01 +4.9075e-01 -1.2859e+00 -1.6027e+00 +6.8358e-01 +1.2542e+00 -1.1734e+00 +3.7909e-01
376 0 +3.186578574e+01 +1.081357857e+02 +1.081357857e+02 -3.0066e-01 -9.7530e-01 +4.2182e-01 -2.3462e-01 -1.9690e+00 +1.5424e+00 -6.5402e-01 +9.7958e-01 -6.5536e-01 -3.8091e-02
1383 0 +3.137006982e+01 +1.076400698e+02 +1.076400698e+02 -4.5746e-01 -2.6256e-01 -1.3279e+00 +2.1498e-01 +7.4141e-01 -7.9326e-01 -8.8577e-01 -6.2212e-01 -9.4726e-01 -3.1895e-01
1421 0 +2.951605068e+01 +1.057860507e+02 +1.057860507e+02 -1.3647e-01 +1.7358e-01 -1.0306e+00 +8.1848e-02 +3.2819e-01 -1.0056e+00 -1.1149e+00 +3.1103e-01 -4.7169e-01 -4.9469e-01
1469 0 +2.862711313e+01 +1.048971131e+02 +1.048971131e+02 -1.1278e+00 +2.0671e-01 -1.2276e+00 -4.9716e-01 +5.5864e-01 -8.7669e-01 -6.3143e-02 +1.2451e-01 -1.2940e+00 +2.7992e-01
1557 0 +2.775275226e+01 +1.040227523e+02 +1.040227523e+02 -1.0057e+00 -2.4345e-01 -1.0255e+00 -2.6009e-01 +2.2333e-01 -2.0990e+00 -4.2903e-01 +5.0343e-01 +2.7934e-01 +5.8513e-01
1590 0 +2.442053940e+01 +1.006905394e+02 +1.006905394e+02 -1.2340e+00 -7.3426e-01 -1.1342e+00 -1.3412e-01 +7.2361e-01 -1.8853e+00 -3.5453e-01 -4.1733e-01 -1.3674e+00 -5.5989e-02
1626 0 +2.038818432e+01 +9.665818432e+01 +9.665818432e+01 -2.5534e+00 -9.3087e-01 -1.5887e+00 -8.8865e-01 +5.0871e-01 -1.9365e+00 -4.9348e-01 +1.1313e+00 -2.9546e-01 +4.8045e-01
1693 0 +1.555541377e+01 +9.182541377e+01 +9.182541377e+01 -1.4376e+00 -2.5026e+00 +1.0590e-01 +1.1648e+00 -1.0508e+00 -3.4487e+00 -3.8533e-01 -6.1511e-01 -9.5535e-02 +1.3373e+00
1802 0 +1.550585457e+01 +9.177585457e+01 +9.177585457e+01 -1.7988e+00 -1.2241e+00 -9.0232e-01 -7.8158e-01 -1.1992e+00 -3.0518e+00 -7.2876e-01 +2.1636e+00 +1.3043e+00 +2.4072e+00
1805 0 +1.378332605e+01 +9.005332605e+01 +9.005332605e+01 -1.8670e+00 -1.7144e+00 -1.1628e+00 -7.5651e-01 -9.6614e-01 -3.8188e+00 +1.2251e+00 +1.6399e+00 -2.8417e-01 +3.6426e+00
1807 0 +8.301189121e+00 +8.457118912e+01 +8.457118912e+01 -2.5030e+00 -3.7298e+00 -1.0808e+00 -4.2915e-02 -1.0400e+00 -3.9588e+00 +4.2077e-02 +1.5309e+00 -4.2624e-01 +2.1097e+00
2087 0 +7.131453999e+00 +8.340145400e+01 +8.340145400e+01 -2.9507e+00 -2.7735e+00 -6.0013e-01 +4.6733e-01 -2.3774e+00 -2.8954e+00 -6.6517e-01 +1.1099e+00 -1.0491e+00 +4.1105e+00
2121 0 +5.809886190e+00 +8.207988619e+01 +8.207988619e+01 -1.9913e+00 -2.5071e+00 -8.5837e-01 +2.5371e-01 -1.5924e+00 -3.0625e+00 +3.8325e-01 +1.2081e+00 -8.5567e-01 +3.3153e+00
2161 0 +5.228592875e+00 +8.149859287e+01 +8.149859287e+01 -1.0687e+00 -2.4702e+00 -1.8573e+00 -2.6457e-01 -5.5161e-01 -3.4046e+00 -1.0080e+00 +1.3149e+00 -3.0041e-01 +2.3233e+00
2167 0 +5.054174874e+00 +8.132417487e+01 +8.132417487e+01 -1.7946e+00 -1.9624e+00 -1.9988e+00 +6.4771e-01 -6.5705e-01 -3.0117e+00 -5.4721e-01 +1.4791e+00 -4.2904e-01 +2.8002e+00
2219 0 +4.823287099e+00 +8.109328710e+01 +8.109328710e+01 -1.7395e+00 -3.2617e+00 -7.7081e-02 +4.4307e-01 -2.1837e+00 -3.7058e+00 -8.0644e-01 +1.1645e+00 -8.4758e-01 +2.4787e+00
2229 0 +4.483830809e+00 +8.075383081e+01 +8.075383081e+01 -2.0863e+00 -3.0738e+00 -9.7918e-01 +5.9145e-01 -1.4837e+00 -2.8181e+00 +3.1186e-01 +1.7894e+00 -1.7133e-01 +2.3416e+00
2269 0 +4.449025196e+00 +8.071902520e+01 +8.071902520e+01 -1.4051e+00 -3.0780e+00 -2.0870e+00 +1.4100e+00 -1.0181e+00 -2.5972e+00 -1.4088e+00 +1.6856e+00 -1.2618e+00 +1.9882e+00
2288 0 +2.223561871e+00 +7.849356187e+01 +7.849356187e+01 -1.2794e+00 -2.5803e+00 -1.6894e+00 +6.3174e-01 -1.4713e+00 -2.3237e+00 -8.9190e-01 +1.5433e+00 -1.2623e-01 +3.1355e+00
2347 0 +2.103251568e+00 +7.837325157e+01 +7.837325157e+01 -1.0076e+00 -2.7265e+00 -1.4533e+00 +9.2172e-01 -1.1174e+00 -2.2307e+00 -6.7213e-01 +6.8113e-01 -7.6619e-01 +2.3820e+00
2351 0 +1.066375477e+00 +7.733637548e+01 +7.733637548e+01 -5.6517e-01 -2.7086e+00 -1.4757e+00 +7.5958e-01 -1.2351e+00 -2.1724e+00 -6.4107e-01 +9.1329e-01 -9.5127e-01 +2.4274e+00
2473 0 +7.423822768e-01 +7.701238228e+01 +7.701238228e+01 -9.0158e-01 -3.0910e+00 -1.2968e+00 +2.2966e-01 -1.6159e+00 -2.2839e+00 -5.8852e-01 +1.0195e+00 -6.4524e-01 +3.0331e+00
% f evaluations | g evaluations | best noise-free fitness - Fopt (-2.255000000000e+01) + sum g_i+ | measured fitness | best measured fitness or single-digit g-values | x1 | x2...
1 0 +4.591578469e+05 +4.591352969e+05 +4.591352969e+05 +5.9671e-01 -3.8264e-02 +7.4769e-01 +1.6230e+00 -1.3415e-01 -1.3414e-01 +1.6792e+00 +8.6743e-01 -3.6947e-01 +6.4256e-01
2 0 +4.059641924e+05 +4.059416424e+05 +4.059416424e+05 -3.6342e-01 -3.6573e-01 +3.4196e-01 -1.8133e+00 -1.6249e+00 -4.6229e-01 -9.1283e-01 +4.1425e-01 -8.0802e-01 -1.3123e+00
5 0 +2.064410243e+04 +2.062155243e+04 +2.062155243e+04 +8.3847e-01 +2.7137e-01 -1.5648e-02 -2.0110e-01 -1.3785e+00 -6.1984e-01 -3.6064e-01 +1.1571e+00 +4.4362e-01 -1.6630e+00
20 0 +4.194544284e+03 +4.171994284e+03 +4.171994284e+03 -3.4651e-01 +9.5640e-01 +3.1409e-01 -1.1457e+00 +2.7318e-01 +4.8532e-01 -7.8386e-01 +2.5373e-01 +1.5821e-01 -1.0430e+00
45 0 +3.853335733e+03 +3.830785733e+03 +3.830785733e+03 +4.8407e-01 +6.7305e-02 -1.9674e+00 +1.0880e-02 -1.2045e+00 +7.6967e-01 +4.6660e-01 -8.3988e-01 -4.1387e-01 -9.5921e-01
50 0 +3.474848783e+03 +3.452298783e+03 +3.452298783e+03 +9.2027e-02 +1.5799e+00 +1.7737e-01 -7.6128e-01 +1.6231e+00 +6.3891e-01 -9.3725e-01 -9.0339e-02 -7.7562e-01 -1.2828e+00
59 0 +8.659142173e+02 +8.433642173e+02 +8.433642173e+02 +3.9753e-01 +8.4876e-01 -1.1240e+00 -1.1176e+00 +2.2400e+00 +5.8391e-01 +6.4849e-01 +1.1647e+00 -2.4258e-01 +3.2472e-01
63 0 +5.289010238e+02 +5.063510238e+02 +5.063510238e+02 -1.8085e+00 -1.2678e+00 +2.0888e+00 -5.1993e-02 -4.8444e-01 -7.3777e-02 -3.2566e-01 -1.8614e-01 +1.0037e+00 -1.0872e-02
131 0 +9.117306187e+01 +6.862306187e+01 +6.862306187e+01 +6.2522e-01 +3.9770e-01 +3.3182e-01 +5.8409e-01 +1.7001e-01 +8.0461e-01 +1.9023e-01 -1.8232e+00 -2.7379e-01 -1.1079e+00
215 0 +7.558462806e+01 +5.303462806e+01 +5.303462806e+01 +2.2224e-01 +2.4489e-01 +1.4154e+00 -1.4138e-01 +5.4857e-01 -1.9725e-01 +3.4527e-01 -8.0419e-01 -7.7509e-01 +4.7613e-01
324 0 +7.407372302e+01 +5.152372302e+01 +5.152372302e+01 -6.2445e-01 +8.2286e-02 +8.1038e-01 +2.9752e-01 +6.1340e-02 +8.9492e-01 -1.7805e-02 -8.0521e-01 -6.1148e-01 +1.5704e-01
386 0 +6.556449506e+01 +4.301449506e+01 +4.301449506e+01 -8.8474e-01 +6.8630e-01 +4.4318e-02 +3.9696e-02 -2.2248e-01 +1.0617e+00 -7.4610e-01 +1.4013e-01 -2.9522e-01 -3.6289e-01
458 0 +4.718247469e+01 +2.463247469e+01 +2.463247469e+01 +5.0838e-01 +1.4673e+00 +6.3978e-01 -5.6828e-01 -1.7185e-01 -4.1043e-01 -5.0967e-01 -7.6033e-01 -1.0852e+00 -3.8135e-02
552 0 +3.155607892e+01 +9.006078925e+00 +9.006078925e+00 +7.1739e-01 +1.4953e+00 +6.3306e-01 -9.1810e-01 -3.3798e-01 -5.2871e-01 -3.2058e-01 -1.2678e+00 -2.5145e-01 +2.5856e-02
951 0 +3.152341323e+01 +8.973413235e+00 +8.973413235e+00 +1.3716e+00 +2.3435e+00 +1.4647e+00 -1.2927e-01 +4.0498e-01 -1.3019e+00 -8.8273e-01 -1.4954e+00 -1.1132e+00 +1.6449e-01
1018 0 +2.896113042e+01 +6.411130419e+00 +6.411130419e+00 +1.3522e+00 +1.6437e+00 +9.6820e-01 -1.4539e+00 +2.9113e-02 -9.0510e-01 -4.9882e-01 -2.0419e+00 -8.5343e-01 -1.6072e+00
1238 0 +2.871299813e+01 +6.162998135e+00 +6.162998135e+00 +6.0433e-01 +1.0824e+00 +4.0480e-01 -6.7001e-01 +1.5420e+00 -1.1037e+00 -2.5971e-01 -1.7653e+00 -2.0054e-01 +6.9623e-02
1270 0 +2.466319625e+01 +2.113196250e+00 +2.113196250e+00 +2.5708e+00 +2.6896e+00 +1.1307e-03 -1.5683e+00 +3.0806e-01 -1.4922e+00 -2.5912e-01 -2.7082e+00 +3.0225e-01 -9.2383e-01
1365 0 +1.923255491e+01 -3.317445090e+00 -3.317445090e+00 +3.0807e+00 +3.8746e+00 +1.4337e+00 -1.2547e+00 -1.9499e-01 -1.4511e+00 -7.6004e-01 -3.8862e+00 -3.0934e-01 -4.8865e-01
1371 0 +1.476015213e+01 -7.789847865e+00 -7.789847865e+00 +2.3227e+00 +3.1615e+00 +3.2509e-01 -2.7627e+00 +1.2761e+00 -3.9153e-01 -1.5741e-01 -4.2002e+00 -8.8886e-02 -1.1436e+00
1544 0 +1.334249273e+01 -9.207507270e+00 -9.207507270e+00 +1.9510e+00 +2.5484e+00 +2.7182e+00 -2.2726e+00 +1.6708e+00 -2.5262e+00 +2.9491e-02 -4.5930e+00 +8.9503e-02 +1.6646e+00
1549 0 +1.313830995e+01 -9.411690046e+00 -9.411690046e+00 +2.0767e+00 +2.7263e+00 +6.3638e-01 -1.9534e+00 +1.5319e+00 -3.9680e-01 +3.3603e-01 -3.6909e+00 -4.5667e-01 +4.0003e-01
1595 0 +1.120208730e+01 -1.134791270e+01 -1.134791270e+01 +1.7059e+00 +1.6456e+00 +9.3952e-01 -1.8388e+00 +2.5898e+00 -6.5451e-01 +9.1266e-01 -3.6345e+00 +2.5751e-01 +8.0150e-01
1654 0 +8.514038220e+00 -1.403596178e+01 -1.403596178e+01 +2.0655e+00 +1.7669e+00 +3.0042e+00 -2.5127e+00 +5.6818e-01 -1.0583e-01 +8.8986e-01 -3.4440e+00 +8.2272e-01 -2.9073e-01
2029 0 +7.741091170e+00 -1.480890883e+01 -1.480890883e+01 +2.3024e+00 +1.7631e+00 +2.3720e+00 -1.3313e+00 +1.7405e+00 -8.9978e-01 +9.3210e-01 -2.8657e+00 +1.1680e+00 +7.5836e-01
2063 0 +5.982574318e+00 -1.656742568e+01 -1.656742568e+01 +2.3017e+00 +1.9501e+00 +4.0375e+00 -2.7949e+00 +1.5898e+00 -1.6168e+00 +7.2521e-01 -3.3424e+00 +2.5958e+00 +5.9106e-01
2074 0 +3.100721260e+00 -1.944927874e+01 -1.944927874e+01 +2.0918e+00 +1.7040e+00 +2.6746e+00 -2.6038e+00 +2.5962e+00 -1.6192e+00 +8.8498e-01 -4.1966e+00 +2.3465e+00 +7.9685e-01
2107 0 +2.730771869e+00 -1.981922813e+01 -1.981922813e+01 +2.4154e+00 +2.5799e+00 +3.0451e+00 -2.2209e+00 +1.8731e+00 -1.5728e+00 +2.1403e-02 -4.2604e+00 +2.4952e+00 -4.0214e-02
2266 0 +2.037627334e+00 -2.051237267e+01 -2.051237267e+01 +3.3816e+00 +2.6412e+00 +2.4893e+00 -2.3865e+00 +1.3057e+00 -1.0142e+00 +1.0512e+00 -4.1341e+00 +2.1723e+00 +8.9874e-02
2306 0 +1.558433005e+00 -2.099156700e+01 -2.099156700e+01 +2.6562e+00 +2.7543e+00 +2.9124e+00 -2.5210e+00 +1.2057e+00 -1.3427e+00 +5.6450e-01 -3.8917e+00 +1.9381e+00 +8.7322e-01
2325 0 +1.276027518e+00 -2.127397248e+01 -2.127397248e+01 +2.2408e+00 +2.5520e+00 +2.5514e+00 -2.6927e+00 +1.7637e+00 -8.1602e-01 +6.5000e-01 -4.1169e+00 +1.8696e+00 +8.2141e-01
2443 0 +1.248306021e+00 -2.130169398e+01 -2.130169398e+01 +2.8562e+00 +2.1964e+00 +2.4309e+00 -3.0514e+00 +1.4604e+00 -1.6934e+00 +8.9536e-01 -3.9263e+00 +1.9942e+00 +1.7666e-02
2468 0 +9.156132199e-01 -2.163438678e+01 -2.163438678e+01 +2.5175e+00 +2.3882e+00 +2.3868e+00 -2.5561e+00 +1.6969e+00 -6.3835e-01 +7.5332e-01 -3.7621e+00 +2.0075e+00 +5.2301e-02
2479 0 +7.502067162e-01 -2.179979328e+01 -2.179979328e+01 +2.4665e+00 +2.2425e+00 +2.7816e+00 -2.4290e+00 +1.5200e+00 -1.4001e+00 +5.0946e-01 -4.0530e+00 +2.2669e+00 +1.2993e-01
% f evaluations | g evaluations | best noise-free fitness - Fopt (1.366000000000e+01) + sum g_i+ | measured fitness | best measured fitness or single-digit g-values | x1 | x2...
1 0 +5.397776853e+05 +5.397913453e+05 +5.397913453e+05 +5.9671e-01 -3.8264e-02 +7.4769e-01 +1.6230e+00 -1.3415e-01 -1.3414e-01 +1.6792e+00 +8.6743e-01 -3.6947e-01 +6.4256e-01
4 0 +1.417905962e+02 +1.554505962e+02 +1.554505962e+02 -5.0171e-01 +1.9523e+00 +8.6503e-02 -9.5771e-01 +9.2254e-01 -1.1208e+00 +3.0886e-01 -1.8597e+00 -1.2282e+00 +2.9686e-01
413 0 +1.180964208e+02 +1.317564208e+02 +1.317564208e+02 -4.5584e-01 +3.1418e+00 +1.9068e+00 +3.4270e+00 -3.3306e+00 -1.0700e+00 +1.0071e+00 +1.8764e+00 -1.2396e+00 +2.1012e+00
479 0 +8.005438859e+01 +9.371438859e+01 +9.371438859e+01 +1.3692e-01 +1.6592e+00 +7.1978e-02 +3.5792e+00 -3.3470e-01 -1.1380e+00 -1.3389e-01 +3.5985e-01 +5.8552e-01 +1.9403e+00
510 0 +6.984321501e+01 +8.350321501e+01 +8.350321501e+01 -2.6593e-01 -1.3195e-01 -2.6044e-01 -4.3750e-01 -3.7217e-01 +6.2565e-01 +3.7820e+00 +1.5561e-01 +2.6660e-01 +4.3525e-02
538 0 +4.619071556e+01 +5.985071556e+01 +5.985071556e+01 -1.4017e+00 +4.6300e-01 +6.4159e-01 +1.2084e+00 -2.3282e-02 +6.9086e-01 +3.3441e+00 +4.6759e-01 +1.9774e-01 +5.2426e-02
1288 0 +3.897638511e+01 +5.263638511e+01 +5.263638511e+01 +1.6607e+00 +1.5044e+00 +3.6074e-01 -3.0700e-01 -1.1712e+00 -1.5289e+00 +1.1526e+00 -2.0064e+00 +2.3890e-01 +3.8706e-01
1383 0 +3.632477339e+01 +4.998477339e+01 +4.998477339e+01 +3.0960e-01 +1.8804e+00 +9.2257e-01 -6.8868e-01 -1.5305e+00 +1.8666e-01 +2.3300e+00 -2.5111e+00 -1.0481e+00 +5.9300e-01
1441 0 +3.251515557e+01 +4.617515557e+01 +4.617515557e+01 +1.5154e+00 +1.4905e+00 +1.0976e-01 +4.8668e-02 -3.5952e+00 -1.2268e+00 +2.2829e+00 -2.7843e+00 -3.9863e-01 -1.0543e+00
1538 0 +1.332487014e+01 +2.698487014e+01 +2.698487014e+01 +5.3960e-01 +1.0555e+00 +5.9621e-01 -5.1190e-01 -1.9633e+00 -6.8271e-01 +3.2378e+00 -2.5928e+00 +1.5554e-01 -2.2439e+00
1807 0 +1.313334561e+01 +2.679334561e+01 +2.679334561e+01 +5.3999e-01 +1.0832e+00 +1.5992e+00 +2.1768e-02 -1.3285e+00 +2.6658e-01 +4.9014e+00 -1.4388e+00 +1.5083e+00 -3.5734e+00
1808 0 +1.153834252e+01 +2.519834252e+01 +2.519834252e+01 +1.1463e+00 +1.2362e+00 +1.8843e+00 +2.2743e-01 -2.1489e+00 -4.2265e-01 +3.6590e+00 -3.4943e+00 +1.8993e+00 -1.9109e+00
1893 0 +1.057517329e+01 +2.423517329e+01 +2.423517329e+01 +2.1407e-01 +1.8178e+00 +1.6712e+00 +1.2095e-01 -1.4936e+00 -3.9039e-01 +3.5428e+00 -1.4662e+00 +2.0621e+00 -2.1948e+00
1927 0 +7.282937866e+00 +2.094293787e+01 +2.094293787e+01 -4.0219e-01 +2.2045e+00 +2.7881e+00 +7.6459e-01 -1.1250e+00 -1.5240e+00 +3.4744e+00 -1.3527e+00 +1.7285e+00 -4.5539e+00
2007 0 +5.225789215e+00 +1.888578921e+01 +1.888578921e+01 +2.6132e-01 +1.5476e+00 +1.9315e+00 -7.9132e-01 -6.9982e-01 -1.5888e+00 +2.8572e+00 -3.2259e+00 +1.5836e+00 -3.3313e+00
2054 0 +5.215308836e+00 +1.887530884e+01 +1.887530884e+01 +5.5141e-02 +2.0039e+00 +2.3404e+00 -2.4999e-01 -1.2892e+00 -2.9591e-03 +3.9433e+00 -2.4937e+00 +1.1531e+00 -2.7760e+00
2085 0 +5.143025009e+00 +1.880302501e+01 +1.880302501e+01 -5.2387e-01 +1.3836e+00 +3.3907e+00 +3.4813e-01 -1.5273e+00 -1.8106e+00 +3.4000e+00 -2.9615e+00 +8.7190e-01 -3.2529e+00
2090 0 +3.175967179e+00 +1.683596718e+01 +1.683596718e+01 -4.7015e-01 +1.7970e+00 +2.5699e+00 +8.7694e-01 -1.2087e+00 +8.0371e-02 +4.3902e+00 -2.8748e+00 +1.5776e+00 -4.3228e+00
2110 0 +3.138805716e+00 +1.679880572e+01 +1.679880572e+01 +6.7460e-01 +2.4486e+00 +2.5661e+00 +5.9021e-01 -2.3107e+00 -9.7029e-01 +3.4992e+00 -2.2369e+00 +1.1747e+00 -3.4296e+00
2226 0 +2.662800867e+00 +1.632280087e+01 +1.632280087e+01 +6.7136e-01 +2.0206e+00 +2.0024e+00 +4.9188e-01 -1.5297e+00 -8.0362e-02 +3.5284e+00 -3.8932e+00 +1.7194e+00 -3.2403e+00
2328 0 +2.049140509e+00 +1.570914051e+01 +1.570914051e+01 +1.3744e-01 +1.9922e+00 +1.5525e+00 -1.4981e-01 -1.0829e+00 +1.7072e-02 +3.5857e+00 -3.3817e+00 +8.1794e-01 -3.6701e+00
2353 0 +1.717953560e+00 +1.537795356e+01 +1.537795356e+01 +5.8385e-01 +2.6663e+00 +2.7753e+00 -2.1152e-01 -2.3272e+00 -4.9992e-01 +3.6940e+00 -3.9657e+00 +6.8279e-01 -3.7389e+00
2355 0 +1.532082000e+00 +1.519208200e+01 +1.519208200e+01 +4.3561e-01 +2.0086e+00 +2.5896e+00 -8.7692e-02 -1.0534e+00 -2.7281e-01 +3.9509e+00 -3.3070e+00 +2.0628e+00 -3.6564e+00
2365 0 +1.394673107e+00 +1.505467311e+01 +1.505467311e+01 +3.8070e-01 +1.9137e+00 +2.9360e+00 +3.0468e-01 -1.2246e+00 -5.1659e-01 +3.5564e+00 -3.6211e+00 +1.4351e+00 -2.9076e+00
2431 0 +8.630871889e-01 +1.452308719e+01 +1.452308719e+01 +6.4848e-01 +2.4689e+00 +2.4034e+00 +3.6595e-01 -1.3474e+00 -6.0672e-01 +3.4337e+00 -3.2974e+00 +1.7609e+00 -4.0528e+00
2432 0 +8.080886399e-01 +1.446808864e+01 +1.446808864e+01 +4.9660e-01 +2.4085e+00 +3.0981e+00 +3.7784e-01 -1.3716e+00 -6.2541e-01 +3.4060e+00 -3.5260e+00 +9.2545e-01 -3.3331e+00
2446 0 +5.572198334e-01 +1.421721983e+01 +1.421721983e+01 +3.8546e-01 +2.1136e+00 +2.2924e+00 +3.6508e-01 -1.1403e+00 -2.3467e-01 +3.6059e+00 -3.5178e+00 +6.5486e-01 -3.9055e+00
% f evaluations | g evaluations | best noise-free fitness - Fopt (9.378400000000e+02) + sum g_i+ | measured fitness | best measured fitness or single-digit g-values | x1 | x2...
1 0 +1.015271303e+07 +1.015365087e+07 +1.015365087e+07 +5.9671e-01 -3.8264e-02 +7.4769e-01 +1.6230e+00 -1.3415e-01 -1.3414e-01 +1.6792e+00 +8.6743e-01 -3.6947e-01 +6.4256e-01
3 0 +9.688708469e+06 +9.689646309e+06 +9.689646309e+06 +1.5656e+00 -1.2578e-01 +1.6753e-01 -1.3247e+00 -4.4438e-01 +2.1092e-01 -1.0510e+00 +4.7570e-01 -5.0064e-01 -1.9169e-01
4 0 +2.131023532e+04 +2.224807532e+04 +2.224807532e+04 -5.0171e-01 +1.9523e+00 +8.6503e-02 -9.5771e-01 +9.2254e-01 -1.1208e+00 +3.0886e-01 -1.8597e+00 -1.2282e+00 +2.9686e-01
53 0 +5.483407900e+02 +1.486180790e+03 +1.486180790e+03 -8.1443e-01 +2.3956e+00 -3.0953e-02 +2.9687e-01 +8.0752e-01 +2.6898e-01 -2.1031e+00 -1.4741e+00 +8.4181e-02 -1.6287e-01
93 0 +1.668886492e+02 +1.104728649e+03 +1.104728649e+03 +9.3409e-01 +1.8408e+00 +2.6665e-01 -1.5026e+00 +9.9728e-01 -6.7203e-01 -1.4507e-01 -1.7317e+00 +1.0549e+00 +4.5136e-01
309 0 +8.407593408e+01 +1.021915934e+03 +1.021915934e+03 -1.9762e+00 +1.8993e+00 -1.8569e+00 +1.0816e+00 -1.4433e+00 +1.7480e+00 +4.6036e-01 -6.7492e-01 +4.2362e+00 -2.1689e-01
438 0 +4.334905569e+01 +9.811890557e+02 +9.811890557e+02 -2.1042e-01 +9.7544e-01 +4.8470e-01 -9.8514e-02 +6.5578e-01 +9.3183e-01 -1.7895e+00 -4.7387e-01 +2.0573e+00 +1.7786e+00
1494 0 +4.301658920e+01 +9.808565892e+02 +9.808565892e+02 -7.4696e-01 +3.0037e+00 +7.4983e-01 +1.0425e-01 -1.6068e+00 -4.0270e-01 +4.3049e-01 -5.3573e-01 +1.7649e+00 +1.6208e+00
1565 0 +2.996049345e+01 +9.678004934e+02 +9.678004934e+02 -2.9298e-01 +3.0270e+00 +1.4498e+00 +4.1516e-01 -1.3062e+00 +7.6702e-01 +1.1661e-01 -2.8871e-01 +2.2733e+00 +1.3245e+00
1712 0 +2.231584698e+01 +9.601558470e+02 +9.601558470e+02 -2.1023e-01 +3.4290e+00 +1.3188e+00 -7.6576e-01 -1.8797e+00 +8.7842e-01 -1.6166e+00 +4.4022e-01 +2.4476e+00 +1.6734e+00
1874 0 +1.794754500e+01 +9.557875450e+02 +9.557875450e+02 -3.2739e-01 +3.9080e+00 +1.6274e+00 -8.4328e-01 -2.4703e+00 +1.2710e+00 -3.8012e-01 +7.5049e-01 +2.3346e+00 +1.7675e+00
1880 0 +1.633844344e+01 +9.541784434e+02 +9.541784434e+02 +8.5645e-02 +3.7866e+00 +4.1750e+00 -2.8083e-01 -2.0564e+00 +5.3404e-01 -7.8176e-01 +7.6910e-01 +2.1394e+00 +2.2198e+00
2038 0 +1.067688594e+01 +9.485168859e+02 +9.485168859e+02 -1.0887e+00 +3.6622e+00 +3.8499e+00 -2.3247e+00 -2.5834e+00 +1.8511e+00 -8.2091e-01 +1.7180e+00 +2.3218e+00 +1.0826e+00
2120 0 +1.053347873e+01 +9.483734787e+02 +9.483734787e+02 +8.7968e-01 +3.5152e+00 +4.2234e+00 -1.5829e+00 -2.2860e+00 +1.8136e+00 -1.3724e+00 +1.4250e+00 +3.4824e+00 +2.2712e+00
2203 0 +8.190746140e+00 +9.460307461e+02 +9.460307461e+02 -1.7171e+00 +4.1377e+00 +4.3498e+00 -7.7292e-01 -3.2384e+00 +3.7759e+00 -1.4743e+00 +2.9421e+00 +1.9969e+00 +2.4267e+00
2218 0 +8.061097533e+00 +9.459010975e+02 +9.459010975e+02 +7.2224e-01 +3.8179e+00 +4.6645e+00 -1.3502e+00 -1.2033e+00 +2.6926e+00 -1.4142e+00 +1.2668e+00 +2.5537e+00 +8.1841e-01
2251 0 +4.609159682e+00 +9.424491597e+02 +9.424491597e+02 -3.8520e-01 +2.5698e+00 +2.9391e+00 -1.7434e+00 -4.5317e-01 +3.0868e+00 -8.9852e-01 +2.4075e+00 +2.5937e+00 +2.2236e+00
2273 0 +3.731477226e+00 +9.415714772e+02 +9.415714772e+02 +2.5593e-01 +3.8523e+00 +4.3051e+00 -1.5929e+00 -2.0479e+00 +3.9955e+00 -2.0841e+00 +3.0302e+00 +2.5683e+00 +3.0503e+00
2343 0 +2.619767196e+00 +9.404597672e+02 +9.404597672e+02 -6.7794e-01 +4.2351e+00 +3.9972e+00 -6.8489e-01 -1.7561e+00 +3.0179e+00 -2.4037e+00 +3.1159e+00 +1.8910e+00 +3.0483e+00
% f evaluations | g evaluations | best noise-free fitness - Fopt (-7.872000000000e+01) + sum g_i+ | measured fitness | best measured fitness or single-digit g-values | x1 | x2...
1 0 +4.964310655e+05 +4.963523455e+05 +4.963523455e+05 +5.9671e-01 -3.8264e-02 +7.4769e-01 +1.6230e+00 -1.3415e-01 -1.3414e-01 +1.6792e+00 +8.6743e-01 -3.6947e-01 +6.4256e-01
6 0 +3.485965655e+04 +3.478093655e+04 +3.478093655e+04 +4.2408e-01 -2.8508e-01 -5.7692e-01 +7.1168e-01 +1.1310e+00 +1.0313e+00 -7.3922e-01 -2.0921e-01 +4.3126e-01 +1.0755e+00
9 0 +1.426922370e+04 +1.419050370e+04 +1.419050370e+04 -1.1967e-01 +4.5711e-01 +1.5779e+00 -4.1827e-01 -7.0849e-01 -4.0176e-01 +1.0154e+00 +4.2875e-01 -4.2976e-01 +6.1327e-01
26 0 +2.899273654e+03 +2.820553654e+03 +2.820553654e+03 -1.1609e+00 +1.0179e+00 +2.2222e+00 +1.1325e+00 -1.4194e+00 -3.8423e-01 +1.3669e+00 -6.0767e-01 +5.4382e-01 +8.7463e-01
66 0 +1.439328687e+03 +1.360608687e+03 +1.360608687e+03 +2.9914e+00 +6.5348e-01 -1.5576e+00 +4.5592e-01 +2.0747e-01 -1.3418e-01 -6.0195e-01 +9.0219e-01 -8.0652e-01 +6.1003e-02
74 0 +2.298260450e+02 +1.511060450e+02 +1.511060450e+02 +9.5723e-01 +4.8935e-01 +1.9926e+00 -4.4324e-01 +5.0851e-01 -7.6340e-01 +1.3888e+00 +1.8139e-01 +9.4919e-01 -1.1885e+00
79 0 +9.144399754e+01 +1.272399754e+01 +1.272399754e+01 -2.9000e-01 +6.7419e-01 +2.0699e-01 -2.0619e+00 -2.0896e-01 -7.2462e-01 +1.3856e+00 +6.6514e-01 -3.0762e-01 -1.4557e+00
158 0 +7.384742346e+01 -4.872576536e+00 -4.872576536e+00 -9.5047e-01 -4.7481e-01 +2.1094e+00 -8.5052e-01 +2.9061e-01 -8.0846e-02 +1.2505e+00 +2.5814e-01 +8.1843e-02 +2.2340e-01
516 0 +6.921069710e+01 -9.509302903e+00 -9.509302903e+00 -1.6521e-01 -8.8519e-01 +9.6085e-01 +1.1997e-01 +9.4837e-01 -6.0866e-01 +1.9610e-01 -1.4679e+00 +6.5446e-02 -4.7347e-01
810 0 +6.292268592e+01 -1.579731408e+01 -1.579731408e+01 -7.5364e-01 -4.3388e-01 +1.1998e+00 -3.9683e-01 +3.1232e-01 -2.1352e+00 +2.6336e-01 -3.7205e-01 +6.1002e-01 -3.6750e-01
980 0 +6.220056091e+01 -1.651943909e+01 -1.651943909e+01 +4.0885e-02 +1.4601e-01 +7.4162e-01 +1.8117e-01 +1.2115e+00 -9.8994e-01 +2.8033e-01 -5.4677e-01 +9.9432e-02 -1.2553e+00
1018 0 +5.846905494e+01 -2.025094506e+01 -2.025094506e+01 +6.9742e-01 -3.2839e-01 +4.6472e-01 -6.8434e-01 -8.8059e-02 -1.1849e+00 +1.0466e+00 -1.7903e+00 +9.9414e-01 -1.5568e+00
1092 0 +5.668625308e+01 -2.203374692e+01 -2.203374692e+01 +9.6078e-01 -1.1847e+00 +1.2153e-01 -1.0230e+00 -4.9197e-01 -9.7715e-01 +1.7674e+00 -2.3827e-01 +9.5930e-01 -1.2876e+00
1104 0 +5.055638041e+01 -2.816361959e+01 -2.816361959e+01 +1.2188e+00 -1.3983e+00 +1.0684e+00 -1.4788e+00 -9.5381e-01 -1.3027e+00 +2.5066e+00 -7.3815e-02 +1.4217e-01 -1.9170e+00
1106 0 +4.453922278e+01 -3.418077722e+01 -3.418077722e+01 +6.1070e-01 -8.8793e-01 +4.9778e-02 +3.1687e-02 -4.8194e-01 -1.8615e+00 +9.0888e-01 -1.7058e+00 +1.5237e+00 -1.1617e+00
1244 0 +4.217776720e+01 -3.654223280e+01 -3.654223280e+01 +5.3223e-01 -8.2612e-01 +3.0659e-01 -9.1797e-01 -6.5007e-01 -1.2451e+00 +1.5841e+00 -1.7389e-01 +4.5132e-01 -1.2069e+00
1253 0 +3.585984104e+01 -4.286015896e+01 -4.286015896e+01 +4.2860e-01 -1.8919e+00 -1.2461e-01 -9.8630e-01 -2.4068e-01 -1.2004e+00 +1.8830e+00 +5.7063e-02 +1.1690e+00 -1.3361e+00
1315 0 +3.047805510e+01 -4.824194490e+01 -4.824194490e+01 +1.2108e+00 -1.1561e+00 -5.8674e-01 -1.4938e+00 -6.4648e-01 -1.9343e+00 +1.4134e+00 -4.7131e-01 +1.9648e+00 -1.4172e+00
1357 0 +2.134238223e+01 -5.737761777e+01 -5.737761777e+01 +1.9798e+00 -2.2257e+00 -8.8990e-01 -1.2216e+00 -1.4484e+00 -3.1538e+00 +1.2149e+00 -2.8196e-01 +2.7082e+00 -7.3493e-01
1416 0 +1.838296100e+01 -6.033703900e+01 -6.033703900e+01 +2.1160e+00 -2.7996e+00 -1.0822e+00 +3.3418e-01 -1.4422e+00 -2.7375e+00 +1.8049e+00 +2.5914e-03 +2.8008e+00 -9.3795e-01
1604 0 +1.568582218e+01 -6.303417782e+01 -6.303417782e+01 +2.3740e+00 -3.2515e+00 -2.7567e+00 -7.5299e-01 -3.2613e+00 -3.9122e+00 +1.8772e+00 +1.1447e+00 +3.6080e+00 -6.6129e-02
1648 0 +1.410513959e+01 -6.461486041e+01 -6.461486041e+01 +1.9429e+00 -2.9807e+00 -3.1806e+00 -1.8240e+00 -1.9316e+00 -2.7727e+00 +1.9623e+00 +1.8455e+00 +2.8854e+00 -8.3349e-01
1748 0 +1.290126313e+01 -6.581873687e+01 -6.581873687e+01 +3.8404e+00 -2.9058e+00 -2.5954e+00 -1.0016e+00 -3.3145e+00 -3.7784e+00 +2.7875e+00 +1.2872e+00 +2.5497e+00 -1.9154e+00
1774 0 +1.013467590e+01 -6.858532410e+01 -6.858532410e+01 +1.9878e+00 -3.2937e+00 -1.9685e+00 -9.3807e-01 -1.2350e+00 -4.2854e+00 +2.4838e+00 +2.9864e+00 +2.5513e+00 -2.2159e+00
1778 0 +1.003127770e+01 -6.868872230e+01 -6.868872230e+01 +3.6349e+00 -2.3750e+00 -1.7610e+00 +4.1362e-01 -3.2384e+00 -4.7294e+00 +1.7315e+00 +1.8407e+00 +3.9788e+00 -1.2669e-01
1834 0 +5.885709495e+00 -7.283429050e+01 -7.283429050e+01 +2.5593e+00 -1.8428e+00 -1.4476e+00 -6.2455e-01 -1.3869e+00 -3.2303e+00 +2.3420e+00 +1.5331e+00 +3.3283e+00 -1.9191e+00
2069 0 +4.770665487e+00 -7.394933451e+01 -7.394933451e+01 +2.4904e+00 -1.2939e+00 -8.9121e-01 +1.9811e-01 -1.7708e+00 -4.3043e+00 +2.4063e+00 +3.0145e+00 +3.7259e+00 -1.5590e+00
2084 0 +3.996263716e+00 -7.472373628e+01 -7.472373628e+01 +3.3500e+00 -2.0680e+00 -1.7302e+00 +4.0301e-01 -2.2026e+00 -3.8619e+00 +1.8340e+00 +1.3337e+00 +3.6946e+00 -9.9826e-01
2151 0 +3.467395692e+00 -7.525260431e+01 -7.525260431e+01 +2.6649e+00 -1.5721e+00 -2.1763e+00 +1.3994e-01 -1.9871e+00 -2.8436e+00 +2.1927e+00 +3.2644e+00 +3.2856e+00 -5.9935e-01
2188 0 +2.327608727e+00 -7.639239127e+01 -7.639239127e+01 +4.3409e+00 -9.1651e-01 -1.6875e+00 +3.7726e-01 -1.8756e+00 -4.5458e+00 +2.0410e+00 +2.6780e+00 +3.9577e+00 -2.0439e+00
2293 0 +1.933641453e+00 -7.678635855e+01 -7.678635855e+01 +3.6075e+00 -2.0562e+00 -1.3305e+00 +8.9120e-01 -1.8906e+00 -3.5755e+00 +2.6024e+00 +2.5223e+00 +4.2475e+00 -1.3024e+00
2328 0 +1.899704695e+00 -7.682029530e+01 -7.682029530e+01 +2.7172e+00 -1.6755e+00 -1.7501e+00 -4.5694e-01 -1.3517e+00 -3.7614e+00 +2.1037e+00 +3.0950e+00 +4.1031e+00 -1.2538e+00
2358 0 +1.544244992e+00 -7.717575501e+01 -7.717575501e+01 +3.6855e+00 -1.7970e+00 -1.6556e+00 +7.4267e-01 -1.2886e+00 -3.7994e+00 +2.0551e+00 +2.0837e+00 +3.7507e+00 -1.8930e+00
2395 0 +1.013783571e+00 -7.770621643e+01 -7.770621643e+01 +3.4073e+00 -1.7714e+00 -1.7201e+00 +2.1834e-01 -1.2326e+00 -3.3052e+00 +2.0116e+00 +2.9542e+00 +3.7355e+00 -1.1725e+00
2458 0 +8.437953176e-01 -7.787620468e+01 -7.787620468e+01 +3.5376e+00 -1.2726e+00 -2.3434e+00 -3.9347e-01 -1.7419e+00 -3.2135e+00 +2.1785e+00 +2.7842e+00 +3.8655e+00 -1.4335e+00
% f evaluations | g evaluations | best noise-free fitness - Fopt (-4.151000000000e+01) + sum g_i+ | measured fitness | best measured fitness or single-digit g-values | x1 | x2...
1 0 +1.856812029e+06 +1.856770519e+06 +1.856770519e+06 +5.9671e-01 -3.8264e-02 +7.4769e-01 +1.6230e+00 -1.3415e-01 -1.3414e-01 +1.6792e+00 +8.6743e-01 -3.6947e-01 +6.4256e-01
2 0 +6.316008743e+05 +6.315593643e+05 +6.315593643e+05 -3.6342e-01 -3.6573e-01 +3.4196e-01 -1.8133e+00 -1.6249e+00 -4.6229e-01 -9.1283e-01 +4.1425e-01 -8.0802e-01 -1.3123e+00
3 0 +4.251113892e+05 +4.250698792e+05 +4.250698792e+05 +1.5656e+00 -1.2578e-01 +1.6753e-01 -1.3247e+00 -4.4438e-01 +2.1092e-01 -1.0510e+00 +4.7570e-01 -5.0064e-01 -1.9169e-01
9 0 +1.274423060e+05 +1.274007960e+05 +1.274007960e+05 -1.1967e-01 +4.5711e-01 +1.5779e+00 -4.1827e-01 -7.0849e-01 -4.0176e-01 +1.0154e+00 +4.2875e-01 -4.2976e-01 +6.1327e-01
28 0 +1.201777722e+04 +1.197626722e+04 +1.197626722e+04 +1.5413e+00 -1.3359e+00 +1.2632e+00 +1.1023e-01 -8.8151e-01 +5.6210e-01 +2.9906e-01 -5.0022e-01 +1.6980e-01 -2.8531e-01
83 0 +6.854171156e+01 +2.703171156e+01 +2.703171156e+01 -1.3988e-01 +1.1047e+00 +1.8473e+00 -1.0885e+00 -1.4129e+00 -4.2811e-02 +6.9331e-01 +3.0581e-01 -1.0014e+00 -2.7716e-01
458 0 +5.899898445e+01 +1.748898445e+01 +1.748898445e+01 +7.3105e-02 +1.2485e+00 +8.7879e-01 +1.2385e+00 -1.3587e+00 +3.1610e-03 -1.5786e-01 -1.2797e+00 -1.2055e+00 -1.6256e-01
554 0 +4.577117181e+01 +4.261171811e+00 +4.261171811e+00 +1.0055e+00 +7.6300e-01 -1.7960e-01 +9.3312e-01 -1.0562e+00 -2.0642e-01 -1.6678e-01 -1.5923e+00 -2.3094e-01 +1.0382e+00
1610 0 +3.569242017e+01 -5.817579833e+00 -5.817579833e+00 +2.8045e+00 -4.2842e-01 -1.3790e+00 +1.4144e+00 -3.5552e+00 -6.4246e-01 +1.2473e+00 +3.0091e-01 -2.2289e+00 +6.5479e-01
1663 0 +2.625373010e+01 -1.525626990e+01 -1.525626990e+01 +1.0855e+00 -1.7574e+00 -1.4364e+00 -4.6242e-01 -2.5457e+00 -1.9330e+00 -3.8564e-01 +2.8741e-01 -2.8494e+00 -6.2252e-01
1875 0 +2.561058923e+01 -1.589941077e+01 -1.589941077e+01 +2.1448e+00 -2.1869e+00 -7.3793e-01 -2.7074e+00 -3.2119e+00 +1.1534e+00 -2.3173e-01 +8.0953e-01 -1.3784e+00 +2.3185e+00
1906 0 +1.872399974e+01 -2.278600026e+01 -2.278600026e+01 +3.1065e+00 -3.5581e+00 -1.4962e+00 -1.4636e+00 -2.6039e+00 -2.5726e-01 -2.4009e+00 +1.3022e+00 -3.2133e+00 +1.1333e+00
1917 0 +1.314070641e+01 -2.836929359e+01 -2.836929359e+01 +3.4019e+00 -3.3472e+00 -2.1201e+00 -1.2441e+00 -3.5437e+00 +5.3924e-01 -1.8318e+00 +9.3324e-01 -2.9250e+00 +2.6605e+00
1923 0 +1.092176876e+01 -3.058823124e+01 -3.058823124e+01 +3.8091e+00 -1.4845e+00 -1.9925e+00 -1.0605e+00 -4.8125e+00 -1.7704e+00 -1.6929e+00 +1.7276e+00 -2.3926e+00 +2.1951e+00
2230 0 +8.504934981e+00 -3.300506502e+01 -3.300506502e+01 +2.2352e+00 -1.6846e+00 -1.1159e+00 -1.3672e+00 -4.4052e+00 +8.2790e-01 -1.0779e+00 +8.7232e-01 -2.6317e+00 +2.8428e+00
2252 0 +8.295252202e+00 -3.321474780e+01 -3.321474780e+01 +2.6835e+00 -2.2802e+00 -2.4469e+00 +3.6150e-01 -3.7148e+00 +2.6172e-01 -3.0405e+00 +3.0525e-02 -3.6807e+00 +3.4960e+00
2259 0 +5.654962200e+00 -3.585503780e+01 -3.585503780e+01 +3.5873e+00 -1.4487e+00 -3.4270e+00 -3.0473e-01 -2.6836e+00 +6.6773e-02 -1.4770e+00 +2.4565e-02 -2.5896e+00 +3.8010e+00
2276 0 +3.000166931e+00 -3.850983307e+01 -3.850983307e+01 +2.8541e+00 -1.9625e+00 -3.2551e+00 -9.0529e-01 -3.7592e+00 +4.9577e-01 -1.2440e+00 -2.3790e-01 -2.6723e+00 +2.8005e+00
2462 0 +2.454844419e+00 -3.905515558e+01 -3.905515558e+01 +2.1673e+00 -1.6886e+00 -3.2238e+00 -1.1283e+00 -2.6538e+00 -2.7126e-01 -2.3679e+00 -5.1502e-02 -3.4932e+00 +2.6766e+00
% f evaluations | g evaluations | best noise-free fitness - Fopt (1.320700000000e+02) + sum g_i+ | measured fitness | best measured fitness or single-digit g-values | x1 | x2...
1 0 +1.307220624e+06 +1.307352694e+06 +1.307352694e+06 +5.9671e-01 -3.8264e-02 +7.4769e-01 +1.6230e+00 -1.3415e-01 -1.3414e-01 +1.6792e+00 +8.6743e-01 -3.6947e-01 +6.4256e-01
2 0 +6.417404060e+05 +6.418724760e+05 +6.418724760e+05 -3.6342e-01 -3.6573e-01 +3.4196e-01 -1.8133e+00 -1.6249e+00 -4.6229e-01 -9.1283e-01 +4.1425e-01 -8.0802e-01 -1.3123e+00
3 0 +1.364909878e+05 +1.366230578e+05 +1.366230578e+05 +1.5656e+00 -1.2578e-01 +1.6753e-01 -1.3247e+00 -4.4438e-01 +2.1092e-01 -1.0510e+00 +4.7570e-01 -5.0064e-01 -1.9169e-01
6 0 +3.707159746e+04 +3.720366746e+04 +3.720366746e+04 +4.2408e-01 -2.8508e-01 -5.7692e-01 +7.1168e-01 +1.1310e+00 +1.0313e+00 -7.3922e-01 -2.0921e-01 +4.3126e-01 +1.0755e+00
11 0 +5.701200035e+03 +5.833270035e+03 +5.833270035e+03 -1.3154e+00 -3.2065e-01 -2.4271e-01 -7.0228e-01 -6.1286e-02 +5.0405e-01 +1.9862e+00 +2.7458e-01 +3.5755e-01 +2.5554e-02
34 0 +1.701501380e+03 +1.833571380e+03 +1.833571380e+03 +8.7753e-02 -7.9725e-01 +1.7580e-01 -5.7716e-01 +1.0751e+00 -4.7057e-02 -7.2550e-01 -2.2139e-01 +5.1293e-01 -4.6372e-01
89 0 +2.955258396e+02 +4.275958396e+02 +4.275958396e+02 +3.7438e-01 -1.8467e-01 -1.0760e+00 +2.7247e-01 +1.1215e-01 +6.1214e-01 -8.6509e-02 -2.2104e-01 -5.9397e-01 +1.2267e+00
155 0 +5.636986634e+01 +1.884398663e+02 +1.884398663e+02 -4.0373e-01 +3.8388e-01 +3.4579e-02 +5.6489e-02 +7.8366e-02 +7.1331e-01 -1.3251e-01 +2.8328e-01 -1.5149e-01 -6.5240e-01
302 0 +4.155024191e+01 +1.736202419e+02 +1.736202419e+02 -1.2270e+00 -2.3499e-01 +9.2660e-01 -1.2397e+00 +5.6850e-01 -5.9816e-02 +7.7468e-01 +1.0392e+00 +2.7363e-01 +1.1753e+00
339 0 +2.651968006e+01 +1.585896801e+02 +1.585896801e+02 -7.7358e-01 +8.1443e-01 +3.4430e-01 -4.0756e-01 +6.8933e-01 -1.7721e-01 +1.2750e+00 -1.8073e+00 -1.9353e-01 -1.0348e+00
1296 0 +2.591471575e+01 +1.579847157e+02 +1.579847157e+02 -1.4849e+00 +1.9128e+00 +4.7576e-01 -6.6618e-01 +2.0119e+00 +1.0390e+00 -6.5737e-01 +8.2825e-03 +1.7940e-01 -1.6893e+00
1361 0 +1.865833094e+01 +1.507283309e+02 +1.507283309e+02 -1.7598e+00 +9.9661e-01 +1.4411e+00 +4.9807e-01 +3.3370e-01 +1.7943e+00 +1.5424e-01 +7.4629e-02 +1.0374e+00 -1.5591e+00
1555 0 +1.370883123e+01 +1.457788312e+02 +1.457788312e+02 -2.2911e+00 +2.3697e+00 +2.6958e+00 +1.2387e-01 +8.7221e-01 +2.1136e+00 -2.9273e-01 -3.6718e-01 +1.0021e+00 -7.7424e-01
1629 0 +1.334840005e+01 +1.454184000e+02 +1.454184000e+02 -1.7043e+00 +1.7283e+00 +1.5661e+00 -7.5330e-02 +1.0757e+00 +6.2982e-01 +9.3520e-01 +7.6895e-01 +1.2774e+00 -1.4254e+00
1654 0 +9.236680716e+00 +1.413066807e+02 +1.413066807e+02 -2.4343e+00 +1.7085e+00 +2.4697e+00 -1.2444e-01 +6.8036e-01 -7.5568e-02 +1.3793e+00 +5.9584e-01 +7.1612e-01 -2.1598e+00
1680 0 +7.339750962e+00 +1.394097510e+02 +1.394097510e+02 -1.5262e+00 +3.2960e+00 +1.1373e+00 +7.7905e-01 +1.1427e-01 +7.2179e-01 +8.0721e-01 -1.4240e-02 -7.8456e-01 -1.8142e+00
1773 0 +4.436426400e+00 +1.365064264e+02 +1.365064264e+02 -2.8875e+00 +2.9828e+00 +2.9524e+00 +1.1665e+00 +5.5407e-01 +5.4394e-01 +1.5992e+00 -4.2316e-01 +4.1147e-01 -1.9290e+00
2046 0 +3.881326642e+00 +1.359513266e+02 +1.359513266e+02 -1.9125e+00 +4.2112e+00 +1.7821e+00 +6.9394e-01 +2.7991e-01 +9.2980e-01 +8.8744e-01 -2.1003e-01 -5.9253e-01 -2.4029e+00
2074 0 +2.943579469e+00 +1.350135795e+02 +1.350135795e+02 -2.1718e+00 +3.7909e+00 +2.3882e+00 +8.5831e-01 +3.6237e-01 -4.2966e-01 +1.7221e+00 -5.6350e-01 -5.5735e-01 -3.1081e+00
2122 0 +2.120401889e+00 +1.341904019e+02 +1.341904019e+02 -2.2519e+00 +4.3256e+00 +2.6743e+00 -6.8754e-02 +6.6595e-01 +4.8231e-01 +5.5678e-01 -2.8914e-01 -6.6741e-01 -2.2520e+00
2285 0 +1.507809747e+00 +1.335778097e+02 +1.335778097e+02 -1.9935e+00 +3.3036e+00 +2.6186e+00 +6.0000e-01 +1.8178e-01 +3.3528e-01 +1.3225e+00 -8.0073e-02 +2.3340e-01 -2.2521e+00
2317 0 +1.504476990e+00 +1.335744770e+02 +1.335744770e+02 -2.5679e+00 +3.8180e+00 +3.4476e+00 -2.2593e-01 +1.5634e-01 +4.7758e-01 +1.1099e+00 +5.7340e-01 +2.8071e-01 -2.7961e+00
2345 0 +1.112612367e+00 +1.331826124e+02 +1.331826124e+02 -2.5016e+00 +3.6157e+00 +3.2002e+00 +2.7603e-02 +5.4565e-01 -3.5154e-01 +1.3324e+00 -7.0939e-01 -3.7678e-01 -2.7747e+00
2352 0 +1.099385218e+00 +1.331693852e+02 +1.331693852e+02 -2.2722e+00 +3.5240e+00 +2.7873e+00 -3.8507e-01 +1.1898e-01 +4.4063e-01 +1.5105e+00 -9.9740e-01 -2.0176e-01 -2.4108e+00
2388 0 +1.072320821e+00 +1.331423208e+02 +1.331423208e+02 -2.2629e+00 +3.3700e+00 +3.0779e+00 +3.8947e-01 +2.6361e-01 +3.8104e-01 +9.3454e-01 +1.8822e-01 +2.0180e-01 -2.3061e+00
2410 0 +1.045054667e+00 +1.331150547e+02 +1.331150547e+02 -2.2881e+00 +3.4441e+00 +2.9079e+00 -1.0055e-01 +3.3216e-01 -1.4529e-01 +1.6467e+00 -3.7805e-01 -1.0035e-01 -2.2465e+00
2425 0 +8.497373170e-01 +1.329197373e+02 +1.329197373e+02 -2.1725e+00 +3.9977e+00 +3.4557e+00 -2.1550e-02 +8.1624e-02 +2.8848e-01 +9.9355e-01 -4.8678e-01 -1.4464e-01 -2.4140e+00
2465 0 +5.090065131e-01 +1.325790065e+02 +1.325790065e+02 -2.4262e+00 +3.6347e+00 +3.1058e+00 +1.9023e-01 +2.6524e-01 +8.8473e-02 +1.4915e+00 +1.7213e-01 +1.2251e-01 -2.4935e+00
% f evaluations | g evaluations | best noise-free fitness - Fopt (9.725000000000e+01) + sum g_i+ | measured fitness | best measured fitness or single-digit g-values | x1 | x2...
1 0 +6.732509323e+05 +6.733481823e+05 +6.733481823e+05 +5.9671e-01 -3.8264e-02 +7.4769e-01 +1.6230e+00 -1.3415e-01 -1.3414e-01 +1.6792e+00 +8.6743e-01 -3.6947e-01 +6.4256e-01
3 0 +4.857483733e+05 +4.858456233e+05 +4.858456233e+05 +1.5656e+00 -1.2578e-01 +1.6753e-01 -1.3247e+00 -4.4438e-01 +2.1092e-01 -1.0510e+00 +4.7570e-01 -5.0064e-01 -1.9169e-01
4 0 +1.863674020e+05 +1.864646520e+05 +1.864646520e+05 -5.0171e-01 +1.9523e+00 +8.6503e-02 -9.5771e-01 +9.2254e-01 -1.1208e+00 +3.0886e-01 -1.8597e+00 -1.2282e+00 +2.9686e-01
10 0 +1.080543103e+05 +1.081515603e+05 +1.081515603e+05 +1.9708e-01 +1.0686e+00 -6.0205e-01 -2.2766e-01 -2.9211e-01 -1.3635e+00 +3.9612e-01 +3.6106e-01 +1.0511e-01 -1.3459e-01
11 0 +3.061842291e+04 +3.071567291e+04 +3.071567291e+04 -1.3154e+00 -3.2065e-01 -2.4271e-01 -7.0228e-01 -6.1286e-02 +5.0405e-01 +1.9862e+00 +2.7458e-01 +3.5755e-01 +2.5554e-02
47 0 +1.330748666e+04 +1.340473666e+04 +1.340473666e+04 +2.0647e+00 +1.3526e-01 -5.9973e-01 +3.1398e-01 -1.2328e-02 -1.2097e-01 +7.1417e-01 +8.5751e-01 -4.3050e-01 -4.7582e-01
51 0 +2.228334478e+03 +2.325584478e+03 +2.325584478e+03 +6.5815e-01 +8.3564e-01 +3.7979e-01 +5.0483e-01 +6.9650e-01 +4.5554e-01 -4.4940e-02 +3.2395e-01 -1.3701e-02 +5.2964e-01
60 0 +2.107096345e+02 +3.079596345e+02 +3.079596345e+02 -4.4842e-01 -2.1852e-01 -6.8686e-01 +6.9361e-02 +8.5406e-01 -5.1807e-01 +1.1505e-01 +7.7471e-01 -9.9687e-01 +7.0954e-02
180 0 +7.073588205e+01 +1.679858821e+02 +1.679858821e+02 +7.4561e-01 -2.0579e-01 -6.8393e-01 -1.2422e+00 +1.1805e+00 +9.7164e-01 -4.0101e-01 -7.9381e-01 +6.1960e-01 +1.3197e+00
215 0 +6.448624612e+01 +1.617362461e+02 +1.617362461e+02 +2.6725e+00 +9.2089e-01 +2.7982e-01 -8.7878e-01 +3.8115e-01 -1.0267e+00 +8.8370e-01 -2.3461e-01 -1.8358e+00 +1.3134e+00
389 0 +5.804630452e+01 +1.552963045e+02 +1.552963045e+02 +4.3482e-01 +1.4608e+00 +1.4993e+00 +7.9154e-01 +1.3342e+00 +1.2005e+00 -1.5621e+00 +4.1716e-01 -1.8203e+00 -6.9000e-01
770 0 +4.270381105e+01 +1.399538111e+02 +1.399538111e+02 +6.1801e-01 +6.0679e-01 +9.6054e-01 -1.2360e-01 +9.0796e-01 -4.6831e-01 -4.5412e-01 +8.8531e-01 +6.1706e-01 +1.5905e+00
1072 0 +3.518709698e+01 +1.324370970e+02 +1.324370970e+02 -3.0747e-02 -5.6393e-01 -1.0523e+00 -3.3093e-01 +1.0329e+00 -4.1354e-02 -3.2474e-01 +1.3342e-01 -3.0818e-02 -3.8606e-02
1170 0 +3.301297795e+01 +1.302629779e+02 +1.302629779e+02 +1.1695e+00 -1.2761e+00 -5.1753e-01 -1.5796e+00 +1.1679e+00 +1.1662e+00 +1.0804e+00 +6.8441e-01 -1.4838e+00 +5.0399e-01
1252 0 +3.292873911e+01 +1.301787391e+02 +1.301787391e+02 -1.3652e+00 -1.6768e+00 -7.5461e-01 -1.5257e+00 +1.9764e+00 +1.4119e+00 +1.4501e+00 +1.6652e-01 -1.6898e+00 +3.9223e-01
1312 0 +2.084322450e+01 +1.180932245e+02 +1.180932245e+02 +7.8100e-01 -1.2072e-02 +5.1944e-01 -1.1321e+00 +1.8652e+00 +2.3033e-01 -4.4431e-01 -8.8046e-01 -4.2390e-01 +6.1887e-01
1510 0 +1.624554340e+01 +1.134955434e+02 +1.134955434e+02 -8.3973e-01 -2.6003e-01 +4.9798e-01 -1.0173e+00 +2.3207e+00 +4.8382e-01 +1.0617e+00 -2.0888e+00 -2.1169e-01 +8.2807e-02
1520 0 +1.587103949e+01 +1.131210395e+02 +1.131210395e+02 -4.7062e-01 +2.4904e-01 +7.7638e-01 -7.0375e-01 +2.2487e+00 -2.4972e-01 +2.3519e-01 -1.5788e+00 -6.3189e-01 +4.4242e-01
1607 0 +1.538712695e+01 +1.126371269e+02 +1.126371269e+02 -1.1185e+00 -2.8846e-01 -2.3674e-01 -1.4426e+00 +2.9652e+00 +5.1194e-01 +4.8580e-01 -3.3299e+00 -5.8905e-01 +6.7595e-01
1609 0 +1.451698681e+01 +1.117669868e+02 +1.117669868e+02 +8.7987e-01 +1.0179e+00 +3.5466e-01 -3.9661e-01 +1.9317e+00 -5.2335e-01 -1.5217e-01 -2.7376e+00 -8.3647e-02 +8.4054e-01
1618 0 +1.318674248e+01 +1.104367425e+02 +1.104367425e+02 +8.3373e-01 +4.3505e-01 +1.0605e+00 -1.4910e+00 +1.6902e+00 +1.0801e+00 +2.2209e+00 -2.4451e+00 -1.2192e+00 +4.9422e-01
1683 0 +1.260366157e+01 +1.098536616e+02 +1.098536616e+02 +1.3311e-01 -3.3287e-03 +2.5954e-01 -1.8932e-01 +2.5337e+00 +1.6744e+00 +1.0106e+00 -2.6813e+00 -1.1300e+00 -6.2845e-01
1684 0 +1.029434375e+01 +1.075443437e+02 +1.075443437e+02 +9.1875e-02 -6.4007e-02 +1.0588e+00 -1.3215e+00 +2.6367e+00 +2.4999e+00 +1.4917e+00 -2.3205e+00 -1.5593e+00 +4.3005e-01
1701 0 +5.981680455e+00 +1.032316805e+02 +1.032316805e+02 +5.6587e-01 +5.6729e-01 +4.3055e-01 -6.9082e-01 +2.6331e+00 +2.2316e+00 +1.6643e+00 -3.1748e+00 -3.7349e+00 -2.3354e-01
1716 0 +4.686389221e+00 +1.019363892e+02 +1.019363892e+02 +1.3145e+00 +1.3824e+00 +1.4765e+00 -1.1538e+00 +2.7812e+00 +1.2382e+00 +1.4459e+00 -4.4406e+00 -1.9417e+00 +9.4381e-01
1765 0 +2.452334528e+00 +9.970233453e+01 +9.970233453e+01 +6.7243e-01 +8.4748e-01 +2.4587e-01 -4.4079e-01 +3.0109e+00 +1.3658e+00 +1.0134e+00 -3.4560e+00 -2.6617e+00 +1.6831e+00
2214 0 +2.138004396e+00 +9.938800440e+01 +9.938800440e+01 +1.4517e+00 +9.1974e-01 +3.1755e-01 +6.7942e-02 +2.9992e+00 +8.3724e-01 +1.8677e+00 -4.4019e+00 -2.1461e+00 +9.1793e-01
2288 0 +2.109896311e+00 +9.935989631e+01 +9.935989631e+01 +7.7296e-01 +1.2172e+00 +3.6302e-01 +8.3961e-01 +3.2148e+00 +1.6244e+00 +2.5484e-01 -3.4825e+00 -2.2106e+00 +1.0986e+00
2298 0 +1.613946162e+00 +9.886394616e+01 +9.886394616e+01 +3.9073e-01 +1.2308e+00 +6.9273e-01 -4.0353e-01 +3.2226e+00 +8.1753e-01 +7.4691e-01 -4.0548e+00 -2.7534e+00 +1.1476e+00
2314 0 +1.550257545e+00 +9.880025754e+01 +9.880025754e+01 +9.2518e-01 +1.4478e+00 +1.5427e+00 -3.0794e-02 +2.9642e+00 +1.1219e+00 +1.5819e+00 -3.5559e+00 -2.7046e+00 +1.0363e+00
2325 0 +1.403378176e+00 +9.865337818e+01 +9.865337818e+01 +6.4450e-01 +1.5714e+00 +3.5980e-01 +5.4073e-01 +3.0576e+00 +1.2575e+00 +1.0935e+00 -4.3713e+00 -2.7224e+00 +1.0217e+00
2402 0 +1.350299061e+00 +9.860029906e+01 +9.860029906e+01 +3.7794e-01 +1.5213e+00 +9.4963e-01 +2.4331e-01 +2.7921e+00 +9.9749e-01 +6.5672e-01 -3.5408e+00 -1.7404e+00 +1.1151e+00
2412 0 +9.082910474e-01 +9.815829105e+01 +9.815829105e+01 +5.2126e-01 +1.1763e+00 +5.6364e-01 -5.7904e-02 +2.9231e+00 +1.1411e+00 +7.7461e-01 -3.3990e+00 -2.3643e+00 +1.4138e+00
2439 0 +7.217490669e-01 +9.797174907e+01 +9.797174907e+01 +7.1862e-01 +1.0785e+00 +7.0861e-01 +2.9207e-01 +3.1098e+00 +1.1656e+00 +1.3265e+00 -3.4203e+00 -2.5625e+00 +1.3828e+00
2482 0 +6.208128719e-01 +9.787081287e+01 +9.787081287e+01 +7.4476e-01 +8.6066e-01 +7.6193e-01 +5.1502e-01 +3.2591e+00 +1.3010e+00 +1.2412e+00 -3.5184e+00 -2.4619e+00 +4.8588e-01
% f evaluations | g evaluations | best noise-free fitness - Fopt (-2.033000000000e+01) + sum g_i+ | measured fitness | best measured fitness or single-digit g-values | x1 | x2...
1 0 +2.814711601e+07 +2.814709568e+07 +2.814709568e+07 +5.9671e-01 -3.8264e-02 +7.4769e-01 +1.6230e+00 -1.3415e-01 -1.3414e-01 +1.6792e+00 +8.6743e-01 -3.6947e-01 +6.4256e-01
3 0 +2.728984832e+07 +2.728982799e+07 +2.728982799e+07 +1.5656e+00 -1.2578e-01 +1.6753e-01 -1.3247e+00 -4.4438e-01 +2.1092e-01 -1.0510e+00 +4.7570e-01 -5.0064e-01 -1.9169e-01
6 0 +2.425356646e+07 +2.425354613e+07 +2.425354613e+07 +4.2408e-01 -2.8508e-01 -5.7692e-01 +7.1168e-01 +1.1310e+00 +1.0313e+00 -7.3922e-01 -2.0921e-01 +4.3126e-01 +1.0755e+00
18 0 +2.211353518e+07 +2.211351485e+07 +2.211351485e+07 -7.8951e-01 -7.1581e-01 +2.2898e-02 +4.4115e-01 +3.7669e-01 +9.2718e-01 +1.1300e-01 +1.5535e+00 -1.6466e-01 +2.8202e+00
23 0 +2.126225833e+07 +2.126223800e+07 +2.126223800e+07 +2.4147e+00 -1.7673e+00 +7.8626e-01 -1.5127e+00 -3.7193e-01 +1.1890e+00 +1.6428e-01 -9.7774e-01 -6.1530e-01 +7.7960e-01
51 0 +1.262092036e+07 +1.262090003e+07 +1.262090003e+07 -1.5138e+00 -3.7353e+00 +5.5525e-02 -1.9951e-01 +1.0963e+00 +2.2118e+00 -2.9048e+00 -1.6723e-01 -1.0710e+00 +1.6222e+00
56 0 +1.221406168e+07 +1.221404135e+07 +1.221404135e+07 +1.3204e+00 -1.9018e+00 +2.7902e-01 -8.2956e-01 -8.8911e-01 +1.3662e+00 -4.9495e-01 +1.2579e+00 -6.9153e-01 +2.5892e+00
91 0 +1.049362168e+07 +1.049360135e+07 +1.049360135e+07 +1.7193e+00 -9.4167e-01 +1.7050e+00 +9.7267e-01 +5.4691e-01 +1.4756e+00 +6.6925e-02 +1.1286e+00 -1.2439e+00 +1.2166e+00
96 0 +5.841941582e+06 +5.841921252e+06 +5.841921252e+06 +2.4547e+00 -1.0081e-01 +1.0276e-01 +3.6990e-01 +6.7117e-01 +1.4489e+00 -1.8865e+00 +2.4032e+00 -2.7467e+00 -3.5445e-01
102 0 +1.961575759e+06 +1.961555429e+06 +1.961555429e+06 +1.5669e+00 -3.0645e+00 +6.0352e-01 +9.5247e-01 +3.3218e+00 +6.5189e-01 -2.2828e+00 +1.3065e-01 -2.1213e+00 +3.0256e+00
104 0 +1.753927956e+06 +1.753907626e+06 +1.753907626e+06 +2.1935e+00 -1.7160e+00 +1.4921e+00 +3.8570e+00 +1.4112e+00 +2.4261e+00 -2.6080e+00 -1.0114e+00 +7.2923e-01 +2.2904e+00
152 0 +1.580331431e+06 +1.580311101e+06 +1.580311101e+06 +4.5968e+00 +1.8585e+00 +3.5912e+00 +2.7459e+00 +4.2142e+00 +2.6640e+00 -3.3872e-01 +1.5543e-01 -1.2878e+00 +1.6938e+00
155 0 +1.577650253e+05 +1.577446953e+05 +1.577446953e+05 +4.6064e+00 -4.0627e+00 +3.8978e+00 +3.5502e-01 +1.2581e-01 +3.7083e+00 -1.7812e+00 +1.7186e+00 -9.4757e-01 +2.0476e+00
176 0 +1.004968582e+04 +1.002935582e+04 +1.002935582e+04 +4.1049e+00 +1.6342e+00 +1.9520e+00 +3.7311e+00 -1.7736e-01 +2.9250e-01 -2.2987e+00 +1.5958e+00 -4.4692e+00 +6.2920e-01
178 0 +2.367867948e+02 +2.164567948e+02 +2.164567948e+02 +9.4809e-01 -3.7643e+00 -2.0294e+00 +3.9450e+00 +3.3272e+00 +1.3827e+00 -2.1509e+00 -1.7700e+00 -4.0920e+00 +2.6433e+00
235 0 +2.285793773e+02 +2.082493773e+02 +2.082493773e+02 +2.9072e+00 -2.9492e+00 +1.6081e+00 +4.3809e+00 -2.3328e+00 +1.0088e-01 -2.3779e+00 +2.6773e+00 -4.8100e+00 -1.8157e+00
613 0 +7.131614917e+01 +5.098614917e+01 +5.098614917e+01 +3.6942e+00 -3.3983e+00 +2.1857e-01 +1.5359e-01 -8.9089e-01 +1.8155e+00 -1.5649e+00 +2.5200e+00 -2.1963e+00 +3.1905e+00
667 0 +4.633989062e+01 +2.600989062e+01 +2.600989062e+01 +4.1375e+00 -2.8430e+00 -9.7967e-03 +2.6291e+00 +6.4899e-01 +1.8375e+00 -2.1324e+00 +1.3627e+00 -1.7139e+00 +8.6935e-01
1455 0 +4.632185261e+01 +2.599185261e+01 +2.599185261e+01 +4.1272e+00 -1.1331e+00 +7.3978e-01 +2.8882e+00 -2.2223e+00 +7.2017e-01 -4.1865e+00 +2.3870e+00 -5.8415e-01 +1.4417e+00
1775 0 +3.114600029e+01 +1.081600029e+01 +1.081600029e+01 +4.2479e+00 +2.5484e-02 -3.1403e-01 +2.0993e+00 -8.0650e-01 +1.9094e+00 -3.0418e+00 +1.3846e+00 -2.4583e+00 +1.7362e+00
1816 0 +3.061718179e+01 +1.028718179e+01 +1.028718179e+01 +4.2755e+00 +1.1001e+00 -1.1742e+00 +2.0925e+00 -3.3644e-01 +2.2427e+00 -3.6201e+00 +8.6863e-01 -1.7167e+00 +2.6642e+00
1865 0 +2.808954454e+01 +7.759544537e+00 +7.759544537e+00 +3.5226e+00 +4.1842e-01 -8.9035e-01 +3.4857e+00 +7.1766e-01 +2.8441e+00 -1.4618e+00 +2.3795e+00 -2.0893e+00 +2.1827e+00
1867 0 +2.734034716e+01 +7.010347156e+00 +7.010347156e+00 +4.2780e+00 +2.2378e+00 +9.4451e-01 +1.7305e+00 +1.8658e-01 +2.6746e+00 -1.6167e+00 +3.4413e+00 -5.7234e-01 +4.9660e+00
1926 0 +2.440981827e+01 +4.079818272e+00 +4.079818272e+00 +4.5929e+00 +1.1877e+00 +1.9881e+00 +4.0198e+00 +1.0076e+00 -5.3647e-01 -4.1116e+00 +2.1475e-01 -3.3585e-01 +3.1318e+00
1972 0 +2.323442261e+01 +2.904422606e+00 +2.904422606e+00 +3.8586e+00 +3.8565e+00 -2.7903e-02 +3.6539e+00 +8.9871e-01 +1.7617e+00 -2.1201e+00 +2.2771e+00 -1.9270e+00 +4.1661e+00
2075 0 +1.581532057e+01 -4.514679431e+00 -4.514679431e+00 +4.4294e+00 +2.5919e-01 +5.3933e-01 +3.4161e+00 +3.8903e-01 +1.5680e+00 -3.4113e+00 +6.8993e-01 -3.7543e-01 +2.4151e+00
2090 0 +1.534878520e+01 -4.981214799e+00 -4.981214799e+00 +4.5450e+00 +3.6566e+00 +1.0015e+00 +2.6725e+00 +5.7544e-01 +4.4493e+00 -1.7433e+00 +2.0010e+00 -1.8882e+00 +2.6582e+00
2138 0 +1.389783837e+01 -6.432161633e+00 -6.432161633e+00 +3.1501e+00 +1.0308e+00 -7.2414e-01 +2.4625e+00 +1.7938e+00 +3.2210e+00 -4.6314e+00 +6.9869e-01 -6.3871e-01 +2.9693e+00
2154 0 +1.349572705e+01 -6.834272955e+00 -6.834272955e+00 +4.5235e+00 +2.5258e+00 +3.6896e-02 +4.4576e+00 +5.2118e-01 +2.7921e+00 -2.1457e+00 +2.1638e+00 +1.3372e-01 +2.9178e+00
2155 0 +1.005998275e+01 -1.027001725e+01 -1.027001725e+01 +4.3991e+00 +2.0673e+00 +2.7116e+00 +1.8663e+00 +1.9515e+00 +3.4621e+00 -2.4748e+00 +1.9378e+00 +1.5183e-01 +4.2918e+00
2178 0 +7.458639533e+00 -1.287136047e+01 -1.287136047e+01 +3.8969e+00 +1.0711e+00 +1.6923e+00 +3.5505e+00 +1.0653e+00 +2.8557e+00 -3.2653e+00 +2.2392e-01 +3.4759e-01 +3.5380e+00
2294 0 +3.615465529e+00 -1.671453447e+01 -1.671453447e+01 +3.5972e+00 +2.4427e+00 +5.9699e-01 +3.3132e+00 +2.0411e+00 +3.7712e+00 -3.2495e+00 +1.4608e+00 -1.6327e-02 +3.4881e+00
2426 0 +3.540817690e+00 -1.678918231e+01 -1.678918231e+01 +3.9816e+00 +1.5561e+00 +3.0879e+00 +3.3411e+00 +1.7667e+00 +3.7712e+00 -4.1597e+00 +8.9702e-01 +8.6850e-01 +2.4169e+00
2449 0 +3.241713248e+00 -1.708828675e+01 -1.708828675e+01 +3.9508e+00 +3.0241e+00 +1.0814e+00 +4.0898e+00 +2.7465e+00 +3.7955e+00 -4.4535e+00 +8.3759e-01 +9.9287e-01 +2.6548e+00
% f evaluations | g evaluations | best noise-free fitness - Fopt (9.431000000000e+01) + sum g_i+ | measured fitness | best measured fitness or single-digit g-values | x1 | x2...
1 0 +1.950994288e+06 +1.951088598e+06 +1.951088598e+06 +5.9671e-01 -3.8264e-02 +7.4769e-01 +1.6230e+00 -1.3415e-01 -1.3414e-01 +1.6792e+00 +8.6743e-01 -3.6947e-01 +6.4256e-01
2 0 +8.980451868e+05 +8.981394968e+05 +8.981394968e+05 -3.6342e-01 -3.6573e-01 +3.4196e-01 -1.8133e+00 -1.6249e+00 -4.6229e-01 -9.1283e-01 +4.1425e-01 -8.0802e-01 -1.3123e+00
8 0 +2.762718679e+05 +2.763661779e+05 +2.763661779e+05 +4.6140e-01 +1.6380e+00 +6.4174e-02 +1.6646e+00 -2.5197e+00 +9.2190e-01 +1.8705e-01 -1.9901e-01 +1.9176e-01 -1.8876e+00
54 0 +2.000725098e+04 +2.010156098e+04 +2.010156098e+04 +5.7308e-01 +1.1178e+00 +1.6207e+00 +8.8428e-01 -3.0153e+00 +3.5215e-01 +4.3124e-01 -1.4723e+00 -1.9040e-01 -6.5709e-01
102 0 +1.092966482e+02 +2.036066482e+02 +2.036066482e+02 -1.5945e-01 -9.4907e-01 -5.3033e-01 +1.8384e+00 -7.6149e-01 -1.4161e+00 +2.2532e+00 -1.2798e-01 -1.5025e+00 -1.1313e+00
707 0 +8.647379205e+01 +1.807837920e+02 +1.807837920e+02 -6.9674e-01 +3.1323e+00 +3.5711e+00 +3.0458e+00 -1.7768e+00 -3.0244e-01 +1.4404e+00 -2.6488e+00 +2.6224e-01 +1.4912e-01
764 0 +8.131871144e+01 +1.756287114e+02 +1.756287114e+02 -1.0387e+00 +1.8705e+00 +9.5478e-01 +1.7981e+00 -1.6081e+00 -1.5959e-01 +1.6543e+00 +4.8908e-01 -7.9633e-01 +8.5054e-01
1094 0 +6.801276567e+01 +1.623227657e+02 +1.623227657e+02 -1.2457e-01 +1.3058e-01 +9.2826e-01 +3.1672e+00 -6.6661e-01 -7.0056e-01 +9.3428e-01 +5.2035e-01 -1.5362e+00 -3.0179e+00
1369 0 +5.581431021e+01 +1.501243102e+02 +1.501243102e+02 -2.1579e+00 +3.2398e+00 +4.3074e-01 +5.0335e-01 +3.9078e-01 -8.1101e-01 +2.0130e+00 +3.8421e-01 -7.8954e-01 +4.2826e-01
1529 0 +4.191394743e+01 +1.362239474e+02 +1.362239474e+02 -3.5408e+00 +3.5699e+00 +2.1130e+00 +3.7727e-01 +1.4722e+00 +9.7122e-01 +1.3381e+00 +4.2614e-01 -1.3883e+00 +4.2612e-01
1708 0 +2.570490244e+01 +1.200149024e+02 +1.200149024e+02 -3.0051e+00 +1.7852e+00 +2.7878e+00 +3.2069e+00 +8.6636e-02 -1.5397e+00 +2.7626e-01 -8.7705e-01 -1.8773e+00 -1.8314e+00
1840 0 +2.156216208e+01 +1.158721621e+02 +1.158721621e+02 -3.0204e+00 +2.7031e+00 +4.4213e+00 +1.7644e+00 +9.0516e-01 -1.6468e+00 +5.8315e-01 +9.4960e-02 -2.0324e+00 +3.7050e-01
1877 0 +1.717448235e+01 +1.114844824e+02 +1.114844824e+02 -3.4766e+00 +2.3925e+00 +4.2338e+00 +2.2449e+00 +2.4238e+00 -8.1584e-01 -1.0818e+00 -4.1573e-01 -3.2268e+00 -3.7732e+00
1885 0 +1.690182441e+01 +1.112118244e+02 +1.112118244e+02 -2.5954e+00 +1.9145e+00 +2.9260e+00 +1.8401e+00 +2.1583e+00 -1.2692e+00 +3.9767e-01 -1.4449e+00 -2.9777e+00 -2.1649e+00
1981 0 +1.538183734e+01 +1.096918373e+02 +1.096918373e+02 -3.2285e+00 +3.0725e+00 +2.4180e+00 +1.8847e+00 +3.2574e+00 -1.2438e+00 +1.2918e+00 +7.5144e-01 -2.7457e+00 -1.2572e+00
2015 0 +1.362426718e+01 +1.079342672e+02 +1.079342672e+02 -2.7746e+00 +9.6151e-01 +3.6495e+00 +3.6290e+00 +3.2571e+00 -1.5627e+00 +1.0801e+00 -1.1491e-01 -2.6573e+00 -3.5495e+00
2023 0 +1.346539291e+01 +1.077753929e+02 +1.077753929e+02 -4.0405e+00 +2.9291e+00 +3.4132e+00 +1.9798e+00 +4.6668e+00 -1.9356e+00 +5.4429e-01 +5.8145e-01 -3.1509e+00 -3.3587e+00
2174 0 +1.115286916e+01 +1.054628692e+02 +1.054628692e+02 -2.1207e+00 +3.6186e+00 +4.7286e+00 +1.9219e+00 +3.9242e+00 -1.6290e+00 +1.1110e+00 +5.2901e-02 -3.1864e+00 -7.5649e-01
2194 0 +6.573909828e+00 +1.008839098e+02 +1.008839098e+02 -3.1874e+00 +4.4653e+00 +3.0649e+00 +2.5382e+00 +4.1517e+00 -2.2221e+00 +5.2382e-01 +6.6199e-01 -3.7759e+00 -1.7781e+00
2248 0 +5.637363493e+00 +9.994736349e+01 +9.994736349e+01 -2.8077e+00 +3.9642e+00 +3.1924e+00 +2.9309e+00 +3.2193e+00 -2.7719e+00 +3.5479e-01 +6.6944e-01 -3.4821e+00 -1.8888e+00
2343 0 +4.879675001e+00 +9.918967500e+01 +9.918967500e+01 -2.8923e+00 +3.6481e+00 +4.4490e+00 +2.5424e+00 +3.7915e+00 -3.4905e+00 -2.3364e-01 +1.0304e+00 -3.6123e+00 -2.8352e+00
2370 0 +3.661800815e+00 +9.797180081e+01 +9.797180081e+01 -2.8466e+00 +3.2963e+00 +3.8448e+00 +2.9805e+00 +4.6912e+00 -2.0151e+00 +7.4546e-01 +3.5239e-01 -3.8595e+00 -2.5496e+00
2375 0 +3.596640182e+00 +9.790664018e+01 +9.790664018e+01 -3.3798e+00 +2.7303e+00 +4.5459e+00 +2.4759e+00 +4.2542e+00 -1.8405e+00 +6.1697e-01 +1.8598e+00 -3.4352e+00 -1.9988e+00
2458 0 +3.576978934e+00 +9.788697893e+01 +9.788697893e+01 -3.3065e+00 +2.4406e+00 +3.2148e+00 +2.7528e+00 +3.9298e+00 -1.8946e+00 +8.3465e-01 +7.8744e-01 -2.9780e+00 -3.1107e+00
2479 0 +2.617795250e+00 +9.692779525e+01 +9.692779525e+01 -4.2501e+00 +3.2224e+00 +4.5261e+00 +3.1938e+00 +4.4579e+00 -2.4919e+00 +1.6289e-01 +6.2555e-01 -3.4619e+00 -3.1353e+00
2500 0 +9.208704428e-01 +9.523087044e+01 +9.523087044e+01 -3.7809e+00 +3.4634e+00 +4.0779e+00 +2.0067e+00 +3.9995e+00 -2.3389e+00 +1.6775e-01 +2.7644e-01 -3.5368e+00 -2.1273e+00
