% f evaluations | g evaluations | best noise-free fitness - Fopt (-1.694000000000e+01) + sum g_i+ | measured fitness | best measured fitness or single-digit g-values | x1 | x2...
1 0 +4.225253210e+01 +2.531253210e+01 +2.531253210e+01 +5.9671e-01 -3.8264e-02 +7.4769e-01 +1.6230e+00 -1.3415e-01
5 0 +3.530483772e+01 +1.836483772e+01 +1.836483772e+01 +1.5656e+00 -1.2578e-01 +1.6753e-01 -1.3247e+00 -4.4438e-01
30 0 +3.270773687e+01 +1.576773687e+01 +1.576773687e+01 +9.9064e-01 +2.4509e-01 -5.4427e-01 -1.3548e+00 +4.8180e-01
36 0 +2.836668003e+01 +1.142668003e+01 +1.142668003e+01 +2.4386e+00 -6.8053e-01 -1.0320e+00 -1.2211e-01 -9.6294e-02
52 0 +2.827734633e+01 +1.133734633e+01 +1.133734633e+01 +2.6195e+00 -8.9290e-01 +8.2608e-02 +2.4563e+00 +7.1417e-01
54 0 +1.865518187e+01 +1.715181867e+00 +1.715181867e+00 +2.7206e+00 +1.6253e+00 -3.1484e-02 +8.5840e-01 -1.1801e+00
91 0 +9.841756217e+00 -7.098243783e+00 -7.098243783e+00 +2.8850e+00 +3.0482e+00 -1.0706e+00 +1.2983e+00 +8.6354e-01
101 0 +5.999820311e+00 -1.094017969e+01 -1.094017969e+01 +4.7360e+00 +1.8889e+00 -1.5996e+00 +2.0568e+00 +1.1763e+00
193 0 +5.181128234e+00 -1.175887177e+01 -1.175887177e+01 +3.7667e+00 +2.3196e+00 -1.3267e+00 +1.7087e+00 +1.1059e+00
294 0 +2.724278189e+00 -1.421572181e+01 -1.421572181e+01 +4.5070e+00 +3.2065e+00 -9.8943e-01 +6.4285e-01 +1.5612e+00
464 0 +2.559429570e+00 -1.438057043e+01 -1.438057043e+01 +3.4521e+00 +1.9867e+00 -1.9562e+00 +1.7612e+00 +1.6715e+00
479 0 +2.214804171e+00 -1.472519583e+01 -1.472519583e+01 +4.3550e+00 +2.4770e+00 -1.1836e+00 +1.3161e+00 +1.5114e+00
482 0 +2.137675743e+00 -1.480232426e+01 -1.480232426e+01 +4.0020e+00 +2.3837e+00 -1.5246e+00 +1.8201e+00 +1.5279e+00
491 0 +1.872851119e+00 -1.506714888e+01 -1.506714888e+01 +4.4352e+00 +3.2227e+00 -9.2423e-01 +8.5699e-01 +1.6656e+00
509 0 +1.670252289e+00 -1.526974771e+01 -1.526974771e+01 +4.3589e+00 +2.4340e+00 -1.4097e+00 +1.4345e+00 +1.5440e+00
544 0 +1.443822740e+00 -1.549617726e+01 -1.549617726e+01 +3.7249e+00 +2.8033e+00 -1.4055e+00 +1.5055e+00 +1.4128e+00
551 0 +1.200964360e+00 -1.573903564e+01 -1.573903564e+01 +3.9749e+00 +2.0710e+00 -1.5112e+00 +1.7546e+00 +1.4504e+00
588 0 +1.061661917e+00 -1.587833808e+01 -1.587833808e+01 +3.8416e+00 +2.1645e+00 -1.6061e+00 +1.7363e+00 +1.3609e+00
735 0 +7.209917738e-01 -1.621900823e+01 -1.621900823e+01 +3.0531e+00 +2.3106e+00 -1.8581e+00 +1.7275e+00 +1.3312e+00
824 0 +6.674145021e-01 -1.627258550e+01 -1.627258550e+01 +3.3361e+00 +2.3894e+00 -1.6637e+00 +1.6166e+00 +1.3450e+00
843 0 +5.572097469e-01 -1.638279025e+01 -1.638279025e+01 +3.1119e+00 +2.2160e+00 -1.8449e+00 +1.7854e+00 +1.3032e+00
893 0 +4.602184449e-01 -1.647978156e+01 -1.647978156e+01 +3.6323e+00 +2.4693e+00 -1.5591e+00 +1.5678e+00 +1.3890e+00
907 0 +4.511326274e-01 -1.648886737e+01 -1.648886737e+01 +3.5974e+00 +2.5440e+00 -1.5208e+00 +1.4892e+00 +1.4589e+00
985 0 +2.971629917e-01 -1.664283701e+01 -1.664283701e+01 +3.4999e+00 +2.4684e+00 -1.5981e+00 +1.5370e+00 +1.3984e+00
1036 0 +2.355250953e-01 -1.670447490e+01 -1.670447490e+01 +3.3413e+00 +2.4747e+00 -1.6674e+00 +1.5904e+00 +1.3418e+00
1098 0 +1.234023739e-01 -1.681659763e+01 -1.681659763e+01 +3.6964e+00 +2.6003e+00 -1.5030e+00 +1.4406e+00 +1.4057e+00
1100 0 +1.134799080e-01 -1.682652009e+01 -1.682652009e+01 +3.5787e+00 +2.5527e+00 -1.5519e+00 +1.4853e+00 +1.3837e+00
% f evaluations | g evaluations | best noise-free fitness - Fopt (1.881000000000e+01) + sum g_i+ | measured fitness | best measured fitness or single-digit g-values | x1 | x2...
1 0 +6.065066736e+01 +7.946066736e+01 +7.946066736e+01 +5.9671e-01 -3.8264e-02 +7.4769e-01 +1.6230e+00 -1.3415e-01
2 0 +2.078231662e+01 +3.959231662e+01 +3.959231662e+01 -1.3414e-01 +1.6792e+00 +8.6743e-01 -3.6947e-01 +6.4256e-01
5 0 +1.786164433e+01 +3.667164433e+01 +3.667164433e+01 +1.5656e+00 -1.2578e-01 +1.6753e-01 -1.3247e+00 -4.4438e-01
7 0 +8.274520573e+00 +2.708452057e+01 +2.708452057e+01 -5.0171e-01 +1.9523e+00 +8.6503e-02 -9.5771e-01 +9.2254e-01
46 0 +6.576314429e+00 +2.538631443e+01 +2.538631443e+01 +4.5485e-01 +8.7479e-01 -3.4527e-01 -1.2165e+00 +1.4302e+00
76 0 +3.157685969e+00 +2.196768597e+01 +2.196768597e+01 +1.3133e-01 +1.2473e+00 -8.3307e-01 -4.3171e-01 +2.1599e+00
199 0 +1.940865112e+00 +2.075086511e+01 +2.075086511e+01 -2.1524e-01 +1.6223e+00 -9.1588e-01 -1.5542e-02 +1.8804e+00
285 0 +1.510942854e+00 +2.032094285e+01 +2.032094285e+01 -1.4604e-02 +1.6322e+00 -7.3409e-01 -3.7929e-01 +1.8297e+00
351 0 +1.345856953e+00 +2.015585695e+01 +2.015585695e+01 -6.2256e-02 +1.5267e+00 -8.2391e-01 -2.3222e-01 +1.8423e+00
372 0 +1.219014804e+00 +2.002901480e+01 +2.002901480e+01 -1.4785e-01 +1.4373e+00 -6.8927e-01 -3.6417e-01 +1.8650e+00
456 0 +1.087213132e+00 +1.989721313e+01 +1.989721313e+01 -1.8263e-01 +1.9250e+00 -8.5031e-01 -4.0668e-02 +1.6478e+00
458 0 +9.531325012e-01 +1.976313250e+01 +1.976313250e+01 -1.4601e-01 +1.5384e+00 -7.1233e-01 -2.1057e-01 +1.8475e+00
464 0 +9.087261118e-01 +1.971872611e+01 +1.971872611e+01 -2.5306e-01 +1.6580e+00 -8.4465e-01 -8.9217e-02 +1.8448e+00
468 0 +8.840634001e-01 +1.969406340e+01 +1.969406340e+01 +2.4367e-03 +1.8187e+00 -7.0483e-01 -4.1216e-01 +2.0082e+00
510 0 +6.006322881e-01 +1.941063229e+01 +1.941063229e+01 -1.5023e-02 +1.4124e+00 -7.7694e-01 -5.5679e-01 +2.1316e+00
529 0 +3.749156858e-01 +1.918491569e+01 +1.918491569e+01 -1.6456e-01 +1.6684e+00 -8.0389e-01 -1.4583e-01 +1.7590e+00
658 0 +3.745132220e-01 +1.918451322e+01 +1.918451322e+01 -1.8324e-01 +1.7213e+00 -8.5729e-01 -1.1725e-01 +1.7020e+00
668 0 +3.635055799e-01 +1.917350558e+01 +1.917350558e+01 -1.6697e-01 +1.7372e+00 -8.3062e-01 -1.4897e-01 +1.7324e+00
674 0 +2.879814322e-01 +1.909798143e+01 +1.909798143e+01 -1.3228e-01 +1.7815e+00 -7.9444e-01 -1.4465e-01 +1.7879e+00
694 0 +2.442401995e-01 +1.905424020e+01 +1.905424020e+01 -1.8793e-01 +1.7410e+00 -8.2421e-01 -6.8638e-02 +1.6534e+00
739 0 +1.625907829e-01 +1.897259078e+01 +1.897259078e+01 -1.7177e-01 +1.7109e+00 -8.1838e-01 -1.0872e-01 +1.7442e+00
774 0 +1.432073453e-01 +1.895320735e+01 +1.895320735e+01 -2.0602e-01 +1.7892e+00 -8.3758e-01 -5.3546e-03 +1.6425e+00
855 0 +1.195722073e-01 +1.892957221e+01 +1.892957221e+01 -1.9474e-01 +1.7757e+00 -8.0924e-01 -6.1357e-02 +1.6922e+00
859 0 +9.902552872e-02 +1.890902553e+01 +1.890902553e+01 -1.8893e-01 +1.7585e+00 -8.1734e-01 -6.1479e-02 +1.6983e+00
916 0 +8.950872386e-02 +1.889950872e+01 +1.889950872e+01 -1.7861e-01 +1.7869e+00 -8.1484e-01 -5.4090e-02 +1.6869e+00
953 0 +7.954748976e-02 +1.888954749e+01 +1.888954749e+01 -1.8735e-01 +1.7970e+00 -8.1744e-01 -4.4065e-02 +1.6933e+00
981 0 +7.454445782e-02 +1.888454446e+01 +1.888454446e+01 -1.7835e-01 +1.7666e+00 -8.1466e-01 -6.9520e-02 +1.7141e+00
986 0 +4.018947394e-02 +1.885018947e+01 +1.885018947e+01 -1.9056e-01 +1.8017e+00 -8.2184e-01 -2.7827e-02 +1.6663e+00
1040 0 +3.955123371e-02 +1.884955123e+01 +1.884955123e+01 -1.8784e-01 +1.7819e+00 -8.2158e-01 -3.8907e-02 +1.6761e+00
1046 0 +3.667975503e-02 +1.884667976e+01 +1.884667976e+01 -1.9016e-01 +1.7700e+00 -8.1947e-01 -4.5192e-02 +1.6803e+00
1052 0 +3.525868467e-02 +1.884525868e+01 +1.884525868e+01 -1.9642e-01 +1.7796e+00 -8.2475e-01 -3.0791e-02 +1.6651e+00
1054 0 +2.834749405e-02 +1.883834749e+01 +1.883834749e+01 -1.9386e-01 +1.7868e+00 -8.2375e-01 -2.8016e-02 +1.6645e+00
1091 0 +1.575372319e-02 +1.882575372e+01 +1.882575372e+01 -1.8945e-01 +1.7768e+00 -8.2174e-01 -4.0022e-02 +1.6819e+00
1220 0 +6.707082759e-03 +1.881670708e+01 +1.881670708e+01 -1.9028e-01 +1.7766e+00 -8.2231e-01 -3.8033e-02 +1.6752e+00
% f evaluations | g evaluations | best noise-free fitness - Fopt (2.731500000000e+02) + sum g_i+ | measured fitness | best measured fitness or single-digit g-values | x1 | x2...
1 0 +6.736220724e+01 +3.405122072e+02 +3.405122072e+02 +5.9671e-01 -3.8264e-02 +7.4769e-01 +1.6230e+00 -1.3415e-01
2 0 +2.670514994e+01 +2.998551499e+02 +2.998551499e+02 -1.3414e-01 +1.6792e+00 +8.6743e-01 -3.6947e-01 +6.4256e-01
64 0 +1.815461524e+01 +2.913046152e+02 +2.913046152e+02 +8.6682e-01 +3.4776e+00 -1.6154e-02 +3.0182e+00 +1.0104e+00
76 0 +1.726586417e+01 +2.904158642e+02 +2.904158642e+02 +1.5695e+00 +4.6419e+00 +6.3813e-01 +1.2205e+00 +1.1034e+00
89 0 +1.532192860e+01 +2.884719286e+02 +2.884719286e+02 -2.3256e+00 +2.5134e+00 +7.4822e-01 +2.2553e+00 +1.6967e+00
106 0 +6.629918700e+00 +2.797799187e+02 +2.797799187e+02 -1.8290e+00 +4.5213e+00 -2.5957e-01 +2.5832e+00 +1.5445e+00
193 0 +3.212915157e+00 +2.763629152e+02 +2.763629152e+02 +2.9768e-01 +4.0467e+00 +1.1956e-01 +2.0988e+00 +1.2771e+00
341 0 +3.022424053e+00 +2.761724241e+02 +2.761724241e+02 -2.9530e+00 +3.6334e+00 -2.5945e-01 +2.3748e+00 +2.0666e+00
408 0 +2.838198650e+00 +2.759881986e+02 +2.759881986e+02 -7.0844e-01 +4.0207e+00 +1.5498e-01 +2.1115e+00 +1.4448e+00
445 0 +2.810848930e+00 +2.759608489e+02 +2.759608489e+02 -1.8000e+00 +3.6752e+00 -3.3360e-01 +2.3121e+00 +1.8230e+00
456 0 +2.728451238e+00 +2.758784512e+02 +2.758784512e+02 -1.3576e+00 +3.8685e+00 +9.7527e-02 +2.5507e+00 +1.6515e+00
462 0 +2.305551699e+00 +2.754555517e+02 +2.754555517e+02 -1.7195e+00 +3.7188e+00 -1.2529e-01 +2.3370e+00 +1.7370e+00
479 0 +1.832547365e+00 +2.749825474e+02 +2.749825474e+02 -1.5036e+00 +3.7374e+00 +2.5386e-02 +2.3489e+00 +1.6010e+00
482 0 +1.612296296e+00 +2.747622963e+02 +2.747622963e+02 -2.2581e+00 +3.8175e+00 -2.3759e-01 +2.5559e+00 +1.7425e+00
517 0 +1.561750630e+00 +2.747117506e+02 +2.747117506e+02 -2.3057e+00 +3.7397e+00 -3.1031e-01 +2.3040e+00 +1.7202e+00
582 0 +9.291445663e-01 +2.740791446e+02 +2.740791446e+02 -3.4187e+00 +3.7566e+00 -5.2238e-01 +2.6324e+00 +1.9313e+00
621 0 +7.976213448e-01 +2.739476213e+02 +2.739476213e+02 -3.4279e+00 +3.7189e+00 -4.5125e-01 +2.5540e+00 +1.9342e+00
673 0 +7.600028949e-01 +2.739100029e+02 +2.739100029e+02 -3.6943e+00 +3.6706e+00 -5.4283e-01 +2.5437e+00 +2.0602e+00
683 0 +7.400131806e-01 +2.738900132e+02 +2.738900132e+02 -3.7404e+00 +3.7228e+00 -5.2010e-01 +2.5550e+00 +2.0136e+00
687 0 +5.555134236e-01 +2.737055134e+02 +2.737055134e+02 -3.3700e+00 +3.7788e+00 -4.8392e-01 +2.5224e+00 +2.0300e+00
734 0 +4.010499923e-01 +2.735510500e+02 +2.735510500e+02 -3.1497e+00 +3.7693e+00 -4.2523e-01 +2.4928e+00 +1.9386e+00
759 0 +3.509295375e-01 +2.735009295e+02 +2.735009295e+02 -3.3737e+00 +3.7673e+00 -4.2760e-01 +2.5318e+00 +1.9922e+00
780 0 +2.759230642e-01 +2.734259231e+02 +2.734259231e+02 -3.6023e+00 +3.7587e+00 -4.5233e-01 +2.5821e+00 +1.9876e+00
782 0 +1.544606957e-01 +2.733044607e+02 +2.733044607e+02 -3.4478e+00 +3.7731e+00 -4.9933e-01 +2.5315e+00 +1.9807e+00
946 0 +1.231883631e-01 +2.732731884e+02 +2.732731884e+02 -3.9866e+00 +3.7722e+00 -5.2289e-01 +2.6034e+00 +2.0611e+00
984 0 +1.207440735e-01 +2.732707441e+02 +2.732707441e+02 -3.8194e+00 +3.7596e+00 -4.9550e-01 +2.5973e+00 +2.0415e+00
993 0 +1.076973560e-01 +2.732576974e+02 +2.732576974e+02 -3.8336e+00 +3.7572e+00 -4.8416e-01 +2.5934e+00 +2.0451e+00
1117 0 +1.053700764e-01 +2.732553701e+02 +2.732553701e+02 -3.8193e+00 +3.7719e+00 -5.0690e-01 +2.5816e+00 +2.0381e+00
1128 0 +9.466959929e-02 +2.732446696e+02 +2.732446696e+02 -3.7457e+00 +3.7556e+00 -4.9058e-01 +2.5823e+00 +2.0332e+00
1133 0 +8.613171376e-02 +2.732361317e+02 +2.732361317e+02 -3.5958e+00 +3.7654e+00 -4.7959e-01 +2.5657e+00 +2.0067e+00
1161 0 +5.578309059e-02 +2.732057831e+02 +2.732057831e+02 -3.5536e+00 +3.7509e+00 -4.6666e-01 +2.5665e+00 +2.0067e+00
% f evaluations | g evaluations | best noise-free fitness - Fopt (3.718000000000e+01) + sum g_i+ | measured fitness | best measured fitness or single-digit g-values | x1 | x2...
1 0 +1.005315345e+02 +1.377115345e+02 +1.377115345e+02 +5.9671e-01 -3.8264e-02 +7.4769e-01 +1.6230e+00 -1.3415e-01
6 0 +8.840997479e+01 +1.255899748e+02 +1.255899748e+02 +2.1092e-01 -1.0510e+00 +4.7570e-01 -5.0064e-01 -1.9169e-01
10 0 +6.656628982e+01 +1.037462898e+02 +1.037462898e+02 -6.1984e-01 -3.6064e-01 +1.1571e+00 +4.4362e-01 -1.6630e+00
17 0 +6.426908274e+01 +1.014490827e+02 +1.014490827e+02 -1.1967e-01 +4.5711e-01 +1.5779e+00 -4.1827e-01 -7.0849e-01
26 0 +2.321604409e+01 +6.039604409e+01 +6.039604409e+01 -6.4550e-01 +1.2791e+00 +3.2344e+00 +3.8039e-01 -4.8835e-01
45 0 +1.787196050e+01 +5.505196050e+01 +5.505196050e+01 -6.1296e-01 +9.5270e-01 +2.6346e+00 +3.3124e-01 -3.3429e+00
59 0 +1.495231189e+01 +5.213231189e+01 +5.213231189e+01 -4.0252e+00 +6.9717e-01 +3.1237e+00 +3.1049e+00 -2.6699e+00
86 0 +9.263951037e+00 +4.644395104e+01 +4.644395104e+01 -2.9394e+00 +2.2746e+00 +3.7934e+00 +1.4603e+00 -4.7539e+00
149 0 +6.817082788e+00 +4.399708279e+01 +4.399708279e+01 -4.5861e+00 +1.3281e+00 +1.6860e+00 +2.1493e+00 -3.7402e+00
229 0 +5.962891280e+00 +4.314289128e+01 +4.314289128e+01 -2.7482e+00 +8.7060e-01 +2.2709e+00 +1.7336e+00 -3.6395e+00
279 0 +3.943537993e+00 +4.112353799e+01 +4.112353799e+01 -3.6256e+00 +1.4624e+00 +2.1186e+00 +1.2162e+00 -3.3282e+00
296 0 +3.845054274e+00 +4.102505427e+01 +4.102505427e+01 -4.2531e+00 +2.2500e+00 +1.4930e+00 +1.8429e+00 -3.9187e+00
326 0 +3.457016543e+00 +4.063701654e+01 +4.063701654e+01 -3.7040e+00 +1.4604e+00 +2.2695e+00 +1.2410e+00 -3.3814e+00
336 0 +1.850219743e+00 +3.903021974e+01 +3.903021974e+01 -3.9134e+00 +2.1513e+00 +1.9042e+00 +1.6074e+00 -3.4117e+00
419 0 +1.290824011e+00 +3.847082401e+01 +3.847082401e+01 -4.0477e+00 +2.1968e+00 +1.7563e+00 +1.7471e+00 -3.6019e+00
429 0 +1.281061016e+00 +3.846106102e+01 +3.846106102e+01 -3.7766e+00 +2.1432e+00 +2.2666e+00 +1.5384e+00 -3.2386e+00
517 0 +1.229535207e+00 +3.840953521e+01 +3.840953521e+01 -3.6851e+00 +2.0655e+00 +2.3105e+00 +1.5571e+00 -3.5185e+00
542 0 +3.818831346e-01 +3.756188313e+01 +3.756188313e+01 -3.8956e+00 +2.0780e+00 +2.0998e+00 +1.6179e+00 -3.5808e+00
668 0 +2.739834372e-01 +3.745398344e+01 +3.745398344e+01 -3.7702e+00 +1.9979e+00 +2.1627e+00 +1.5817e+00 -3.4637e+00
737 0 +2.363180374e-01 +3.741631804e+01 +3.741631804e+01 -3.8607e+00 +2.0269e+00 +2.0589e+00 +1.6040e+00 -3.4871e+00
751 0 +2.317589295e-01 +3.741175893e+01 +3.741175893e+01 -3.8531e+00 +2.0555e+00 +2.1040e+00 +1.5850e+00 -3.4959e+00
766 0 +2.261818566e-01 +3.740618186e+01 +3.740618186e+01 -3.9044e+00 +2.1185e+00 +2.0871e+00 +1.5940e+00 -3.5158e+00
787 0 +1.587223566e-01 +3.733872236e+01 +3.733872236e+01 -3.9096e+00 +2.0654e+00 +2.0185e+00 +1.6143e+00 -3.5251e+00
788 0 +1.290494101e-01 +3.730904941e+01 +3.730904941e+01 -3.8814e+00 +2.0319e+00 +2.0445e+00 +1.6183e+00 -3.5500e+00
826 0 +1.093128463e-01 +3.728931285e+01 +3.728931285e+01 -3.8712e+00 +2.0620e+00 +2.0927e+00 +1.6008e+00 -3.5142e+00
831 0 +9.412498792e-02 +3.727412499e+01 +3.727412499e+01 -3.9312e+00 +2.0797e+00 +1.9991e+00 +1.6138e+00 -3.5392e+00
898 0 +6.715782860e-02 +3.724715783e+01 +3.724715783e+01 -3.8982e+00 +2.0652e+00 +2.0433e+00 +1.6038e+00 -3.5340e+00
949 0 +4.627344313e-02 +3.722627344e+01 +3.722627344e+01 -3.8977e+00 +2.0589e+00 +2.0476e+00 +1.6053e+00 -3.5333e+00
984 0 +4.213108126e-02 +3.722213108e+01 +3.722213108e+01 -3.8972e+00 +2.0558e+00 +2.0463e+00 +1.6082e+00 -3.5310e+00
1002 0 +1.973449257e-02 +3.719973449e+01 +3.719973449e+01 -3.8704e+00 +2.0562e+00 +2.0800e+00 +1.5979e+00 -3.5192e+00
% f evaluations | g evaluations | best noise-free fitness - Fopt (-1.479000000000e+02) + sum g_i+ | measured fitness | best measured fitness or single-digit g-values | x1 | x2...
1 0 +5.695600115e+01 -9.094399885e+01 -9.094399885e+01 +5.9671e-01 -3.8264e-02 +7.4769e-01 +1.6230e+00 -1.3415e-01
2 0 +4.792501611e+01 -9.997498389e+01 -9.997498389e+01 -1.3414e-01 +1.6792e+00 +8.6743e-01 -3.6947e-01 +6.4256e-01
3 0 +3.363324061e+01 -1.142667594e+02 -1.142667594e+02 -3.6342e-01 -3.6573e-01 +3.4196e-01 -1.8133e+00 -1.6249e+00
4 0 +1.865371827e+01 -1.292462817e+02 -1.292462817e+02 -4.6229e-01 -9.1283e-01 +4.1425e-01 -8.0802e-01 -1.3123e+00
59 0 +1.542752279e+01 -1.324724772e+02 -1.324724772e+02 -2.4643e+00 +6.1827e-01 +2.2522e+00 -1.7636e+00 -2.8737e+00
97 0 +7.677418411e+00 -1.402225816e+02 -1.402225816e+02 -1.2773e+00 -6.2787e-01 +8.9666e-01 -2.3406e+00 -3.4693e+00
129 0 +6.086314154e+00 -1.418136858e+02 -1.418136858e+02 -1.1356e+00 +5.0786e-02 +5.7384e-01 -1.6823e+00 -2.8509e+00
176 0 +5.016722762e+00 -1.428832772e+02 -1.428832772e+02 -1.4456e+00 +1.9242e-01 +8.8637e-01 -2.5591e+00 -3.2355e+00
278 0 +4.378880944e+00 -1.435211191e+02 -1.435211191e+02 -1.8385e+00 -5.5198e-02 +1.1461e+00 -1.2134e+00 -2.7775e+00
303 0 +3.971285853e+00 -1.439287141e+02 -1.439287141e+02 -1.8009e+00 -3.6977e-01 +1.2804e+00 -1.9664e+00 -3.1015e+00
305 0 +2.358915318e+00 -1.455410847e+02 -1.455410847e+02 -1.5361e+00 -2.4989e-02 +9.9087e-01 -2.0876e+00 -3.2293e+00
322 0 +2.141662897e+00 -1.457583371e+02 -1.457583371e+02 -1.7697e+00 -1.5874e-01 +1.8519e+00 -1.6625e+00 -2.8132e+00
345 0 +1.903646939e+00 -1.459963531e+02 -1.459963531e+02 -1.5600e+00 -2.1411e-01 +1.6624e+00 -1.9541e+00 -3.1824e+00
354 0 +1.454691257e+00 -1.464453087e+02 -1.464453087e+02 -1.7356e+00 -1.1801e-01 +1.3220e+00 -1.7673e+00 -2.8213e+00
373 0 +1.393984330e+00 -1.465060157e+02 -1.465060157e+02 -1.4702e+00 -1.2731e-02 +1.4361e+00 -2.1992e+00 -3.2599e+00
387 0 +1.252231560e+00 -1.466477684e+02 -1.466477684e+02 -1.8456e+00 -7.8580e-02 +1.4498e+00 -1.8023e+00 -2.7673e+00
392 0 +1.018232585e+00 -1.468817674e+02 -1.468817674e+02 -1.4392e+00 -9.3243e-02 +1.6077e+00 -2.1001e+00 -3.2591e+00
400 0 +9.650801466e-01 -1.469349199e+02 -1.469349199e+02 -1.6266e+00 -1.1427e-01 +1.6802e+00 -1.9083e+00 -2.8848e+00
431 0 +8.327635887e-01 -1.470672364e+02 -1.470672364e+02 -1.7745e+00 -1.1352e-01 +1.4452e+00 -1.8122e+00 -2.8094e+00
434 0 +8.062855041e-01 -1.470937145e+02 -1.470937145e+02 -1.7509e+00 -2.0316e-02 +1.4239e+00 -1.7914e+00 -2.8284e+00
472 0 +6.088185922e-01 -1.472911814e+02 -1.472911814e+02 -1.6118e+00 -1.1555e-01 +1.5516e+00 -1.9757e+00 -3.0067e+00
593 0 +5.149958651e-01 -1.473850041e+02 -1.473850041e+02 -1.5497e+00 -3.6850e-02 +1.5149e+00 -1.9621e+00 -3.1130e+00
597 0 +3.301386366e-01 -1.475698614e+02 -1.475698614e+02 -1.6120e+00 -1.4313e-01 +1.5790e+00 -1.9612e+00 -2.9889e+00
687 0 +3.026822618e-01 -1.475973177e+02 -1.475973177e+02 -1.7087e+00 -1.4682e-01 +1.6087e+00 -1.8280e+00 -2.8561e+00
714 0 +2.837525898e-01 -1.476162474e+02 -1.476162474e+02 -1.7080e+00 -1.3603e-01 +1.5887e+00 -1.8295e+00 -2.8572e+00
802 0 +2.370632288e-01 -1.476629368e+02 -1.476629368e+02 -1.6813e+00 -1.3235e-01 +1.6002e+00 -1.8334e+00 -2.8977e+00
844 0 +2.106369970e-01 -1.476893630e+02 -1.476893630e+02 -1.6654e+00 -1.1543e-01 +1.5763e+00 -1.8627e+00 -2.9208e+00
880 0 +1.938379256e-01 -1.477061621e+02 -1.477061621e+02 -1.6719e+00 -1.2596e-01 +1.5939e+00 -1.8617e+00 -2.9101e+00
893 0 +1.697299127e-01 -1.477302701e+02 -1.477302701e+02 -1.6942e+00 -1.2213e-01 +1.5732e+00 -1.8546e+00 -2.8939e+00
932 0 +1.677595639e-01 -1.477322404e+02 -1.477322404e+02 -1.6850e+00 -1.3866e-01 +1.6065e+00 -1.8459e+00 -2.8953e+00
968 0 +1.510504194e-01 -1.477489496e+02 -1.477489496e+02 -1.6703e+00 -1.3366e-01 +1.6049e+00 -1.8628e+00 -2.9095e+00
991 0 +1.028733407e-01 -1.477971267e+02 -1.477971267e+02 -1.6871e+00 -1.2988e-01 +1.5994e+00 -1.8454e+00 -2.8948e+00
1081 0 +9.469065556e-02 -1.478053093e+02 -1.478053093e+02 -1.6833e+00 -1.3682e-01 +1.6088e+00 -1.8460e+00 -2.8937e+00
1118 0 +8.329925714e-02 -1.478167007e+02 -1.478167007e+02 -1.6820e+00 -1.3277e-01 +1.6008e+00 -1.8494e+00 -2.8982e+00
1128 0 +7.913952274e-02 -1.478208605e+02 -1.478208605e+02 -1.6899e+00 -1.3533e-01 +1.6069e+00 -1.8382e+00 -2.8850e+00
1166 0 +7.234440217e-02 -1.478276556e+02 -1.478276556e+02 -1.6893e+00 -1.3663e-01 +1.6096e+00 -1.8380e+00 -2.8851e+00
% f evaluations | g evaluations | best noise-free fitness - Fopt (4.817100000000e+02) + sum g_i+ | measured fitness | best measured fitness or single-digit g-values | x1 | x2...
1 0 +4.052916068e+01 +5.222391607e+02 +5.222391607e+02 +5.9671e-01 -3.8264e-02 +7.4769e-01 +1.6230e+00 -1.3415e-01
61 0 +3.928335547e+01 +5.209933555e+02 +5.209933555e+02 +1.0019e+00 -1.0539e+00 -7.0545e-01 +1.9279e+00 -5.9779e-02
62 0 +2.067133758e+01 +5.023813376e+02 +5.023813376e+02 +9.6981e-01 -2.6535e+00 -5.2856e-01 +2.4673e+00 -6.5518e-01
78 0 +1.666660264e+01 +4.983766026e+02 +4.983766026e+02 +2.2253e+00 -1.7837e+00 -2.5366e+00 +4.3646e+00 +1.9997e-01
84 0 +1.066115155e+01 +4.923711515e+02 +4.923711515e+02 +6.7736e-01 -2.9815e+00 -2.3521e+00 +2.2523e+00 -9.2550e-01
167 0 +9.634742551e+00 +4.913447426e+02 +4.913447426e+02 +9.8224e-01 -1.9474e+00 -3.4614e+00 +2.4325e+00 +5.5875e-01
225 0 +7.219699546e+00 +4.889296995e+02 +4.889296995e+02 +1.6858e+00 -2.7290e+00 -2.6272e+00 +2.2834e+00 +9.6533e-02
251 0 +6.953570828e+00 +4.886635708e+02 +4.886635708e+02 -7.5555e-02 -2.4332e+00 -3.7011e+00 +2.4512e+00 -6.8540e-01
282 0 +5.786998131e+00 +4.874969981e+02 +4.874969981e+02 +1.8000e+00 -4.0894e+00 -2.1987e+00 +3.2781e+00 +2.1025e-02
306 0 +2.436019698e+00 +4.841460197e+02 +4.841460197e+02 +1.2500e+00 -2.7085e+00 -2.7984e+00 +3.3300e+00 -2.0821e-01
381 0 +8.325675960e-01 +4.825425676e+02 +4.825425676e+02 +8.8988e-01 -2.8673e+00 -3.0263e+00 +3.0287e+00 -4.5870e-01
540 0 +8.289994904e-01 +4.825389995e+02 +4.825389995e+02 +1.3084e+00 -3.1451e+00 -2.8930e+00 +3.0964e+00 -2.0525e-01
586 0 +4.186247912e-01 +4.821286248e+02 +4.821286248e+02 +1.0069e+00 -3.0519e+00 -2.8710e+00 +3.0543e+00 -3.7878e-01
616 0 +3.024706819e-01 +4.820124707e+02 +4.820124707e+02 +1.1163e+00 -3.0405e+00 -2.9157e+00 +3.0142e+00 -3.3159e-01
705 0 +3.006350352e-01 +4.820106350e+02 +4.820106350e+02 +7.3031e-01 -2.9251e+00 -2.8753e+00 +3.0380e+00 -5.1029e-01
763 0 +2.923339551e-01 +4.820023340e+02 +4.820023340e+02 +1.0667e+00 -3.0309e+00 -2.9104e+00 +3.0272e+00 -3.6942e-01
777 0 +1.940926087e-01 +4.819040926e+02 +4.819040926e+02 +1.0622e+00 -3.0032e+00 -2.9352e+00 +3.0195e+00 -3.7103e-01
787 0 +1.194098875e-01 +4.818294099e+02 +4.818294099e+02 +1.0218e+00 -2.9770e+00 -2.9094e+00 +3.0402e+00 -3.7637e-01
812 0 +9.614797491e-02 +4.818061480e+02 +4.818061480e+02 +1.0537e+00 -3.0120e+00 -2.8892e+00 +3.0384e+00 -3.5607e-01
864 0 +9.223767735e-02 +4.818022377e+02 +4.818022377e+02 +1.0128e+00 -2.9908e+00 -2.9074e+00 +3.0341e+00 -3.7766e-01
916 0 +7.503097982e-02 +4.817850310e+02 +4.817850310e+02 +1.0545e+00 -3.0227e+00 -2.8858e+00 +3.0425e+00 -3.6383e-01
948 0 +4.959046821e-02 +4.817595905e+02 +4.817595905e+02 +1.0455e+00 -3.0007e+00 -2.8940e+00 +3.0488e+00 -3.6090e-01
972 0 +4.064441459e-02 +4.817506444e+02 +4.817506444e+02 +9.8072e-01 -2.9847e+00 -2.8961e+00 +3.0390e+00 -3.9600e-01
1059 0 +4.044081148e-02 +4.817504408e+02 +4.817504408e+02 +1.0219e+00 -3.0036e+00 -2.8869e+00 +3.0411e+00 -3.7979e-01
1063 0 +2.648050461e-02 +4.817364805e+02 +4.817364805e+02 +9.9876e-01 -2.9905e+00 -2.8948e+00 +3.0415e+00 -3.8778e-01
1079 0 +1.774477289e-02 +4.817277448e+02 +4.817277448e+02 +1.0076e+00 -2.9929e+00 -2.8949e+00 +3.0419e+00 -3.8268e-01
1138 0 +1.691605357e-02 +4.817269161e+02 +4.817269161e+02 +1.0080e+00 -2.9929e+00 -2.8945e+00 +3.0417e+00 -3.8317e-01
1190 0 +1.086029837e-02 +4.817208603e+02 +4.817208603e+02 +1.0449e+00 -3.0037e+00 -2.8950e+00 +3.0434e+00 -3.6556e-01
% f evaluations | g evaluations | best noise-free fitness - Fopt (-3.646000000000e+01) + sum g_i+ | measured fitness | best measured fitness or single-digit g-values | x1 | x2...
1 0 +5.617965096e+01 +1.971965096e+01 +1.971965096e+01 +5.9671e-01 -3.8264e-02 +7.4769e-01 +1.6230e+00 -1.3415e-01
2 0 +5.067692359e+01 +1.421692359e+01 +1.421692359e+01 -1.3414e-01 +1.6792e+00 +8.6743e-01 -3.6947e-01 +6.4256e-01
4 0 +3.755170536e+01 +1.091705356e+00 +1.091705356e+00 -4.6229e-01 -9.1283e-01 +4.1425e-01 -8.0802e-01 -1.3123e+00
5 0 +3.550609141e+01 -9.539085865e-01 -9.539085865e-01 +1.5656e+00 -1.2578e-01 +1.6753e-01 -1.3247e+00 -4.4438e-01
6 0 +1.201117799e+01 -2.444882201e+01 -2.444882201e+01 +2.1092e-01 -1.0510e+00 +4.7570e-01 -5.0064e-01 -1.9169e-01
93 0 +1.017196846e+01 -2.628803154e+01 -2.628803154e+01 +5.4091e-01 -1.9154e+00 -5.0728e-02 +4.9451e-01 +8.4570e-01
160 0 +9.777478337e+00 -2.668252166e+01 -2.668252166e+01 +8.1210e-01 -1.9387e+00 -1.2803e+00 +6.5322e-01 +1.6812e+00
197 0 +4.273645752e+00 -3.218635425e+01 -3.218635425e+01 +1.4903e+00 -3.0898e+00 -1.3027e+00 +1.8792e+00 +2.2351e+00
314 0 +4.189698767e+00 -3.227030123e+01 -3.227030123e+01 +2.0839e+00 -3.1587e+00 -2.7565e+00 +1.1605e+00 +4.3582e+00
328 0 +4.125161370e+00 -3.233483863e+01 -3.233483863e+01 +2.6762e+00 -2.6511e+00 -1.9521e+00 +2.4462e-01 +4.0703e+00
379 0 +3.651822581e+00 -3.280817742e+01 -3.280817742e+01 +2.3567e+00 -2.6568e+00 -2.6313e+00 +4.6193e-01 +4.4403e+00
415 0 +3.166889156e+00 -3.329311084e+01 -3.329311084e+01 +1.5705e+00 -2.8965e+00 -2.1900e+00 +1.1573e+00 +3.5444e+00
448 0 +2.925615026e+00 -3.353438497e+01 -3.353438497e+01 +1.6532e+00 -2.6913e+00 -1.7896e+00 +1.2234e+00 +3.4958e+00
455 0 +2.833216890e+00 -3.362678311e+01 -3.362678311e+01 +1.5387e+00 -3.2226e+00 -2.3516e+00 +2.1110e+00 +3.2508e+00
492 0 +2.561188955e+00 -3.389881104e+01 -3.389881104e+01 +1.7048e+00 -2.8896e+00 -2.0269e+00 +9.4625e-01 +3.4478e+00
506 0 +2.399859299e+00 -3.406014070e+01 -3.406014070e+01 +2.3198e+00 -2.5779e+00 -2.0798e+00 +4.6232e-01 +4.0926e+00
529 0 +1.644103601e+00 -3.481589640e+01 -3.481589640e+01 +1.4544e+00 -2.9814e+00 -1.9747e+00 +1.6979e+00 +2.9497e+00
589 0 +1.115022525e+00 -3.534497748e+01 -3.534497748e+01 +2.2605e+00 -2.8314e+00 -2.1965e+00 +8.0230e-01 +4.0000e+00
609 0 +6.115251366e-01 -3.584847486e+01 -3.584847486e+01 +2.0213e+00 -2.7995e+00 -2.1861e+00 +1.0063e+00 +3.8998e+00
635 0 +4.550068111e-01 -3.600499319e+01 -3.600499319e+01 +1.9889e+00 -2.7571e+00 -2.0505e+00 +8.1380e-01 +3.7751e+00
665 0 +3.826001578e-01 -3.607739984e+01 -3.607739984e+01 +2.2375e+00 -2.8126e+00 -2.2744e+00 +8.5672e-01 +4.0977e+00
697 0 +3.614780609e-01 -3.609852194e+01 -3.609852194e+01 +2.2449e+00 -2.8296e+00 -2.3092e+00 +8.2003e-01 +4.1520e+00
803 0 +3.556889700e-01 -3.610431103e+01 -3.610431103e+01 +2.0184e+00 -2.8639e+00 -2.1654e+00 +9.9498e-01 +3.8872e+00
828 0 +1.926764024e-01 -3.626732360e+01 -3.626732360e+01 +2.0662e+00 -2.8672e+00 -2.2041e+00 +1.0143e+00 +3.9155e+00
862 0 +1.670157739e-01 -3.629298423e+01 -3.629298423e+01 +2.0492e+00 -2.8564e+00 -2.1814e+00 +1.0154e+00 +3.8905e+00
907 0 +7.131280155e-02 -3.638868720e+01 -3.638868720e+01 +2.0470e+00 -2.8670e+00 -2.1853e+00 +1.0106e+00 +3.8861e+00
1125 0 +5.924913404e-02 -3.640075087e+01 -3.640075087e+01 +2.0973e+00 -2.8487e+00 -2.2045e+00 +9.5374e-01 +3.9511e+00
1131 0 +3.319291426e-02 -3.642680709e+01 -3.642680709e+01 +2.1142e+00 -2.8518e+00 -2.2175e+00 +9.4454e-01 +3.9809e+00
% f evaluations | g evaluations | best noise-free fitness - Fopt (3.920000000000e+01) + sum g_i+ | measured fitness | best measured fitness or single-digit g-values | x1 | x2...
1 0 +5.417497626e+01 +9.337497626e+01 +9.337497626e+01 +5.9671e-01 -3.8264e-02 +7.4769e-01 +1.6230e+00 -1.3415e-01
2 0 +3.642160105e+01 +7.562160105e+01 +7.562160105e+01 -1.3414e-01 +1.6792e+00 +8.6743e-01 -3.6947e-01 +6.4256e-01
30 0 +3.399403241e+01 +7.319403241e+01 +7.319403241e+01 -7.3818e-01 +2.5160e+00 +8.6298e-01 -2.5712e-01 -6.4060e-02
36 0 +3.350925064e+01 +7.270925064e+01 +7.270925064e+01 +6.6906e-01 +2.7130e+00 +1.2589e+00 +6.1616e-02 -1.7526e+00
83 0 +3.339276051e+01 +7.259276051e+01 +7.259276051e+01 +7.3056e-01 +2.9594e+00 +1.4657e+00 +3.1102e-01 -6.5052e-01
114 0 +2.373809551e+01 +6.293809551e+01 +6.293809551e+01 +7.1500e-01 +2.3614e+00 +1.2489e+00 +2.8536e-01 +4.0543e-01
177 0 +2.112763473e+01 +6.032763473e+01 +6.032763473e+01 +1.1536e+00 +2.8457e+00 +1.2344e+00 +1.8722e+00 +1.6929e+00
181 0 +1.708881648e+01 +5.628881648e+01 +5.628881648e+01 +1.7928e+00 +3.8832e+00 +2.3648e+00 +1.9179e+00 +2.4297e+00
212 0 +1.384471984e+01 +5.304471984e+01 +5.304471984e+01 +2.1568e+00 +1.3669e+00 +1.3967e+00 +4.2492e+00 +3.1682e+00
228 0 +1.224915435e+01 +5.144915435e+01 +5.144915435e+01 +2.6697e+00 +3.0479e+00 +2.5809e+00 +3.9107e+00 +4.2721e+00
273 0 +1.173484353e+01 +5.093484353e+01 +5.093484353e+01 +1.7583e+00 +3.1168e+00 +2.5735e+00 +1.8634e+00 +3.4956e+00
323 0 +1.144980212e+01 +5.064980212e+01 +5.064980212e+01 +3.4020e+00 +1.1106e+00 +1.9570e+00 +3.4362e+00 +2.9090e+00
328 0 +9.431121079e+00 +4.863112108e+01 +4.863112108e+01 +4.0091e+00 +1.0203e+00 +3.4151e+00 +3.4945e+00 +2.7455e+00
353 0 +8.966887434e+00 +4.816688743e+01 +4.816688743e+01 +2.8943e+00 +2.2097e+00 +1.1830e+00 +3.2642e+00 +2.6132e+00
370 0 +7.711116222e+00 +4.691111622e+01 +4.691111622e+01 +4.0072e+00 +2.0306e+00 +2.2461e+00 +3.5347e+00 +1.3757e+00
396 0 +6.808636995e+00 +4.600863699e+01 +4.600863699e+01 +1.9435e+00 +1.6561e+00 +1.6008e+00 +3.2366e+00 +2.9074e+00
424 0 +6.367476761e+00 +4.556747676e+01 +4.556747676e+01 +3.9788e+00 +9.9099e-01 +2.3529e+00 +2.9803e+00 +2.4100e+00
427 0 +5.219749366e+00 +4.441974937e+01 +4.441974937e+01 +2.5097e+00 +1.6500e+00 +2.3848e+00 +3.2410e+00 +2.7501e+00
446 0 +3.911715773e+00 +4.311171577e+01 +4.311171577e+01 +1.4482e+00 +2.4314e+00 +1.6695e+00 +2.9865e+00 +3.1675e+00
504 0 +2.973635371e+00 +4.217363537e+01 +4.217363537e+01 +2.6007e+00 +2.3033e+00 +2.3736e+00 +2.9947e+00 +2.7057e+00
554 0 +2.792062228e+00 +4.199206223e+01 +4.199206223e+01 +3.3406e+00 +1.6470e+00 +2.0824e+00 +3.4654e+00 +2.2860e+00
581 0 +1.129119007e+00 +4.032911901e+01 +4.032911901e+01 +3.1126e+00 +1.7713e+00 +2.0587e+00 +3.3820e+00 +2.5358e+00
663 0 +8.346152615e-01 +4.003461526e+01 +4.003461526e+01 +3.0963e+00 +1.8391e+00 +2.2985e+00 +3.0815e+00 +2.6257e+00
716 0 +7.008516005e-01 +3.990085160e+01 +3.990085160e+01 +3.3179e+00 +1.7055e+00 +2.3420e+00 +3.0753e+00 +2.5617e+00
756 0 +4.667730784e-01 +3.966677308e+01 +3.966677308e+01 +3.4202e+00 +1.6856e+00 +2.3075e+00 +3.2756e+00 +2.4147e+00
865 0 +4.619721014e-01 +3.966197210e+01 +3.966197210e+01 +3.4366e+00 +1.7236e+00 +2.3063e+00 +3.2725e+00 +2.3914e+00
895 0 +2.728352579e-01 +3.947283526e+01 +3.947283526e+01 +3.5915e+00 +1.6580e+00 +2.3636e+00 +3.2935e+00 +2.3057e+00
959 0 +2.514928647e-01 +3.945149286e+01 +3.945149286e+01 +3.3910e+00 +1.7249e+00 +2.3398e+00 +3.1829e+00 +2.4478e+00
966 0 +1.869669627e-01 +3.938696696e+01 +3.938696696e+01 +3.9420e+00 +1.5455e+00 +2.5190e+00 +3.2643e+00 +2.1619e+00
981 0 +1.565282667e-01 +3.935652827e+01 +3.935652827e+01 +3.8051e+00 +1.5994e+00 +2.4757e+00 +3.2268e+00 +2.2329e+00
1096 0 +9.679188674e-02 +3.929679189e+01 +3.929679189e+01 +3.6497e+00 +1.6438e+00 +2.4169e+00 +3.2316e+00 +2.2890e+00
1141 0 +7.220827889e-02 +3.927220828e+01 +3.927220828e+01 +3.7381e+00 +1.6319e+00 +2.4553e+00 +3.2247e+00 +2.2492e+00
% f evaluations | g evaluations | best noise-free fitness - Fopt (-3.225000000000e+01) + sum g_i+ | measured fitness | best measured fitness or single-digit g-values | x1 | x2...
1 0 +9.780706849e+01 +6.555706849e+01 +6.555706849e+01 +5.9671e-01 -3.8264e-02 +7.4769e-01 +1.6230e+00 -1.3415e-01
2 0 +7.425199768e+01 +4.200199768e+01 +4.200199768e+01 -1.3414e-01 +1.6792e+00 +8.6743e-01 -3.6947e-01 +6.4256e-01
5 0 +6.099372054e+01 +2.874372054e+01 +2.874372054e+01 +1.5656e+00 -1.2578e-01 +1.6753e-01 -1.3247e+00 -4.4438e-01
6 0 +4.902934053e+01 +1.677934053e+01 +1.677934053e+01 +2.1092e-01 -1.0510e+00 +4.7570e-01 -5.0064e-01 -1.9169e-01
18 0 +4.517975929e+01 +1.292975929e+01 +1.292975929e+01 -4.0176e-01 +1.0154e+00 +4.2875e-01 -4.2976e-01 +6.1327e-01
28 0 +4.167845203e+01 +9.428452027e+00 +9.428452027e+00 +1.9919e+00 -1.2021e-01 -2.0220e-01 -4.3929e-01 -1.6443e+00
51 0 +3.194117876e+01 -3.088212426e-01 -3.088212426e-01 +2.6223e+00 +4.6024e-01 +1.3102e+00 -3.3017e-01 +8.8514e-01
111 0 +1.998935814e+01 -1.226064186e+01 -1.226064186e+01 +1.6404e+00 +4.4706e-01 -4.5654e-01 -3.0072e+00 +1.1934e+00
148 0 +1.933973623e+01 -1.291026377e+01 -1.291026377e+01 +1.1949e+00 +1.5942e+00 -2.6297e-02 -3.0816e+00 +2.5104e+00
151 0 +1.265298400e+01 -1.959701600e+01 -1.959701600e+01 +3.8422e+00 -2.4393e+00 -9.2535e-01 -3.9615e+00 -1.0492e+00
242 0 +7.722157413e+00 -2.452784259e+01 -2.452784259e+01 +2.5893e+00 +9.8589e-02 +6.2046e-02 -4.6632e+00 +3.1441e+00
326 0 +6.163136161e+00 -2.608686384e+01 -2.608686384e+01 +3.3979e+00 -1.7192e-01 -1.2849e+00 -2.8616e+00 +2.3697e+00
332 0 +6.007953530e+00 -2.624204647e+01 -2.624204647e+01 +3.2803e+00 -1.8213e-02 +6.1077e-01 -3.4116e+00 +2.3197e+00
335 0 +5.181799422e+00 -2.706820058e+01 -2.706820058e+01 +3.5753e+00 -7.6183e-01 -4.5189e-01 -4.3681e+00 +1.0256e+00
368 0 +4.597543791e+00 -2.765245621e+01 -2.765245621e+01 +3.7840e+00 -3.2979e-01 -5.8405e-01 -3.8385e+00 +2.2451e+00
450 0 +2.423573763e+00 -2.982642624e+01 -2.982642624e+01 +3.7180e+00 +6.7347e-01 -1.3771e+00 -3.4325e+00 +2.9220e+00
608 0 +2.329021773e+00 -2.992097823e+01 -2.992097823e+01 +3.6636e+00 +8.6158e-01 -1.3545e+00 -3.0231e+00 +2.7919e+00
622 0 +1.091313386e+00 -3.115868661e+01 -3.115868661e+01 +3.7295e+00 +1.4006e+00 -1.0039e+00 -2.5818e+00 +3.5033e+00
680 0 +3.835248676e-01 -3.186647513e+01 -3.186647513e+01 +3.5754e+00 +1.2256e+00 -8.2551e-01 -2.6790e+00 +3.4586e+00
809 0 +1.430422157e-01 -3.210695778e+01 -3.210695778e+01 +3.6033e+00 +1.2860e+00 -8.8533e-01 -2.6552e+00 +3.5266e+00
952 0 +9.213129348e-02 -3.215786871e+01 -3.215786871e+01 +3.6363e+00 +1.0611e+00 -9.3673e-01 -2.8087e+00 +3.2268e+00
954 0 +8.424995622e-02 -3.216575004e+01 -3.216575004e+01 +3.6040e+00 +1.0792e+00 -8.8179e-01 -2.7949e+00 +3.2707e+00
1062 0 +8.234777426e-02 -3.216765223e+01 -3.216765223e+01 +3.6066e+00 +1.0065e+00 -8.9540e-01 -2.8475e+00 +3.1957e+00
1160 0 +7.699559822e-02 -3.217300440e+01 -3.217300440e+01 +3.5991e+00 +1.0295e+00 -8.6269e-01 -2.8353e+00 +3.2211e+00
1218 0 +5.037913802e-02 -3.219962086e+01 -3.219962086e+01 +3.5868e+00 +1.0784e+00 -8.5076e-01 -2.8015e+00 +3.2843e+00
1226 0 +3.209201992e-02 -3.221790798e+01 -3.221790798e+01 +3.5978e+00 +1.0487e+00 -8.6312e-01 -2.8154e+00 +3.2429e+00
% f evaluations | g evaluations | best noise-free fitness - Fopt (3.681200000000e+02) + sum g_i+ | measured fitness | best measured fitness or single-digit g-values | x1 | x2...
1 0 +7.708373339e+01 +4.452037334e+02 +4.452037334e+02 +5.9671e-01 -3.8264e-02 +7.4769e-01 +1.6230e+00 -1.3415e-01
2 0 +3.437446502e+01 +4.024944650e+02 +4.024944650e+02 -1.3414e-01 +1.6792e+00 +8.6743e-01 -3.6947e-01 +6.4256e-01
3 0 +1.533378808e+01 +3.834537881e+02 +3.834537881e+02 -3.6342e-01 -3.6573e-01 +3.4196e-01 -1.8133e+00 -1.6249e+00
36 0 +9.249684331e+00 +3.773696843e+02 +3.773696843e+02 -2.0147e+00 -1.5174e+00 +2.1581e+00 -1.2788e+00 -1.7061e+00
154 0 +4.482366322e+00 +3.726023663e+02 +3.726023663e+02 -2.2943e+00 -2.7304e+00 -1.8942e-01 -3.1434e+00 -7.7475e-01
254 0 +2.847682697e+00 +3.709676827e+02 +3.709676827e+02 -2.2092e+00 -2.3065e+00 +2.3684e-01 -2.6661e+00 -1.1224e+00
316 0 +2.811086947e+00 +3.709310869e+02 +3.709310869e+02 -2.2658e+00 -1.6594e+00 +6.2743e-01 -2.1929e+00 -6.5414e-01
331 0 +1.758844392e+00 +3.698788444e+02 +3.698788444e+02 -2.1880e+00 -2.3393e+00 +3.4838e-01 -2.6637e+00 -9.5892e-01
428 0 +1.490218378e+00 +3.696102184e+02 +3.696102184e+02 -2.3534e+00 -1.4319e+00 +4.8077e-01 -2.3150e+00 -8.3630e-01
444 0 +1.349091489e+00 +3.694690915e+02 +3.694690915e+02 -2.5237e+00 -1.5519e+00 +4.9584e-01 -2.6346e+00 -9.0799e-01
459 0 +1.149043583e+00 +3.692690436e+02 +3.692690436e+02 -2.5770e+00 -1.3866e+00 +4.1476e-01 -2.6159e+00 -8.6687e-01
468 0 +1.136715359e+00 +3.692567154e+02 +3.692567154e+02 -2.6120e+00 -1.1716e+00 +5.2101e-01 -2.4956e+00 -8.1766e-01
528 0 +7.565057203e-01 +3.688765057e+02 +3.688765057e+02 -2.4561e+00 -1.6055e+00 +5.2422e-01 -2.5411e+00 -8.2990e-01
544 0 +4.856031703e-01 +3.686056032e+02 +3.686056032e+02 -2.5136e+00 -1.3122e+00 +5.3303e-01 -2.5214e+00 -9.2710e-01
577 0 +4.718277781e-01 +3.685918278e+02 +3.685918278e+02 -2.3810e+00 -1.4109e+00 +5.7556e-01 -2.4935e+00 -7.7415e-01
624 0 +4.574141896e-01 +3.685774142e+02 +3.685774142e+02 -2.4843e+00 -1.0023e+00 +7.4298e-01 -2.2783e+00 -6.9212e-01
692 0 +4.119650266e-01 +3.685319650e+02 +3.685319650e+02 -2.4915e+00 -1.2563e+00 +6.0430e-01 -2.4325e+00 -7.4722e-01
722 0 +3.160334715e-01 +3.684360335e+02 +3.684360335e+02 -2.4221e+00 -1.4246e+00 +5.8111e-01 -2.4561e+00 -7.8941e-01
735 0 +2.587624164e-01 +3.683787624e+02 +3.683787624e+02 -2.4254e+00 -1.3361e+00 +6.1574e-01 -2.4101e+00 -7.4603e-01
745 0 +2.073457143e-01 +3.683273457e+02 +3.683273457e+02 -2.4681e+00 -1.1623e+00 +6.8437e-01 -2.3816e+00 -7.0000e-01
754 0 +1.815141921e-01 +3.683015142e+02 +3.683015142e+02 -2.4820e+00 -1.0567e+00 +7.0812e-01 -2.3423e+00 -6.7707e-01
869 0 +1.798044277e-01 +3.682998044e+02 +3.682998044e+02 -2.4870e+00 -1.0496e+00 +6.9929e-01 -2.3321e+00 -6.5032e-01
917 0 +1.026551735e-01 +3.682226552e+02 +3.682226552e+02 -2.4584e+00 -1.1815e+00 +6.7012e-01 -2.3677e+00 -7.0216e-01
933 0 +8.742008934e-02 +3.682074201e+02 +3.682074201e+02 -2.4594e+00 -1.0722e+00 +7.1045e-01 -2.3232e+00 -6.5716e-01
1000 0 +8.442107229e-02 +3.682044211e+02 +3.682044211e+02 -2.4654e+00 -1.1068e+00 +6.9996e-01 -2.3378e+00 -6.6944e-01
1021 0 +7.872955135e-02 +3.681987296e+02 +3.681987296e+02 -2.4580e+00 -1.1126e+00 +7.0236e-01 -2.3280e+00 -6.5312e-01
1028 0 +4.461810709e-02 +3.681646181e+02 +3.681646181e+02 -2.4613e+00 -1.0622e+00 +7.3262e-01 -2.3031e+00 -6.3444e-01
1035 0 +4.313457246e-02 +3.681631346e+02 +3.681631346e+02 -2.4611e+00 -1.0901e+00 +7.1006e-01 -2.3206e+00 -6.5802e-01
1078 0 +3.828602363e-02 +3.681582860e+02 +3.681582860e+02 -2.4637e+00 -1.0862e+00 +7.1632e-01 -2.3230e+00 -6.5888e-01
1086 0 +2.211891196e-02 +3.681421189e+02 +3.681421189e+02 -2.4641e+00 -1.0866e+00 +7.1742e-01 -2.3246e+00 -6.5326e-01
