% f evaluations | g evaluations | best noise-free fitness - Fopt (-1.694000000000e+01) + sum g_i+ | measured fitness | best measured fitness or single-digit g-values | x1 | x2...
1 0 +1.285945330e+02 +1.116545330e+02 +1.116545330e+02 +5.9671e-01 -3.8264e-02 +7.4769e-01 +1.6230e+00 -1.3415e-01 -1.3414e-01 +1.6792e+00 +8.6743e-01 -3.6947e-01 +6.4256e-01
4 0 +1.244974470e+02 +1.075574470e+02 +1.075574470e+02 -5.0171e-01 +1.9523e+00 +8.6503e-02 -9.5771e-01 +9.2254e-01 -1.1208e+00 +3.0886e-01 -1.8597e+00 -1.2282e+00 +2.9686e-01
5 0 +8.215471805e+01 +6.521471805e+01 +6.521471805e+01 +8.3847e-01 +2.7137e-01 -1.5648e-02 -2.0110e-01 -1.3785e+00 -6.1984e-01 -3.6064e-01 +1.1571e+00 +4.4362e-01 -1.6630e+00
8 0 +6.416805909e+01 +4.722805909e+01 +4.722805909e+01 +4.6140e-01 +1.6380e+00 +6.4174e-02 +1.6646e+00 -2.5197e+00 +9.2190e-01 +1.8705e-01 -1.9901e-01 +1.9176e-01 -1.8876e+00
43 0 +6.142466708e+01 +4.448466708e+01 +4.448466708e+01 +2.1607e+00 +1.8553e+00 -1.4896e-01 +1.0716e+00 +7.4538e-01 +1.4686e+00 -8.6492e-01 +7.8605e-01 +1.1584e+00 -1.6587e+00
55 0 +5.402542119e+01 +3.708542119e+01 +3.708542119e+01 +2.5140e+00 +4.1046e+00 -2.9651e-01 +1.6348e+00 -1.1307e+00 +8.4472e-01 -7.7510e-02 +2.0745e+00 -1.1585e+00 -4.8653e-01
56 0 +5.088884768e+01 +3.394884768e+01 +3.394884768e+01 +2.2884e+00 +1.7413e+00 -5.1507e-01 +1.9239e+00 +2.4266e+00 -2.4489e-01 -1.1676e+00 -4.9598e-01 -6.7035e-01 -1.4845e+00
58 0 +2.639073379e+01 +9.450733793e+00 +9.450733793e+00 +2.1977e+00 +3.2257e+00 -2.0207e+00 +1.7650e+00 +3.6449e-01 -7.9728e-01 +7.5482e-01 +5.1453e-01 -2.8879e-01 -1.7930e+00
121 0 +2.463243538e+01 +7.692435382e+00 +7.692435382e+00 +2.6892e+00 +2.5231e+00 +4.6517e-01 +1.6680e+00 +5.3065e-01 -2.8772e+00 +1.3099e+00 -1.4081e+00 -2.0882e-02 -2.9202e+00
182 0 +2.378994673e+01 +6.849946735e+00 +6.849946735e+00 +3.0708e+00 +1.9263e+00 -3.6225e+00 -1.5321e+00 +3.4107e-01 -2.0286e+00 +1.6178e+00 -1.7782e+00 +3.7973e-01 -2.5604e+00
192 0 +1.633018223e+01 -6.098177652e-01 -6.098177652e-01 +2.5615e+00 +2.1006e+00 -3.6846e-01 +2.0519e+00 +1.6984e+00 -2.1811e+00 +4.4920e+00 -3.5418e-01 -1.1915e+00 -3.4453e+00
372 0 +1.475531811e+01 -2.184681894e+00 -2.184681894e+00 +4.7650e+00 +1.5472e+00 +3.4110e-01 +2.6427e+00 +2.3003e+00 -2.5892e+00 +3.8163e+00 -4.4156e+00 +1.9705e+00 -6.6825e-01
479 0 +1.358084209e+01 -3.359157909e+00 -3.359157909e+00 +3.9307e+00 +2.8645e+00 -2.1038e+00 +3.0175e+00 +9.9939e-01 -3.5958e+00 +3.9158e+00 -6.1884e-02 +1.4836e+00 -1.6174e+00
513 0 +1.009718824e+01 -6.842811764e+00 -6.842811764e+00 +3.3869e+00 +2.2042e+00 -2.6854e+00 +1.0896e+00 +3.3609e-01 -1.8699e+00 +2.8045e+00 -1.5990e+00 -1.6233e-01 -9.6312e-01
584 0 +7.541699296e+00 -9.398300704e+00 -9.398300704e+00 +3.8086e+00 +1.1149e+00 -1.8647e+00 +9.2378e-01 +2.0792e+00 -1.2545e+00 +3.2467e+00 -2.2184e+00 -2.7481e-01 -1.8288e+00
661 0 +5.874991839e+00 -1.106500816e+01 -1.106500816e+01 +3.6341e+00 +2.6724e+00 -1.7330e+00 +2.4021e+00 +9.0309e-01 -1.8496e+00 +3.3916e+00 -2.2191e+00 +9.5634e-02 -1.1923e+00
782 0 +5.454829698e+00 -1.148517030e+01 -1.148517030e+01 +3.4396e+00 +2.9046e+00 -3.1136e+00 +1.3985e+00 +1.7951e+00 -1.9512e+00 +3.1724e+00 -2.8007e+00 -3.2879e-01 -6.6623e-01
806 0 +4.673722736e+00 -1.226627726e+01 -1.226627726e+01 +3.5438e+00 +2.6778e+00 -1.7083e+00 +1.8305e+00 +1.4409e+00 -2.0111e+00 +3.8057e+00 -2.6565e+00 -7.2422e-01 -2.5559e+00
894 0 +4.470279959e+00 -1.246972004e+01 -1.246972004e+01 +3.5862e+00 +2.6115e+00 -1.7095e+00 +1.4151e+00 +1.5653e+00 -2.4029e+00 +4.0018e+00 -1.6301e+00 -3.3747e-01 -2.1243e+00
910 0 +3.189877929e+00 -1.375012207e+01 -1.375012207e+01 +3.2341e+00 +2.8147e+00 -1.5534e+00 +1.7249e+00 +1.3556e+00 -1.6786e+00 +3.8341e+00 -1.8561e+00 -2.6252e-01 -1.9897e+00
918 0 +1.474971187e+00 -1.546502881e+01 -1.546502881e+01 +3.7581e+00 +2.5081e+00 -1.5727e+00 +1.3259e+00 +1.2224e+00 -1.9460e+00 +3.4808e+00 -2.1965e+00 -3.6671e-01 -1.8516e+00
1652 0 +1.454550377e+00 -1.548544962e+01 -1.548544962e+01 +3.5642e+00 +2.6426e+00 -1.4716e+00 +1.3688e+00 +1.2110e+00 -1.7450e+00 +3.4612e+00 -1.9862e+00 -7.3323e-01 -2.5058e+00
1669 0 +1.423233104e+00 -1.551676690e+01 -1.551676690e+01 +3.6606e+00 +2.5922e+00 -1.6207e+00 +1.6709e+00 +1.3497e+00 -1.6131e+00 +3.5803e+00 -2.1491e+00 -4.0429e-01 -2.0264e+00
1688 0 +1.358541781e+00 -1.558145822e+01 -1.558145822e+01 +3.8958e+00 +2.4896e+00 -1.3073e+00 +1.3963e+00 +1.0608e+00 -1.8663e+00 +3.3807e+00 -1.9582e+00 -4.3679e-01 -2.0710e+00
1691 0 +1.300492034e+00 -1.563950797e+01 -1.563950797e+01 +3.6056e+00 +2.5810e+00 -1.1660e+00 +1.5341e+00 +1.3199e+00 -1.9566e+00 +3.5180e+00 -2.0581e+00 -3.0003e-01 -2.2005e+00
1729 0 +1.181054755e+00 -1.575894524e+01 -1.575894524e+01 +3.6710e+00 +2.5263e+00 -1.4414e+00 +1.4700e+00 +1.3202e+00 -1.8594e+00 +3.2845e+00 -2.3953e+00 -4.1648e-01 -2.0481e+00
1780 0 +9.501381261e-01 -1.598986187e+01 -1.598986187e+01 +3.6947e+00 +2.5039e+00 -1.6775e+00 +1.3687e+00 +1.4176e+00 -1.8745e+00 +3.4880e+00 -2.3634e+00 -2.7295e-01 -1.9822e+00
1789 0 +8.629128282e-01 -1.607708717e+01 -1.607708717e+01 +3.6198e+00 +2.5540e+00 -1.3930e+00 +1.4545e+00 +1.2368e+00 -1.8644e+00 +3.6321e+00 -2.2683e+00 -4.5270e-01 -2.1141e+00
1791 0 +4.956092097e-01 -1.644439079e+01 -1.644439079e+01 +3.6198e+00 +2.6245e+00 -1.4254e+00 +1.4684e+00 +1.3161e+00 -1.8607e+00 +3.5329e+00 -2.2745e+00 -3.6803e-01 -2.0179e+00
2076 0 +4.917027946e-01 -1.644829721e+01 -1.644829721e+01 +3.5946e+00 +2.5226e+00 -1.4373e+00 +1.6006e+00 +1.3125e+00 -1.8589e+00 +3.4107e+00 -2.2398e+00 -3.0592e-01 -2.0464e+00
2163 0 +4.499684277e-01 -1.649003157e+01 -1.649003157e+01 +3.5913e+00 +2.5057e+00 -1.5083e+00 +1.5301e+00 +1.3589e+00 -1.8052e+00 +3.3581e+00 -2.3466e+00 -4.3520e-01 -2.0460e+00
2290 0 +3.605835431e-01 -1.657941646e+01 -1.657941646e+01 +3.5831e+00 +2.5087e+00 -1.5341e+00 +1.4579e+00 +1.3791e+00 -1.8901e+00 +3.4289e+00 -2.4151e+00 -3.9713e-01 -2.0476e+00
2311 0 +3.020642855e-01 -1.663793571e+01 -1.663793571e+01 +3.6099e+00 +2.5585e+00 -1.4161e+00 +1.4731e+00 +1.3302e+00 -1.9014e+00 +3.4819e+00 -2.2743e+00 -3.7503e-01 -2.0567e+00
2483 0 +2.978442259e-01 -1.664215577e+01 -1.664215577e+01 +3.6370e+00 +2.5224e+00 -1.5439e+00 +1.4269e+00 +1.3349e+00 -1.9324e+00 +3.4322e+00 -2.3405e+00 -3.5337e-01 -2.0484e+00
% f evaluations | g evaluations | best noise-free fitness - Fopt (1.881000000000e+01) + sum g_i+ | measured fitness | best measured fitness or single-digit g-values | x1 | x2...
1 0 +3.920605467e+01 +5.801605467e+01 +5.801605467e+01 +5.9671e-01 -3.8264e-02 +7.4769e-01 +1.6230e+00 -1.3415e-01 -1.3414e-01 +1.6792e+00 +8.6743e-01 -3.6947e-01 +6.4256e-01
3 0 +3.889614342e+01 +5.770614342e+01 +5.770614342e+01 +1.5656e+00 -1.2578e-01 +1.6753e-01 -1.3247e+00 -4.4438e-01 +2.1092e-01 -1.0510e+00 +4.7570e-01 -5.0064e-01 -1.9169e-01
4 0 +3.573796686e+01 +5.454796686e+01 +5.454796686e+01 -5.0171e-01 +1.9523e+00 +8.6503e-02 -9.5771e-01 +9.2254e-01 -1.1208e+00 +3.0886e-01 -1.8597e+00 -1.2282e+00 +2.9686e-01
9 0 +3.300541816e+01 +5.181541816e+01 +5.181541816e+01 -1.1967e-01 +4.5711e-01 +1.5779e+00 -4.1827e-01 -7.0849e-01 -4.0176e-01 +1.0154e+00 +4.2875e-01 -4.2976e-01 +6.1327e-01
10 0 +2.293013372e+01 +4.174013372e+01 +4.174013372e+01 +1.9708e-01 +1.0686e+00 -6.0205e-01 -2.2766e-01 -2.9211e-01 -1.3635e+00 +3.9612e-01 +3.6106e-01 +1.0511e-01 -1.3459e-01
16 0 +1.918655397e+01 +3.799655397e+01 +3.799655397e+01 +3.5049e-01 +4.4645e-01 -5.8002e-01 +3.3225e-01 +3.9307e-01 -6.1435e-01 +1.9658e+00 +5.7383e-01 -1.0913e+00 +7.5655e-01
29 0 +1.237787101e+01 +3.118787101e+01 +3.118787101e+01 +2.1352e-01 +7.6213e-01 +1.6860e+00 -1.1378e+00 +2.2330e+00 -1.8521e+00 -5.1785e-02 +6.8832e-01 +3.8099e-01 -5.2270e-01
377 0 +8.616034951e+00 +2.742603495e+01 +2.742603495e+01 -2.3813e-01 +1.4437e+00 +8.3775e-01 -3.0926e-01 +1.4324e+00 -2.5668e+00 +9.3456e-01 -7.1892e-01 -5.4946e-01 +1.9074e+00
406 0 +6.705620558e+00 +2.551562056e+01 +2.551562056e+01 +6.0035e-01 +1.6889e+00 -6.1421e-01 +5.7609e-01 +9.2363e-01 -2.4497e+00 +3.5243e-02 +1.0721e+00 -7.0721e-01 +2.2777e+00
665 0 +6.180924043e+00 +2.499092404e+01 +2.499092404e+01 -4.3279e-02 +2.1712e+00 +4.7002e-01 -4.0732e-01 +2.0689e+00 -3.6887e+00 -7.9971e-01 +1.5137e+00 +1.0551e-01 +2.1383e+00
787 0 +5.246295103e+00 +2.405629510e+01 +2.405629510e+01 -1.7768e-01 +2.0189e+00 -1.1984e+00 -2.0793e-01 +1.7562e+00 -3.3019e+00 +1.7197e-01 +4.2104e-01 -1.3408e-02 +1.6346e+00
927 0 +5.226327972e+00 +2.403632797e+01 +2.403632797e+01 +8.0971e-01 +2.1552e+00 -3.0378e-01 -1.1062e+00 +4.5121e-01 -2.0068e+00 +4.4318e-01 +3.9949e-01 +7.5316e-01 +4.3565e+00
945 0 +4.576337894e+00 +2.338633789e+01 +2.338633789e+01 +2.0210e-01 +2.2485e+00 -1.8003e-01 -2.3488e-01 +1.8680e+00 -2.6644e+00 -1.0241e-01 +9.1565e-01 +6.5203e-02 +3.0375e+00
952 0 +2.047973603e+00 +2.085797360e+01 +2.085797360e+01 +1.0699e-01 +1.8329e+00 -5.8834e-01 -1.3119e-01 +1.6582e+00 -3.0166e+00 -1.2326e-01 +5.2283e-01 +6.5643e-01 +2.7382e+00
1336 0 +1.951374049e+00 +2.076137405e+01 +2.076137405e+01 -2.2097e-01 +1.7892e+00 -8.6087e-01 +5.1514e-02 +1.8101e+00 -3.0229e+00 +2.2449e-01 +4.3325e-01 +3.0570e-01 +2.5387e+00
1388 0 +1.705378838e+00 +2.051537884e+01 +2.051537884e+01 -1.4805e-01 +1.6743e+00 -8.3182e-01 +2.2371e-01 +1.7690e+00 -3.4996e+00 -2.2770e-02 +1.8962e-01 +3.5219e-01 +2.3501e+00
1474 0 +1.590831724e+00 +2.040083172e+01 +2.040083172e+01 +5.2879e-02 +2.3285e+00 -6.1859e-01 +1.7838e-01 +1.8291e+00 -3.5613e+00 +8.5046e-02 +5.0609e-01 +3.3548e-02 +2.4197e+00
1542 0 +1.181374409e+00 +1.999137441e+01 +1.999137441e+01 +5.3084e-02 +2.1123e+00 -5.1942e-01 -9.7466e-02 +1.7351e+00 -3.3647e+00 +1.3179e-01 +6.5560e-01 +1.4550e-01 +2.5562e+00
1704 0 +1.132519032e+00 +1.994251903e+01 +1.994251903e+01 +3.3195e-01 +2.3217e+00 -4.3770e-01 +1.5494e-01 +1.8222e+00 -3.3397e+00 -3.0348e-02 +7.8527e-01 -7.5499e-02 +2.5742e+00
1751 0 +1.110891138e+00 +1.992089114e+01 +1.992089114e+01 +4.8521e-01 +2.2497e+00 -1.5171e-01 +2.0978e-01 +1.8560e+00 -3.1103e+00 -1.5914e-01 +8.8255e-01 -1.8299e-01 +2.5970e+00
1811 0 +9.991923448e-01 +1.980919234e+01 +1.980919234e+01 -2.2813e-02 +1.8912e+00 -7.2779e-01 +3.4509e-02 +1.6703e+00 -3.3472e+00 +1.6043e-01 +3.7757e-01 +2.2115e-01 +2.3790e+00
1916 0 +7.824773413e-01 +1.959247734e+01 +1.959247734e+01 +3.0111e-01 +2.1473e+00 -3.6129e-01 +1.9268e-01 +1.8008e+00 -3.2752e+00 -1.3305e-01 +6.9169e-01 -1.0650e-01 +2.3115e+00
1978 0 +6.869514712e-01 +1.949695147e+01 +1.949695147e+01 +1.2624e-01 +2.0134e+00 -5.7663e-01 +6.5354e-02 +1.6926e+00 -3.2691e+00 +6.7063e-02 +5.6672e-01 +1.5304e-01 +2.5385e+00
1991 0 +6.605396221e-01 +1.947053962e+01 +1.947053962e+01 +1.3664e-01 +2.2116e+00 -5.0306e-01 +1.8021e-01 +1.9268e+00 -3.3087e+00 +1.8528e-01 +6.9680e-01 -1.6049e-01 +2.2264e+00
2017 0 +6.321388732e-01 +1.944213887e+01 +1.944213887e+01 +1.1195e-01 +2.0447e+00 -4.5017e-01 +1.2227e-01 +1.8218e+00 -3.3129e+00 -8.6938e-02 +7.0884e-01 +7.1529e-02 +2.5037e+00
2030 0 +6.072278810e-01 +1.941722788e+01 +1.941722788e+01 +9.9264e-02 +2.1692e+00 -4.9547e-01 +7.9242e-02 +1.8154e+00 -3.3512e+00 +5.3444e-02 +7.3889e-01 -1.9514e-02 +2.4254e+00
2062 0 +4.987325640e-01 +1.930873256e+01 +1.930873256e+01 -1.3398e-01 +1.9483e+00 -7.3343e-01 -1.7447e-02 +1.7884e+00 -3.4135e+00 +1.3317e-01 +5.5029e-01 +1.9843e-01 +2.5129e+00
2095 0 +4.934556769e-01 +1.930345568e+01 +1.930345568e+01 +1.2692e-01 +2.1677e+00 -5.0507e-01 +1.0433e-01 +1.8505e+00 -3.4076e+00 +3.2288e-02 +6.3041e-01 +5.5304e-03 +2.4670e+00
2096 0 +3.108404788e-01 +1.912084048e+01 +1.912084048e+01 -5.0324e-02 +2.0265e+00 -6.3242e-01 +3.2106e-02 +1.7576e+00 -3.2887e+00 +1.3418e-01 +5.7536e-01 +1.2226e-01 +2.5299e+00
2467 0 +2.639048068e-01 +1.907390481e+01 +1.907390481e+01 -2.8837e-01 +1.7557e+00 -9.0646e-01 -2.5389e-02 +1.6969e+00 -3.2491e+00 +2.9604e-01 +3.4776e-01 +3.7527e-01 +2.6334e+00
% f evaluations | g evaluations | best noise-free fitness - Fopt (2.731500000000e+02) + sum g_i+ | measured fitness | best measured fitness or single-digit g-values | x1 | x2...
1 0 +8.502759335e+01 +3.581775933e+02 +3.581775933e+02 +5.9671e-01 -3.8264e-02 +7.4769e-01 +1.6230e+00 -1.3415e-01 -1.3414e-01 +1.6792e+00 +8.6743e-01 -3.6947e-01 +6.4256e-01
4 0 +5.198835973e+01 +3.251383597e+02 +3.251383597e+02 -5.0171e-01 +1.9523e+00 +8.6503e-02 -9.5771e-01 +9.2254e-01 -1.1208e+00 +3.0886e-01 -1.8597e+00 -1.2282e+00 +2.9686e-01
58 0 +4.351514799e+01 +3.166651480e+02 +3.166651480e+02 -5.1984e-01 +1.8059e+00 -3.3078e-01 -1.8607e-01 +2.4300e+00 -1.5727e+00 +7.0837e-01 -2.2462e+00 -7.8397e-02 -3.9518e-01
74 0 +4.323479124e+01 +3.163847912e+02 +3.163847912e+02 -4.5022e-01 +6.7426e-01 -1.0318e+00 +3.0833e-02 +2.5925e+00 -2.3597e+00 +2.1519e+00 +3.6275e-02 -5.3068e-01 +1.5744e+00
117 0 +3.003921687e+01 +3.031892169e+02 +3.031892169e+02 -9.5292e-01 +4.6967e+00 -7.9840e-01 -3.3032e-01 +1.2685e+00 -4.1942e+00 +1.4295e+00 +3.6891e-01 -1.9307e+00 +1.3361e+00
144 0 +2.545495735e+01 +2.986049574e+02 +2.986049574e+02 -6.4367e-01 +2.5588e+00 -1.3036e+00 -1.0359e+00 +2.3961e+00 -2.0239e+00 +1.6492e-01 -2.7358e+00 -3.4229e-01 +2.5164e+00
152 0 +1.893700961e+01 +2.920870096e+02 +2.920870096e+02 -2.8231e+00 +3.4944e+00 -1.4837e+00 +1.4093e+00 -6.5938e-01 -3.9819e+00 +1.5611e+00 -7.6952e-01 -4.8028e-01 +4.2067e+00
394 0 +1.507495343e+01 +2.882249534e+02 +2.882249534e+02 -4.0515e+00 +2.5920e+00 -8.5634e-01 +9.8294e-01 +1.4662e+00 -2.5312e+00 -6.0584e-01 +4.4846e-01 -1.0004e+00 +3.8163e+00
546 0 +1.018090831e+01 +2.833309083e+02 +2.833309083e+02 -4.5343e+00 +3.4030e+00 +8.1205e-02 +3.3114e+00 +3.2114e-01 -3.8070e+00 -1.1773e+00 -1.2924e+00 -1.6915e+00 +3.7526e+00
590 0 +1.012672411e+01 +2.832767241e+02 +2.832767241e+02 -3.2300e+00 +2.8579e+00 -2.4678e-01 +3.5586e+00 +6.4505e-01 -3.7823e+00 +4.3204e-01 -1.1174e+00 -3.0447e+00 +2.9490e+00
595 0 +8.061323213e+00 +2.812113232e+02 +2.812113232e+02 -3.6692e+00 +3.6177e+00 -1.6918e+00 +3.1665e+00 +1.8471e+00 -4.2763e+00 -8.2978e-01 -7.6220e-01 -2.9011e+00 +2.9276e+00
787 0 +4.360865890e+00 +2.775108659e+02 +2.775108659e+02 -3.6214e+00 +3.0326e+00 -5.3897e-01 +3.2621e+00 +1.4140e+00 -4.0238e+00 -1.0437e+00 -1.0281e+00 -2.9418e+00 +2.9041e+00
983 0 +3.736477031e+00 +2.768864770e+02 +2.768864770e+02 -3.2787e+00 +2.8371e+00 -1.8427e-01 +3.2723e+00 +1.4016e+00 -4.4076e+00 -3.4735e-01 -1.2923e+00 -2.3824e+00 +3.4739e+00
1083 0 +2.518087104e+00 +2.756680871e+02 +2.756680871e+02 -3.3921e+00 +3.8142e+00 -2.8076e-01 +2.5225e+00 +2.2366e+00 -4.2502e+00 -7.4004e-01 -9.0245e-01 -2.0176e+00 +2.9654e+00
1358 0 +1.808954973e+00 +2.749589550e+02 +2.749589550e+02 -3.3719e+00 +3.9684e+00 -5.1852e-01 +2.3068e+00 +2.7011e+00 -3.8262e+00 -1.2616e+00 -8.4290e-01 -1.5510e+00 +3.2927e+00
1536 0 +1.223049434e+00 +2.743730494e+02 +2.743730494e+02 -3.7163e+00 +3.7311e+00 -4.8558e-01 +2.4394e+00 +2.4587e+00 -3.8624e+00 -1.0623e+00 -1.0949e+00 -1.8001e+00 +3.2007e+00
1646 0 +9.109440804e-01 +2.740609441e+02 +2.740609441e+02 -3.4697e+00 +3.8485e+00 -4.5644e-01 +2.3851e+00 +2.4460e+00 -3.9953e+00 -1.1202e+00 -1.0257e+00 -1.8503e+00 +3.0384e+00
1868 0 +7.174887656e-01 +2.738674888e+02 +2.738674888e+02 -3.6628e+00 +3.7831e+00 -4.2328e-01 +2.5052e+00 +2.3229e+00 -3.9861e+00 -1.3170e+00 -1.1667e+00 -1.8477e+00 +3.0556e+00
1965 0 +6.767205481e-01 +2.738267205e+02 +2.738267205e+02 -3.5069e+00 +3.7186e+00 -4.5996e-01 +2.7306e+00 +1.9601e+00 -3.9632e+00 -1.0478e+00 -1.0978e+00 -2.1723e+00 +3.1443e+00
2048 0 +5.600962040e-01 +2.737100962e+02 +2.737100962e+02 -3.5511e+00 +3.7409e+00 -5.0715e-01 +2.7002e+00 +2.0122e+00 -3.9711e+00 -9.6164e-01 -1.0496e+00 -2.0896e+00 +3.1823e+00
2259 0 +4.991859370e-01 +2.736491859e+02 +2.736491859e+02 -3.5029e+00 +3.6073e+00 -4.6401e-01 +2.6635e+00 +1.8167e+00 -4.1355e+00 -1.0046e+00 -1.0859e+00 -2.0846e+00 +3.1945e+00
% f evaluations | g evaluations | best noise-free fitness - Fopt (3.718000000000e+01) + sum g_i+ | measured fitness | best measured fitness or single-digit g-values | x1 | x2...
1 0 +8.365132529e+01 +1.208313253e+02 +1.208313253e+02 +5.9671e-01 -3.8264e-02 +7.4769e-01 +1.6230e+00 -1.3415e-01 -1.3414e-01 +1.6792e+00 +8.6743e-01 -3.6947e-01 +6.4256e-01
2 0 +6.726068337e+01 +1.044406834e+02 +1.044406834e+02 -3.6342e-01 -3.6573e-01 +3.4196e-01 -1.8133e+00 -1.6249e+00 -4.6229e-01 -9.1283e-01 +4.1425e-01 -8.0802e-01 -1.3123e+00
3 0 +5.648008176e+01 +9.366008176e+01 +9.366008176e+01 +1.5656e+00 -1.2578e-01 +1.6753e-01 -1.3247e+00 -4.4438e-01 +2.1092e-01 -1.0510e+00 +4.7570e-01 -5.0064e-01 -1.9169e-01
12 0 +4.838140490e+01 +8.556140490e+01 +8.556140490e+01 -1.8188e+00 +7.3486e-02 +1.6023e-01 +2.5632e+00 -9.2361e-02 +4.0155e-01 +6.5288e-02 -1.0687e+00 +1.2428e+00 +8.5193e-01
22 0 +4.756717306e+01 +8.474717306e+01 +8.474717306e+01 +6.7089e-01 +1.2356e+00 +1.0540e+00 +7.5139e-01 -2.1527e-01 +8.5897e-01 -6.7283e-01 -1.3682e-01 -3.8536e-01 +1.8187e-01
25 0 +4.682686845e+01 +8.400686845e+01 +8.400686845e+01 -6.9252e-01 -1.4736e-02 +6.0499e-01 +9.6576e-01 -1.1003e+00 -2.3450e-01 -3.7495e-01 -5.5333e-01 +1.8655e+00 +5.0498e-01
26 0 +2.811197526e+01 +6.529197526e+01 +6.529197526e+01 -1.1609e+00 +1.0179e+00 +2.2222e+00 +1.1325e+00 -1.4194e+00 -3.8423e-01 +1.3669e+00 -6.0767e-01 +5.4382e-01 +8.7463e-01
95 0 +2.576218262e+01 +6.294218262e+01 +6.294218262e+01 -1.5431e+00 +7.0727e-01 -1.5538e-01 +2.5931e+00 -8.5819e-01 -1.8972e-01 +1.3919e+00 -2.8162e+00 +8.1415e-01 -1.0044e+00
107 0 +2.557595936e+01 +6.275595936e+01 +6.275595936e+01 -1.2654e+00 +1.1154e+00 +7.6679e-01 +9.2329e-01 -2.6985e+00 +1.3025e+00 -5.8778e-01 -3.2541e+00 +9.1659e-03 -1.4804e+00
137 0 +1.553815772e+01 +5.271815772e+01 +5.271815772e+01 -2.0528e+00 -1.0250e+00 +9.4229e-01 +3.2080e+00 -8.4055e-01 -1.3337e-01 +4.8391e-01 -2.8774e+00 -4.8748e-01 -4.5356e-02
603 0 +1.505826956e+01 +5.223826956e+01 +5.223826956e+01 -4.0725e+00 +2.3004e+00 +3.4679e-02 +1.7744e+00 -2.6468e+00 -1.5746e+00 +1.1706e+00 -3.6582e+00 -2.4959e-01 +2.6254e+00
606 0 +8.346343042e+00 +4.552634304e+01 +4.552634304e+01 -4.6039e+00 +2.4162e+00 +2.7599e+00 +5.8252e-01 -2.8668e+00 +2.8571e-01 -4.1083e-01 -3.7045e+00 -2.1295e+00 +2.2280e+00
927 0 +7.031106458e+00 +4.421110646e+01 +4.421110646e+01 -3.8322e+00 +1.5068e+00 +7.2001e-01 +2.0268e+00 -3.9292e+00 -1.8734e+00 -1.6986e-01 -3.4559e+00 -1.5664e+00 +3.3487e+00
942 0 +6.120695470e+00 +4.330069547e+01 +4.330069547e+01 -3.3275e+00 +2.5145e+00 +1.4284e+00 +1.3852e+00 -3.1040e+00 -5.0184e-01 -5.9352e-01 -3.3746e+00 -1.0052e+00 +2.6074e+00
1043 0 +5.916061571e+00 +4.309606157e+01 +4.309606157e+01 -3.8153e+00 +2.3418e+00 +1.4990e+00 +2.7464e+00 -3.7353e+00 -9.8063e-01 +2.5687e-01 -3.9537e+00 -2.1493e+00 +3.7205e+00
1062 0 +5.504269686e+00 +4.268426969e+01 +4.268426969e+01 -3.8247e+00 +1.6927e+00 +1.6777e+00 +2.2928e+00 -3.8831e+00 -1.9799e+00 +3.9209e-01 -3.0783e+00 -1.1426e+00 +3.2258e+00
1064 0 +4.338100003e+00 +4.151810000e+01 +4.151810000e+01 -3.5049e+00 +1.9810e+00 +1.9193e+00 +1.7314e+00 -3.7080e+00 -1.3601e+00 -5.1028e-01 -3.5404e+00 -1.9659e+00 +3.0644e+00
1178 0 +3.633583021e+00 +4.081358302e+01 +4.081358302e+01 -3.6577e+00 +1.5850e+00 +2.5829e+00 +1.8705e+00 -3.3198e+00 -1.4088e+00 -3.1629e-02 -2.7267e+00 -1.9104e+00 +3.4131e+00
1210 0 +2.996529100e+00 +4.017652910e+01 +4.017652910e+01 -3.5542e+00 +1.4555e+00 +1.6599e+00 +2.0736e+00 -3.3974e+00 -1.6289e+00 +5.3663e-01 -3.3342e+00 -1.7459e+00 +2.6677e+00
1289 0 +2.512821635e+00 +3.969282164e+01 +3.969282164e+01 -3.7395e+00 +1.5772e+00 +1.5619e+00 +2.0101e+00 -3.2212e+00 -1.3791e+00 +2.3263e-01 -3.4120e+00 -1.8323e+00 +2.3798e+00
1324 0 +2.222518083e+00 +3.940251808e+01 +3.940251808e+01 -3.9166e+00 +2.0046e+00 +2.0177e+00 +1.5266e+00 -3.5358e+00 -1.0585e+00 +1.0124e-01 -3.6324e+00 -1.8558e+00 +3.1177e+00
1486 0 +1.472256243e+00 +3.865225624e+01 +3.865225624e+01 -4.0375e+00 +2.1277e+00 +1.9690e+00 +1.4811e+00 -3.6037e+00 -1.3841e+00 +4.8932e-01 -3.3167e+00 -1.7656e+00 +2.9653e+00
1609 0 +9.286665535e-01 +3.810866655e+01 +3.810866655e+01 -4.0721e+00 +2.0994e+00 +2.1103e+00 +1.5240e+00 -3.7489e+00 -1.2624e+00 +3.5122e-01 -3.4161e+00 -2.0454e+00 +3.0394e+00
1918 0 +8.611485695e-01 +3.804114857e+01 +3.804114857e+01 -3.9691e+00 +1.9414e+00 +1.8869e+00 +1.6913e+00 -3.3779e+00 -1.2524e+00 +4.2654e-01 -3.3196e+00 -1.6651e+00 +2.9543e+00
1992 0 +7.814725978e-01 +3.796147260e+01 +3.796147260e+01 -4.0210e+00 +2.1207e+00 +2.1306e+00 +1.5700e+00 -3.6264e+00 -1.1449e+00 +4.6350e-01 -3.4016e+00 -1.8617e+00 +3.1401e+00
2119 0 +7.431597624e-01 +3.792315976e+01 +3.792315976e+01 -3.8987e+00 +2.0468e+00 +1.9451e+00 +1.6688e+00 -3.5679e+00 -1.3114e+00 +3.2692e-01 -3.4077e+00 -1.7414e+00 +3.0191e+00
2222 0 +5.924745814e-01 +3.777247458e+01 +3.777247458e+01 -3.9156e+00 +1.9514e+00 +1.9373e+00 +1.7416e+00 -3.4249e+00 -1.1804e+00 +2.8035e-01 -3.4472e+00 -1.9318e+00 +2.8913e+00
2378 0 +5.577342051e-01 +3.773773421e+01 +3.773773421e+01 -3.9227e+00 +2.0061e+00 +1.9472e+00 +1.7230e+00 -3.4983e+00 -1.2275e+00 +3.1220e-01 -3.4628e+00 -1.8929e+00 +3.0630e+00
2400 0 +3.505270669e-01 +3.753052707e+01 +3.753052707e+01 -3.8780e+00 +2.1340e+00 +1.9870e+00 +1.6553e+00 -3.5212e+00 -1.2154e+00 +4.0687e-01 -3.4518e+00 -1.8189e+00 +3.1002e+00
% f evaluations | g evaluations | best noise-free fitness - Fopt (-1.479000000000e+02) + sum g_i+ | measured fitness | best measured fitness or single-digit g-values | x1 | x2...
1 0 +3.116887320e+01 -1.167311268e+02 -1.167311268e+02 +5.9671e-01 -3.8264e-02 +7.4769e-01 +1.6230e+00 -1.3415e-01 -1.3414e-01 +1.6792e+00 +8.6743e-01 -3.6947e-01 +6.4256e-01
2 0 +2.090232876e+01 -1.269976712e+02 -1.269976712e+02 -3.6342e-01 -3.6573e-01 +3.4196e-01 -1.8133e+00 -1.6249e+00 -4.6229e-01 -9.1283e-01 +4.1425e-01 -8.0802e-01 -1.3123e+00
9 0 +2.057829552e+01 -1.273217045e+02 -1.273217045e+02 -1.1967e-01 +4.5711e-01 +1.5779e+00 -4.1827e-01 -7.0849e-01 -4.0176e-01 +1.0154e+00 +4.2875e-01 -4.2976e-01 +6.1327e-01
20 0 +1.805115423e+01 -1.298488458e+02 -1.298488458e+02 -3.4651e-01 +9.5640e-01 +3.1409e-01 -1.1457e+00 +2.7318e-01 +4.8532e-01 -7.8386e-01 +2.5373e-01 +1.5821e-01 -1.0430e+00
37 0 +1.665151451e+01 -1.312484855e+02 -1.312484855e+02 +6.1935e-01 +1.6327e+00 -8.7601e-03 +5.0171e-01 +7.9014e-01 -3.0122e-01 +3.2409e-01 +1.1259e-01 +1.9768e-01 -6.7301e-01
174 0 +1.382866253e+01 -1.340713375e+02 -1.340713375e+02 -8.8421e-01 +9.5561e-01 +2.7790e-01 +1.2543e+00 -1.3600e+00 -5.6784e-01 +1.6881e+00 +3.8477e-01 +6.7574e-01 -1.0077e+00
206 0 +1.317960371e+01 -1.347203963e+02 -1.347203963e+02 -1.8506e+00 +2.0055e+00 +5.5535e-01 -4.7286e-03 -1.4046e-01 +1.7259e+00 -6.5852e-01 -7.5695e-01 -9.7992e-01 +6.8226e-01
210 0 +1.159828404e+01 -1.363017160e+02 -1.363017160e+02 -1.4590e+00 +1.4453e+00 +1.6310e+00 -4.5748e-01 +1.2583e+00 +8.2197e-01 -1.5439e-01 -1.0742e+00 -2.4436e-01 -2.7803e-01
238 0 +8.939868636e+00 -1.389601314e+02 -1.389601314e+02 -2.1952e+00 +8.2183e-01 +2.8265e+00 -2.7591e-01 -1.5335e+00 -3.2619e-02 +4.0509e-01 -1.1220e+00 +4.0901e-02 -2.0624e-01
442 0 +8.512627821e+00 -1.393873722e+02 -1.393873722e+02 -1.5696e+00 -9.4952e-02 +8.0936e-01 -2.1435e+00 -2.1833e+00 +1.2296e+00 -1.0628e+00 -2.2526e+00 -2.5421e+00 +6.9839e-01
636 0 +6.007392028e+00 -1.418926080e+02 -1.418926080e+02 -1.2918e+00 +9.5980e-01 +1.1091e+00 -1.4361e+00 -2.5350e+00 +1.0362e+00 -1.7264e+00 -1.9263e+00 -3.2583e+00 +6.4618e-01
756 0 +5.932340510e+00 -1.419676595e+02 -1.419676595e+02 -5.9903e-01 +1.2971e+00 +1.5840e-01 -9.8132e-01 -1.6698e+00 +1.8794e+00 -9.1750e-01 -5.4259e-01 -2.7338e+00 +1.0048e+00
802 0 +5.148329661e+00 -1.427516703e+02 -1.427516703e+02 -2.1649e+00 +4.5407e-01 +1.5283e+00 -1.3032e+00 -2.9565e+00 +1.0224e+00 -7.0398e-01 -2.1545e+00 -2.6484e+00 +1.9719e+00
888 0 +4.013851705e+00 -1.438861483e+02 -1.438861483e+02 -1.3473e+00 -1.3776e-01 +1.1059e+00 -2.5392e+00 -2.8724e+00 +1.0900e+00 -1.6376e+00 -1.8741e+00 -3.2110e+00 +1.0249e+00
1029 0 +3.796768497e+00 -1.441032315e+02 -1.441032315e+02 -2.2271e+00 +4.9073e-01 +1.2422e+00 -2.5724e+00 -3.3841e+00 +1.4460e+00 -1.4972e+00 -2.0114e+00 -3.7999e+00 +1.9636e+00
1087 0 +3.439661616e+00 -1.444603384e+02 -1.444603384e+02 -2.1093e+00 +4.4558e-02 +1.4800e+00 -2.3175e+00 -2.1649e+00 +1.0590e+00 -2.1651e+00 -1.9136e+00 -3.8876e+00 +1.7893e+00
1111 0 +3.027426711e+00 -1.448725733e+02 -1.448725733e+02 -1.2713e+00 +1.5635e-01 +1.4382e+00 -2.5947e+00 -2.9312e+00 +1.0002e+00 -1.8298e+00 -1.9521e+00 -4.0939e+00 +1.5487e+00
1164 0 +2.033003351e+00 -1.458669966e+02 -1.458669966e+02 -1.8354e+00 +8.4758e-02 +1.3193e+00 -1.9968e+00 -3.1249e+00 +1.0939e+00 -1.4557e+00 -2.2867e+00 -3.7464e+00 +1.8079e+00
1285 0 +1.972884622e+00 -1.459271154e+02 -1.459271154e+02 -1.5902e+00 -1.1072e-01 +1.2329e+00 -2.4389e+00 -3.2859e+00 +1.1682e+00 -1.6539e+00 -2.1609e+00 -4.0214e+00 +1.6806e+00
1313 0 +1.577478514e+00 -1.463225215e+02 -1.463225215e+02 -1.4370e+00 +1.2729e-01 +1.1814e+00 -2.1760e+00 -3.3934e+00 +1.5392e+00 -1.6806e+00 -2.4083e+00 -3.6935e+00 +1.6442e+00
1456 0 +1.514535897e+00 -1.463854641e+02 -1.463854641e+02 -1.2782e+00 -1.8742e-01 +8.4647e-01 -2.2899e+00 -3.4651e+00 +1.3201e+00 -1.4445e+00 -2.2285e+00 -4.1557e+00 +1.6228e+00
1505 0 +1.422902711e+00 -1.464770973e+02 -1.464770973e+02 -1.5079e+00 +2.0275e-02 +1.1137e+00 -2.2139e+00 -3.0781e+00 +1.3066e+00 -1.5243e+00 -2.4030e+00 -3.7337e+00 +1.4940e+00
1622 0 +1.392737515e+00 -1.465072625e+02 -1.465072625e+02 -1.9786e+00 -2.6924e-01 +1.2381e+00 -2.2040e+00 -3.6147e+00 +1.2151e+00 -1.4983e+00 -2.4998e+00 -4.1618e+00 +2.1160e+00
1626 0 +1.382417101e+00 -1.465175829e+02 -1.465175829e+02 -1.4472e+00 -1.7245e-01 +8.5162e-01 -2.4246e+00 -3.7973e+00 +1.4752e+00 -1.4659e+00 -2.4415e+00 -4.2189e+00 +1.6629e+00
1630 0 +8.746356953e-01 -1.470253643e+02 -1.470253643e+02 -1.5663e+00 +1.0005e-01 +1.0377e+00 -2.2033e+00 -3.0315e+00 +1.2917e+00 -1.6392e+00 -2.0386e+00 -3.8665e+00 +1.6595e+00
1753 0 +7.660998411e-01 -1.471339002e+02 -1.471339002e+02 -1.5598e+00 +4.3914e-02 +1.1558e+00 -1.9320e+00 -3.0993e+00 +1.5133e+00 -1.5088e+00 -2.2929e+00 -3.7928e+00 +1.7317e+00
1822 0 +7.538216698e-01 -1.471461783e+02 -1.471461783e+02 -1.6207e+00 -2.2432e-03 +9.9765e-01 -2.0202e+00 -3.1679e+00 +1.4725e+00 -1.6040e+00 -2.2155e+00 -3.9257e+00 +1.7328e+00
1931 0 +6.268776827e-01 -1.472731223e+02 -1.472731223e+02 -1.6943e+00 +1.0457e-01 +1.1047e+00 -2.0471e+00 -3.1242e+00 +1.4673e+00 -1.5349e+00 -2.2048e+00 -3.7167e+00 +1.7607e+00
2398 0 +6.208667030e-01 -1.472791333e+02 -1.472791333e+02 -1.5866e+00 +1.7352e-01 +1.2052e+00 -1.9599e+00 -3.1107e+00 +1.5407e+00 -1.6309e+00 -2.3801e+00 -3.6135e+00 +1.5595e+00
2410 0 +6.029366529e-01 -1.472970633e+02 -1.472970633e+02 -1.8180e+00 -8.4916e-02 +1.1492e+00 -2.0525e+00 -3.3081e+00 +1.2753e+00 -1.5482e+00 -2.3049e+00 -3.8688e+00 +1.8421e+00
2415 0 +5.538155669e-01 -1.473461844e+02 -1.473461844e+02 -1.8135e+00 -9.4860e-03 +1.1497e+00 -2.1144e+00 -3.3279e+00 +1.4333e+00 -1.6333e+00 -2.3530e+00 -3.8618e+00 +1.8420e+00
2431 0 +4.279298327e-01 -1.474720702e+02 -1.474720702e+02 -1.5717e+00 +2.0036e-01 +1.1219e+00 -2.0874e+00 -2.9544e+00 +1.4177e+00 -1.5603e+00 -2.1671e+00 -3.6803e+00 +1.5877e+00
2483 0 +3.567200571e-01 -1.475432799e+02 -1.475432799e+02 -1.7272e+00 +8.6854e-02 +1.1307e+00 -1.9910e+00 -3.2044e+00 +1.4365e+00 -1.6140e+00 -2.2729e+00 -3.8154e+00 +1.7778e+00
% f evaluations | g evaluations | best noise-free fitness - Fopt (4.817100000000e+02) + sum g_i+ | measured fitness | best measured fitness or single-digit g-values | x1 | x2...
1 0 +8.102514800e+01 +5.627351480e+02 +5.627351480e+02 +5.9671e-01 -3.8264e-02 +7.4769e-01 +1.6230e+00 -1.3415e-01 -1.3414e-01 +1.6792e+00 +8.6743e-01 -3.6947e-01 +6.4256e-01
6 0 +3.891937011e+01 +5.206293701e+02 +5.206293701e+02 +4.2408e-01 -2.8508e-01 -5.7692e-01 +7.1168e-01 +1.1310e+00 +1.0313e+00 -7.3922e-01 -2.0921e-01 +4.3126e-01 +1.0755e+00
56 0 +3.889012983e+01 +5.206001298e+02 +5.206001298e+02 +4.6196e-01 -2.7616e-01 -2.3948e-01 +3.9594e+00 +3.8156e+00 -8.2758e-01 +1.5762e+00 +5.8413e-01 -1.2336e-02 +2.7220e+00
69 0 +3.341100593e+01 +5.151210059e+02 +5.151210059e+02 -2.6607e-01 -5.4156e-01 -2.0261e+00 +2.8092e+00 +2.0084e-01 -1.3367e+00 -8.7545e-01 -5.1191e-01 +1.0750e+00 +1.0347e+00
77 0 +2.820829677e+01 +5.099182968e+02 +5.099182968e+02 +1.8255e-01 -1.8176e+00 -9.4310e-01 +1.3202e+00 +1.0745e+00 -6.8118e-01 +7.5657e-01 -3.7751e-01 +4.7495e-01 +1.0904e+00
84 0 +2.602781001e+01 +5.077378100e+02 +5.077378100e+02 +2.9417e-01 -2.4381e+00 -6.9202e-01 +3.0683e+00 +1.3362e+00 -1.0059e+00 -1.0949e+00 +6.8958e-01 -7.9061e-01 -4.5496e-01
101 0 +1.315434580e+01 +4.948643458e+02 +4.948643458e+02 +1.9243e+00 -1.2918e+00 -2.3644e+00 +2.7627e+00 -1.5947e+00 -4.6516e-01 +1.2587e+00 -2.5688e-01 -1.5457e+00 +8.2910e-01
497 0 +1.287479250e+01 +4.945847925e+02 +4.945847925e+02 +1.4697e+00 -2.4047e+00 -2.7317e+00 +2.1178e+00 +5.0397e-01 -6.0640e-01 +2.4749e-01 +6.9535e-01 -2.5540e+00 +8.8389e-01
540 0 +1.182984423e+01 +4.935398442e+02 +4.935398442e+02 +3.3133e-01 -2.6408e+00 -2.5634e+00 +4.6334e+00 +3.8570e-01 +9.3632e-01 +1.7304e-01 -2.7166e+00 -1.7956e+00 -4.2939e-01
554 0 +1.116875516e+01 +4.928787552e+02 +4.928787552e+02 +2.2680e+00 -3.1530e+00 -3.7100e+00 +1.6730e+00 -7.4526e-01 -7.6365e-01 -4.4925e-02 -4.4174e-01 -2.1358e+00 -3.2322e-01
569 0 +1.101240514e+01 +4.927224051e+02 +4.927224051e+02 +1.1655e+00 -3.3759e+00 -4.0966e+00 +1.4843e+00 +1.8588e-01 -2.3696e+00 +1.3156e+00 -2.0466e+00 -1.4687e+00 +9.4724e-01
683 0 +1.097425284e+01 +4.926842528e+02 +4.926842528e+02 +1.5708e+00 -2.9247e+00 -3.0528e+00 +2.7437e+00 -7.9336e-01 -1.5244e+00 +2.2010e-01 -9.5329e-01 -6.9514e-01 +5.1402e-01
701 0 +8.644165442e+00 +4.903541654e+02 +4.903541654e+02 +1.3414e+00 -2.5584e+00 -2.3675e+00 +2.7336e+00 -4.0088e-01 -9.1793e-01 +1.8135e+00 -2.6883e+00 -7.5589e-01 +1.1514e+00
736 0 +8.538099682e+00 +4.902480997e+02 +4.902480997e+02 -3.4413e-01 -2.9741e+00 -2.4202e+00 +4.6947e+00 -4.3911e-01 -1.8787e+00 +4.4248e-01 -2.2297e+00 -3.3514e+00 -4.5082e-01
802 0 +6.794998280e+00 +4.885049983e+02 +4.885049983e+02 +1.3174e+00 -2.6637e+00 -3.5554e+00 +3.9277e+00 -6.9847e-01 -1.1828e+00 +1.3183e+00 -1.2529e+00 -2.5972e+00 -1.0981e-01
810 0 +6.327549270e+00 +4.880375493e+02 +4.880375493e+02 +7.9921e-01 -2.7837e+00 -3.5593e+00 +4.1840e+00 +5.2934e-02 -1.1240e+00 +3.5450e-01 -1.1854e+00 -2.0981e+00 -3.8945e-01
857 0 +5.183770682e+00 +4.868937707e+02 +4.868937707e+02 +4.9776e-01 -3.0337e+00 -2.6048e+00 +3.0117e+00 -9.3201e-01 -8.8026e-01 +4.8295e-01 -1.7529e+00 -2.1687e+00 +3.1742e-01
863 0 +4.783748328e+00 +4.864937483e+02 +4.864937483e+02 +1.0135e+00 -3.0173e+00 -2.9297e+00 +3.0024e+00 -5.4142e-01 -8.1068e-01 +9.1194e-01 -8.8030e-01 -1.9779e+00 +5.9166e-01
942 0 +4.452132943e+00 +4.861621329e+02 +4.861621329e+02 +1.0854e+00 -3.3497e+00 -3.0627e+00 +2.4939e+00 -5.7207e-01 -7.1956e-01 +4.9061e-01 -1.3515e+00 -1.5287e+00 +6.0047e-01
947 0 +2.952118481e+00 +4.846621185e+02 +4.846621185e+02 +1.1114e+00 -2.9727e+00 -2.8349e+00 +2.9560e+00 -7.3186e-01 -1.3891e+00 +8.5613e-01 -1.1648e+00 -2.0007e+00 +4.9774e-01
1016 0 +2.484005130e+00 +4.841940051e+02 +4.841940051e+02 +1.0413e+00 -2.8293e+00 -2.1210e+00 +2.8290e+00 -5.1901e-01 -5.4473e-01 +5.7840e-01 -1.5827e+00 -1.8486e+00 +1.1402e+00
1226 0 +1.875906230e+00 +4.835859062e+02 +4.835859062e+02 +1.2727e+00 -2.7303e+00 -2.8649e+00 +2.8871e+00 -2.2769e-01 -6.8510e-01 +6.7335e-01 -9.4638e-01 -2.1375e+00 +4.4446e-01
1288 0 +1.714656013e+00 +4.834246560e+02 +4.834246560e+02 +1.1025e+00 -2.8327e+00 -3.0158e+00 +2.6644e+00 -6.8445e-02 -6.2475e-01 +4.9706e-01 -1.5880e+00 -1.4865e+00 +9.3219e-01
1370 0 +1.461794158e+00 +4.831717942e+02 +4.831717942e+02 +9.7659e-01 -3.0440e+00 -2.7620e+00 +3.0485e+00 -3.3330e-01 -6.7806e-01 +5.3670e-01 -1.7058e+00 -1.6568e+00 +5.6395e-01
1510 0 +1.377788400e+00 +4.830877884e+02 +4.830877884e+02 +9.2280e-01 -2.9448e+00 -2.8087e+00 +3.1877e+00 -3.7211e-01 -7.9395e-01 +8.8175e-01 -1.5934e+00 -1.7380e+00 +4.9911e-01
1558 0 +1.339385653e+00 +4.830493857e+02 +4.830493857e+02 +1.1549e+00 -2.8338e+00 -2.7516e+00 +3.0237e+00 -3.9416e-01 -8.3625e-01 +5.4397e-01 -1.6168e+00 -1.7979e+00 +6.5653e-01
1574 0 +1.235043430e+00 +4.829450434e+02 +4.829450434e+02 +1.2866e+00 -2.7187e+00 -2.8052e+00 +2.7567e+00 -3.7360e-01 -8.9568e-01 +8.5866e-01 -1.3509e+00 -2.1609e+00 +5.7855e-01
1584 0 +8.890282935e-01 +4.825990283e+02 +4.825990283e+02 +1.1295e+00 -2.8528e+00 -2.7535e+00 +2.7201e+00 -3.5928e-01 -8.2323e-01 +8.0741e-01 -1.5613e+00 -1.8453e+00 +7.5293e-01
1761 0 +8.773105266e-01 +4.825873105e+02 +4.825873105e+02 +1.1523e+00 -2.8851e+00 -2.8441e+00 +2.6032e+00 -2.1455e-01 -7.1193e-01 +6.3624e-01 -1.3475e+00 -1.7842e+00 +7.1317e-01
1791 0 +5.241154343e-01 +4.822341154e+02 +4.822341154e+02 +1.0774e+00 -2.9341e+00 -2.7430e+00 +2.8827e+00 -4.2999e-01 -7.9519e-01 +7.4029e-01 -1.5098e+00 -1.8461e+00 +6.6636e-01
2057 0 +5.040996633e-01 +4.822140997e+02 +4.822140997e+02 +1.1371e+00 -3.0089e+00 -2.8939e+00 +2.8359e+00 -3.7995e-01 -8.5149e-01 +6.8065e-01 -1.3954e+00 -1.9032e+00 +5.7120e-01
2121 0 +4.367865927e-01 +4.821467866e+02 +4.821467866e+02 +1.0369e+00 -3.0180e+00 -2.9095e+00 +2.9804e+00 -3.7972e-01 -8.6880e-01 +6.1302e-01 -1.5937e+00 -1.8664e+00 +5.0736e-01
2275 0 +3.868831613e-01 +4.820968832e+02 +4.820968832e+02 +1.0541e+00 -2.9281e+00 -2.8591e+00 +2.9431e+00 -3.3907e-01 -8.1291e-01 +6.9573e-01 -1.6456e+00 -1.8414e+00 +5.9251e-01
2313 0 +3.361225965e-01 +4.820461226e+02 +4.820461226e+02 +1.0725e+00 -2.9678e+00 -2.8616e+00 +3.0104e+00 -3.8543e-01 -9.0717e-01 +7.2143e-01 -1.5579e+00 -1.9359e+00 +5.3020e-01
2431 0 +3.270834001e-01 +4.820370834e+02 +4.820370834e+02 +1.0634e+00 -3.0074e+00 -2.8686e+00 +2.9145e+00 -3.3763e-01 -8.1060e-01 +5.9277e-01 -1.5256e+00 -1.8492e+00 +6.1621e-01
2466 0 +2.152137358e-01 +4.819252137e+02 +4.819252137e+02 +1.0473e+00 -3.0097e+00 -2.8773e+00 +3.0719e+00 -4.0748e-01 -9.1297e-01 +7.0054e-01 -1.5852e+00 -1.9389e+00 +4.9209e-01
% f evaluations | g evaluations | best noise-free fitness - Fopt (-3.646000000000e+01) + sum g_i+ | measured fitness | best measured fitness or single-digit g-values | x1 | x2...
1 0 +1.451125285e+02 +1.086525285e+02 +1.086525285e+02 +5.9671e-01 -3.8264e-02 +7.4769e-01 +1.6230e+00 -1.3415e-01 -1.3414e-01 +1.6792e+00 +8.6743e-01 -3.6947e-01 +6.4256e-01
7 0 +1.389135016e+02 +1.024535016e+02 +1.024535016e+02 -3.7917e-01 -8.5659e-02 -1.0063e+00 -1.0962e+00 +9.1253e-01 +1.4562e+00 +2.7990e-02 +1.1035e+00 +4.6164e-01 -5.4512e-01
11 0 +7.588826061e+01 +3.942826061e+01 +3.942826061e+01 -1.3154e+00 -3.2065e-01 -2.4271e-01 -7.0228e-01 -6.1286e-02 +5.0405e-01 +1.9862e+00 +2.7458e-01 +3.5755e-01 +2.5554e-02
42 0 +6.961415182e+01 +3.315415182e+01 +3.315415182e+01 +8.1161e-01 -1.0246e+00 -1.4341e+00 +1.3777e+00 +4.3231e-01 -6.4849e-01 +1.6512e+00 +2.1567e-01 +1.2793e+00 +1.6752e-01
52 0 +6.939311212e+01 +3.293311212e+01 +3.293311212e+01 -2.5428e+00 +2.9498e-01 -5.9946e-01 +4.0037e+00 +1.2436e+00 +7.4026e-01 +1.8983e+00 -2.6972e-01 +1.8412e+00 +1.9467e+00
53 0 +6.060993174e+01 +2.414993174e+01 +2.414993174e+01 +9.7809e-01 -1.6170e-01 -2.2699e+00 +3.5086e+00 +1.7185e+00 +1.6331e+00 -7.6979e-01 +1.7952e+00 +1.7775e+00 +4.3022e-01
62 0 +5.307712223e+01 +1.661712223e+01 +1.661712223e+01 +2.8182e+00 -2.9365e+00 -1.2356e+00 +1.4850e+00 +3.8595e-01 +5.5044e-01 +1.2400e+00 -4.2180e-02 -5.3359e-01 -7.0869e-01
93 0 +4.004810832e+01 +3.588108318e+00 +3.588108318e+00 +2.1654e+00 -2.2380e+00 -1.9175e+00 +1.4338e+00 -2.1485e-01 +1.7475e+00 +2.1981e+00 +3.0378e+00 +1.3209e+00 +8.1771e-01
159 0 +3.023467467e+01 -6.225325334e+00 -6.225325334e+00 +7.7237e-01 -3.4423e+00 -3.9963e+00 +3.0042e+00 +7.4288e-01 +3.7986e+00 +2.8485e+00 +4.6385e+00 -2.4526e+00 -3.7510e+00
209 0 +2.878110883e+01 -7.678891168e+00 -7.678891168e+00 +9.4561e-01 -2.6378e+00 -2.1457e+00 -1.2545e+00 +3.3498e-01 +3.4742e+00 +1.8524e+00 +2.1211e+00 -1.9890e+00 -1.7159e+00
242 0 +2.419010822e+01 -1.226989178e+01 -1.226989178e+01 +3.3383e-01 -2.1736e+00 -4.6105e-01 +3.1426e+00 +3.0655e+00 +4.3414e-01 +4.9785e+00 +2.3319e+00 -5.3096e-01 -2.6736e+00
258 0 +2.169343372e+01 -1.476656628e+01 -1.476656628e+01 +1.1150e+00 -4.3084e+00 -2.4538e+00 +4.7420e+00 +2.8611e+00 +3.0494e+00 +4.5755e+00 +4.7422e+00 -2.0856e+00 +3.4950e-01
289 0 +2.022269462e+01 -1.623730538e+01 -1.623730538e+01 +1.6163e+00 -1.8641e+00 -6.2744e-01 +5.2946e-01 +2.4883e+00 +3.3612e+00 +2.4536e+00 +2.9111e+00 -4.2534e+00 -3.0318e+00
313 0 +1.977563948e+01 -1.668436052e+01 -1.668436052e+01 +8.9839e-01 -3.2067e+00 -1.6427e+00 +1.7864e+00 +1.2151e+00 +2.1227e+00 +2.3806e+00 +2.2790e+00 -2.0444e+00 -6.7675e-01
401 0 +1.632497098e+01 -2.013502902e+01 -2.013502902e+01 +1.7482e+00 -2.9757e+00 -2.4304e+00 +2.2207e+00 +3.5585e+00 +2.2265e+00 +4.5841e+00 +2.6949e+00 -4.1271e+00 -3.1500e+00
454 0 +1.346564998e+01 -2.299435002e+01 -2.299435002e+01 +2.6969e+00 -4.3019e+00 -4.2828e+00 +3.8831e+00 +3.0070e+00 +3.6651e+00 +2.5695e+00 +3.9560e+00 -2.6856e+00 -1.7786e+00
466 0 +8.287326017e+00 -2.817267398e+01 -2.817267398e+01 +1.5260e+00 -3.5802e+00 -2.4904e+00 +2.9050e+00 +4.7269e+00 +2.4363e+00 +3.5022e+00 +3.7296e+00 -3.0358e+00 -5.9584e-01
687 0 +6.396062322e+00 -3.006393768e+01 -3.006393768e+01 +2.3477e+00 -2.9064e+00 -2.2936e+00 -4.4012e-01 +3.3884e+00 +3.2360e+00 +1.9619e+00 +2.7847e+00 -4.1161e+00 -4.3475e+00
935 0 +4.582313956e+00 -3.187768604e+01 -3.187768604e+01 +2.3576e+00 -2.4971e+00 -2.4925e+00 +9.7585e-01 +3.5689e+00 +3.4443e+00 +1.9826e+00 +3.3031e+00 -3.6096e+00 -3.5346e+00
1011 0 +4.156012735e+00 -3.230398726e+01 -3.230398726e+01 +2.5703e+00 -3.0478e+00 -2.5124e+00 +1.7597e+00 +4.3593e+00 +3.2393e+00 +2.5540e+00 +3.6693e+00 -3.8274e+00 -3.4320e+00
1111 0 +4.059218569e+00 -3.240078143e+01 -3.240078143e+01 +2.1431e+00 -2.0682e+00 -2.6628e+00 +1.2034e+00 +4.0068e+00 +3.5215e+00 +2.2298e+00 +3.6852e+00 -3.1103e+00 -3.1701e+00
1187 0 +2.822710457e+00 -3.363728954e+01 -3.363728954e+01 +2.0794e+00 -3.0256e+00 -2.2555e+00 +1.4343e+00 +3.3116e+00 +3.4783e+00 +2.9115e+00 +3.2032e+00 -3.5691e+00 -2.9175e+00
1404 0 +2.664178355e+00 -3.379582164e+01 -3.379582164e+01 +2.1968e+00 -2.3142e+00 -2.5357e+00 +1.2892e+00 +4.3315e+00 +3.2672e+00 +2.5191e+00 +3.7139e+00 -3.4347e+00 -3.0474e+00
1519 0 +2.091179175e+00 -3.436882082e+01 -3.436882082e+01 +1.7685e+00 -3.3794e+00 -2.0319e+00 +1.6735e+00 +4.1875e+00 +3.5830e+00 +2.7833e+00 +3.9513e+00 -4.0013e+00 -2.5455e+00
1520 0 +1.853188705e+00 -3.460681129e+01 -3.460681129e+01 +2.4560e+00 -2.8090e+00 -2.1115e+00 +9.8169e-01 +4.0729e+00 +3.7024e+00 +2.2750e+00 +3.2767e+00 -4.0072e+00 -3.7271e+00
1708 0 +1.842324469e+00 -3.461767553e+01 -3.461767553e+01 +1.8689e+00 -3.1001e+00 -2.1595e+00 +1.6518e+00 +3.9541e+00 +3.4692e+00 +2.9633e+00 +3.6927e+00 -3.6778e+00 -2.8042e+00
1724 0 +1.730865913e+00 -3.472913409e+01 -3.472913409e+01 +1.9733e+00 -2.8697e+00 -2.1401e+00 +9.6655e-01 +4.2165e+00 +3.4053e+00 +2.2973e+00 +3.3550e+00 -3.8341e+00 -3.3641e+00
1744 0 +1.231065876e+00 -3.522893412e+01 -3.522893412e+01 +1.8954e+00 -3.2118e+00 -2.2655e+00 +1.5247e+00 +4.0854e+00 +3.4762e+00 +2.7729e+00 +3.8134e+00 -3.8751e+00 -2.6751e+00
1774 0 +1.185477079e+00 -3.527452292e+01 -3.527452292e+01 +1.8252e+00 -3.0211e+00 -2.3012e+00 +1.5703e+00 +4.1140e+00 +3.3653e+00 +2.7488e+00 +3.8539e+00 -3.6025e+00 -2.7905e+00
1811 0 +1.046289750e+00 -3.541371025e+01 -3.541371025e+01 +1.9518e+00 -3.1328e+00 -2.1101e+00 +1.0662e+00 +4.0353e+00 +3.6688e+00 +2.4063e+00 +3.4425e+00 -3.9644e+00 -3.3884e+00
1902 0 +9.391596707e-01 -3.552084033e+01 -3.552084033e+01 +2.2119e+00 -2.9479e+00 -2.3029e+00 +1.0457e+00 +4.0516e+00 +3.3263e+00 +2.3955e+00 +3.4685e+00 -3.9362e+00 -3.4035e+00
1957 0 +7.671856627e-01 -3.569281434e+01 -3.569281434e+01 +2.0325e+00 -3.0546e+00 -2.2319e+00 +1.2940e+00 +4.0013e+00 +3.7113e+00 +2.4449e+00 +3.5528e+00 -3.8834e+00 -3.1980e+00
1974 0 +7.175676736e-01 -3.574243233e+01 -3.574243233e+01 +2.1704e+00 -2.9171e+00 -2.1564e+00 +1.1230e+00 +3.9961e+00 +3.7636e+00 +2.3148e+00 +3.3393e+00 -3.9987e+00 -3.5296e+00
2217 0 +6.883413686e-01 -3.577165863e+01 -3.577165863e+01 +2.1243e+00 -2.9549e+00 -2.1344e+00 +9.2202e-01 +4.0724e+00 +3.5325e+00 +2.3604e+00 +3.3632e+00 -3.9827e+00 -3.4349e+00
2219 0 +5.756524717e-01 -3.588434753e+01 -3.588434753e+01 +2.0989e+00 -2.8215e+00 -2.2979e+00 +1.0085e+00 +4.0161e+00 +3.5703e+00 +2.1447e+00 +3.2917e+00 -3.7784e+00 -3.5229e+00
2251 0 +4.947294498e-01 -3.596527055e+01 -3.596527055e+01 +2.1016e+00 -3.0127e+00 -2.2127e+00 +1.1175e+00 +4.0008e+00 +3.6651e+00 +2.3258e+00 +3.4109e+00 -3.9585e+00 -3.4104e+00
2332 0 +4.286579141e-01 -3.603134209e+01 -3.603134209e+01 +2.1409e+00 -2.9226e+00 -2.1194e+00 +9.1498e-01 +3.9761e+00 +3.7650e+00 +2.2756e+00 +3.2744e+00 -4.0861e+00 -3.6383e+00
2364 0 +4.115231765e-01 -3.604847682e+01 -3.604847682e+01 +2.1523e+00 -2.9265e+00 -2.1549e+00 +9.9657e-01 +3.9538e+00 +3.7745e+00 +2.1898e+00 +3.2352e+00 -3.9895e+00 -3.6177e+00
% f evaluations | g evaluations | best noise-free fitness - Fopt (3.920000000000e+01) + sum g_i+ | measured fitness | best measured fitness or single-digit g-values | x1 | x2...
1 0 +6.258597322e+01 +1.017859732e+02 +1.017859732e+02 +5.9671e-01 -3.8264e-02 +7.4769e-01 +1.6230e+00 -1.3415e-01 -1.3414e-01 +1.6792e+00 +8.6743e-01 -3.6947e-01 +6.4256e-01
26 0 +5.649839685e+01 +9.569839685e+01 +9.569839685e+01 -1.1609e+00 +1.0179e+00 +2.2222e+00 +1.1325e+00 -1.4194e+00 -3.8423e-01 +1.3669e+00 -6.0767e-01 +5.4382e-01 +8.7463e-01
32 0 +5.016370075e+01 +8.936370075e+01 +8.936370075e+01 -1.1768e-01 +1.1988e+00 +9.2542e-01 +9.1351e-01 +1.4055e+00 +1.2100e-01 +7.8195e-01 -2.1027e-01 +4.2417e-01 -3.0143e-02
37 0 +4.969377646e+01 +8.889377646e+01 +8.889377646e+01 +6.1935e-01 +1.6327e+00 -8.7601e-03 +5.0171e-01 +7.9014e-01 -3.0122e-01 +3.2409e-01 +1.1259e-01 +1.9768e-01 -6.7301e-01
43 0 +4.965416915e+01 +8.885416915e+01 +8.885416915e+01 +2.1607e+00 +1.8553e+00 -1.4896e-01 +1.0716e+00 +7.4538e-01 +1.4686e+00 -8.6492e-01 +7.8605e-01 +1.1584e+00 -1.6587e+00
51 0 +4.208014665e+01 +8.128014665e+01 +8.128014665e+01 +5.7061e-01 +1.9967e+00 +8.9043e-01 +2.4778e+00 +6.6678e-01 +2.0021e-01 +1.8942e+00 +8.7800e-01 +3.8653e+00 -1.3214e+00
63 0 +3.753631631e+01 +7.673631631e+01 +7.673631631e+01 +9.4229e-01 +7.6014e-01 +3.6620e-01 +1.6791e+00 +1.6357e+00 +5.8322e-01 +1.7708e+00 +2.9526e-01 +1.7250e+00 -8.2858e-01
95 0 +3.238887896e+01 +7.158887896e+01 +7.158887896e+01 +4.5100e-01 +2.9893e-01 +1.0219e+00 +3.0390e+00 +1.4246e+00 +4.9719e-01 +1.5062e+00 -7.0957e-01 +1.2987e+00 -9.8571e-01
147 0 +2.630201052e+01 +6.550201052e+01 +6.550201052e+01 +8.3024e-01 +5.5896e-03 -3.0339e-01 +4.9441e-01 +2.5350e+00 +4.5062e-01 +3.0646e+00 -2.3263e+00 +2.6798e-01 -4.0733e+00
148 0 +2.243640926e+01 +6.163640926e+01 +6.163640926e+01 +2.9482e+00 +4.8819e-01 +1.0476e+00 +1.8074e+00 +1.1629e+00 +1.7150e+00 +3.5297e+00 -1.1616e+00 -3.4742e-01 +3.2753e-01
208 0 +2.179265060e+01 +6.099265060e+01 +6.099265060e+01 +1.5978e+00 +2.9816e+00 -9.4769e-01 +2.3914e+00 +1.6929e+00 +9.4572e-01 +4.5265e+00 -1.6063e+00 +4.8355e-01 -3.1967e+00
326 0 +1.300278982e+01 +5.220278982e+01 +5.220278982e+01 +3.5340e+00 +1.0740e+00 +3.2364e+00 +3.9054e+00 +3.1130e+00 +7.8256e-01 +4.0843e+00 -9.3738e-01 -5.2493e-01 -2.8417e+00
489 0 +1.281518781e+01 +5.201518781e+01 +5.201518781e+01 +3.7157e+00 +4.1819e+00 +2.6315e+00 +3.6970e+00 +1.4636e+00 -5.0472e-01 +2.0702e+00 -6.3192e-01 +3.1119e-01 -1.8672e+00
612 0 +1.060402650e+01 +4.980402650e+01 +4.980402650e+01 +3.2484e+00 +1.9219e+00 +1.6534e+00 +1.0534e+00 +2.0023e+00 +7.8286e-01 +2.3238e+00 -1.6982e+00 +8.0656e-01 -2.5660e+00
665 0 +1.004993263e+01 +4.924993263e+01 +4.924993263e+01 +3.8876e+00 +3.8784e+00 +1.9975e+00 +3.0442e+00 +1.2328e+00 +7.6792e-01 +2.9375e+00 -2.0806e+00 +8.1873e-01 -2.5791e+00
693 0 +8.356009306e+00 +4.755600931e+01 +4.755600931e+01 +3.4144e+00 +2.2860e+00 +1.9748e+00 +3.3401e+00 +2.1396e+00 +2.9723e-01 +1.3033e+00 -2.3872e+00 +1.0549e+00 -2.7078e+00
766 0 +8.230357674e+00 +4.743035767e+01 +4.743035767e+01 +3.6566e+00 +3.4818e+00 +1.6950e+00 +2.9559e+00 +2.5231e+00 +3.7778e-01 +3.2119e+00 -2.5633e+00 -4.0601e-01 -3.9877e+00
864 0 +7.208615337e+00 +4.640861534e+01 +4.640861534e+01 +2.8230e+00 +2.7937e+00 +1.7357e+00 +3.5905e+00 +1.9093e+00 +5.6285e-01 +2.2557e+00 -2.8471e+00 +6.3193e-01 -2.7433e+00
866 0 +6.222743036e+00 +4.542274304e+01 +4.542274304e+01 +3.4249e+00 +2.4517e+00 +2.4285e+00 +3.0112e+00 +2.3424e+00 +8.7721e-01 +1.8622e+00 -3.4908e+00 +2.7648e-01 -3.7400e+00
918 0 +5.559551892e+00 +4.475955189e+01 +4.475955189e+01 +3.8789e+00 +1.1215e+00 +2.8468e+00 +2.6838e+00 +1.6159e+00 +1.1365e+00 +1.9545e+00 -3.0816e+00 +3.1446e-01 -2.6999e+00
939 0 +4.390894875e+00 +4.359089488e+01 +4.359089488e+01 +3.7161e+00 +1.9361e+00 +1.8353e+00 +3.2758e+00 +2.1833e+00 +9.3682e-01 +2.3945e+00 -3.0567e+00 +2.7216e-01 -3.6081e+00
1286 0 +3.565269344e+00 +4.276526934e+01 +4.276526934e+01 +4.0828e+00 +1.6627e+00 +2.4027e+00 +3.9196e+00 +2.0431e+00 +5.1861e-01 +1.7977e+00 -2.4719e+00 +7.4614e-01 -3.6146e+00
1290 0 +3.212957307e+00 +4.241295731e+01 +4.241295731e+01 +4.5733e+00 +1.1272e+00 +1.8488e+00 +3.3196e+00 +2.2322e+00 +3.6132e-01 +2.0895e+00 -2.6036e+00 +6.6758e-01 -3.2604e+00
1454 0 +3.075093282e+00 +4.227509328e+01 +4.227509328e+01 +4.1841e+00 +1.7768e+00 +2.6261e+00 +2.9649e+00 +2.2548e+00 +4.1131e-01 +1.7888e+00 -3.0324e+00 +4.5992e-01 -3.6534e+00
1479 0 +2.995297206e+00 +4.219529721e+01 +4.219529721e+01 +3.7739e+00 +1.4657e+00 +2.7824e+00 +2.9356e+00 +1.9797e+00 +3.1232e-01 +2.1416e+00 -2.5568e+00 +6.0502e-01 -3.0640e+00
1512 0 +2.148898223e+00 +4.134889822e+01 +4.134889822e+01 +3.6796e+00 +1.7702e+00 +2.3110e+00 +3.3450e+00 +1.8319e+00 +7.4162e-01 +2.1593e+00 -2.8029e+00 +2.9223e-01 -3.4215e+00
1620 0 +2.121559719e+00 +4.132155972e+01 +4.132155972e+01 +4.3384e+00 +1.1388e+00 +2.4823e+00 +3.2240e+00 +2.3516e+00 +4.5529e-01 +2.0224e+00 -2.9337e+00 +4.6766e-01 -3.9250e+00
1621 0 +1.300652527e+00 +4.050065253e+01 +4.050065253e+01 +3.6359e+00 +1.7257e+00 +2.5398e+00 +2.9355e+00 +1.9705e+00 +8.7147e-01 +1.9777e+00 -2.9842e+00 +4.4741e-01 -3.1315e+00
1749 0 +8.968272261e-01 +4.009682723e+01 +4.009682723e+01 +3.6480e+00 +1.7181e+00 +2.6307e+00 +3.2858e+00 +2.1404e+00 +6.4220e-01 +1.9654e+00 -2.8606e+00 +5.6093e-01 -3.3804e+00
1903 0 +6.872773603e-01 +3.988727736e+01 +3.988727736e+01 +3.7733e+00 +1.6142e+00 +2.8596e+00 +3.1449e+00 +2.2413e+00 +6.1657e-01 +1.8967e+00 -2.7872e+00 +5.5447e-01 -3.3422e+00
2103 0 +4.885355321e-01 +3.968853553e+01 +3.968853553e+01 +3.8709e+00 +1.3926e+00 +2.5126e+00 +3.1455e+00 +2.3422e+00 +5.4923e-01 +1.9527e+00 -2.8428e+00 +5.5967e-01 -3.3795e+00
2357 0 +4.466323823e-01 +3.964663238e+01 +3.964663238e+01 +3.4272e+00 +1.8417e+00 +2.4313e+00 +3.3948e+00 +2.0796e+00 +6.1478e-01 +2.0000e+00 -2.9302e+00 +5.7264e-01 -3.2579e+00
% f evaluations | g evaluations | best noise-free fitness - Fopt (-3.225000000000e+01) + sum g_i+ | measured fitness | best measured fitness or single-digit g-values | x1 | x2...
1 0 +4.516970759e+02 +4.194470759e+02 +4.194470759e+02 +5.9671e-01 -3.8264e-02 +7.4769e-01 +1.6230e+00 -1.3415e-01 -1.3414e-01 +1.6792e+00 +8.6743e-01 -3.6947e-01 +6.4256e-01
2 0 +3.102541802e+02 +2.780041802e+02 +2.780041802e+02 -3.6342e-01 -3.6573e-01 +3.4196e-01 -1.8133e+00 -1.6249e+00 -4.6229e-01 -9.1283e-01 +4.1425e-01 -8.0802e-01 -1.3123e+00
3 0 +1.749215143e+02 +1.426715143e+02 +1.426715143e+02 +1.5656e+00 -1.2578e-01 +1.6753e-01 -1.3247e+00 -4.4438e-01 +2.1092e-01 -1.0510e+00 +4.7570e-01 -5.0064e-01 -1.9169e-01
4 0 +1.449302454e+02 +1.126802454e+02 +1.126802454e+02 -5.0171e-01 +1.9523e+00 +8.6503e-02 -9.5771e-01 +9.2254e-01 -1.1208e+00 +3.0886e-01 -1.8597e+00 -1.2282e+00 +2.9686e-01
20 0 +1.307360089e+02 +9.848600894e+01 +9.848600894e+01 -3.4651e-01 +9.5640e-01 +3.1409e-01 -1.1457e+00 +2.7318e-01 +4.8532e-01 -7.8386e-01 +2.5373e-01 +1.5821e-01 -1.0430e+00
24 0 +1.138745005e+02 +8.162450046e+01 +8.162450046e+01 -6.3037e-01 +3.1646e-01 +1.4557e-01 -5.5160e-01 +2.2439e+00 +7.3392e-01 -1.9251e+00 +2.8645e-01 -5.6179e-01 +9.5243e-01
29 0 +7.273900615e+01 +4.048900615e+01 +4.048900615e+01 +2.1352e-01 +7.6213e-01 +1.6860e+00 -1.1378e+00 +2.2330e+00 -1.8521e+00 -5.1785e-02 +6.8832e-01 +3.8099e-01 -5.2270e-01
69 0 +6.971882658e+01 +3.746882658e+01 +3.746882658e+01 +1.4735e-01 +1.2299e+00 -3.7588e-01 -2.1475e+00 +7.9020e-01 +2.1846e-01 -6.6530e-01 +1.2293e+00 +1.4031e+00 -5.5471e-01
79 0 +6.428179027e+01 +3.203179027e+01 +3.203179027e+01 -7.4097e-01 -1.0804e+00 -5.4070e-01 -1.4975e+00 +2.4784e+00 -2.1275e+00 -1.1391e+00 +9.9466e-01 +1.8403e-01 +3.8364e-01
109 0 +3.619463665e+01 +3.944636654e+00 +3.944636654e+00 -8.1095e-01 -5.6756e-01 +2.4285e-01 -2.7613e+00 +1.1723e+00 -2.8002e+00 -6.0564e-01 +2.1640e+00 +2.1278e+00 +2.7689e-01
121 0 +3.117056726e+01 -1.079432739e+00 -1.079432739e+00 -1.1250e+00 +4.7410e-01 -1.8209e-01 -2.1152e+00 +3.9567e+00 -2.2876e+00 +7.7150e-01 -1.5162e+00 +2.3897e+00 +1.6637e+00
124 0 +1.391285415e+01 -1.833714585e+01 -1.833714585e+01 +3.3295e+00 +2.1213e+00 +1.0645e+00 -1.6806e+00 +3.0760e+00 -2.0303e+00 -1.3101e+00 +3.3648e+00 +2.2574e+00 +1.6603e+00
526 0 +1.357618289e+01 -1.867381711e+01 -1.867381711e+01 +4.3070e+00 -7.1390e-01 -6.6929e-01 -2.8047e+00 +2.8035e+00 -1.7501e+00 -1.1093e+00 +1.7395e+00 +2.4515e+00 +4.4843e+00
562 0 +1.282968623e+01 -1.942031377e+01 -1.942031377e+01 +3.7471e+00 +1.9207e-01 -1.2960e+00 -4.1654e+00 +3.4399e+00 -8.3606e-01 -1.6855e+00 +1.5282e+00 +3.6832e+00 +2.2189e+00
733 0 +1.275742116e+01 -1.949257884e+01 -1.949257884e+01 +3.4533e+00 +1.0106e+00 -1.9661e+00 -3.2545e+00 +2.5273e+00 -2.2065e+00 +1.0976e+00 +2.7221e+00 +4.4169e+00 +2.9268e+00
737 0 +1.261568146e+01 -1.963431854e+01 -1.963431854e+01 +4.8851e+00 +1.2095e+00 -8.3777e-01 -3.1249e+00 +1.6954e+00 -3.5732e+00 +9.9167e-01 +2.3736e+00 +4.2432e+00 +2.7992e+00
741 0 +9.817306429e+00 -2.243269357e+01 -2.243269357e+01 +4.0760e+00 +1.5085e+00 -1.6845e+00 -1.9958e+00 +3.5836e+00 -2.5624e+00 -5.1651e-01 +2.2692e+00 +4.7185e+00 +1.9998e+00
793 0 +8.358134106e+00 -2.389186589e+01 -2.389186589e+01 +3.5584e+00 -4.8098e-01 -1.4264e+00 -2.4877e+00 +2.5108e+00 -1.5564e+00 -8.3441e-01 +2.7790e+00 +2.8625e+00 +3.7020e+00
1040 0 +7.970191318e+00 -2.427980868e+01 -2.427980868e+01 +3.5735e+00 -8.5391e-02 -3.4690e-01 -2.9618e+00 +3.2435e+00 -2.9253e+00 -2.9878e-01 +2.2355e+00 +2.9937e+00 +2.6457e+00
1041 0 +5.090333090e+00 -2.715966691e+01 -2.715966691e+01 +4.0021e+00 +1.4330e+00 -4.5964e-01 -3.0317e+00 +3.9046e+00 -3.7888e+00 +2.2740e-01 +3.1660e+00 +3.7147e+00 +3.2441e+00
1074 0 +4.679139749e+00 -2.757086025e+01 -2.757086025e+01 +3.4217e+00 -1.2063e-01 -5.8566e-01 -1.9415e+00 +2.3540e+00 -2.5970e+00 +2.5943e-01 +2.0537e+00 +3.1687e+00 +4.1775e+00
1160 0 +4.431934001e+00 -2.781806600e+01 -2.781806600e+01 +3.8479e+00 +1.1084e+00 -1.2519e+00 -2.4998e+00 +2.8250e+00 -2.9891e+00 -4.7304e-03 +2.6433e+00 +4.2352e+00 +2.4712e+00
1212 0 +3.800253545e+00 -2.844974646e+01 -2.844974646e+01 +3.7118e+00 +6.4958e-01 -1.0202e+00 -2.2748e+00 +3.2198e+00 -2.7533e+00 +2.5917e-01 +2.3334e+00 +3.8705e+00 +2.7511e+00
1305 0 +3.742521934e+00 -2.850747807e+01 -2.850747807e+01 +3.7341e+00 +1.0391e+00 -8.1346e-01 -2.5832e+00 +3.0417e+00 -4.0056e+00 +7.4197e-02 +3.0251e+00 +3.3641e+00 +3.7474e+00
1356 0 +2.131160488e+00 -3.011883951e+01 -3.011883951e+01 +3.4049e+00 +1.3659e+00 -8.2639e-01 -2.8505e+00 +3.4158e+00 -3.3870e+00 -4.8764e-02 +2.3932e+00 +3.9319e+00 +3.0848e+00
1583 0 +2.058964963e+00 -3.019103504e+01 -3.019103504e+01 +3.5047e+00 +6.3361e-01 -4.9891e-01 -2.7197e+00 +2.9776e+00 -2.8576e+00 -2.5512e-02 +2.3886e+00 +3.5761e+00 +2.9288e+00
1591 0 +1.846041832e+00 -3.040395817e+01 -3.040395817e+01 +3.1311e+00 +1.3105e+00 -1.0225e+00 -2.8993e+00 +3.2402e+00 -3.5788e+00 +1.7648e-01 +2.5286e+00 +3.9218e+00 +3.2018e+00
1629 0 +1.840177859e+00 -3.040982214e+01 -3.040982214e+01 +3.1607e+00 +1.1782e+00 -7.6886e-01 -3.2135e+00 +3.2951e+00 -3.5067e+00 +1.9271e-01 +2.4472e+00 +3.7462e+00 +3.2923e+00
1835 0 +1.584756048e+00 -3.066524395e+01 -3.066524395e+01 +3.6986e+00 +8.9322e-01 -1.0055e+00 -2.8484e+00 +2.9943e+00 -3.4722e+00 +3.1092e-01 +2.6248e+00 +3.8005e+00 +3.1428e+00
1837 0 +1.488668878e+00 -3.076133112e+01 -3.076133112e+01 +3.6333e+00 +1.0670e+00 -7.9767e-01 -2.7532e+00 +3.1919e+00 -3.4598e+00 +2.3761e-01 +2.5758e+00 +3.9790e+00 +3.2093e+00
1850 0 +1.369097165e+00 -3.088090284e+01 -3.088090284e+01 +3.4868e+00 +9.2338e-01 -6.7265e-01 -2.6547e+00 +3.3568e+00 -3.2354e+00 -1.4751e-02 +2.4272e+00 +3.8325e+00 +3.0288e+00
1896 0 +1.268818236e+00 -3.098118176e+01 -3.098118176e+01 +3.4872e+00 +1.0496e+00 -8.7974e-01 -2.6561e+00 +3.1108e+00 -3.7859e+00 +1.6168e-01 +2.7622e+00 +3.7309e+00 +3.0613e+00
2029 0 +1.027310305e+00 -3.122268970e+01 -3.122268970e+01 +3.6349e+00 +9.2445e-01 -8.5101e-01 -2.6348e+00 +2.9730e+00 -3.5182e+00 +5.7936e-02 +2.7916e+00 +3.5960e+00 +3.2887e+00
2059 0 +8.301692148e-01 -3.141983079e+01 -3.141983079e+01 +3.5596e+00 +1.1768e+00 -9.2054e-01 -2.7573e+00 +3.1910e+00 -3.6755e+00 +1.1448e-01 +2.6596e+00 +3.8241e+00 +3.1904e+00
2103 0 +7.717451825e-01 -3.147825482e+01 -3.147825482e+01 +3.7129e+00 +9.4711e-01 -8.3673e-01 -2.7395e+00 +3.2482e+00 -3.3437e+00 +5.5436e-02 +2.5037e+00 +3.7887e+00 +3.0184e+00
2288 0 +7.414122989e-01 -3.150858770e+01 -3.150858770e+01 +3.6463e+00 +8.9688e-01 -8.4235e-01 -2.6937e+00 +3.1593e+00 -3.5039e+00 +1.5358e-01 +2.6547e+00 +3.6804e+00 +3.1313e+00
2363 0 +6.387138911e-01 -3.161128611e+01 -3.161128611e+01 +3.5429e+00 +9.3886e-01 -7.0647e-01 -2.6313e+00 +3.1624e+00 -3.1484e+00 +1.0037e-01 +2.2956e+00 +3.8431e+00 +3.0703e+00
2443 0 +4.775509906e-01 -3.177244901e+01 -3.177244901e+01 +3.5848e+00 +1.0206e+00 -8.3461e-01 -2.6296e+00 +3.2263e+00 -3.4200e+00 +1.0145e-01 +2.4933e+00 +3.7954e+00 +3.0859e+00
% f evaluations | g evaluations | best noise-free fitness - Fopt (3.681200000000e+02) + sum g_i+ | measured fitness | best measured fitness or single-digit g-values | x1 | x2...
1 0 +7.459129335e+01 +4.427112934e+02 +4.427112934e+02 +5.9671e-01 -3.8264e-02 +7.4769e-01 +1.6230e+00 -1.3415e-01 -1.3414e-01 +1.6792e+00 +8.6743e-01 -3.6947e-01 +6.4256e-01
2 0 +5.447614135e+01 +4.225961413e+02 +4.225961413e+02 -3.6342e-01 -3.6573e-01 +3.4196e-01 -1.8133e+00 -1.6249e+00 -4.6229e-01 -9.1283e-01 +4.1425e-01 -8.0802e-01 -1.3123e+00
4 0 +3.786814253e+01 +4.059881425e+02 +4.059881425e+02 -5.0171e-01 +1.9523e+00 +8.6503e-02 -9.5771e-01 +9.2254e-01 -1.1208e+00 +3.0886e-01 -1.8597e+00 -1.2282e+00 +2.9686e-01
55 0 +3.592201785e+01 +4.040420178e+02 +4.040420178e+02 -2.0578e+00 +2.4727e+00 +3.8575e-01 -2.4602e+00 +5.2094e-01 -1.3908e+00 +6.9336e-01 -2.4624e+00 -9.2070e-01 -6.3254e-01
60 0 +2.733484107e+01 +3.954548411e+02 +3.954548411e+02 -8.8499e-01 +9.7751e-01 +1.9251e+00 -1.3507e+00 -3.8701e-01 -4.2332e-01 +5.4652e-01 -2.4481e+00 -1.5841e+00 -4.3342e-01
104 0 +2.542583455e+01 +3.935458345e+02 +3.935458345e+02 -7.9801e-01 -1.6959e+00 +1.0507e+00 +9.6560e-02 +8.0819e-01 -2.2349e+00 +1.1826e-01 -3.1780e+00 -2.3084e+00 +1.2751e+00
109 0 +2.133061242e+01 +3.894506124e+02 +3.894506124e+02 +2.6132e-01 +1.4347e+00 -1.1578e+00 -9.6825e-01 -2.6567e-01 -7.3010e-01 -3.0054e-01 -4.2377e+00 -2.3394e+00 -8.6050e-01
145 0 +1.992996524e+01 +3.880499652e+02 +3.880499652e+02 +7.8359e-01 -4.4168e-01 +2.1765e-02 -2.2381e+00 -7.3577e-01 -1.8283e+00 -8.1990e-01 -3.9065e+00 -2.5603e+00 +1.0208e+00
153 0 +1.967838260e+01 +3.877983826e+02 +3.877983826e+02 -4.1603e+00 +1.3754e+00 -3.2234e-01 -3.1157e+00 -6.9773e-01 -2.1554e+00 -6.5408e-02 -2.0410e+00 -2.9921e+00 -1.8548e+00
249 0 +1.941162087e+01 +3.875316209e+02 +3.875316209e+02 +7.4949e-01 -2.7799e-01 -2.2304e+00 -2.1370e+00 -1.4467e+00 -1.2873e+00 +1.4598e+00 -3.0584e+00 -3.6355e+00 +4.0685e-01
306 0 +1.184884199e+01 +3.799688420e+02 +3.799688420e+02 -2.2410e+00 -2.0047e+00 +1.2707e+00 -2.0534e+00 -7.8481e-02 -1.7483e+00 -2.1695e+00 -4.0689e+00 -1.5357e+00 +4.1581e-01
461 0 +1.057755754e+01 +3.786975575e+02 +3.786975575e+02 -2.2497e+00 -4.8147e-01 -1.3241e+00 -2.1225e+00 -9.1861e-01 -1.6881e+00 -1.1133e-01 -3.4742e+00 -2.8675e+00 -3.7581e-01
522 0 +1.050320086e+01 +3.786232009e+02 +3.786232009e+02 -3.8201e+00 -6.3452e-01 -2.7733e-01 -3.2022e+00 +2.8208e-01 -1.6447e+00 -1.3196e+00 -3.9818e+00 -2.8202e+00 -1.8337e+00
535 0 +7.073448941e+00 +3.751934489e+02 +3.751934489e+02 -2.8732e+00 -1.3906e+00 +7.9872e-01 -2.8546e+00 -3.8182e-01 -2.3909e+00 -2.0695e+00 -3.0491e+00 -2.4961e+00 -5.9835e-01
641 0 +6.064869588e+00 +3.741848696e+02 +3.741848696e+02 -2.5836e+00 -2.5246e+00 +4.5438e-01 -2.8675e+00 +3.0244e-01 -1.6624e+00 -3.1222e+00 -4.0672e+00 -2.1544e+00 -5.2401e-01
719 0 +5.979756138e+00 +3.740997561e+02 +3.740997561e+02 -2.7663e+00 -1.8762e+00 +9.4593e-01 -3.0975e+00 -4.6767e-01 -1.1550e+00 -1.6919e+00 -4.0451e+00 -2.3512e+00 -1.1990e+00
765 0 +4.348567625e+00 +3.724685676e+02 +3.724685676e+02 -2.1665e+00 -9.6035e-01 +1.5846e+00 -1.9575e+00 -5.8583e-01 -2.0878e+00 -2.2377e+00 -4.0665e+00 -1.7658e+00 -1.4473e+00
912 0 +2.693314394e+00 +3.708133144e+02 +3.708133144e+02 -2.5344e+00 -1.0432e+00 +5.0207e-01 -1.9747e+00 -9.9926e-01 -2.2338e+00 -2.7783e+00 -3.7577e+00 -2.1959e+00 -6.5924e-01
1102 0 +2.278998385e+00 +3.703989984e+02 +3.703989984e+02 -2.3308e+00 -1.5087e-01 +1.9971e-01 -2.2620e+00 -9.1946e-01 -2.5600e+00 -2.3223e+00 -3.5809e+00 -2.6120e+00 -1.1291e+00
1210 0 +2.161524416e+00 +3.702815244e+02 +3.702815244e+02 -2.4018e+00 -1.1285e+00 +5.3075e-01 -2.5276e+00 -4.3095e-01 -1.6705e+00 -2.6218e+00 -3.6871e+00 -2.4091e+00 -8.3134e-01
1261 0 +2.100737507e+00 +3.702207375e+02 +3.702207375e+02 -2.4318e+00 -7.9688e-01 +5.6039e-01 -2.4263e+00 -7.8752e-01 -2.0179e+00 -2.3682e+00 -3.8082e+00 -2.4222e+00 -9.9951e-01
1277 0 +1.884521326e+00 +3.700045213e+02 +3.700045213e+02 -2.1337e+00 -8.8835e-01 +1.0436e+00 -2.4635e+00 -6.3664e-01 -2.0719e+00 -2.1093e+00 -4.0253e+00 -2.4588e+00 -1.1460e+00
1324 0 +1.696325637e+00 +3.698163256e+02 +3.698163256e+02 -2.5713e+00 -1.0606e+00 +3.6294e-01 -2.3786e+00 -7.3290e-01 -1.9920e+00 -2.6938e+00 -3.7493e+00 -2.2703e+00 -7.4413e-01
1354 0 +1.502618300e+00 +3.696226183e+02 +3.696226183e+02 -2.3869e+00 -1.4739e+00 +1.1174e+00 -2.5698e+00 -8.1067e-01 -2.0427e+00 -2.2990e+00 -3.9282e+00 -2.2528e+00 -7.0261e-01
1408 0 +9.272636865e-01 +3.690472637e+02 +3.690472637e+02 -2.4195e+00 -1.0649e+00 +7.9013e-01 -2.3193e+00 -8.9155e-01 -2.2228e+00 -2.2062e+00 -3.9490e+00 -2.3892e+00 -8.5063e-01
1821 0 +8.108080371e-01 +3.689308080e+02 +3.689308080e+02 -2.6440e+00 -1.1601e+00 +5.9238e-01 -2.4095e+00 -6.1132e-01 -2.1690e+00 -2.5144e+00 -3.8816e+00 -2.2846e+00 -8.3953e-01
1947 0 +8.099910345e-01 +3.689299910e+02 +3.689299910e+02 -2.4820e+00 -1.0622e+00 +6.1140e-01 -2.3039e+00 -6.5609e-01 -2.0726e+00 -2.4114e+00 -3.8351e+00 -2.2764e+00 -8.5570e-01
1948 0 +5.469084590e-01 +3.686669085e+02 +3.686669085e+02 -2.4607e+00 -1.1382e+00 +7.0981e-01 -2.2311e+00 -6.2649e-01 -2.1821e+00 -2.4993e+00 -4.0206e+00 -2.2612e+00 -8.9248e-01
1960 0 +3.168989585e-01 +3.684368990e+02 +3.684368990e+02 -2.3541e+00 -1.0726e+00 +8.5988e-01 -2.1613e+00 -7.4727e-01 -2.2167e+00 -2.3131e+00 -4.0024e+00 -2.2730e+00 -9.5308e-01
2334 0 +2.968910486e-01 +3.684168910e+02 +3.684168910e+02 -2.5280e+00 -1.1290e+00 +6.8046e-01 -2.3320e+00 -7.0224e-01 -2.1950e+00 -2.4737e+00 -3.8971e+00 -2.2520e+00 -9.2201e-01
