% f evaluations | g evaluations | best noise-free fitness - Fopt (-1.694000000000e+01) + sum g_i+ | measured fitness | best measured fitness or single-digit g-values | x1 | x2...
1 0 +1.285945330e+02 +1.116545330e+02 +1.116545330e+02 +5.9671e-01 -3.8264e-02 +7.4769e-01 +1.6230e+00 -1.3415e-01 -1.3414e-01 +1.6792e+00 +8.6743e-01 -3.6947e-01 +6.4256e-01
4 0 +1.244974470e+02 +1.075574470e+02 +1.075574470e+02 -5.0171e-01 +1.9523e+00 +8.6503e-02 -9.5771e-01 +9.2254e-01 -1.1208e+00 +3.0886e-01 -1.8597e+00 -1.2282e+00 +2.9686e-01
5 0 +8.215471805e+01 +6.521471805e+01 +6.521471805e+01 +8.3847e-01 +2.7137e-01 -1.5648e-02 -2.0110e-01 -1.3785e+00 -6.1984e-01 -3.6064e-01 +1.1571e+00 +4.4362e-01 -1.6630e+00
8 0 +6.416805909e+01 +4.722805909e+01 +4.722805909e+01 +4.6140e-01 +1.6380e+00 +6.4174e-02 +1.6646e+00 -2.5197e+00 +9.2190e-01 +1.8705e-01 -1.9901e-01 +1.9176e-01 -1.8876e+00
43 0 +6.142466708e+01 +4.448466708e+01 +4.448466708e+01 +2.1607e+00 +1.8553e+00 -1.4896e-01 +1.0716e+00 +7.4538e-01 +1.4686e+00 -8.6492e-01 +7.8605e-01 +1.1584e+00 -1.6587e+00
58 0 +5.088884768e+01 +3.394884768e+01 +3.394884768e+01 +2.2884e+00 +1.7413e+00 -5.1507e-01 +1.9239e+00 +2.4266e+00 -2.4489e-01 -1.1676e+00 -4.9598e-01 -6.7035e-01 -1.4845e+00
61 0 +4.743406755e+01 +3.049406755e+01 +3.049406755e+01 +2.1224e+00 +5.1333e-01 -6.4347e-01 +3.4411e+00 +3.2049e-01 -5.9905e-01 +7.3890e-01 +1.1811e+00 -1.2254e+00 -1.9520e+00
62 0 +2.639073379e+01 +9.450733793e+00 +9.450733793e+00 +2.1977e+00 +3.2257e+00 -2.0207e+00 +1.7650e+00 +3.6449e-01 -7.9728e-01 +7.5482e-01 +5.1453e-01 -2.8879e-01 -1.7930e+00
106 0 +1.500146922e+01 -1.938530780e+00 -1.938530780e+00 +3.9141e+00 +2.2973e+00 +3.1027e+00 +8.6264e-01 -1.3123e-01 -1.8267e+00 +1.9494e+00 -4.7148e+00 +1.2664e+00 -9.6852e-01
282 0 +1.427056138e+01 -2.669438620e+00 -2.669438620e+00 +4.1195e+00 +2.0649e+00 +7.7887e-01 +2.7838e+00 +5.1508e-02 -8.2288e-01 +3.3051e+00 -2.0083e+00 -1.3978e+00 -2.1036e+00
333 0 +1.396521934e+01 -2.974780661e+00 -2.974780661e+00 +4.6445e+00 +3.5477e+00 -8.4725e-02 +2.7711e+00 +6.8901e-01 -2.1630e+00 +2.9559e+00 +2.4366e-01 -5.9189e-02 -2.0215e+00
423 0 +1.102871431e+01 -5.911285689e+00 -5.911285689e+00 +3.5164e+00 +2.2672e+00 -2.8386e+00 +1.2380e+00 +1.8943e+00 -2.4088e+00 +3.1139e+00 -2.5387e+00 -1.6418e+00 -3.0610e+00
434 0 +8.515910160e+00 -8.424089840e+00 -8.424089840e+00 +3.8565e+00 +2.8180e+00 -1.8777e+00 +2.8261e+00 +1.5108e+00 -1.8974e+00 +2.7272e+00 -1.6486e+00 -4.7678e-02 -1.5516e+00
555 0 +7.460827625e+00 -9.479172375e+00 -9.479172375e+00 +4.5872e+00 +2.2427e+00 -1.5512e+00 +2.0559e+00 +1.8128e+00 -1.9385e+00 +3.1451e+00 -1.8932e+00 +2.1686e-04 -1.8709e+00
745 0 +6.109791143e+00 -1.083020886e+01 -1.083020886e+01 +3.6924e+00 +2.5106e+00 -1.5337e+00 +1.3130e+00 +9.2131e-01 -2.6176e+00 +2.8836e+00 -9.6317e-01 -2.8308e-02 -2.6179e+00
862 0 +4.571185964e+00 -1.236881404e+01 -1.236881404e+01 +4.0042e+00 +2.4986e+00 -1.7277e-01 +1.7503e+00 +5.2836e-01 -1.8022e+00 +3.1469e+00 -1.9207e+00 +4.7384e-01 -1.4932e+00
980 0 +4.445972809e+00 -1.249402719e+01 -1.249402719e+01 +3.3785e+00 +2.6827e+00 -1.1477e+00 +2.1452e+00 +1.2355e+00 -1.7000e+00 +3.5813e+00 -2.2179e+00 -5.7163e-01 -1.8864e+00
1028 0 +4.340557562e+00 -1.259944244e+01 -1.259944244e+01 +3.0816e+00 +2.6604e+00 -3.7663e-01 +1.6892e+00 +1.5657e+00 -2.1641e+00 +3.5611e+00 -3.1655e+00 -2.1107e-01 -1.5846e+00
1029 0 +3.615111026e+00 -1.332488897e+01 -1.332488897e+01 +4.0787e+00 +2.6429e+00 -1.2865e+00 +1.2490e+00 +1.5850e+00 -1.9699e+00 +3.7374e+00 -2.8135e+00 -7.4015e-01 -1.4999e+00
1054 0 +3.315200521e+00 -1.362479948e+01 -1.362479948e+01 +3.5851e+00 +2.2105e+00 -8.4309e-01 +1.6452e+00 +1.3585e+00 -1.7310e+00 +3.7961e+00 -2.5156e+00 -9.6401e-02 -1.7992e+00
1112 0 +2.983785626e+00 -1.395621437e+01 -1.395621437e+01 +3.7091e+00 +2.6585e+00 -4.4976e-01 +1.5880e+00 +1.1351e+00 -2.1536e+00 +3.9131e+00 -2.2902e+00 -1.9680e-01 -2.1444e+00
1221 0 +2.204051141e+00 -1.473594886e+01 -1.473594886e+01 +3.4773e+00 +2.6371e+00 -1.6371e-01 +1.6749e+00 +5.8563e-01 -1.6735e+00 +3.5584e+00 -1.7920e+00 -9.9078e-02 -2.2247e+00
1303 0 +2.024189546e+00 -1.491581045e+01 -1.491581045e+01 +3.5184e+00 +2.6535e+00 -3.1976e-01 +1.8920e+00 +1.2373e+00 -1.7626e+00 +3.6672e+00 -1.7358e+00 -1.6345e-01 -2.2358e+00
1388 0 +1.611093059e+00 -1.532890694e+01 -1.532890694e+01 +3.5790e+00 +2.5989e+00 -1.1888e+00 +1.7669e+00 +1.3720e+00 -1.7735e+00 +3.7470e+00 -2.0664e+00 -2.7515e-01 -2.0086e+00
1460 0 +1.470550671e+00 -1.546944933e+01 -1.546944933e+01 +3.4057e+00 +2.5708e+00 -6.6106e-01 +1.7464e+00 +1.2191e+00 -1.7883e+00 +3.5948e+00 -2.2497e+00 -1.6640e-01 -2.2908e+00
1524 0 +1.202109557e+00 -1.573789044e+01 -1.573789044e+01 +3.6029e+00 +2.5881e+00 -8.1089e-01 +1.7390e+00 +1.0896e+00 -1.8094e+00 +3.4261e+00 -1.9650e+00 -3.1001e-01 -2.2762e+00
1642 0 +9.951464770e-01 -1.594485352e+01 -1.594485352e+01 +3.4752e+00 +2.5802e+00 -7.7227e-01 +1.6773e+00 +1.2435e+00 -1.7727e+00 +3.6738e+00 -2.1817e+00 -3.4219e-01 -2.2848e+00
1737 0 +9.193894040e-01 -1.602061060e+01 -1.602061060e+01 +3.5948e+00 +2.5931e+00 -6.2315e-01 +1.7599e+00 +1.1098e+00 -1.8236e+00 +3.6343e+00 -1.9698e+00 -2.7001e-01 -2.2183e+00
1835 0 +8.725794864e-01 -1.606742051e+01 -1.606742051e+01 +3.5171e+00 +2.5710e+00 -6.8532e-01 +1.7738e+00 +1.2653e+00 -1.8656e+00 +3.7538e+00 -2.1108e+00 -1.6312e-01 -2.1674e+00
1937 0 +5.450002209e-01 -1.639499978e+01 -1.639499978e+01 +3.4773e+00 +2.5648e+00 -7.5335e-01 +1.7239e+00 +1.2511e+00 -1.7745e+00 +3.6701e+00 -2.1402e+00 -1.2594e-01 -2.1550e+00
2207 0 +5.344818070e-01 -1.640551819e+01 -1.640551819e+01 +3.5288e+00 +2.5644e+00 -6.6613e-01 +1.8696e+00 +1.2473e+00 -1.8196e+00 +3.7346e+00 -2.1636e+00 -7.9712e-02 -2.1394e+00
2251 0 +5.294550439e-01 -1.641054496e+01 -1.641054496e+01 +3.5120e+00 +2.5963e+00 -3.1751e-01 +1.9310e+00 +1.0220e+00 -1.8181e+00 +3.7060e+00 -2.0016e+00 -1.0252e-01 -2.1908e+00
2261 0 +4.725807059e-01 -1.646741929e+01 -1.646741929e+01 +3.4879e+00 +2.5534e+00 -7.9642e-01 +1.7108e+00 +1.2803e+00 -1.8323e+00 +3.6456e+00 -2.2170e+00 -2.0704e-01 -2.1848e+00
2314 0 +4.228744007e-01 -1.651712560e+01 -1.651712560e+01 +3.4963e+00 +2.5704e+00 -6.4778e-01 +1.8197e+00 +1.2358e+00 -1.8344e+00 +3.6782e+00 -2.1351e+00 -1.0298e-01 -2.1674e+00
2322 0 +3.739738463e-01 -1.656602615e+01 -1.656602615e+01 +3.5067e+00 +2.5624e+00 -9.0702e-01 +1.7527e+00 +1.2436e+00 -1.8366e+00 +3.5934e+00 -2.1844e+00 -1.7666e-01 -2.1095e+00
2446 0 +3.700050954e-01 -1.656999490e+01 -1.656999490e+01 +3.5328e+00 +2.5853e+00 -5.9915e-01 +1.8252e+00 +1.1835e+00 -1.8206e+00 +3.6640e+00 -2.1448e+00 -1.9174e-01 -2.2007e+00
2497 0 +2.667950225e-01 -1.667320498e+01 -1.667320498e+01 +3.5719e+00 +2.5829e+00 -7.6751e-01 +1.7675e+00 +1.1600e+00 -1.8182e+00 +3.6171e+00 -2.1097e+00 -1.9960e-01 -2.1533e+00
% f evaluations | g evaluations | best noise-free fitness - Fopt (1.881000000000e+01) + sum g_i+ | measured fitness | best measured fitness or single-digit g-values | x1 | x2...
1 0 +3.920605467e+01 +5.801605467e+01 +5.801605467e+01 +5.9671e-01 -3.8264e-02 +7.4769e-01 +1.6230e+00 -1.3415e-01 -1.3414e-01 +1.6792e+00 +8.6743e-01 -3.6947e-01 +6.4256e-01
3 0 +3.889614342e+01 +5.770614342e+01 +5.770614342e+01 +1.5656e+00 -1.2578e-01 +1.6753e-01 -1.3247e+00 -4.4438e-01 +2.1092e-01 -1.0510e+00 +4.7570e-01 -5.0064e-01 -1.9169e-01
4 0 +3.573796686e+01 +5.454796686e+01 +5.454796686e+01 -5.0171e-01 +1.9523e+00 +8.6503e-02 -9.5771e-01 +9.2254e-01 -1.1208e+00 +3.0886e-01 -1.8597e+00 -1.2282e+00 +2.9686e-01
9 0 +3.300541816e+01 +5.181541816e+01 +5.181541816e+01 -1.1967e-01 +4.5711e-01 +1.5779e+00 -4.1827e-01 -7.0849e-01 -4.0176e-01 +1.0154e+00 +4.2875e-01 -4.2976e-01 +6.1327e-01
10 0 +2.293013372e+01 +4.174013372e+01 +4.174013372e+01 +1.9708e-01 +1.0686e+00 -6.0205e-01 -2.2766e-01 -2.9211e-01 -1.3635e+00 +3.9612e-01 +3.6106e-01 +1.0511e-01 -1.3459e-01
16 0 +1.918655397e+01 +3.799655397e+01 +3.799655397e+01 +3.5049e-01 +4.4645e-01 -5.8002e-01 +3.3225e-01 +3.9307e-01 -6.1435e-01 +1.9658e+00 +5.7383e-01 -1.0913e+00 +7.5655e-01
29 0 +1.237787101e+01 +3.118787101e+01 +3.118787101e+01 +2.1352e-01 +7.6213e-01 +1.6860e+00 -1.1378e+00 +2.2330e+00 -1.8521e+00 -5.1785e-02 +6.8832e-01 +3.8099e-01 -5.2270e-01
229 0 +1.138502231e+01 +3.019502231e+01 +3.019502231e+01 -9.3524e-02 +3.0935e+00 -3.4022e-01 -3.2890e-01 +1.7211e+00 -1.7576e+00 +3.8105e-01 +7.4258e-02 -3.6728e-01 +4.4019e+00
408 0 +1.021960614e+01 +2.902960614e+01 +2.902960614e+01 -4.3740e-01 +2.3936e+00 -1.4140e+00 -8.6779e-01 +1.5614e+00 -2.9277e+00 +1.6992e+00 +2.0757e-01 +1.4207e-01 +3.5769e+00
451 0 +1.002111532e+01 +2.883111532e+01 +2.883111532e+01 -4.6140e-01 +1.6384e+00 -5.3835e-01 +3.0531e-01 +2.1231e+00 -2.8154e+00 +2.5370e-01 +1.1823e+00 +8.1792e-01 +2.1851e+00
491 0 +7.331089473e+00 +2.614108947e+01 +2.614108947e+01 -5.9563e-01 +1.8982e+00 -5.9913e-01 +4.8213e-01 +2.5559e+00 -2.7951e+00 +3.4928e-01 +1.7807e+00 -4.2725e-01 +1.8287e+00
652 0 +6.985011136e+00 +2.579501114e+01 +2.579501114e+01 +1.3789e-01 +2.1232e+00 -1.8997e+00 +7.5830e-01 +9.0622e-01 -2.3857e+00 +2.1106e+00 -4.9856e-01 -1.9372e-01 +4.4176e+00
722 0 +6.385462016e+00 +2.519546202e+01 +2.519546202e+01 -1.0401e+00 +7.2600e-01 -8.1815e-01 -5.2279e-01 +1.7519e+00 -3.5223e+00 +1.1381e+00 -5.3481e-01 -1.0795e-01 +2.4847e+00
858 0 +6.115377289e+00 +2.492537729e+01 +2.492537729e+01 -2.8734e-01 +1.5412e+00 -9.9017e-01 +1.8901e-03 +7.7350e-01 -2.3784e+00 +5.2975e-01 +4.8317e-01 +5.5148e-01 +2.8964e+00
859 0 +4.995684103e+00 +2.380568410e+01 +2.380568410e+01 -2.9290e-01 +1.6677e+00 -1.0475e+00 +7.3608e-01 +1.8984e+00 -2.9435e+00 +7.8718e-01 -3.3116e-02 +3.0402e-01 +2.8756e+00
917 0 +4.406478348e+00 +2.321647835e+01 +2.321647835e+01 +1.5659e-01 +2.1651e+00 -5.6834e-01 +1.2386e-01 +1.6231e+00 -3.1992e+00 +4.3231e-01 +4.9069e-02 +3.7841e-01 +2.9941e+00
936 0 +3.815347548e+00 +2.262534755e+01 +2.262534755e+01 +1.2161e-02 +2.4111e+00 -2.7232e-01 +6.6483e-01 +2.4216e+00 -3.0506e+00 +5.5026e-01 +2.4301e-02 -3.0623e-01 +2.6577e+00
1121 0 +3.533352817e+00 +2.234335282e+01 +2.234335282e+01 +8.2859e-01 +2.3170e+00 -2.3405e-01 +5.2955e-01 +1.6613e+00 -3.2294e+00 -4.3246e-03 +7.8012e-01 -4.2356e-01 +2.5320e+00
1160 0 +2.536737355e+00 +2.134673735e+01 +2.134673735e+01 +1.4760e-01 +1.7681e+00 -5.5908e-01 +1.6868e-01 +1.5871e+00 -3.3437e+00 -2.9707e-01 +6.1016e-01 +4.3488e-04 +2.6838e+00
1272 0 +1.440284843e+00 +2.025028484e+01 +2.025028484e+01 +5.6260e-03 +2.0180e+00 -7.5771e-01 -1.2095e-01 +1.8680e+00 -3.1894e+00 +1.8389e-01 +6.0086e-01 +2.2894e-01 +2.5237e+00
1407 0 +1.049721687e+00 +1.985972169e+01 +1.985972169e+01 -1.5834e-01 +1.9422e+00 -5.3795e-01 -6.3839e-02 +1.8206e+00 -3.2352e+00 +1.4508e-01 +4.9621e-01 +2.3213e-01 +2.4477e+00
1953 0 +1.013276336e+00 +1.982327634e+01 +1.982327634e+01 -2.0738e-01 +1.8696e+00 -7.1521e-01 +1.4069e-01 +1.8993e+00 -3.4999e+00 -5.5260e-03 +5.3376e-01 +2.1418e-01 +2.3479e+00
1957 0 +9.208576807e-01 +1.973085768e+01 +1.973085768e+01 -2.4340e-01 +1.9114e+00 -9.2637e-01 +8.8994e-02 +1.6771e+00 -3.2684e+00 +3.1425e-01 +4.9875e-01 +3.0221e-01 +2.5715e+00
2009 0 +9.200851066e-01 +1.973008511e+01 +1.973008511e+01 +2.7631e-01 +2.2494e+00 -2.5385e-01 +1.3712e-01 +1.8951e+00 -3.3444e+00 -9.9936e-02 +6.9563e-01 -8.8446e-02 +2.3837e+00
2022 0 +8.649507320e-01 +1.967495073e+01 +1.967495073e+01 +8.8011e-02 +2.1707e+00 -5.0627e-01 +6.5235e-02 +1.8901e+00 -3.4517e+00 +1.3254e-01 +5.8225e-01 -3.9557e-02 +2.3426e+00
2079 0 +6.293488926e-01 +1.943934889e+01 +1.943934889e+01 -3.5289e-01 +1.8346e+00 -9.2695e-01 -7.1479e-02 +1.7643e+00 -3.4210e+00 +2.8463e-01 +3.6515e-01 +3.6233e-01 +2.5174e+00
2227 0 +5.472264331e-01 +1.935722643e+01 +1.935722643e+01 -1.8380e-01 +1.8507e+00 -7.8883e-01 +8.1861e-02 +1.7501e+00 -3.3549e+00 +2.1736e-01 +4.9768e-01 +2.5808e-01 +2.5107e+00
2415 0 +5.073611838e-01 +1.931736118e+01 +1.931736118e+01 +7.0109e-02 +1.9107e+00 -6.2769e-01 +6.3409e-02 +1.7042e+00 -3.1686e+00 +1.5964e-01 +4.9239e-01 +1.9297e-01 +2.6028e+00
% f evaluations | g evaluations | best noise-free fitness - Fopt (2.731500000000e+02) + sum g_i+ | measured fitness | best measured fitness or single-digit g-values | x1 | x2...
1 0 +8.502759335e+01 +3.581775933e+02 +3.581775933e+02 +5.9671e-01 -3.8264e-02 +7.4769e-01 +1.6230e+00 -1.3415e-01 -1.3414e-01 +1.6792e+00 +8.6743e-01 -3.6947e-01 +6.4256e-01
4 0 +5.198835973e+01 +3.251383597e+02 +3.251383597e+02 -5.0171e-01 +1.9523e+00 +8.6503e-02 -9.5771e-01 +9.2254e-01 -1.1208e+00 +3.0886e-01 -1.8597e+00 -1.2282e+00 +2.9686e-01
52 0 +4.351514799e+01 +3.166651480e+02 +3.166651480e+02 -5.1984e-01 +1.8059e+00 -3.3078e-01 -1.8607e-01 +2.4300e+00 -1.5727e+00 +7.0837e-01 -2.2462e+00 -7.8397e-02 -3.9518e-01
73 0 +3.486438188e+01 +3.080143819e+02 +3.080143819e+02 +3.0869e-01 +9.6482e-01 -3.6129e-01 -9.4569e-02 +1.7909e-01 -5.7185e-01 +2.9404e+00 -1.9521e+00 +8.3549e-01 +1.0053e+00
129 0 +3.464423687e+01 +3.077942369e+02 +3.077942369e+02 -1.2912e+00 +2.9181e+00 +8.7893e-01 +1.4514e-01 +2.4683e+00 -8.0855e-01 +1.3631e+00 -1.3854e+00 +1.3166e+00 -7.4468e-01
138 0 +3.283642744e+01 +3.059864274e+02 +3.059864274e+02 -1.0849e+00 +1.8367e+00 +2.7451e-01 +2.5198e+00 +2.5195e+00 -3.2176e+00 +1.0305e-01 -8.6812e-01 +1.0085e+00 +3.9656e-01
171 0 +3.053894102e+01 +3.036889410e+02 +3.036889410e+02 -2.0527e+00 +1.1541e+00 -8.4047e-01 -1.9248e-02 -2.7633e+00 -1.6948e+00 +2.1573e+00 -3.2706e+00 +1.6900e+00 +4.3160e+00
198 0 +2.836933472e+01 +3.015193347e+02 +3.015193347e+02 +1.0380e-01 +4.3922e+00 -8.0083e-01 +8.8611e-01 +6.3364e-01 -1.7979e+00 -8.6925e-01 -3.5806e+00 +3.0805e-01 +1.6995e+00
236 0 +2.800369578e+01 +3.011536958e+02 +3.011536958e+02 -1.3464e+00 +1.5843e+00 +3.4786e+00 +3.4412e+00 +8.9221e-01 -1.7484e+00 +2.4714e+00 +8.7089e-01 -3.6587e-01 +4.8994e+00
292 0 +2.558673162e+01 +2.987367316e+02 +2.987367316e+02 -1.9926e+00 +3.5530e+00 -7.0353e-01 +3.5911e-01 -1.4011e-01 -2.3870e+00 +3.7319e+00 -4.2406e+00 -1.6875e+00 +2.3305e+00
305 0 +2.126728304e+01 +2.944172830e+02 +2.944172830e+02 -1.6429e+00 +3.2136e+00 -1.9325e+00 -1.3536e+00 -8.0994e-01 -2.5301e+00 +9.5486e-01 -4.5726e+00 -1.4516e+00 +2.5625e+00
326 0 +2.004062995e+01 +2.931906299e+02 +2.931906299e+02 -1.3927e+00 +4.5409e+00 -4.3983e-01 +1.2357e+00 -3.8357e-02 -4.6610e+00 +5.9675e-01 -1.4752e+00 -1.8300e+00 +2.4006e+00
368 0 +1.882521097e+01 +2.919752110e+02 +2.919752110e+02 -2.9185e+00 +3.3823e+00 +4.8565e-01 +2.4711e+00 +2.2947e+00 -4.4188e+00 -1.6587e-01 -1.9812e+00 -1.6274e+00 +1.8851e-01
445 0 +1.313836041e+01 +2.862883604e+02 +2.862883604e+02 -3.6068e+00 +2.1226e+00 -2.9105e-01 +3.4091e+00 -3.8184e-03 -4.4175e+00 +4.9998e-01 -1.5373e+00 -2.5377e+00 +2.9801e+00
663 0 +7.534034340e+00 +2.806840343e+02 +2.806840343e+02 -3.7742e+00 +2.8473e+00 +9.7652e-01 +2.8655e+00 +3.6386e+00 -4.4065e+00 -1.7454e+00 -7.7042e-01 -1.6679e+00 +1.6760e+00
731 0 +5.693914128e+00 +2.788439141e+02 +2.788439141e+02 -3.4975e+00 +3.2131e+00 -1.0773e-01 +2.5023e+00 +2.5640e+00 -3.6449e+00 -1.4773e+00 -1.3676e+00 -1.9823e+00 +2.9586e+00
902 0 +3.974215995e+00 +2.771242160e+02 +2.771242160e+02 -3.8846e+00 +3.5727e+00 -7.4492e-03 +2.1338e+00 +2.7943e+00 -3.9029e+00 -1.3224e+00 -6.8872e-01 -1.4082e+00 +2.9496e+00
1165 0 +3.651578040e+00 +2.768015780e+02 +2.768015780e+02 -3.4083e+00 +4.0272e+00 -1.2723e-01 +2.4812e+00 +1.7872e+00 -3.9506e+00 -7.8391e-01 -1.4426e+00 -1.7787e+00 +3.5436e+00
1273 0 +3.284208224e+00 +2.764342082e+02 +2.764342082e+02 -3.5172e+00 +3.4176e+00 -1.4670e-01 +2.5566e+00 +1.9470e+00 -4.0325e+00 -6.2395e-01 -7.9999e-01 -1.9553e+00 +3.3494e+00
1283 0 +3.248808079e+00 +2.763988081e+02 +2.763988081e+02 -3.0683e+00 +3.5319e+00 -1.3099e-01 +2.9610e+00 +1.9787e+00 -3.9017e+00 -1.5446e+00 -9.7066e-01 -2.0569e+00 +3.4504e+00
1301 0 +2.737629776e+00 +2.758876298e+02 +2.758876298e+02 -3.6684e+00 +3.3776e+00 +5.3471e-02 +2.6490e+00 +1.9007e+00 -3.8307e+00 -9.9095e-01 -1.0843e+00 -2.0858e+00 +2.9351e+00
1355 0 +1.854239588e+00 +2.750042396e+02 +2.750042396e+02 -3.8597e+00 +3.8220e+00 -2.9051e-01 +2.5768e+00 +2.2331e+00 -3.8228e+00 -1.3020e+00 -1.1887e+00 -1.7108e+00 +3.2802e+00
1471 0 +1.375480605e+00 +2.745254806e+02 +2.745254806e+02 -3.3429e+00 +3.4954e+00 -5.0993e-01 +3.0722e+00 +1.9410e+00 -4.2180e+00 -1.1309e+00 -1.2776e+00 -2.2817e+00 +2.8041e+00
1637 0 +1.136119045e+00 +2.742861190e+02 +2.742861190e+02 -3.7003e+00 +3.6089e+00 -4.2417e-01 +2.6216e+00 +1.4400e+00 -4.0209e+00 -9.7335e-01 -1.1523e+00 -2.2472e+00 +3.1100e+00
1702 0 +1.077116113e+00 +2.742271161e+02 +2.742271161e+02 -3.3636e+00 +3.8243e+00 -6.0552e-01 +2.7694e+00 +2.3630e+00 -3.8184e+00 -1.0589e+00 -1.0328e+00 -1.8294e+00 +3.3961e+00
1812 0 +1.027140270e+00 +2.741771403e+02 +2.741771403e+02 -3.6081e+00 +3.6388e+00 -3.7629e-01 +2.6149e+00 +1.9188e+00 -4.0725e+00 -1.0750e+00 -1.2578e+00 -1.9824e+00 +3.1235e+00
1832 0 +9.845963018e-01 +2.741345963e+02 +2.741345963e+02 -3.5506e+00 +3.5560e+00 -3.7994e-01 +2.7304e+00 +1.3609e+00 -4.1049e+00 -9.5487e-01 -1.0470e+00 -2.1795e+00 +3.2561e+00
1847 0 +7.984179733e-01 +2.739484180e+02 +2.739484180e+02 -3.5379e+00 +3.5051e+00 -3.3152e-01 +2.5588e+00 +1.8824e+00 -4.0484e+00 -1.0666e+00 -1.1709e+00 -1.9655e+00 +3.0487e+00
1908 0 +7.334915561e-01 +2.738834916e+02 +2.738834916e+02 -3.5344e+00 +3.5318e+00 -4.4286e-01 +2.7608e+00 +1.6939e+00 -4.1090e+00 -9.0051e-01 -1.1088e+00 -2.1848e+00 +3.2359e+00
1926 0 +6.030079074e-01 +2.737530079e+02 +2.737530079e+02 -3.6844e+00 +3.7300e+00 -4.8688e-01 +2.5608e+00 +2.0214e+00 -4.0429e+00 -1.1165e+00 -1.1979e+00 -2.0058e+00 +3.1213e+00
1972 0 +5.790082231e-01 +2.737290082e+02 +2.737290082e+02 -3.5819e+00 +3.7357e+00 -3.9258e-01 +2.6131e+00 +1.8527e+00 -3.9900e+00 -9.5517e-01 -1.1035e+00 -2.0683e+00 +3.1719e+00
1997 0 +4.807543629e-01 +2.736307544e+02 +2.736307544e+02 -3.5682e+00 +3.6028e+00 -3.6733e-01 +2.7040e+00 +2.0026e+00 -3.9703e+00 -1.0558e+00 -1.1478e+00 -2.0001e+00 +3.1437e+00
2168 0 +3.829768795e-01 +2.735329769e+02 +2.735329769e+02 -3.5991e+00 +3.6316e+00 -4.0834e-01 +2.6971e+00 +2.0099e+00 -3.9952e+00 -1.0523e+00 -1.1730e+00 -2.0455e+00 +3.1006e+00
2175 0 +3.639502977e-01 +2.735139503e+02 +2.735139503e+02 -3.5192e+00 +3.6833e+00 -4.5472e-01 +2.6429e+00 +1.7823e+00 -4.0005e+00 -1.0882e+00 -1.1124e+00 -2.0650e+00 +3.1200e+00
2316 0 +3.626518816e-01 +2.735126519e+02 +2.735126519e+02 -3.5935e+00 +3.7394e+00 -4.6610e-01 +2.6234e+00 +2.0442e+00 -3.9745e+00 -1.0304e+00 -1.0911e+00 -2.0034e+00 +3.1897e+00
2358 0 +3.610420580e-01 +2.735110421e+02 +2.735110421e+02 -3.5314e+00 +3.7235e+00 -4.5951e-01 +2.6069e+00 +2.0515e+00 -4.0212e+00 -1.0499e+00 -1.1026e+00 -1.9991e+00 +3.0854e+00
2366 0 +3.084998893e-01 +2.734584999e+02 +2.734584999e+02 -3.5294e+00 +3.6586e+00 -4.5389e-01 +2.6842e+00 +1.7983e+00 -3.9885e+00 -9.6406e-01 -1.0862e+00 -2.0863e+00 +3.1822e+00
2451 0 +2.113347545e-01 +2.733613348e+02 +2.733613348e+02 -3.5839e+00 +3.7188e+00 -4.5594e-01 +2.6329e+00 +1.9136e+00 -3.9636e+00 -1.0350e+00 -1.0643e+00 -2.0369e+00 +3.1867e+00
% f evaluations | g evaluations | best noise-free fitness - Fopt (3.718000000000e+01) + sum g_i+ | measured fitness | best measured fitness or single-digit g-values | x1 | x2...
1 0 +8.365132529e+01 +1.208313253e+02 +1.208313253e+02 +5.9671e-01 -3.8264e-02 +7.4769e-01 +1.6230e+00 -1.3415e-01 -1.3414e-01 +1.6792e+00 +8.6743e-01 -3.6947e-01 +6.4256e-01
2 0 +6.726068337e+01 +1.044406834e+02 +1.044406834e+02 -3.6342e-01 -3.6573e-01 +3.4196e-01 -1.8133e+00 -1.6249e+00 -4.6229e-01 -9.1283e-01 +4.1425e-01 -8.0802e-01 -1.3123e+00
3 0 +5.648008176e+01 +9.366008176e+01 +9.366008176e+01 +1.5656e+00 -1.2578e-01 +1.6753e-01 -1.3247e+00 -4.4438e-01 +2.1092e-01 -1.0510e+00 +4.7570e-01 -5.0064e-01 -1.9169e-01
12 0 +4.838140490e+01 +8.556140490e+01 +8.556140490e+01 -1.8188e+00 +7.3486e-02 +1.6023e-01 +2.5632e+00 -9.2361e-02 +4.0155e-01 +6.5288e-02 -1.0687e+00 +1.2428e+00 +8.5193e-01
22 0 +4.756717306e+01 +8.474717306e+01 +8.474717306e+01 +6.7089e-01 +1.2356e+00 +1.0540e+00 +7.5139e-01 -2.1527e-01 +8.5897e-01 -6.7283e-01 -1.3682e-01 -3.8536e-01 +1.8187e-01
25 0 +4.682686845e+01 +8.400686845e+01 +8.400686845e+01 -6.9252e-01 -1.4736e-02 +6.0499e-01 +9.6576e-01 -1.1003e+00 -2.3450e-01 -3.7495e-01 -5.5333e-01 +1.8655e+00 +5.0498e-01
26 0 +2.811197526e+01 +6.529197526e+01 +6.529197526e+01 -1.1609e+00 +1.0179e+00 +2.2222e+00 +1.1325e+00 -1.4194e+00 -3.8423e-01 +1.3669e+00 -6.0767e-01 +5.4382e-01 +8.7463e-01
105 0 +2.275427776e+01 +5.993427776e+01 +5.993427776e+01 -2.0900e+00 +8.1418e-01 +2.2266e+00 +9.4068e-01 -1.1973e+00 -8.3217e-01 +4.3839e-01 -1.0446e+00 +2.0387e+00 +1.1960e+00
164 0 +1.952224041e+01 +5.670224041e+01 +5.670224041e+01 -2.9679e+00 +1.8385e+00 +3.9253e+00 +4.7588e-01 -1.7245e+00 -9.3297e-01 +1.9232e+00 -1.6246e+00 +1.2243e+00 +1.0256e+00
303 0 +1.950448372e+01 +5.668448372e+01 +5.668448372e+01 -9.2422e-01 -4.2556e-02 +1.9707e+00 -9.3852e-01 -1.3694e+00 +7.7170e-01 +1.0782e+00 -3.5794e+00 +3.8877e-02 +3.6253e-01
346 0 +1.918184216e+01 +5.636184216e+01 +5.636184216e+01 -4.1700e+00 +8.4658e-01 +1.1763e+00 +2.4504e+00 -2.4121e+00 -6.0950e-01 -1.8709e+00 -1.6991e+00 -1.4794e+00 +1.1680e+00
383 0 +1.629258750e+01 +5.347258750e+01 +5.347258750e+01 -3.6244e+00 +6.2684e-01 +1.7248e+00 +3.3502e+00 -2.4066e+00 -1.0442e+00 +8.0847e-01 -2.4632e+00 -2.2925e-01 +2.0299e+00
385 0 +1.362668069e+01 +5.080668069e+01 +5.080668069e+01 -2.4866e+00 +1.2003e+00 +9.0140e-01 +3.7803e+00 -2.8648e+00 -1.6882e+00 -3.5434e+00 -1.7507e+00 +5.2513e-01 +1.9807e+00
583 0 +1.191339839e+01 +4.909339839e+01 +4.909339839e+01 -2.5435e+00 +3.8392e+00 +2.7800e+00 -1.7883e-02 -3.0465e+00 -1.7284e+00 -2.3101e-01 -6.4385e-01 +8.2365e-01 +2.8537e+00
636 0 +9.647227192e+00 +4.682722719e+01 +4.682722719e+01 -4.5350e+00 +2.7450e+00 +1.7400e+00 +1.0586e+00 -1.9580e+00 -2.5162e+00 -4.5719e-01 -2.3117e+00 -3.0356e-01 +4.3034e+00
790 0 +6.178085527e+00 +4.335808553e+01 +4.335808553e+01 -2.7006e+00 +2.2147e+00 +1.6124e+00 +2.5343e+00 -2.9228e+00 -1.5745e+00 -9.1691e-01 -2.8603e+00 -1.1006e+00 +2.9545e+00
933 0 +4.922338104e+00 +4.210233810e+01 +4.210233810e+01 -3.2414e+00 +2.7209e+00 +1.7396e+00 +1.9685e+00 -3.4984e+00 -1.9549e+00 +4.3416e-01 -2.9891e+00 -1.2844e+00 +3.6728e+00
994 0 +4.739930685e+00 +4.191993069e+01 +4.191993069e+01 -3.2263e+00 +1.7016e+00 +1.6517e+00 +2.3047e+00 -2.9671e+00 -1.5624e+00 +6.6118e-01 -2.6469e+00 -1.3860e+00 +2.8924e+00
1016 0 +3.329317508e+00 +4.050931751e+01 +4.050931751e+01 -3.5312e+00 +1.7242e+00 +1.5170e+00 +1.9897e+00 -3.4293e+00 -2.0109e+00 +1.0212e+00 -2.8679e+00 -1.3704e+00 +2.9467e+00
1220 0 +3.210719837e+00 +4.039071984e+01 +4.039071984e+01 -3.5596e+00 +2.2642e+00 +1.7652e+00 +1.8565e+00 -3.5696e+00 -1.9854e+00 +6.1734e-01 -3.1367e+00 -1.5293e+00 +3.4031e+00
1295 0 +3.112891650e+00 +4.029289165e+01 +4.029289165e+01 -3.8320e+00 +1.0583e+00 +1.3467e+00 +1.9968e+00 -3.1510e+00 -1.8952e+00 +1.6825e-01 -2.9680e+00 -1.7421e+00 +2.2355e+00
1305 0 +2.516681413e+00 +3.969668141e+01 +3.969668141e+01 -3.5530e+00 +1.2886e+00 +1.2709e+00 +2.1490e+00 -3.1517e+00 -1.3053e+00 +3.6905e-01 -3.1288e+00 -1.6641e+00 +2.3558e+00
1428 0 +2.407905257e+00 +3.958790526e+01 +3.958790526e+01 -3.5948e+00 +1.9694e+00 +1.8860e+00 +2.0023e+00 -3.4836e+00 -1.1496e+00 +5.2275e-01 -3.2208e+00 -1.6831e+00 +2.8705e+00
1433 0 +2.407891894e+00 +3.958789189e+01 +3.958789189e+01 -3.6352e+00 +1.9380e+00 +1.3090e+00 +2.1311e+00 -3.4496e+00 -1.6197e+00 +1.5732e-01 -3.5044e+00 -1.6651e+00 +3.1518e+00
1448 0 +2.130991112e+00 +3.931099111e+01 +3.931099111e+01 -3.4991e+00 +2.3827e+00 +2.0867e+00 +1.6411e+00 -3.3996e+00 -9.6938e-01 +1.6172e-01 -3.6568e+00 -1.7111e+00 +3.4603e+00
1454 0 +1.746065750e+00 +3.892606575e+01 +3.892606575e+01 -3.5494e+00 +1.6865e+00 +1.6270e+00 +1.9667e+00 -3.2276e+00 -1.3450e+00 +3.5014e-01 -3.4211e+00 -1.7547e+00 +2.8274e+00
1549 0 +1.496990950e+00 +3.867699095e+01 +3.867699095e+01 -3.7226e+00 +1.6697e+00 +1.2551e+00 +2.0841e+00 -3.1905e+00 -1.7557e+00 +5.2299e-01 -2.8987e+00 -1.4280e+00 +2.6387e+00
1735 0 +1.474443017e+00 +3.865444302e+01 +3.865444302e+01 -3.8030e+00 +2.1103e+00 +1.9619e+00 +1.7012e+00 -3.4917e+00 -1.2778e+00 +2.4027e-01 -3.4205e+00 -1.7233e+00 +2.9884e+00
1738 0 +1.452144101e+00 +3.863214410e+01 +3.863214410e+01 -3.7616e+00 +2.0360e+00 +1.6296e+00 +1.9562e+00 -3.4071e+00 -1.4019e+00 +5.5825e-01 -3.1981e+00 -1.6986e+00 +2.9360e+00
1773 0 +1.190876389e+00 +3.837087639e+01 +3.837087639e+01 -3.6794e+00 +1.6740e+00 +1.4155e+00 +2.1686e+00 -3.2546e+00 -1.5389e+00 +4.7882e-01 -3.2107e+00 -1.5917e+00 +2.6457e+00
1860 0 +1.131166899e+00 +3.831116690e+01 +3.831116690e+01 -3.7143e+00 +2.0588e+00 +1.7737e+00 +1.8038e+00 -3.3840e+00 -1.3914e+00 +5.4406e-01 -3.2494e+00 -1.5970e+00 +2.9389e+00
1883 0 +9.714099876e-01 +3.815140999e+01 +3.815140999e+01 -3.7814e+00 +1.6290e+00 +1.5290e+00 +1.8521e+00 -3.3658e+00 -1.3262e+00 +7.5396e-01 -3.3828e+00 -1.5978e+00 +2.6121e+00
1989 0 +8.799427275e-01 +3.805994273e+01 +3.805994273e+01 -3.8178e+00 +2.1160e+00 +1.7477e+00 +1.7413e+00 -3.5292e+00 -1.4233e+00 +4.0066e-01 -3.2487e+00 -1.7038e+00 +3.0640e+00
1992 0 +8.664554521e-01 +3.804645545e+01 +3.804645545e+01 -3.8391e+00 +1.9073e+00 +1.6731e+00 +1.8297e+00 -3.4564e+00 -1.4139e+00 +5.4321e-01 -3.2668e+00 -1.6383e+00 +2.9234e+00
2012 0 +7.573546858e-01 +3.793735469e+01 +3.793735469e+01 -3.9283e+00 +2.1349e+00 +1.9247e+00 +1.7005e+00 -3.4024e+00 -1.3385e+00 +3.8468e-01 -3.2856e+00 -1.8378e+00 +2.9193e+00
2173 0 +7.027515293e-01 +3.788275153e+01 +3.788275153e+01 -3.9252e+00 +2.1670e+00 +1.8888e+00 +1.5227e+00 -3.5077e+00 -1.2286e+00 +3.4898e-01 -3.3342e+00 -1.5570e+00 +3.0238e+00
2256 0 +5.990726746e-01 +3.777907267e+01 +3.777907267e+01 -4.0013e+00 +1.8681e+00 +1.9168e+00 +1.6576e+00 -3.5487e+00 -1.2922e+00 +3.5114e-01 -3.3938e+00 -1.9159e+00 +2.9007e+00
2327 0 +5.987783013e-01 +3.777877830e+01 +3.777877830e+01 -3.9030e+00 +2.0511e+00 +1.7730e+00 +1.8206e+00 -3.4720e+00 -1.3301e+00 +4.3485e-01 -3.3850e+00 -1.7325e+00 +3.0759e+00
2340 0 +5.349846947e-01 +3.771498469e+01 +3.771498469e+01 -3.8889e+00 +2.1449e+00 +2.0596e+00 +1.5608e+00 -3.6091e+00 -1.2525e+00 +3.9070e-01 -3.2996e+00 -1.7404e+00 +3.0651e+00
2438 0 +5.223341651e-01 +3.770233417e+01 +3.770233417e+01 -3.8547e+00 +2.0479e+00 +1.8696e+00 +1.7453e+00 -3.4420e+00 -1.3458e+00 +4.1392e-01 -3.3113e+00 -1.7948e+00 +2.9785e+00
2447 0 +4.655780075e-01 +3.764557801e+01 +3.764557801e+01 -3.9539e+00 +2.2410e+00 +2.2747e+00 +1.4189e+00 -3.5948e+00 -1.1740e+00 +2.7940e-01 -3.3744e+00 -1.7905e+00 +3.1870e+00
2498 0 +4.410173834e-01 +3.762101738e+01 +3.762101738e+01 -3.8706e+00 +2.1139e+00 +1.9687e+00 +1.6100e+00 -3.5439e+00 -1.2065e+00 +3.6271e-01 -3.4083e+00 -1.7660e+00 +3.0224e+00
% f evaluations | g evaluations | best noise-free fitness - Fopt (-1.479000000000e+02) + sum g_i+ | measured fitness | best measured fitness or single-digit g-values | x1 | x2...
1 0 +3.116887320e+01 -1.167311268e+02 -1.167311268e+02 +5.9671e-01 -3.8264e-02 +7.4769e-01 +1.6230e+00 -1.3415e-01 -1.3414e-01 +1.6792e+00 +8.6743e-01 -3.6947e-01 +6.4256e-01
2 0 +2.090232876e+01 -1.269976712e+02 -1.269976712e+02 -3.6342e-01 -3.6573e-01 +3.4196e-01 -1.8133e+00 -1.6249e+00 -4.6229e-01 -9.1283e-01 +4.1425e-01 -8.0802e-01 -1.3123e+00
9 0 +2.057829552e+01 -1.273217045e+02 -1.273217045e+02 -1.1967e-01 +4.5711e-01 +1.5779e+00 -4.1827e-01 -7.0849e-01 -4.0176e-01 +1.0154e+00 +4.2875e-01 -4.2976e-01 +6.1327e-01
20 0 +1.805115423e+01 -1.298488458e+02 -1.298488458e+02 -3.4651e-01 +9.5640e-01 +3.1409e-01 -1.1457e+00 +2.7318e-01 +4.8532e-01 -7.8386e-01 +2.5373e-01 +1.5821e-01 -1.0430e+00
37 0 +1.665151451e+01 -1.312484855e+02 -1.312484855e+02 +6.1935e-01 +1.6327e+00 -8.7601e-03 +5.0171e-01 +7.9014e-01 -3.0122e-01 +3.2409e-01 +1.1259e-01 +1.9768e-01 -6.7301e-01
81 0 +1.401497330e+01 -1.338850267e+02 -1.338850267e+02 -2.3072e-01 +1.3341e+00 -2.4542e-01 -1.5789e+00 -1.2077e+00 +9.0683e-01 -1.1954e+00 +1.1081e+00 -1.2781e+00 -1.6847e-01
316 0 +1.261900814e+01 -1.352809919e+02 -1.352809919e+02 -3.1575e+00 -7.5191e-01 +1.0326e+00 -1.2888e+00 -1.5959e+00 +7.4041e-02 -1.6970e+00 -1.3681e+00 -2.9370e+00 +9.6374e-01
434 0 +1.206543095e+01 -1.358345690e+02 -1.358345690e+02 -1.8841e+00 -1.5193e-01 +2.4538e+00 -1.6593e+00 -1.7872e+00 +1.5643e-01 -6.2271e-01 -2.5656e+00 -2.3040e+00 -2.5020e-01
456 0 +8.845370286e+00 -1.390546297e+02 -1.390546297e+02 -1.3790e+00 -2.4566e-02 +8.1691e-01 -1.6064e+00 -1.1215e+00 +5.9857e-01 -1.5144e+00 -7.8784e-01 -3.6303e+00 +4.3612e-01
510 0 +8.533806053e+00 -1.393661939e+02 -1.393661939e+02 -4.4344e-01 +1.4419e+00 +2.2915e+00 -1.4742e+00 -7.6593e-01 +2.4665e-01 -5.1844e-01 -1.6877e+00 -7.0696e-01 -1.1691e+00
590 0 +7.960038471e+00 -1.399399615e+02 -1.399399615e+02 -8.6437e-01 +1.0770e+00 +1.8916e+00 -1.2715e+00 -1.1005e-01 +4.6619e-01 -8.6336e-01 -7.8122e-01 -6.8634e-01 -4.5148e-01
818 0 +7.437220706e+00 -1.404627793e+02 -1.404627793e+02 +2.6983e-01 +8.9909e-01 +1.2497e+00 -2.7523e+00 +2.9811e-01 +1.5471e-01 -1.2169e+00 -4.3321e-01 -2.4951e+00 -7.1686e-01
857 0 +6.631564809e+00 -1.412684352e+02 -1.412684352e+02 -1.7045e+00 -1.0719e+00 +7.4508e-01 -2.4082e+00 -3.5986e+00 +5.2856e-01 -1.1824e+00 -2.3984e+00 -4.2469e+00 +1.4427e+00
921 0 +5.830352576e+00 -1.420696474e+02 -1.420696474e+02 -1.1922e+00 +7.0590e-01 +9.8928e-01 -2.4965e+00 -1.8312e+00 +9.0839e-01 -1.6237e+00 -1.0475e+00 -2.9680e+00 +3.4165e-01
1086 0 +4.849724694e+00 -1.430502753e+02 -1.430502753e+02 -1.6767e+00 +7.3634e-01 +7.2171e-01 -2.2101e+00 -3.0129e+00 +1.6141e+00 -1.6783e+00 -2.0793e+00 -3.3393e+00 +1.0494e+00
1113 0 +4.666464360e+00 -1.432335356e+02 -1.432335356e+02 -1.2991e+00 -2.6167e-03 +9.7645e-01 -2.0906e+00 -3.1542e+00 +1.0013e+00 -1.2484e+00 -1.3398e+00 -3.7341e+00 +9.8106e-01
1223 0 +4.432102225e+00 -1.434678978e+02 -1.434678978e+02 -1.9836e+00 +5.4750e-01 +1.4082e+00 -1.6400e+00 -2.6337e+00 +1.2016e+00 -1.4767e+00 -2.7089e+00 -3.3431e+00 +1.6264e+00
1256 0 +4.413651696e+00 -1.434863483e+02 -1.434863483e+02 -1.6163e+00 +1.9117e-01 +1.8352e+00 -1.6214e+00 -2.5021e+00 +1.3464e+00 -1.5950e+00 -2.4514e+00 -2.6087e+00 +1.0375e+00
1288 0 +3.980650864e+00 -1.439193491e+02 -1.439193491e+02 -1.6264e+00 +1.0306e+00 +1.0521e+00 -1.8925e+00 -1.9296e+00 +9.4394e-01 -1.3260e+00 -1.8591e+00 -3.0030e+00 +1.1402e+00
1307 0 +3.881327500e+00 -1.440186725e+02 -1.440186725e+02 -9.2734e-01 +5.3353e-01 +1.1122e+00 -2.5688e+00 -2.4931e+00 +7.8193e-01 -1.2685e+00 -8.8533e-01 -3.5086e+00 +5.5225e-01
1339 0 +2.790155367e+00 -1.451098446e+02 -1.451098446e+02 -1.9086e+00 +1.7481e-01 +1.7440e+00 -2.1276e+00 -3.0548e+00 +1.4054e+00 -1.9762e+00 -2.7481e+00 -3.5994e+00 +1.7614e+00
1381 0 +2.767354000e+00 -1.451326460e+02 -1.451326460e+02 -1.0686e+00 +5.2165e-01 +1.2415e+00 -2.1143e+00 -1.9256e+00 +5.2675e-01 -1.3785e+00 -1.2504e+00 -2.8277e+00 +4.0971e-01
1424 0 +1.752383687e+00 -1.461476163e+02 -1.461476163e+02 -1.1166e+00 +4.7323e-01 +1.1283e+00 -2.0756e+00 -2.8495e+00 +1.4266e+00 -1.5106e+00 -2.0392e+00 -3.4377e+00 +8.2226e-01
1650 0 +1.651006529e+00 -1.462489935e+02 -1.462489935e+02 -1.7877e+00 +7.1734e-03 +1.3472e+00 -1.7870e+00 -3.4212e+00 +1.6934e+00 -1.7561e+00 -2.7610e+00 -3.8177e+00 +1.7226e+00
1714 0 +1.386410596e+00 -1.465135894e+02 -1.465135894e+02 -1.6735e+00 -1.1530e-01 +1.3401e+00 -2.0295e+00 -3.2186e+00 +1.2979e+00 -1.6371e+00 -2.4619e+00 -3.8600e+00 +1.7384e+00
1719 0 +1.210193552e+00 -1.466898064e+02 -1.466898064e+02 -1.6555e+00 +1.6760e-01 +1.2090e+00 -2.0398e+00 -3.0299e+00 +1.3438e+00 -1.5457e+00 -2.2848e+00 -3.5657e+00 +1.6782e+00
1902 0 +9.459553653e-01 -1.469540446e+02 -1.469540446e+02 -1.5841e+00 -5.4321e-02 +1.1099e+00 -1.9241e+00 -3.3018e+00 +1.4734e+00 -1.5783e+00 -2.2914e+00 -3.8666e+00 +1.7943e+00
1934 0 +8.056708740e-01 -1.470943291e+02 -1.470943291e+02 -1.7808e+00 +8.9748e-02 +1.0766e+00 -1.8998e+00 -3.3981e+00 +1.5947e+00 -1.6882e+00 -2.4355e+00 -3.9129e+00 +1.9973e+00
2124 0 +7.040103671e-01 -1.471959896e+02 -1.471959896e+02 -1.7349e+00 +2.8945e-02 +1.0299e+00 -1.9712e+00 -3.3866e+00 +1.5438e+00 -1.5857e+00 -2.3804e+00 -3.9426e+00 +1.9651e+00
2167 0 +5.324171157e-01 -1.473675829e+02 -1.473675829e+02 -1.6846e+00 +7.6921e-02 +1.1037e+00 -2.0125e+00 -3.3285e+00 +1.4078e+00 -1.5943e+00 -2.3350e+00 -3.8935e+00 +1.7902e+00
2271 0 +3.949089626e-01 -1.475050910e+02 -1.475050910e+02 -1.7154e+00 +4.0079e-02 +1.1097e+00 -2.1348e+00 -3.2582e+00 +1.3829e+00 -1.6242e+00 -2.2578e+00 -3.8937e+00 +1.7973e+00
2340 0 +3.560694759e-01 -1.475439305e+02 -1.475439305e+02 -1.8065e+00 +1.8436e-02 +1.1796e+00 -2.0185e+00 -3.3381e+00 +1.4671e+00 -1.6318e+00 -2.4042e+00 -3.8421e+00 +1.8898e+00
2353 0 +3.473051173e-01 -1.475526949e+02 -1.475526949e+02 -1.6600e+00 +7.7645e-02 +1.1457e+00 -2.0603e+00 -3.1813e+00 +1.4554e+00 -1.5918e+00 -2.2725e+00 -3.7868e+00 +1.7132e+00
2484 0 +2.505422659e-01 -1.476494577e+02 -1.476494577e+02 -1.6697e+00 +7.8175e-02 +1.0637e+00 -2.0618e+00 -3.2880e+00 +1.4791e+00 -1.5825e+00 -2.2995e+00 -3.8672e+00 +1.8255e+00
% f evaluations | g evaluations | best noise-free fitness - Fopt (4.817100000000e+02) + sum g_i+ | measured fitness | best measured fitness or single-digit g-values | x1 | x2...
1 0 +8.102514800e+01 +5.627351480e+02 +5.627351480e+02 +5.9671e-01 -3.8264e-02 +7.4769e-01 +1.6230e+00 -1.3415e-01 -1.3414e-01 +1.6792e+00 +8.6743e-01 -3.6947e-01 +6.4256e-01
6 0 +3.891937011e+01 +5.206293701e+02 +5.206293701e+02 +4.2408e-01 -2.8508e-01 -5.7692e-01 +7.1168e-01 +1.1310e+00 +1.0313e+00 -7.3922e-01 -2.0921e-01 +4.3126e-01 +1.0755e+00
58 0 +3.810137046e+01 +5.198113705e+02 +5.198113705e+02 -1.9584e-01 -7.9297e-01 -2.5659e+00 +2.2829e+00 +1.1044e+00 -7.1425e-01 +6.1734e-01 -7.0512e-01 +3.2697e+00 +2.1307e+00
66 0 +3.319851821e+01 +5.149085182e+02 +5.149085182e+02 +1.6407e+00 -1.1920e+00 -2.8920e+00 +1.3400e+00 -7.0757e-01 +2.8385e+00 +1.1462e+00 +3.6543e-02 +9.6767e-01 -5.8191e-01
84 0 +2.751982349e+01 +5.092298235e+02 +5.092298235e+02 +2.1695e+00 -1.5550e+00 -1.9667e+00 +7.2677e-01 +1.6374e+00 -1.6583e+00 +2.3712e-02 -2.0451e-01 +1.0997e+00 -6.1275e-01
107 0 +2.426792737e+01 +5.059779274e+02 +5.059779274e+02 +7.2976e-03 -4.0061e+00 -3.6461e+00 +1.9078e+00 +1.6523e+00 +2.2811e+00 +7.0417e-01 -2.1768e+00 +4.4457e+00 +1.4701e+00
158 0 +2.054430345e+01 +5.022543035e+02 +5.022543035e+02 +1.2908e+00 -2.5633e+00 -4.6110e+00 +2.5478e-01 +1.5639e+00 +7.0803e-01 +1.6642e+00 -2.5262e-01 +1.0572e-01 +9.4885e-02
292 0 +1.865721291e+01 +5.003672129e+02 +5.003672129e+02 +1.8435e+00 -8.3468e-01 -1.7853e+00 +4.3935e+00 +1.3983e+00 +1.0984e+00 +6.5390e-01 -6.5571e-01 -9.9997e-01 -4.0906e-01
327 0 +1.459425178e+01 +4.963042518e+02 +4.963042518e+02 +1.9447e+00 -2.4394e+00 -1.2880e+00 +3.7837e+00 -6.7512e-01 +4.4633e-01 +1.2965e+00 -4.4844e-01 -1.1547e-01 +1.8485e+00
368 0 +1.077369342e+01 +4.924836934e+02 +4.924836934e+02 +1.9891e+00 -2.7921e+00 -2.5719e+00 +2.3238e+00 -1.7389e+00 -1.0599e+00 +1.3718e+00 -1.4348e+00 -3.5167e+00 +1.1889e-01
501 0 +1.025763472e+01 +4.919676347e+02 +4.919676347e+02 +1.2974e+00 -2.9353e+00 -2.8409e+00 +3.5479e+00 +6.4015e-01 -1.8191e+00 +7.2575e-01 -1.5109e+00 -2.2752e+00 +9.7382e-01
623 0 +6.821360209e+00 +4.885313602e+02 +4.885313602e+02 +1.3442e+00 -2.6757e+00 -3.7061e+00 +3.0527e+00 +4.4210e-01 -1.2552e+00 -1.1687e+00 -1.4977e+00 -2.4600e+00 -5.1545e-01
866 0 +6.480628502e+00 +4.881906285e+02 +4.881906285e+02 +1.1008e+00 -3.1944e+00 -3.9825e+00 +3.0044e+00 +3.6843e-01 -5.9556e-01 -4.5343e-01 -1.4351e+00 -2.7082e+00 +2.6534e-01
871 0 +4.985630127e+00 +4.866956301e+02 +4.866956301e+02 +1.9745e+00 -2.6968e+00 -2.9106e+00 +2.7719e+00 +5.7287e-02 -7.8039e-01 +8.4408e-01 -1.3832e+00 -1.9030e+00 +9.3414e-01
928 0 +4.451995584e+00 +4.861619956e+02 +4.861619956e+02 +9.1286e-01 -3.1057e+00 -3.6302e+00 +2.4034e+00 +5.5832e-01 -6.1475e-02 -1.1050e-01 -1.3850e+00 -6.7839e-01 +1.0429e+00
1056 0 +4.358082659e+00 +4.860680827e+02 +4.860680827e+02 +1.2313e+00 -3.2333e+00 -2.9551e+00 +2.1399e+00 -1.0705e-01 -1.2225e+00 +5.3455e-01 -1.0341e+00 -1.8749e+00 +5.4281e-01
1066 0 +1.727923641e+00 +4.834379236e+02 +4.834379236e+02 +1.5578e+00 -3.1057e+00 -3.0184e+00 +1.9490e+00 -4.4513e-01 -8.2184e-01 +1.2256e+00 -1.1399e+00 -2.1231e+00 +8.0245e-01
1502 0 +1.631071459e+00 +4.833410715e+02 +4.833410715e+02 +1.0674e+00 -2.9915e+00 -2.9629e+00 +2.8664e+00 -5.4281e-01 -9.8685e-01 +7.3009e-01 -1.3843e+00 -1.7647e+00 +6.7930e-01
1579 0 +1.288689679e+00 +4.829986897e+02 +4.829986897e+02 +1.3563e+00 -2.9408e+00 -2.7658e+00 +2.5016e+00 -5.9885e-01 -8.4075e-01 +5.9741e-01 -1.0082e+00 -2.0289e+00 +6.4493e-01
1799 0 +1.280462432e+00 +4.829904624e+02 +4.829904624e+02 +1.2209e+00 -2.8105e+00 -2.9928e+00 +3.1833e+00 -3.2886e-01 -7.1076e-01 +5.9299e-01 -1.7288e+00 -1.7533e+00 +3.6834e-01
1877 0 +1.182577198e+00 +4.828925772e+02 +4.828925772e+02 +1.0779e+00 -2.9668e+00 -2.9381e+00 +3.0974e+00 -3.4649e-01 -8.4058e-01 +6.2895e-01 -1.4695e+00 -1.7657e+00 +4.5650e-01
1887 0 +1.137106141e+00 +4.828471061e+02 +4.828471061e+02 +1.2488e+00 -2.9298e+00 -2.7721e+00 +2.7889e+00 -7.9731e-01 -9.9281e-01 +9.8023e-01 -1.3403e+00 -2.2265e+00 +5.8451e-01
1918 0 +1.028201339e+00 +4.827382013e+02 +4.827382013e+02 +9.0325e-01 -3.1746e+00 -2.8936e+00 +3.1500e+00 -3.1855e-01 -9.2422e-01 +7.9305e-01 -1.5538e+00 -1.8895e+00 +5.7568e-01
1925 0 +9.739285772e-01 +4.826839286e+02 +4.826839286e+02 +1.2174e+00 -3.0115e+00 -2.8509e+00 +2.7060e+00 -6.1500e-01 -9.3162e-01 +1.0155e+00 -1.4719e+00 -2.0174e+00 +6.6012e-01
1939 0 +9.472945852e-01 +4.826572946e+02 +4.826572946e+02 +1.0971e+00 -2.9821e+00 -2.8539e+00 +2.8943e+00 -4.1254e-01 -9.1041e-01 +9.8305e-01 -1.5396e+00 -1.8871e+00 +5.8278e-01
1956 0 +8.309288541e-01 +4.825409289e+02 +4.825409289e+02 +9.7440e-01 -2.9695e+00 -2.8727e+00 +3.0612e+00 -1.8007e-01 -8.3465e-01 +8.3077e-01 -1.6412e+00 -1.7402e+00 +5.9444e-01
2005 0 +8.042246063e-01 +4.825142246e+02 +4.825142246e+02 +9.5439e-01 -2.9052e+00 -2.7867e+00 +3.0876e+00 -4.8941e-01 -9.7868e-01 +6.2906e-01 -1.5191e+00 -2.0523e+00 +5.0547e-01
2027 0 +6.265755700e-01 +4.823365756e+02 +4.823365756e+02 +1.1045e+00 -2.9088e+00 -2.7076e+00 +2.8244e+00 -5.0129e-01 -8.3273e-01 +8.7653e-01 -1.4594e+00 -1.9814e+00 +7.2010e-01
2134 0 +4.354926008e-01 +4.821454926e+02 +4.821454926e+02 +1.0921e+00 -2.9819e+00 -2.8671e+00 +2.7931e+00 -3.7038e-01 -8.4098e-01 +6.2158e-01 -1.4215e+00 -1.9240e+00 +6.6429e-01
2309 0 +3.430471107e-01 +4.820530471e+02 +4.820530471e+02 +1.0341e+00 -2.9714e+00 -2.9679e+00 +2.9896e+00 -2.0347e-01 -7.1408e-01 +4.5003e-01 -1.5966e+00 -1.6794e+00 +5.7216e-01
% f evaluations | g evaluations | best noise-free fitness - Fopt (-3.646000000000e+01) + sum g_i+ | measured fitness | best measured fitness or single-digit g-values | x1 | x2...
1 0 +1.451125285e+02 +1.086525285e+02 +1.086525285e+02 +5.9671e-01 -3.8264e-02 +7.4769e-01 +1.6230e+00 -1.3415e-01 -1.3414e-01 +1.6792e+00 +8.6743e-01 -3.6947e-01 +6.4256e-01
7 0 +1.389135016e+02 +1.024535016e+02 +1.024535016e+02 -3.7917e-01 -8.5659e-02 -1.0063e+00 -1.0962e+00 +9.1253e-01 +1.4562e+00 +2.7990e-02 +1.1035e+00 +4.6164e-01 -5.4512e-01
11 0 +7.588826061e+01 +3.942826061e+01 +3.942826061e+01 -1.3154e+00 -3.2065e-01 -2.4271e-01 -7.0228e-01 -6.1286e-02 +5.0405e-01 +1.9862e+00 +2.7458e-01 +3.5755e-01 +2.5554e-02
42 0 +6.961415182e+01 +3.315415182e+01 +3.315415182e+01 +8.1161e-01 -1.0246e+00 -1.4341e+00 +1.3777e+00 +4.3231e-01 -6.4849e-01 +1.6512e+00 +2.1567e-01 +1.2793e+00 +1.6752e-01
51 0 +6.423223265e+01 +2.777223265e+01 +2.777223265e+01 +7.8605e-01 -5.8513e-01 -2.3484e+00 +3.6934e-01 -6.3808e-01 +6.8381e-01 -1.9201e-01 +1.0232e+00 -4.2231e-01 -8.0642e-01
64 0 +6.060993174e+01 +2.414993174e+01 +2.414993174e+01 +9.7809e-01 -1.6170e-01 -2.2699e+00 +3.5086e+00 +1.7185e+00 +1.6331e+00 -7.6979e-01 +1.7952e+00 +1.7775e+00 +4.3022e-01
74 0 +4.004810832e+01 +3.588108318e+00 +3.588108318e+00 +2.1654e+00 -2.2380e+00 -1.9175e+00 +1.4338e+00 -2.1485e-01 +1.7475e+00 +2.1981e+00 +3.0378e+00 +1.3209e+00 +8.1771e-01
132 0 +3.084038013e+01 -5.619619873e+00 -5.619619873e+00 -1.7173e+00 -3.8118e+00 -1.6237e+00 +4.3475e+00 +2.9413e+00 +1.7550e+00 +1.4740e+00 +3.5200e+00 +7.1914e-01 -3.5171e+00
135 0 +2.161378950e+01 -1.484621050e+01 -1.484621050e+01 -4.5350e-01 -1.6802e+00 -3.2126e+00 +1.4057e+00 +1.0462e+00 +4.3864e+00 +1.7076e+00 +1.5226e+00 -1.8938e+00 -2.2699e+00
378 0 +2.023068744e+01 -1.622931256e+01 -1.622931256e+01 +1.0091e+00 -3.1407e+00 -2.6508e+00 +1.6466e+00 +1.6866e+00 +3.0320e+00 +2.3134e+00 +1.7204e+00 -4.5057e+00 -2.9116e+00
403 0 +1.666174462e+01 -1.979825538e+01 -1.979825538e+01 +2.7143e+00 -3.0840e+00 -3.3456e+00 +2.8695e-01 +2.3627e+00 +2.4047e+00 +7.6174e-01 +3.1717e+00 -4.1392e+00 -4.5846e+00
444 0 +9.105564253e+00 -2.735443575e+01 -2.735443575e+01 +6.8527e-01 -2.9207e+00 -1.9595e+00 +4.3062e-01 +3.8878e+00 +2.5748e+00 +2.9160e+00 +4.5005e+00 -3.9910e+00 -9.2032e-01
614 0 +9.001745685e+00 -2.745825431e+01 -2.745825431e+01 +1.8434e+00 -2.1190e+00 -1.4416e+00 +2.3565e+00 +4.0986e+00 +4.1154e+00 +1.8932e+00 +3.1935e+00 -3.4826e+00 -2.4587e+00
712 0 +8.781758093e+00 -2.767824191e+01 -2.767824191e+01 +1.5442e+00 -3.5924e+00 -2.8420e+00 +4.6709e-01 +4.2105e+00 +3.3714e+00 +2.0749e+00 +2.9742e+00 -3.2481e+00 -2.5798e+00
763 0 +8.381877371e+00 -2.807812263e+01 -2.807812263e+01 +9.7433e-01 -3.3653e+00 -2.0769e+00 +1.1371e+00 +4.6645e+00 +3.8205e+00 +2.3546e+00 +3.9293e+00 -3.7245e+00 -3.0881e+00
821 0 +8.376185205e+00 -2.808381480e+01 -2.808381480e+01 +1.6545e+00 -1.4556e+00 -2.1348e+00 +1.9805e+00 +4.4592e+00 +3.3921e+00 +3.2180e+00 +4.2087e+00 -2.3675e+00 -2.5422e+00
826 0 +7.299473113e+00 -2.916052689e+01 -2.916052689e+01 +2.3755e+00 -3.4721e+00 -2.7942e+00 +9.8007e-01 +3.6674e+00 +3.9091e+00 +1.7796e+00 +3.5507e+00 -3.4423e+00 -3.1654e+00
843 0 +6.759354619e+00 -2.970064538e+01 -2.970064538e+01 +1.9291e+00 -3.3366e+00 -2.2816e+00 +1.0286e+00 +4.7268e+00 +4.0210e+00 +1.6936e+00 +4.0337e+00 -3.4898e+00 -3.7291e+00
848 0 +5.069980221e+00 -3.139001978e+01 -3.139001978e+01 +1.5855e+00 -3.0581e+00 -2.1784e+00 +1.2752e-02 +3.9982e+00 +4.1053e+00 +1.4761e+00 +3.3530e+00 -3.6933e+00 -3.3215e+00
968 0 +4.781467467e+00 -3.167853253e+01 -3.167853253e+01 +2.0018e+00 -2.9509e+00 -2.2714e+00 +1.5431e+00 +3.9526e+00 +3.1964e+00 +2.8178e+00 +3.7509e+00 -3.2080e+00 -3.4739e+00
1033 0 +4.780679149e+00 -3.167932085e+01 -3.167932085e+01 +2.2085e+00 -2.6389e+00 -3.0949e+00 +1.3985e+00 +4.2157e+00 +3.6771e+00 +2.4248e+00 +3.6973e+00 -3.1172e+00 -3.0885e+00
1034 0 +4.540831606e+00 -3.191916839e+01 -3.191916839e+01 +1.8384e+00 -2.9964e+00 -1.5299e+00 +7.4196e-01 +3.8277e+00 +3.7587e+00 +2.4740e+00 +2.8771e+00 -3.9570e+00 -3.9071e+00
1076 0 +4.179743907e+00 -3.228025609e+01 -3.228025609e+01 +2.1958e+00 -3.0902e+00 -1.5795e+00 +8.5555e-01 +4.0967e+00 +3.7828e+00 +2.5743e+00 +3.0683e+00 -4.4264e+00 -4.0130e+00
1108 0 +3.614810073e+00 -3.284518993e+01 -3.284518993e+01 +2.5835e+00 -3.0728e+00 -2.2577e+00 +9.1085e-01 +3.4354e+00 +3.7923e+00 +1.6533e+00 +3.1384e+00 -4.0407e+00 -4.2109e+00
1167 0 +3.569967289e+00 -3.289003271e+01 -3.289003271e+01 +1.9588e+00 -2.8226e+00 -2.2978e+00 +1.0662e+00 +4.1645e+00 +3.8657e+00 +2.3175e+00 +3.1438e+00 -3.5825e+00 -3.5130e+00
1175 0 +2.028572239e+00 -3.443142776e+01 -3.443142776e+01 +1.9501e+00 -3.1470e+00 -1.9228e+00 +7.9852e-01 +4.1469e+00 +3.5173e+00 +2.1456e+00 +3.3178e+00 -4.0963e+00 -3.4370e+00
1291 0 +1.931798158e+00 -3.452820184e+01 -3.452820184e+01 +2.2726e+00 -2.9317e+00 -2.2368e+00 +7.4478e-01 +3.9143e+00 +3.8175e+00 +2.1710e+00 +2.9772e+00 -3.9268e+00 -3.9579e+00
1415 0 +1.644173318e+00 -3.481582668e+01 -3.481582668e+01 +2.2283e+00 -2.4850e+00 -1.9986e+00 +9.9821e-01 +3.9456e+00 +3.6940e+00 +2.1656e+00 +3.3145e+00 -4.1809e+00 -3.5503e+00
1469 0 +1.546549141e+00 -3.491345086e+01 -3.491345086e+01 +2.4330e+00 -2.8613e+00 -2.2846e+00 +9.9124e-01 +4.0437e+00 +3.6202e+00 +2.4177e+00 +3.4452e+00 -4.2796e+00 -3.1994e+00
1585 0 +1.519829782e+00 -3.494017022e+01 -3.494017022e+01 +2.3250e+00 -2.3300e+00 -2.1740e+00 +6.3336e-01 +4.0649e+00 +3.6775e+00 +2.1240e+00 +3.2619e+00 -3.9615e+00 -3.5049e+00
1653 0 +1.038948243e+00 -3.542105176e+01 -3.542105176e+01 +2.1762e+00 -2.7726e+00 -2.1123e+00 +6.8287e-01 +4.0572e+00 +3.8185e+00 +1.8354e+00 +3.0835e+00 -3.9121e+00 -3.9720e+00
1777 0 +9.024644184e-01 -3.555753558e+01 -3.555753558e+01 +2.1419e+00 -2.7625e+00 -2.1785e+00 +1.0002e+00 +3.9430e+00 +3.6708e+00 +2.3429e+00 +3.2514e+00 -3.7757e+00 -3.6490e+00
1855 0 +8.821976304e-01 -3.557780237e+01 -3.557780237e+01 +2.2843e+00 -2.6679e+00 -2.2174e+00 +7.8007e-01 +3.9945e+00 +3.7638e+00 +2.1022e+00 +3.1876e+00 -4.0520e+00 -3.6767e+00
1904 0 +8.193527576e-01 -3.564064724e+01 -3.564064724e+01 +2.2388e+00 -2.8410e+00 -2.1467e+00 +6.8990e-01 +3.9990e+00 +3.6403e+00 +2.1960e+00 +3.1906e+00 -4.0731e+00 -3.8362e+00
1940 0 +7.139916372e-01 -3.574600836e+01 -3.574600836e+01 +2.0767e+00 -2.8680e+00 -2.3221e+00 +1.1316e+00 +4.1072e+00 +3.5410e+00 +2.3235e+00 +3.4700e+00 -3.7965e+00 -3.3772e+00
2062 0 +6.954606314e-01 -3.576453937e+01 -3.576453937e+01 +2.3209e+00 -2.7253e+00 -2.3120e+00 +7.5625e-01 +3.9160e+00 +3.7346e+00 +1.8963e+00 +3.0946e+00 -3.9021e+00 -3.9108e+00
2082 0 +5.512523072e-01 -3.590874769e+01 -3.590874769e+01 +2.0478e+00 -2.8915e+00 -2.1131e+00 +8.6485e-01 +4.0673e+00 +3.6074e+00 +2.2677e+00 +3.3237e+00 -3.9351e+00 -3.5204e+00
2124 0 +5.400324833e-01 -3.591996752e+01 -3.591996752e+01 +2.1729e+00 -2.7254e+00 -2.1013e+00 +6.9241e-01 +3.9989e+00 +3.7480e+00 +1.9671e+00 +3.1152e+00 -3.9159e+00 -3.9100e+00
2148 0 +5.046087200e-01 -3.595539128e+01 -3.595539128e+01 +2.1906e+00 -2.7741e+00 -2.1298e+00 +6.3174e-01 +3.9884e+00 +3.7315e+00 +2.0281e+00 +3.1426e+00 -3.9488e+00 -3.7821e+00
2183 0 +4.555773556e-01 -3.600442264e+01 -3.600442264e+01 +2.2361e+00 -2.7365e+00 -2.0977e+00 +6.0280e-01 +3.9618e+00 +3.7837e+00 +1.9951e+00 +3.0783e+00 -4.0249e+00 -3.9069e+00
2259 0 +3.390454915e-01 -3.612095451e+01 -3.612095451e+01 +2.2270e+00 -2.8268e+00 -2.1664e+00 +7.6844e-01 +3.9515e+00 +3.7572e+00 +2.0391e+00 +3.1489e+00 -3.9971e+00 -3.8155e+00
2261 0 +3.098409739e-01 -3.615015903e+01 -3.615015903e+01 +2.1914e+00 -2.7624e+00 -2.0910e+00 +7.3599e-01 +3.9864e+00 +3.7089e+00 +2.0554e+00 +3.1298e+00 -3.9551e+00 -3.8925e+00
% f evaluations | g evaluations | best noise-free fitness - Fopt (3.920000000000e+01) + sum g_i+ | measured fitness | best measured fitness or single-digit g-values | x1 | x2...
1 0 +6.258597322e+01 +1.017859732e+02 +1.017859732e+02 +5.9671e-01 -3.8264e-02 +7.4769e-01 +1.6230e+00 -1.3415e-01 -1.3414e-01 +1.6792e+00 +8.6743e-01 -3.6947e-01 +6.4256e-01
26 0 +5.649839685e+01 +9.569839685e+01 +9.569839685e+01 -1.1609e+00 +1.0179e+00 +2.2222e+00 +1.1325e+00 -1.4194e+00 -3.8423e-01 +1.3669e+00 -6.0767e-01 +5.4382e-01 +8.7463e-01
32 0 +5.016370075e+01 +8.936370075e+01 +8.936370075e+01 -1.1768e-01 +1.1988e+00 +9.2542e-01 +9.1351e-01 +1.4055e+00 +1.2100e-01 +7.8195e-01 -2.1027e-01 +4.2417e-01 -3.0143e-02
37 0 +4.969377646e+01 +8.889377646e+01 +8.889377646e+01 +6.1935e-01 +1.6327e+00 -8.7601e-03 +5.0171e-01 +7.9014e-01 -3.0122e-01 +3.2409e-01 +1.1259e-01 +1.9768e-01 -6.7301e-01
43 0 +4.965416915e+01 +8.885416915e+01 +8.885416915e+01 +2.1607e+00 +1.8553e+00 -1.4896e-01 +1.0716e+00 +7.4538e-01 +1.4686e+00 -8.6492e-01 +7.8605e-01 +1.1584e+00 -1.6587e+00
51 0 +3.238887896e+01 +7.158887896e+01 +7.158887896e+01 +4.5100e-01 +2.9893e-01 +1.0219e+00 +3.0390e+00 +1.4246e+00 +4.9719e-01 +1.5062e+00 -7.0957e-01 +1.2987e+00 -9.8571e-01
101 0 +2.666217838e+01 +6.586217838e+01 +6.586217838e+01 +3.4718e+00 +3.4020e+00 -1.1758e+00 +2.9106e+00 +1.6772e+00 +2.6480e+00 +3.6866e+00 +4.9459e-01 +3.8858e+00 -5.3364e-03
195 0 +2.196865942e+01 +6.116865942e+01 +6.116865942e+01 +3.2487e+00 +1.8738e+00 +2.9700e+00 +2.0426e+00 +3.0459e+00 -1.5707e+00 +2.5705e+00 -4.5349e-01 +3.0087e+00 -2.1226e+00
236 0 +2.045540378e+01 +5.965540378e+01 +5.965540378e+01 +3.2697e+00 +1.1773e+00 +1.7531e+00 +1.4875e+00 +8.1668e-01 -5.8785e-01 +2.0007e+00 -2.3573e+00 +1.6832e+00 -4.5655e-01
261 0 +1.984170410e+01 +5.904170410e+01 +5.904170410e+01 +2.3161e+00 +3.3446e+00 +2.4204e+00 +2.4820e+00 +2.0660e+00 -8.1745e-01 +1.8518e+00 -9.6572e-01 +2.2262e+00 -1.7177e+00
377 0 +1.792702349e+01 +5.712702349e+01 +5.712702349e+01 +4.8796e+00 +1.2366e-01 +2.0464e+00 +2.2235e+00 +2.3934e+00 -6.4848e-01 +3.2246e+00 -2.4809e+00 +2.0949e+00 -3.3395e+00
474 0 +1.691226523e+01 +5.611226523e+01 +5.611226523e+01 +2.1663e+00 +1.8615e+00 -3.6777e-02 +2.7408e+00 +1.0149e+00 +1.4484e+00 +4.4932e+00 -3.2623e+00 -7.1347e-01 -2.3258e+00
477 0 +1.269121537e+01 +5.189121537e+01 +5.189121537e+01 +2.0503e+00 +3.3652e-01 +2.9121e+00 +3.9387e+00 +1.2097e+00 -5.7547e-02 +6.8779e-01 -2.8406e+00 +1.4388e+00 -3.5105e+00
531 0 +1.168856370e+01 +5.088856370e+01 +5.088856370e+01 +2.8028e+00 +8.6634e-01 +6.9170e-01 +3.7929e+00 +2.1492e+00 +1.2718e+00 +2.4315e+00 -2.9997e+00 +8.5393e-01 -3.8676e+00
559 0 +1.112170543e+01 +5.032170543e+01 +5.032170543e+01 +2.2697e+00 +2.4348e+00 +2.6982e+00 +4.5968e+00 +1.8581e+00 +9.0448e-01 +2.4034e+00 -4.6883e+00 +1.1456e+00 -2.1523e+00
582 0 +7.094935735e+00 +4.629493573e+01 +4.629493573e+01 +2.5867e+00 +1.5995e+00 +2.4503e+00 +3.9399e+00 +1.7161e+00 +5.0057e-01 +1.8308e+00 -2.7633e+00 +6.2551e-01 -3.6109e+00
598 0 +5.754919648e+00 +4.495491965e+01 +4.495491965e+01 +2.9012e+00 +1.5188e+00 +1.9857e+00 +2.2264e+00 +2.0268e+00 +9.1336e-01 +2.6863e+00 -3.0991e+00 +5.2422e-01 -2.6502e+00
821 0 +4.169975867e+00 +4.336997587e+01 +4.336997587e+01 +3.8280e+00 +1.1724e+00 +1.4210e+00 +2.9717e+00 +1.9520e+00 +1.4669e+00 +2.2084e+00 -3.1398e+00 +7.1583e-02 -3.0343e+00
997 0 +2.832613435e+00 +4.203261344e+01 +4.203261344e+01 +4.0611e+00 +7.7605e-01 +2.2527e+00 +3.3814e+00 +2.4773e+00 +7.4796e-01 +2.5104e+00 -2.8268e+00 +1.9851e-01 -3.2344e+00
1343 0 +2.092684090e+00 +4.129268409e+01 +4.129268409e+01 +3.4674e+00 +1.6392e+00 +1.4459e+00 +2.7783e+00 +2.1354e+00 +1.0330e+00 +2.4913e+00 -2.8588e+00 +3.2351e-01 -2.9245e+00
1438 0 +1.907355750e+00 +4.110735575e+01 +4.110735575e+01 +3.8017e+00 +1.3589e+00 +1.8011e+00 +2.4203e+00 +2.4777e+00 +8.4956e-01 +2.3262e+00 -2.9480e+00 +2.6371e-01 -3.2299e+00
1604 0 +1.646676654e+00 +4.084667665e+01 +4.084667665e+01 +3.8163e+00 +1.1863e+00 +1.9429e+00 +2.5065e+00 +2.2972e+00 +8.9619e-01 +2.1984e+00 -3.0537e+00 +2.1267e-01 -3.2053e+00
1680 0 +1.095154778e+00 +4.029515478e+01 +4.029515478e+01 +3.7346e+00 +1.7022e+00 +2.4478e+00 +3.0937e+00 +2.1857e+00 +5.1150e-01 +1.8187e+00 -2.8423e+00 +6.0985e-01 -3.4399e+00
1693 0 +1.025769742e+00 +4.022576974e+01 +4.022576974e+01 +3.7031e+00 +1.7456e+00 +2.3728e+00 +3.0263e+00 +2.2532e+00 +5.2314e-01 +2.0292e+00 -2.8938e+00 +4.7908e-01 -3.3488e+00
1888 0 +7.097873579e-01 +3.990978736e+01 +3.990978736e+01 +3.6429e+00 +1.6701e+00 +2.7179e+00 +3.2460e+00 +2.3264e+00 +5.1101e-01 +1.9419e+00 -2.8715e+00 +5.3873e-01 -3.3936e+00
1985 0 +6.565072838e-01 +3.985650728e+01 +3.985650728e+01 +3.8978e+00 +1.3931e+00 +2.2737e+00 +2.9426e+00 +2.3274e+00 +5.6816e-01 +2.0611e+00 -2.8572e+00 +4.4467e-01 -3.4035e+00
2082 0 +6.260399752e-01 +3.982603998e+01 +3.982603998e+01 +3.7428e+00 +1.7693e+00 +2.3398e+00 +3.1877e+00 +2.2210e+00 +4.7992e-01 +2.0940e+00 -2.8159e+00 +4.8219e-01 -3.3736e+00
2121 0 +5.484192751e-01 +3.974841928e+01 +3.974841928e+01 +3.7784e+00 +1.5309e+00 +2.3863e+00 +3.2068e+00 +2.2511e+00 +4.8620e-01 +2.0607e+00 -2.8221e+00 +5.9449e-01 -3.3895e+00
2209 0 +4.181596678e-01 +3.961815967e+01 +3.961815967e+01 +3.7829e+00 +1.5372e+00 +2.3466e+00 +3.1044e+00 +2.3025e+00 +6.2205e-01 +2.0586e+00 -2.9220e+00 +3.8420e-01 -3.3391e+00
2277 0 +3.725056556e-01 +3.957250566e+01 +3.957250566e+01 +3.6973e+00 +1.5651e+00 +2.4345e+00 +3.1328e+00 +2.2902e+00 +5.6882e-01 +2.0378e+00 -2.8781e+00 +4.7930e-01 -3.3519e+00
2413 0 +3.064456858e-01 +3.950644569e+01 +3.950644569e+01 +3.6646e+00 +1.6499e+00 +2.4234e+00 +3.2124e+00 +2.2552e+00 +5.1655e-01 +2.0772e+00 -2.8537e+00 +4.8070e-01 -3.3370e+00
2457 0 +2.874166920e-01 +3.948741669e+01 +3.948741669e+01 +3.6872e+00 +1.6564e+00 +2.5182e+00 +3.3201e+00 +2.2295e+00 +5.2367e-01 +2.0260e+00 -2.8772e+00 +5.2067e-01 -3.3816e+00
% f evaluations | g evaluations | best noise-free fitness - Fopt (-3.225000000000e+01) + sum g_i+ | measured fitness | best measured fitness or single-digit g-values | x1 | x2...
1 0 +4.516970759e+02 +4.194470759e+02 +4.194470759e+02 +5.9671e-01 -3.8264e-02 +7.4769e-01 +1.6230e+00 -1.3415e-01 -1.3414e-01 +1.6792e+00 +8.6743e-01 -3.6947e-01 +6.4256e-01
2 0 +3.102541802e+02 +2.780041802e+02 +2.780041802e+02 -3.6342e-01 -3.6573e-01 +3.4196e-01 -1.8133e+00 -1.6249e+00 -4.6229e-01 -9.1283e-01 +4.1425e-01 -8.0802e-01 -1.3123e+00
3 0 +1.749215143e+02 +1.426715143e+02 +1.426715143e+02 +1.5656e+00 -1.2578e-01 +1.6753e-01 -1.3247e+00 -4.4438e-01 +2.1092e-01 -1.0510e+00 +4.7570e-01 -5.0064e-01 -1.9169e-01
4 0 +1.449302454e+02 +1.126802454e+02 +1.126802454e+02 -5.0171e-01 +1.9523e+00 +8.6503e-02 -9.5771e-01 +9.2254e-01 -1.1208e+00 +3.0886e-01 -1.8597e+00 -1.2282e+00 +2.9686e-01
20 0 +1.307360089e+02 +9.848600894e+01 +9.848600894e+01 -3.4651e-01 +9.5640e-01 +3.1409e-01 -1.1457e+00 +2.7318e-01 +4.8532e-01 -7.8386e-01 +2.5373e-01 +1.5821e-01 -1.0430e+00
24 0 +1.138745005e+02 +8.162450046e+01 +8.162450046e+01 -6.3037e-01 +3.1646e-01 +1.4557e-01 -5.5160e-01 +2.2439e+00 +7.3392e-01 -1.9251e+00 +2.8645e-01 -5.6179e-01 +9.5243e-01
29 0 +7.273900615e+01 +4.048900615e+01 +4.048900615e+01 +2.1352e-01 +7.6213e-01 +1.6860e+00 -1.1378e+00 +2.2330e+00 -1.8521e+00 -5.1785e-02 +6.8832e-01 +3.8099e-01 -5.2270e-01
60 0 +7.237900702e+01 +4.012900702e+01 +4.012900702e+01 -1.0710e+00 +4.3433e-01 +8.7060e-01 -2.1362e+00 +1.7564e+00 -2.0404e+00 -1.0314e+00 +1.9568e+00 +4.4054e-01 -6.8813e-01
102 0 +6.550244343e+01 +3.325244343e+01 +3.325244343e+01 -6.0176e-01 -2.2883e+00 +6.5898e-01 -1.6280e+00 +2.7709e+00 -3.4692e+00 +5.2957e-02 +1.5760e+00 +1.5228e+00 -2.1593e+00
104 0 +5.349344415e+01 +2.124344415e+01 +2.124344415e+01 -1.9859e+00 -2.1310e+00 +7.8928e-01 -2.6557e+00 +3.0496e+00 +8.1402e-01 -1.6459e+00 -2.9703e-01 +3.6913e-01 +6.9516e-01
112 0 +5.324135636e+01 +2.099135636e+01 +2.099135636e+01 -8.7617e-01 +1.5319e+00 +8.5696e-02 -2.6950e+00 +2.4759e+00 -1.0995e-01 +1.2381e+00 +9.2758e-01 +5.6848e-01 +1.7775e+00
119 0 +4.995742636e+01 +1.770742636e+01 +1.770742636e+01 -5.9342e-01 -2.1987e+00 +7.3768e-01 -2.0424e+00 +3.2316e+00 -3.2828e+00 -2.6556e+00 +4.7108e-01 +1.2770e+00 -1.0293e+00
155 0 +4.556709038e+01 +1.331709038e+01 +1.331709038e+01 -6.1131e-01 +1.3323e+00 -3.9376e-01 -4.1162e+00 +2.6313e+00 -5.2603e-01 -7.3999e-01 +1.4626e+00 +2.8889e-01 +2.8991e+00
158 0 +3.986950334e+01 +7.619503340e+00 +7.619503340e+00 +1.0622e+00 -2.2346e+00 -6.6478e-01 -4.3444e+00 +4.8314e+00 -1.5790e+00 +6.0710e-01 -1.4867e+00 +8.8503e-01 -4.2315e-01
191 0 +2.747490950e+01 -4.775090502e+00 -4.775090502e+00 +2.8035e+00 +4.7240e-02 +2.0589e+00 +3.5291e-01 +4.0348e+00 -3.3432e+00 -1.6811e+00 +1.5459e+00 +4.4048e-01 +3.1319e+00
329 0 +2.573236711e+01 -6.517632891e+00 -6.517632891e+00 +2.4515e+00 -1.1190e+00 -3.6368e-01 -3.5133e+00 +3.1796e+00 +6.4522e-01 -2.0649e-01 +3.1132e+00 +3.4775e+00 +2.6716e+00
356 0 +1.999839818e+01 -1.225160182e+01 -1.225160182e+01 +3.2488e+00 -2.2064e+00 -7.2898e-01 -1.9670e+00 +2.0070e+00 -7.2880e-01 -1.1384e-01 +1.6431e+00 +3.9231e+00 +3.8003e+00
357 0 +1.673083397e+01 -1.551916603e+01 -1.551916603e+01 +3.7402e+00 +2.8581e+00 +1.1811e+00 -3.8767e+00 +4.4249e+00 -3.9395e+00 +1.2570e+00 +2.6933e+00 +3.0319e+00 +2.9929e+00
515 0 +9.367981612e+00 -2.288201839e+01 -2.288201839e+01 +3.2964e+00 +9.6170e-01 -5.7613e-01 -2.4669e+00 +2.7168e+00 -4.5385e+00 +2.7812e-01 +2.5170e+00 +3.1767e+00 +3.3381e+00
662 0 +7.460714250e+00 -2.478928575e+01 -2.478928575e+01 +4.0875e+00 +1.4030e+00 +9.0685e-02 -3.4460e+00 +3.2676e+00 -4.4052e+00 +1.1098e+00 +2.4983e+00 +3.6114e+00 +3.2257e+00
756 0 +6.506928915e+00 -2.574307108e+01 -2.574307108e+01 +3.1285e+00 +2.9173e-01 -9.7669e-01 -2.4454e+00 +2.9785e+00 -3.8962e+00 +5.2230e-02 +2.1605e+00 +4.6987e+00 +2.6310e+00
898 0 +5.860683241e+00 -2.638931676e+01 -2.638931676e+01 +4.1712e+00 +4.0356e-01 -3.8432e-01 -3.3047e+00 +3.0394e+00 -2.8735e+00 -8.4552e-01 +3.0143e+00 +3.7154e+00 +2.2395e+00
912 0 +5.774658098e+00 -2.647534190e+01 -2.647534190e+01 +3.4134e+00 +9.7911e-01 -8.3765e-01 -2.8582e+00 +3.2247e+00 -2.7101e+00 -1.4516e-01 +2.6209e+00 +4.2781e+00 +3.2928e+00
939 0 +5.720303122e+00 -2.652969688e+01 -2.652969688e+01 +4.0233e+00 +5.5778e-01 -4.3852e-01 -3.0636e+00 +3.6733e+00 -3.5271e+00 -2.1611e-02 +2.4014e+00 +3.8601e+00 +2.5920e+00
952 0 +5.415259253e+00 -2.683474075e+01 -2.683474075e+01 +4.1490e+00 +1.1585e+00 -1.8027e-01 -2.7364e+00 +3.2213e+00 -2.2722e+00 +3.0864e-01 +2.0528e+00 +3.3469e+00 +3.4739e+00
980 0 +5.155701179e+00 -2.709429882e+01 -2.709429882e+01 +3.1750e+00 +1.0210e+00 -8.9352e-01 -2.6446e+00 +2.8074e+00 -2.6618e+00 +1.3397e-03 +2.0456e+00 +4.1758e+00 +3.5514e+00
1016 0 +4.300042092e+00 -2.794995791e+01 -2.794995791e+01 +3.4415e+00 +8.6234e-01 -1.3754e-01 -3.1223e+00 +3.2968e+00 -3.0060e+00 +2.4521e-01 +2.6193e+00 +3.7356e+00 +2.2525e+00
1148 0 +4.295240257e+00 -2.795475974e+01 -2.795475974e+01 +2.8207e+00 +1.0931e+00 -5.2923e-01 -3.0148e+00 +2.5920e+00 -3.1089e+00 +4.6610e-01 +2.1438e+00 +3.6293e+00 +3.1461e+00
1255 0 +3.174990331e+00 -2.907500967e+01 -2.907500967e+01 +3.6468e+00 +1.5430e+00 -1.1703e+00 -2.8807e+00 +3.6039e+00 -3.9800e+00 +6.4182e-01 +2.4974e+00 +4.0389e+00 +2.9133e+00
1259 0 +2.753198308e+00 -2.949680169e+01 -2.949680169e+01 +3.5127e+00 +1.2057e+00 -8.4720e-01 -2.7383e+00 +3.2750e+00 -3.5587e+00 +3.6300e-01 +2.1564e+00 +4.3132e+00 +2.8618e+00
1349 0 +2.714694407e+00 -2.953530559e+01 -2.953530559e+01 +3.6054e+00 +1.4706e+00 -6.3036e-01 -2.8040e+00 +3.0892e+00 -3.5769e+00 -1.4291e-02 +2.6127e+00 +3.9327e+00 +3.2017e+00
1355 0 +2.416520619e+00 -2.983347938e+01 -2.983347938e+01 +3.5177e+00 +1.2982e+00 -1.2119e+00 -2.4296e+00 +3.3838e+00 -3.4089e+00 +3.2693e-01 +2.6814e+00 +3.6001e+00 +2.9892e+00
1412 0 +2.188080800e+00 -3.006191920e+01 -3.006191920e+01 +3.6155e+00 +7.7031e-01 -1.2019e+00 -2.5599e+00 +3.2915e+00 -3.1707e+00 -7.7178e-02 +2.6000e+00 +3.8378e+00 +2.9047e+00
1419 0 +2.066507727e+00 -3.018349227e+01 -3.018349227e+01 +3.7216e+00 +8.8158e-01 -7.2453e-01 -2.7287e+00 +3.3037e+00 -3.2184e+00 +1.3474e-01 +2.4459e+00 +4.0179e+00 +2.8186e+00
1451 0 +2.035963226e+00 -3.021403677e+01 -3.021403677e+01 +3.6153e+00 +1.4642e+00 -8.3694e-01 -2.8036e+00 +3.4662e+00 -4.1869e+00 +3.8243e-01 +2.7057e+00 +4.0106e+00 +3.0179e+00
1454 0 +1.619354595e+00 -3.063064540e+01 -3.063064540e+01 +3.7044e+00 +1.3748e+00 -1.2100e+00 -2.9936e+00 +3.3809e+00 -4.0189e+00 +3.6723e-01 +2.7628e+00 +4.0290e+00 +3.1611e+00
1635 0 +1.331157456e+00 -3.091884254e+01 -3.091884254e+01 +3.6636e+00 +1.2281e+00 -9.1236e-01 -2.8642e+00 +3.4628e+00 -3.7805e+00 +3.5504e-01 +2.7919e+00 +3.7442e+00 +3.1364e+00
1753 0 +1.275926250e+00 -3.097407375e+01 -3.097407375e+01 +3.5116e+00 +1.3982e+00 -9.7634e-01 -2.6509e+00 +3.3575e+00 -3.8767e+00 +1.1778e-01 +2.7546e+00 +3.8843e+00 +3.0637e+00
1784 0 +1.122821170e+00 -3.112717883e+01 -3.112717883e+01 +3.7077e+00 +1.1136e+00 -8.4260e-01 -2.8004e+00 +3.3146e+00 -3.2247e+00 +1.6393e-01 +2.5007e+00 +3.7225e+00 +3.0833e+00
1854 0 +1.103914594e+00 -3.114608541e+01 -3.114608541e+01 +3.5617e+00 +1.0476e+00 -9.3483e-01 -2.8748e+00 +3.1630e+00 -3.4528e+00 +1.8599e-01 +2.4869e+00 +3.8767e+00 +3.1228e+00
1871 0 +9.285180622e-01 -3.132148194e+01 -3.132148194e+01 +3.5243e+00 +1.1430e+00 -8.8936e-01 -2.8700e+00 +3.3509e+00 -3.6031e+00 +9.0165e-02 +2.5642e+00 +3.9645e+00 +3.0554e+00
1953 0 +8.255323298e-01 -3.142446767e+01 -3.142446767e+01 +3.7130e+00 +9.4868e-01 -7.7574e-01 -2.8333e+00 +3.2882e+00 -3.3615e+00 +1.8252e-01 +2.6055e+00 +3.7452e+00 +3.1453e+00
1969 0 +7.234232052e-01 -3.152657679e+01 -3.152657679e+01 +3.6327e+00 +1.0280e+00 -7.5004e-01 -2.7856e+00 +3.1647e+00 -3.4450e+00 +1.2948e-01 +2.5707e+00 +3.8161e+00 +3.1398e+00
2283 0 +6.055614507e-01 -3.164443855e+01 -3.164443855e+01 +3.6776e+00 +1.0056e+00 -7.9155e-01 -2.7242e+00 +3.1852e+00 -3.4217e+00 +2.8465e-02 +2.6040e+00 +3.8154e+00 +3.0485e+00
2287 0 +4.862894471e-01 -3.176371055e+01 -3.176371055e+01 +3.6421e+00 +9.6509e-01 -8.0766e-01 -2.7131e+00 +3.2544e+00 -3.3803e+00 +5.0637e-02 +2.5191e+00 +3.8387e+00 +3.1198e+00
2413 0 +4.431374412e-01 -3.180686256e+01 -3.180686256e+01 +3.6369e+00 +1.1314e+00 -9.4597e-01 -2.7655e+00 +3.4039e+00 -3.4433e+00 +1.0710e-01 +2.5792e+00 +3.8073e+00 +3.0499e+00
2466 0 +4.011893744e-01 -3.184881063e+01 -3.184881063e+01 +3.6560e+00 +9.4182e-01 -7.8687e-01 -2.7460e+00 +3.2425e+00 -3.3541e+00 +8.9295e-02 +2.4768e+00 +3.7848e+00 +3.0901e+00
% f evaluations | g evaluations | best noise-free fitness - Fopt (3.681200000000e+02) + sum g_i+ | measured fitness | best measured fitness or single-digit g-values | x1 | x2...
1 0 +7.459129335e+01 +4.427112934e+02 +4.427112934e+02 +5.9671e-01 -3.8264e-02 +7.4769e-01 +1.6230e+00 -1.3415e-01 -1.3414e-01 +1.6792e+00 +8.6743e-01 -3.6947e-01 +6.4256e-01
2 0 +5.447614135e+01 +4.225961413e+02 +4.225961413e+02 -3.6342e-01 -3.6573e-01 +3.4196e-01 -1.8133e+00 -1.6249e+00 -4.6229e-01 -9.1283e-01 +4.1425e-01 -8.0802e-01 -1.3123e+00
4 0 +3.786814253e+01 +4.059881425e+02 +4.059881425e+02 -5.0171e-01 +1.9523e+00 +8.6503e-02 -9.5771e-01 +9.2254e-01 -1.1208e+00 +3.0886e-01 -1.8597e+00 -1.2282e+00 +2.9686e-01
55 0 +3.592201785e+01 +4.040420178e+02 +4.040420178e+02 -2.0578e+00 +2.4727e+00 +3.8575e-01 -2.4602e+00 +5.2094e-01 -1.3908e+00 +6.9336e-01 -2.4624e+00 -9.2070e-01 -6.3254e-01
60 0 +2.733484107e+01 +3.954548411e+02 +3.954548411e+02 -8.8499e-01 +9.7751e-01 +1.9251e+00 -1.3507e+00 -3.8701e-01 -4.2332e-01 +5.4652e-01 -2.4481e+00 -1.5841e+00 -4.3342e-01
102 0 +2.476701418e+01 +3.928870142e+02 +3.928870142e+02 -4.9398e+00 +1.7032e+00 -1.0763e+00 -1.4046e+00 -5.3329e-01 -1.8425e+00 -1.4272e+00 -3.7782e+00 -7.9831e-01 -1.2570e+00
142 0 +2.133061242e+01 +3.894506124e+02 +3.894506124e+02 +2.6132e-01 +1.4347e+00 -1.1578e+00 -9.6825e-01 -2.6567e-01 -7.3010e-01 -3.0054e-01 -4.2377e+00 -2.3394e+00 -8.6050e-01
182 0 +1.842889569e+01 +3.865488957e+02 +3.865488957e+02 -1.1320e+00 -8.6811e-02 +1.8574e+00 -3.0438e+00 -2.4018e-01 -8.8220e-01 -1.9492e+00 -4.4903e+00 -9.9270e-01 -6.3928e-02
256 0 +1.063266576e+01 +3.787526658e+02 +3.787526658e+02 -3.6248e+00 -3.0303e+00 +1.2926e+00 -2.5729e+00 -4.1980e-01 -1.4598e+00 -3.2063e+00 -4.5674e+00 -2.5396e+00 -1.6442e+00
440 0 +1.045441509e+01 +3.785744151e+02 +3.785744151e+02 -4.4353e+00 -2.2865e+00 +9.5303e-01 -2.2937e+00 +1.0369e-01 -1.9688e+00 -1.7644e+00 -3.4901e+00 -1.9975e+00 -5.6954e-01
497 0 +6.451905366e+00 +3.745719054e+02 +3.745719054e+02 -3.4378e+00 -2.8603e+00 +1.1159e+00 -2.1081e+00 -7.4719e-01 -1.9212e+00 -2.1812e+00 -3.6917e+00 -1.3977e+00 -7.5161e-01
600 0 +5.332503016e+00 +3.734525030e+02 +3.734525030e+02 -1.0535e+00 -3.7145e-01 +1.3431e+00 -2.2229e+00 -8.7580e-01 -1.7726e+00 -1.8717e+00 -4.5499e+00 -2.5374e+00 -1.4183e+00
755 0 +5.015936952e+00 +3.731359370e+02 +3.731359370e+02 -2.3966e+00 -5.2376e-01 +6.8785e-01 -2.1458e+00 -1.0966e+00 -2.6159e+00 -2.6492e+00 -4.0754e+00 -1.9958e+00 -3.2047e-01
818 0 +4.613980594e+00 +3.727339806e+02 +3.727339806e+02 -1.9393e+00 -1.0447e+00 +1.3930e+00 -1.8145e+00 -7.6520e-01 -2.0517e+00 -1.7884e+00 -3.6682e+00 -2.4313e+00 -6.1071e-01
902 0 +4.183199799e+00 +3.723031998e+02 +3.723031998e+02 -2.8818e+00 -1.1298e+00 +1.4103e-01 -1.7946e+00 -5.8260e-01 -2.1035e+00 -3.0400e+00 -3.7615e+00 -1.8776e+00 -1.0991e+00
911 0 +3.346829552e+00 +3.714668296e+02 +3.714668296e+02 -2.3122e+00 -1.3030e+00 +8.7291e-01 -2.0603e+00 -3.5582e-01 -2.2507e+00 -2.1828e+00 -3.7704e+00 -2.6159e+00 -6.7863e-01
925 0 +2.552374638e+00 +3.706723746e+02 +3.706723746e+02 -2.3808e+00 -8.7738e-01 +7.1588e-01 -2.7418e+00 -7.7702e-01 -2.2335e+00 -2.0119e+00 -4.0728e+00 -2.2943e+00 -7.0148e-01
1028 0 +2.293400695e+00 +3.704134007e+02 +3.704134007e+02 -2.4744e+00 -1.4155e+00 +9.6249e-01 -2.2820e+00 -3.1688e-01 -2.2130e+00 -2.5506e+00 -4.0533e+00 -1.9144e+00 -1.0092e+00
1059 0 +2.234826390e+00 +3.703548264e+02 +3.703548264e+02 -2.3488e+00 -1.2838e+00 +6.1598e-01 -2.5835e+00 -7.9532e-01 -2.0120e+00 -2.1473e+00 -3.9707e+00 -2.2584e+00 -6.3925e-01
1154 0 +2.229289888e+00 +3.703492899e+02 +3.703492899e+02 -2.4699e+00 -8.5800e-01 +4.7512e-01 -2.7761e+00 -1.9037e-01 -1.6505e+00 -2.2406e+00 -3.8675e+00 -2.4310e+00 -1.0179e+00
1209 0 +2.011681985e+00 +3.701316820e+02 +3.701316820e+02 -2.5714e+00 -1.3173e+00 +1.2483e-01 -2.4570e+00 -4.7686e-01 -2.1760e+00 -2.7045e+00 -3.7181e+00 -2.3805e+00 -9.7420e-01
1226 0 +1.332360712e+00 +3.694523607e+02 +3.694523607e+02 -2.3476e+00 -9.4307e-01 +7.4709e-01 -2.1513e+00 -7.7972e-01 -2.1235e+00 -2.3451e+00 -4.0238e+00 -2.2102e+00 -1.0140e+00
1475 0 +9.857340581e-01 +3.691057341e+02 +3.691057341e+02 -2.5173e+00 -1.2122e+00 +8.6803e-01 -2.2370e+00 -7.9279e-01 -2.3100e+00 -2.3448e+00 -3.9025e+00 -2.1857e+00 -8.2918e-01
1561 0 +7.979425397e-01 +3.689179425e+02 +3.689179425e+02 -2.5182e+00 -1.0697e+00 +7.1576e-01 -2.3397e+00 -4.8648e-01 -2.1014e+00 -2.4844e+00 -3.9846e+00 -2.3453e+00 -8.7079e-01
1805 0 +7.077180887e-01 +3.688277181e+02 +3.688277181e+02 -2.3835e+00 -1.1001e+00 +8.9161e-01 -2.1983e+00 -6.4533e-01 -2.1451e+00 -2.2619e+00 -3.9756e+00 -2.3180e+00 -1.0535e+00
1829 0 +6.643226759e-01 +3.687843227e+02 +3.687843227e+02 -2.5767e+00 -1.1117e+00 +7.1951e-01 -2.2711e+00 -6.9711e-01 -2.1827e+00 -2.2496e+00 -3.9753e+00 -2.2684e+00 -8.5394e-01
1869 0 +5.177778866e-01 +3.686377779e+02 +3.686377779e+02 -2.4854e+00 -1.0520e+00 +6.9610e-01 -2.2763e+00 -5.9312e-01 -2.1713e+00 -2.3179e+00 -3.9110e+00 -2.2674e+00 -9.3102e-01
1954 0 +4.871403188e-01 +3.686071403e+02 +3.686071403e+02 -2.3282e+00 -1.0852e+00 +8.6590e-01 -2.3279e+00 -6.9131e-01 -2.1424e+00 -2.2630e+00 -3.9493e+00 -2.2738e+00 -8.6015e-01
1956 0 +4.427833913e-01 +3.685627834e+02 +3.685627834e+02 -2.4938e+00 -1.1396e+00 +7.6281e-01 -2.2897e+00 -6.6219e-01 -2.1755e+00 -2.3540e+00 -3.9367e+00 -2.2695e+00 -8.7960e-01
2088 0 +4.357965087e-01 +3.685557965e+02 +3.685557965e+02 -2.4349e+00 -1.0904e+00 +8.3059e-01 -2.2061e+00 -8.0505e-01 -2.2175e+00 -2.3236e+00 -3.9655e+00 -2.2503e+00 -9.0079e-01
2128 0 +3.757343967e-01 +3.684957344e+02 +3.684957344e+02 -2.4475e+00 -1.1313e+00 +8.3104e-01 -2.1809e+00 -7.1252e-01 -2.1853e+00 -2.3093e+00 -3.9876e+00 -2.2886e+00 -9.6949e-01
2193 0 +3.734682899e-01 +3.684934683e+02 +3.684934683e+02 -2.4811e+00 -1.1553e+00 +8.2613e-01 -2.2525e+00 -7.0860e-01 -2.2097e+00 -2.2898e+00 -3.9915e+00 -2.2743e+00 -8.9080e-01
2199 0 +3.465898207e-01 +3.684665898e+02 +3.684665898e+02 -2.4478e+00 -1.0933e+00 +7.3741e-01 -2.2904e+00 -7.1963e-01 -2.1748e+00 -2.3350e+00 -3.9738e+00 -2.3307e+00 -9.1924e-01
2245 0 +2.142237450e-01 +3.683342237e+02 +3.683342237e+02 -2.4094e+00 -1.0238e+00 +7.5055e-01 -2.2659e+00 -7.1391e-01 -2.2016e+00 -2.3044e+00 -3.9617e+00 -2.2968e+00 -9.0089e-01
2381 0 +2.068147296e-01 +3.683268147e+02 +3.683268147e+02 -2.5149e+00 -1.1210e+00 +6.7910e-01 -2.3407e+00 -6.7616e-01 -2.1625e+00 -2.4111e+00 -3.9117e+00 -2.2878e+00 -8.8746e-01
2438 0 +1.881719315e-01 +3.683081719e+02 +3.683081719e+02 -2.4641e+00 -1.0869e+00 +7.4221e-01 -2.2834e+00 -6.9143e-01 -2.1754e+00 -2.3648e+00 -3.9463e+00 -2.2938e+00 -9.1816e-01
