% f evaluations | g evaluations | best noise-free fitness - Fopt (-4.620900000000e+02) + sum g_i+ | measured fitness | best measured fitness or single-digit g-values | x1 | x2...
1 0 +1.099430392e+02 -3.521469608e+02 -3.521469608e+02 +5.9671e-01 -3.8264e-02 +7.4769e-01 +1.6230e+00 -1.3415e-01
11 0 +7.667186676e+01 -3.854181332e+02 -3.854181332e+02 +4.2408e-01 -2.8508e-01 -5.7692e-01 +7.1168e-01 +1.1310e+00
30 0 +7.414423763e+01 -3.879457624e+02 -3.879457624e+02 +1.2802e+00 +4.3471e-01 -8.2822e-01 -1.7165e-01 +1.9892e+00
44 0 +6.429765760e+01 -3.977923424e+02 -3.977923424e+02 +4.0764e-01 -2.7237e-01 -1.6853e-01 -1.5394e-01 +1.3140e+00
88 0 +4.940346831e+01 -4.126865317e+02 -4.126865317e+02 +1.1575e+00 +6.2396e-02 +1.5139e+00 +1.8521e+00 +1.9126e+00
128 0 +4.372125764e+01 -4.183687424e+02 -4.183687424e+02 +4.1802e-01 +7.3339e-01 +7.2765e-01 +3.6664e-01 +1.3524e+00
175 0 +2.616330026e+01 -4.359266997e+02 -4.359266997e+02 +2.3627e-01 +1.3684e+00 +1.1399e+00 +3.8693e-01 +1.9787e+00
730 0 +2.382697913e+01 -4.382630209e+02 -4.382630209e+02 +6.6329e-01 +1.6379e+00 +1.6757e+00 +1.1277e+00 +2.0014e+00
809 0 +2.315891582e+01 -4.389310842e+02 -4.389310842e+02 +1.3901e+00 +2.3314e+00 +1.1051e+00 +1.0237e+00 +2.2562e+00
