% f evaluations | g evaluations | best noise-free fitness - Fopt (4.078000000000e+01) + sum g_i+ | measured fitness | best measured fitness or single-digit g-values | x1 | x2...
1 0 +6.971655738e+01 +1.104965574e+02 +1.104965574e+02 +5.9671e-01 -3.8264e-02 +7.4769e-01 +1.6230e+00 -1.3415e-01
2 0 +1.678455227e+01 +5.756455227e+01 +5.756455227e+01 -1.3414e-01 +1.6792e+00 +8.6743e-01 -3.6947e-01 +6.4256e-01
7 0 +9.459257437e+00 +5.023925744e+01 +5.023925744e+01 -5.0171e-01 +1.9523e+00 +8.6503e-02 -9.5771e-01 +9.2254e-01
30 0 +9.095605893e+00 +4.987560589e+01 +4.987560589e+01 -7.0882e-01 +1.2095e+00 +1.1141e+00 -4.3481e-01 +4.6255e-01
33 0 +6.755938728e+00 +4.753593873e+01 +4.753593873e+01 -1.4280e+00 +2.2002e+00 +6.3537e-01 -6.9956e-01 +7.5421e-01
164 0 +3.169293036e+00 +4.394929304e+01 +4.394929304e+01 -1.4454e+00 +1.2315e+00 +1.3141e+00 -1.7166e+00 +3.8036e-02
189 0 +2.397267778e+00 +4.317726778e+01 +4.317726778e+01 -1.3846e+00 +1.4861e+00 +1.0571e+00 -1.1440e+00 +9.3381e-01
195 0 +2.204222339e+00 +4.298422234e+01 +4.298422234e+01 -1.6345e+00 +1.4889e+00 +7.0088e-01 -7.9459e-01 +3.8935e-01
200 0 +1.991080890e+00 +4.277108089e+01 +4.277108089e+01 -1.4664e+00 +1.5130e+00 +5.7780e-01 -1.0573e+00 +6.3970e-01
213 0 +1.926942672e+00 +4.270694267e+01 +4.270694267e+01 -1.2969e+00 +9.9998e-01 +4.9172e-01 -1.6203e+00 +5.6882e-01
331 0 +1.887114939e+00 +4.266711494e+01 +4.266711494e+01 -1.8441e+00 +1.1545e+00 +9.7469e-01 -1.6358e+00 +5.1708e-01
332 0 +1.622472596e+00 +4.240247260e+01 +4.240247260e+01 -2.0109e+00 +1.2680e+00 +5.8109e-01 -1.6607e+00 +5.5885e-01
335 0 +1.494251856e+00 +4.227425186e+01 +4.227425186e+01 -1.8285e+00 +1.3879e+00 +6.6018e-01 -1.4367e+00 +6.8855e-01
345 0 +1.418623685e+00 +4.219862368e+01 +4.219862368e+01 -1.7443e+00 +1.3323e+00 +6.3552e-01 -1.6236e+00 +4.0053e-01
406 0 +1.367752339e+00 +4.214775234e+01 +4.214775234e+01 -1.7104e+00 +1.3505e+00 +5.0598e-01 -1.4082e+00 +6.5355e-01
431 0 +1.320169678e+00 +4.210016968e+01 +4.210016968e+01 -1.7140e+00 +1.3351e+00 +4.3530e-01 -1.5351e+00 +4.9148e-01
432 0 +1.297174281e+00 +4.207717428e+01 +4.207717428e+01 -1.6950e+00 +1.2325e+00 +4.7460e-01 -1.5235e+00 +4.5087e-01
472 0 +1.273012941e+00 +4.205301294e+01 +4.205301294e+01 -1.7133e+00 +1.2708e+00 +5.7237e-01 -1.5933e+00 +5.7439e-01
494 0 +1.257741858e+00 +4.203774186e+01 +4.203774186e+01 -1.7750e+00 +1.2608e+00 +5.5159e-01 -1.5084e+00 +5.4299e-01
502 0 +1.255975134e+00 +4.203597513e+01 +4.203597513e+01 -1.7430e+00 +1.2682e+00 +5.4298e-01 -1.5597e+00 +5.6442e-01
553 0 +1.254945652e+00 +4.203494565e+01 +4.203494565e+01 -1.7026e+00 +1.2905e+00 +5.6015e-01 -1.5459e+00 +5.2710e-01
557 0 +1.252772556e+00 +4.203277256e+01 +4.203277256e+01 -1.6980e+00 +1.2779e+00 +5.4481e-01 -1.5520e+00 +5.5556e-01
604 0 +1.251124769e+00 +4.203112477e+01 +4.203112477e+01 -1.6963e+00 +1.2446e+00 +5.6242e-01 -1.5341e+00 +5.2952e-01
605 0 +1.249922810e+00 +4.202992281e+01 +4.202992281e+01 -1.6954e+00 +1.2489e+00 +5.1932e-01 -1.5130e+00 +5.5403e-01
620 0 +1.248462980e+00 +4.202846298e+01 +4.202846298e+01 -1.7383e+00 +1.2513e+00 +5.4814e-01 -1.5214e+00 +5.2671e-01
679 0 +1.248247659e+00 +4.202824766e+01 +4.202824766e+01 -1.7282e+00 +1.2729e+00 +5.2470e-01 -1.5101e+00 +5.2984e-01
680 0 +1.247562214e+00 +4.202756221e+01 +4.202756221e+01 -1.7207e+00 +1.2574e+00 +5.3416e-01 -1.5253e+00 +5.2194e-01
683 0 +1.247493750e+00 +4.202749375e+01 +4.202749375e+01 -1.7245e+00 +1.2647e+00 +5.2219e-01 -1.5247e+00 +5.5515e-01
688 0 +1.247024314e+00 +4.202702431e+01 +4.202702431e+01 -1.7265e+00 +1.2504e+00 +5.2718e-01 -1.5109e+00 +5.5526e-01
719 0 +1.246020294e+00 +4.202602029e+01 +4.202602029e+01 -1.7103e+00 +1.2682e+00 +5.3735e-01 -1.5214e+00 +5.4991e-01
755 0 +1.245543100e+00 +4.202554310e+01 +4.202554310e+01 -1.7131e+00 +1.2618e+00 +5.4468e-01 -1.5174e+00 +5.5021e-01
815 0 +1.245539256e+00 +4.202553926e+01 +4.202553926e+01 -1.7165e+00 +1.2538e+00 +5.3748e-01 -1.5225e+00 +5.4515e-01
848 0 +1.245475617e+00 +4.202547562e+01 +4.202547562e+01 -1.7177e+00 +1.2539e+00 +5.4302e-01 -1.5166e+00 +5.3921e-01
871 0 +1.245327260e+00 +4.202532726e+01 +4.202532726e+01 -1.7190e+00 +1.2621e+00 +5.4330e-01 -1.5152e+00 +5.4277e-01
924 0 +1.245290394e+00 +4.202529039e+01 +4.202529039e+01 -1.7183e+00 +1.2592e+00 +5.4368e-01 -1.5171e+00 +5.4609e-01
926 0 +1.245276766e+00 +4.202527677e+01 +4.202527677e+01 -1.7191e+00 +1.2594e+00 +5.4124e-01 -1.5171e+00 +5.4655e-01
1014 0 +1.245266306e+00 +4.202526631e+01 +4.202526631e+01 -1.7172e+00 +1.2601e+00 +5.4057e-01 -1.5173e+00 +5.4532e-01
1060 0 +1.245258942e+00 +4.202525894e+01 +4.202525894e+01 -1.7187e+00 +1.2594e+00 +5.4176e-01 -1.5174e+00 +5.4395e-01
% f evaluations | g evaluations | best noise-free fitness - Fopt (-1.600000000000e+00) + sum g_i+ | measured fitness | best measured fitness or single-digit g-values | x1 | x2...
1 0 +3.546721115e+01 +3.386721115e+01 +3.386721115e+01 +5.9671e-01 -3.8264e-02 +7.4769e-01 +1.6230e+00 -1.3415e-01
5 0 +2.544185483e+01 +2.384185483e+01 +2.384185483e+01 +1.5656e+00 -1.2578e-01 +1.6753e-01 -1.3247e+00 -4.4438e-01
8 0 +2.095013016e+01 +1.935013016e+01 +1.935013016e+01 -1.1208e+00 +3.0886e-01 -1.8597e+00 -1.2282e+00 +2.9686e-01
14 0 +2.046912819e+01 +1.886912819e+01 +1.886912819e+01 +1.4562e+00 +2.7990e-02 +1.1035e+00 +4.6164e-01 -5.4512e-01
21 0 +1.051275934e+01 +8.912759343e+00 +8.912759343e+00 -1.3154e+00 -3.2065e-01 -2.4271e-01 -7.0228e-01 -6.1286e-02
90 0 +9.374191388e+00 +7.774191388e+00 +7.774191388e+00 +1.6624e+00 -2.7170e-01 +1.1857e+00 +5.7202e-02 +1.1834e-01
102 0 +9.227493593e+00 +7.627493593e+00 +7.627493593e+00 +1.6501e+00 -9.5692e-01 +9.4466e-01 -1.6032e-01 +1.1243e+00
198 0 +8.748436439e+00 +7.148436439e+00 +7.148436439e+00 +1.5438e+00 -3.3282e-01 +1.3712e+00 +3.3540e-01 +4.0096e-01
202 0 +8.661262275e+00 +7.061262275e+00 +7.061262275e+00 +1.7784e+00 -1.3426e-02 +9.7236e-01 -5.9174e-01 +4.7164e-01
213 0 +8.595728620e+00 +6.995728620e+00 +6.995728620e+00 +1.7759e+00 -3.0751e-01 +1.6107e+00 +1.1159e-02 +2.0088e-01
228 0 +7.699420926e+00 +6.099420926e+00 +6.099420926e+00 +1.7231e+00 -4.3051e-01 +1.3302e+00 -7.0606e-01 +8.9316e-01
281 0 +7.212516900e+00 +5.612516900e+00 +5.612516900e+00 +1.7518e+00 -5.4999e-01 +1.5483e+00 -1.7210e-01 +9.0363e-01
330 0 +7.206245856e+00 +5.606245856e+00 +5.606245856e+00 +1.9459e+00 -4.5699e-01 +1.5605e+00 -1.9463e-01 +7.2330e-01
378 0 +7.100047564e+00 +5.500047564e+00 +5.500047564e+00 +1.9537e+00 -4.4980e-01 +1.4794e+00 -2.8160e-01 +8.5233e-01
407 0 +7.090959385e+00 +5.490959385e+00 +5.490959385e+00 +1.9602e+00 -2.1421e-01 +1.5562e+00 -3.7197e-01 +8.7401e-01
410 0 +7.042334886e+00 +5.442334886e+00 +5.442334886e+00 +1.8633e+00 -2.3500e-01 +1.5583e+00 -2.5996e-01 +9.7744e-01
487 0 +7.030086873e+00 +5.430086873e+00 +5.430086873e+00 +1.9058e+00 -3.3631e-01 +1.4884e+00 -3.3996e-01 +9.4493e-01
536 0 +7.027580499e+00 +5.427580499e+00 +5.427580499e+00 +1.9264e+00 -2.8054e-01 +1.4773e+00 -2.9087e-01 +9.2836e-01
560 0 +7.020366127e+00 +5.420366127e+00 +5.420366127e+00 +1.8610e+00 -3.3318e-01 +1.5471e+00 -2.8853e-01 +9.6102e-01
563 0 +7.016192748e+00 +5.416192748e+00 +5.416192748e+00 +1.8993e+00 -3.2708e-01 +1.5387e+00 -2.2019e-01 +9.4019e-01
621 0 +7.015938228e+00 +5.415938228e+00 +5.415938228e+00 +1.9161e+00 -2.8954e-01 +1.5298e+00 -2.6008e-01 +9.2372e-01
625 0 +7.014968056e+00 +5.414968056e+00 +5.414968056e+00 +1.8741e+00 -3.4194e-01 +1.5157e+00 -2.7162e-01 +9.3025e-01
628 0 +7.013592277e+00 +5.413592277e+00 +5.413592277e+00 +1.8827e+00 -3.0050e-01 +1.5351e+00 -2.4937e-01 +9.3724e-01
663 0 +7.011188521e+00 +5.411188521e+00 +5.411188521e+00 +1.8945e+00 -3.2046e-01 +1.5298e+00 -2.5950e-01 +9.3394e-01
775 0 +7.011165166e+00 +5.411165166e+00 +5.411165166e+00 +1.8939e+00 -3.1874e-01 +1.5312e+00 -2.6204e-01 +9.3341e-01
965 0 +7.011118787e+00 +5.411118787e+00 +5.411118787e+00 +1.8954e+00 -3.2072e-01 +1.5332e+00 -2.6286e-01 +9.3958e-01
1012 0 +7.011104980e+00 +5.411104980e+00 +5.411104980e+00 +1.8952e+00 -3.1962e-01 +1.5311e+00 -2.6268e-01 +9.3734e-01
1204 0 +7.011099262e+00 +5.411099262e+00 +5.411099262e+00 +1.8948e+00 -3.1983e-01 +1.5327e+00 -2.6338e-01 +9.3758e-01
% f evaluations | g evaluations | best noise-free fitness - Fopt (-3.708400000000e+02) + sum g_i+ | measured fitness | best measured fitness or single-digit g-values | x1 | x2...
1 0 +7.191130781e+01 -2.989286922e+02 -2.989286922e+02 +5.9671e-01 -3.8264e-02 +7.4769e-01 +1.6230e+00 -1.3415e-01
2 0 +4.484817312e+01 -3.259918269e+02 -3.259918269e+02 -1.3414e-01 +1.6792e+00 +8.6743e-01 -3.6947e-01 +6.4256e-01
5 0 +3.147181454e+01 -3.393681855e+02 -3.393681855e+02 +1.5656e+00 -1.2578e-01 +1.6753e-01 -1.3247e+00 -4.4438e-01
27 0 +2.882817749e+01 -3.420118225e+02 -3.420118225e+02 +1.6262e+00 -8.9289e-01 +5.0370e-01 -2.2634e+00 -1.5067e-01
63 0 +2.229088333e+01 -3.485491167e+02 -3.485491167e+02 -7.0975e-01 +3.4366e+00 +7.5555e-01 -8.4302e-01 +7.9737e-01
97 0 +1.721458496e+01 -3.536254150e+02 -3.536254150e+02 -3.4182e-02 +3.2619e+00 -1.9206e-01 -5.3295e-01 -5.8048e-01
169 0 +1.652491546e+01 -3.543150845e+02 -3.543150845e+02 -5.0146e-01 +4.8614e+00 +2.1403e-01 -1.1578e+00 -2.4045e-01
179 0 +1.034653674e+01 -3.604934633e+02 -3.604934633e+02 -3.0241e+00 +4.8362e+00 +1.4201e+00 +2.5520e-01 -1.3236e+00
223 0 +9.779721472e+00 -3.610602785e+02 -3.610602785e+02 -2.7088e-01 +4.4924e+00 +8.2248e-01 -9.4564e-01 -1.0769e+00
253 0 +9.554856378e+00 -3.612851436e+02 -3.612851436e+02 -2.0499e+00 +4.4052e+00 +1.8956e+00 +2.4140e-01 -1.5759e+00
339 0 +9.368845098e+00 -3.614711549e+02 -3.614711549e+02 -1.9667e-01 +4.2993e+00 +6.9964e-01 -4.2740e-01 -1.3009e+00
364 0 +8.932214539e+00 -3.619077855e+02 -3.619077855e+02 -9.7963e-02 +4.2155e+00 +5.3666e-01 -6.2088e-01 -1.1279e+00
418 0 +8.829261688e+00 -3.620107383e+02 -3.620107383e+02 -1.2776e-02 +4.4664e+00 +9.1757e-01 -1.2021e-01 -7.9238e-01
440 0 +8.480930419e+00 -3.623590696e+02 -3.623590696e+02 -2.3434e-01 +4.5976e+00 +7.5157e-01 -1.8124e-01 -9.5192e-01
500 0 +8.429047281e+00 -3.624109527e+02 -3.624109527e+02 +1.9798e-02 +4.9324e+00 +9.0309e-01 -6.5146e-01 -1.1274e+00
554 0 +8.372090161e+00 -3.624679098e+02 -3.624679098e+02 -2.6335e-01 +4.6835e+00 +7.7868e-01 -2.9557e-01 -9.3923e-01
563 0 +8.219200214e+00 -3.626207998e+02 -3.626207998e+02 -3.6894e-02 +4.6764e+00 +7.4774e-01 -5.5284e-01 -9.5110e-01
589 0 +8.217352202e+00 -3.626226478e+02 -3.626226478e+02 -1.2942e-01 +4.7480e+00 +8.7302e-01 -5.7344e-01 -8.3027e-01
608 0 +8.178245455e+00 -3.626617545e+02 -3.626617545e+02 -1.6164e-01 +4.9515e+00 +8.6179e-01 -4.1770e-01 -8.5934e-01
614 0 +8.173923797e+00 -3.626660762e+02 -3.626660762e+02 -1.5808e-01 +4.8158e+00 +8.3952e-01 -3.5599e-01 -8.8450e-01
641 0 +8.168087134e+00 -3.626719129e+02 -3.626719129e+02 +7.1647e-03 +4.9454e+00 +9.0267e-01 -4.3719e-01 -8.3146e-01
642 0 +8.161883074e+00 -3.626781169e+02 -3.626781169e+02 -9.6939e-02 +4.8506e+00 +9.1385e-01 -4.2998e-01 -8.7809e-01
681 0 +8.143478289e+00 -3.626965217e+02 -3.626965217e+02 -1.1039e-01 +4.7195e+00 +8.1243e-01 -4.4264e-01 -8.3215e-01
687 0 +8.126136845e+00 -3.627138632e+02 -3.627138632e+02 -9.1620e-02 +4.8308e+00 +8.0756e-01 -4.2224e-01 -8.1678e-01
836 0 +8.124685131e+00 -3.627153149e+02 -3.627153149e+02 -8.7910e-02 +4.8242e+00 +8.2532e-01 -4.4413e-01 -8.2227e-01
845 0 +8.123724773e+00 -3.627162752e+02 -3.627162752e+02 -8.8343e-02 +4.8436e+00 +8.3285e-01 -4.2570e-01 -8.1889e-01
941 0 +8.123611845e+00 -3.627163882e+02 -3.627163882e+02 -9.0020e-02 +4.8389e+00 +8.2780e-01 -4.2546e-01 -8.3004e-01
996 0 +8.123589201e+00 -3.627164108e+02 -3.627164108e+02 -8.9939e-02 +4.8518e+00 +8.3377e-01 -4.2366e-01 -8.2795e-01
1020 0 +8.123530048e+00 -3.627164700e+02 -3.627164700e+02 -8.9023e-02 +4.8498e+00 +8.3325e-01 -4.2577e-01 -8.2823e-01
1112 0 +8.123522316e+00 -3.627164777e+02 -3.627164777e+02 -9.1474e-02 +4.8453e+00 +8.3381e-01 -4.2867e-01 -8.2738e-01
1128 0 +8.123510543e+00 -3.627164895e+02 -3.627164895e+02 -8.9204e-02 +4.8434e+00 +8.3502e-01 -4.2824e-01 -8.2728e-01
1167 0 +8.123509681e+00 -3.627164903e+02 -3.627164903e+02 -8.9037e-02 +4.8448e+00 +8.3549e-01 -4.2758e-01 -8.2616e-01
1171 0 +8.123492571e+00 -3.627165074e+02 -3.627165074e+02 -8.9065e-02 +4.8453e+00 +8.3418e-01 -4.2800e-01 -8.2814e-01
1219 0 +8.123489584e+00 -3.627165104e+02 -3.627165104e+02 -8.8586e-02 +4.8458e+00 +8.3365e-01 -4.2854e-01 -8.2831e-01
% f evaluations | g evaluations | best noise-free fitness - Fopt (-3.256000000000e+01) + sum g_i+ | measured fitness | best measured fitness or single-digit g-values | x1 | x2...
1 0 +5.471837738e+01 +2.215837738e+01 +2.215837738e+01 +5.9671e-01 -3.8264e-02 +7.4769e-01 +1.6230e+00 -1.3415e-01
3 0 +2.411967533e+01 -8.440324673e+00 -8.440324673e+00 -3.6342e-01 -3.6573e-01 +3.4196e-01 -1.8133e+00 -1.6249e+00
15 0 +9.889352202e+00 -2.267064780e+01 -2.267064780e+01 +4.6140e-01 +1.6380e+00 +6.4174e-02 +1.6646e+00 -2.5197e+00
83 0 +9.485929890e+00 -2.307407011e+01 -2.307407011e+01 +6.5714e-01 +9.0716e-01 -2.1220e+00 +1.7811e+00 -4.5370e+00
86 0 +9.188082466e+00 -2.337191753e+01 -2.337191753e+01 -1.6582e-01 +1.9170e+00 -2.3412e+00 +6.8013e-01 -2.5490e+00
134 0 +8.095933758e+00 -2.446406624e+01 -2.446406624e+01 +1.4754e+00 +9.3474e-01 -8.7005e-01 +2.9761e+00 -4.0608e+00
164 0 +5.196137723e+00 -2.736386228e+01 -2.736386228e+01 +4.7274e-01 +1.4350e+00 -1.3465e+00 +1.8841e+00 -4.4546e+00
189 0 +3.426978613e+00 -2.913302139e+01 -2.913302139e+01 +7.9322e-01 +2.1163e+00 -1.5177e+00 +2.8163e+00 -3.6968e+00
238 0 +3.254682240e+00 -2.930531776e+01 -2.930531776e+01 +1.1326e+00 +1.5521e+00 -1.1601e+00 +2.0636e+00 -4.1340e+00
254 0 +2.294479663e+00 -3.026552034e+01 -3.026552034e+01 +4.6495e-01 +2.0930e+00 -1.0952e+00 +1.9470e+00 -3.4836e+00
262 0 +1.986013168e+00 -3.057398683e+01 -3.057398683e+01 +7.0465e-01 +1.6243e+00 -1.0938e+00 +2.7040e+00 -3.4586e+00
308 0 +1.697671077e+00 -3.086232892e+01 -3.086232892e+01 +5.8770e-01 +1.5029e+00 -1.2890e+00 +1.9586e+00 -3.0051e+00
355 0 +1.560075167e+00 -3.099992483e+01 -3.099992483e+01 +5.4435e-01 +1.7573e+00 -1.3147e+00 +2.2156e+00 -3.6741e+00
395 0 +1.507178356e+00 -3.105282164e+01 -3.105282164e+01 +5.8014e-01 +1.6513e+00 -1.7930e+00 +1.9206e+00 -3.4262e+00
442 0 +1.488517946e+00 -3.107148205e+01 -3.107148205e+01 +6.3189e-01 +1.4780e+00 -1.4569e+00 +2.1324e+00 -3.2909e+00
462 0 +1.448223991e+00 -3.111177601e+01 -3.111177601e+01 +6.6059e-01 +1.7389e+00 -1.5499e+00 +2.1941e+00 -3.3771e+00
479 0 +1.446962934e+00 -3.111303707e+01 -3.111303707e+01 +5.1139e-01 +1.6178e+00 -1.4915e+00 +2.1321e+00 -3.2897e+00
485 0 +1.397018318e+00 -3.116298168e+01 -3.116298168e+01 +6.7645e-01 +1.6484e+00 -1.4589e+00 +1.9767e+00 -3.2973e+00
501 0 +1.306127770e+00 -3.125387223e+01 -3.125387223e+01 +6.5655e-01 +1.6386e+00 -1.6060e+00 +2.0155e+00 -3.3393e+00
519 0 +1.302136617e+00 -3.125786338e+01 -3.125786338e+01 +7.1377e-01 +1.6129e+00 -1.6914e+00 +1.9897e+00 -3.4562e+00
526 0 +1.282754677e+00 -3.127724532e+01 -3.127724532e+01 +6.0082e-01 +1.6636e+00 -1.5356e+00 +2.0748e+00 -3.5121e+00
581 0 +1.273690867e+00 -3.128630913e+01 -3.128630913e+01 +6.8260e-01 +1.5977e+00 -1.5461e+00 +2.0113e+00 -3.3888e+00
597 0 +1.263927411e+00 -3.129607259e+01 -3.129607259e+01 +7.0649e-01 +1.6452e+00 -1.5400e+00 +2.1075e+00 -3.4376e+00
618 0 +1.260407540e+00 -3.129959246e+01 -3.129959246e+01 +7.2290e-01 +1.6190e+00 -1.5311e+00 +2.1077e+00 -3.4483e+00
626 0 +1.256048107e+00 -3.130395189e+01 -3.130395189e+01 +6.4636e-01 +1.6478e+00 -1.4598e+00 +2.0859e+00 -3.4352e+00
641 0 +1.250871448e+00 -3.130912855e+01 -3.130912855e+01 +6.5898e-01 +1.6527e+00 -1.5382e+00 +2.0905e+00 -3.4813e+00
658 0 +1.248784886e+00 -3.131121511e+01 -3.131121511e+01 +6.9507e-01 +1.6156e+00 -1.5460e+00 +2.0784e+00 -3.4492e+00
682 0 +1.248374170e+00 -3.131162583e+01 -3.131162583e+01 +6.5627e-01 +1.6247e+00 -1.5164e+00 +2.0983e+00 -3.4420e+00
687 0 +1.246605183e+00 -3.131339482e+01 -3.131339482e+01 +6.5879e-01 +1.6328e+00 -1.5203e+00 +2.0777e+00 -3.4330e+00
791 0 +1.246349654e+00 -3.131365035e+01 -3.131365035e+01 +6.6469e-01 +1.6186e+00 -1.5197e+00 +2.0779e+00 -3.4425e+00
802 0 +1.245998209e+00 -3.131400179e+01 -3.131400179e+01 +6.6673e-01 +1.6350e+00 -1.5150e+00 +2.0949e+00 -3.4645e+00
825 0 +1.245705122e+00 -3.131429488e+01 -3.131429488e+01 +6.6172e-01 +1.6303e+00 -1.5181e+00 +2.0856e+00 -3.4447e+00
859 0 +1.245537584e+00 -3.131446242e+01 -3.131446242e+01 +6.7272e-01 +1.6233e+00 -1.5243e+00 +2.0787e+00 -3.4514e+00
877 0 +1.245493116e+00 -3.131450688e+01 -3.131450688e+01 +6.7014e-01 +1.6259e+00 -1.5294e+00 +2.0766e+00 -3.4512e+00
883 0 +1.245376631e+00 -3.131462337e+01 -3.131462337e+01 +6.7216e-01 +1.6251e+00 -1.5269e+00 +2.0831e+00 -3.4563e+00
889 0 +1.245321375e+00 -3.131467863e+01 -3.131467863e+01 +6.6873e-01 +1.6289e+00 -1.5197e+00 +2.0868e+00 -3.4592e+00
927 0 +1.245310682e+00 -3.131468932e+01 -3.131468932e+01 +6.6859e-01 +1.6311e+00 -1.5237e+00 +2.0817e+00 -3.4578e+00
976 0 +1.245288313e+00 -3.131471169e+01 -3.131471169e+01 +6.6957e-01 +1.6287e+00 -1.5230e+00 +2.0853e+00 -3.4565e+00
1009 0 +1.245271158e+00 -3.131472884e+01 -3.131472884e+01 +6.6762e-01 +1.6279e+00 -1.5224e+00 +2.0823e+00 -3.4555e+00
1068 0 +1.245266042e+00 -3.131473396e+01 -3.131473396e+01 +6.6927e-01 +1.6291e+00 -1.5248e+00 +2.0815e+00 -3.4579e+00
1088 0 +1.245259390e+00 -3.131474061e+01 -3.131474061e+01 +6.6854e-01 +1.6284e+00 -1.5231e+00 +2.0827e+00 -3.4559e+00
% f evaluations | g evaluations | best noise-free fitness - Fopt (5.154000000000e+02) + sum g_i+ | measured fitness | best measured fitness or single-digit g-values | x1 | x2...
1 0 +1.359134884e+01 +5.289913488e+02 +5.289913488e+02 +5.9671e-01 -3.8264e-02 +7.4769e-01 +1.6230e+00 -1.3415e-01
5 0 +1.358708591e+01 +5.289870859e+02 +5.289870859e+02 +1.5656e+00 -1.2578e-01 +1.6753e-01 -1.3247e+00 -4.4438e-01
23 0 +1.048776242e+01 +5.258877624e+02 +5.258877624e+02 -1.8188e+00 +7.3486e-02 +1.6023e-01 +2.5632e+00 -9.2361e-02
50 0 +5.236519519e+00 +5.206365195e+02 +5.206365195e+02 -6.4978e-01 +1.0784e+00 +4.2354e-01 +2.0906e+00 +1.0467e+00
222 0 +4.928750616e+00 +5.203287506e+02 +5.203287506e+02 -6.9150e-01 +4.8704e-01 +1.9819e-01 +2.7164e+00 +2.7717e-01
291 0 +4.495464210e+00 +5.198954642e+02 +5.198954642e+02 -7.0293e-01 +5.9206e-01 +2.3369e-01 +2.2947e+00 +5.6028e-01
295 0 +4.357202244e+00 +5.197572022e+02 +5.197572022e+02 -5.8954e-03 +5.7128e-01 +2.7279e-01 +2.5508e+00 -1.9812e-01
296 0 +4.319613445e+00 +5.197196134e+02 +5.197196134e+02 -4.1504e-01 +8.3436e-01 +1.5239e-01 +2.6200e+00 +2.6196e-01
301 0 +3.882777765e+00 +5.192827778e+02 +5.192827778e+02 +5.1701e-02 +1.1380e+00 +4.3005e-01 +2.5950e+00 +2.6440e-01
346 0 +3.718301923e+00 +5.191183019e+02 +5.191183019e+02 -8.3848e-02 +1.1275e+00 +3.5648e-01 +2.1322e+00 +4.0046e-01
361 0 +3.533324727e+00 +5.189333247e+02 +5.189333247e+02 +5.2220e-01 +1.2927e+00 +6.2640e-01 +1.9993e+00 +4.1149e-01
452 0 +3.415117449e+00 +5.188151174e+02 +5.188151174e+02 +2.9552e-01 +1.0828e+00 +5.8894e-01 +2.1241e+00 +5.8933e-01
510 0 +3.291726197e+00 +5.186917262e+02 +5.186917262e+02 +3.1549e-01 +1.1121e+00 +5.2935e-01 +2.2237e+00 +3.0395e-01
553 0 +3.290830602e+00 +5.186908306e+02 +5.186908306e+02 +2.9098e-01 +1.2442e+00 +5.4399e-01 +2.0489e+00 +4.9987e-01
560 0 +3.254196394e+00 +5.186541964e+02 +5.186541964e+02 +1.9667e-01 +1.2316e+00 +5.3644e-01 +2.1673e+00 +5.0049e-01
577 0 +3.232380718e+00 +5.186323807e+02 +5.186323807e+02 +1.1891e-01 +1.0938e+00 +5.1298e-01 +2.1003e+00 +5.8420e-01
580 0 +3.227346512e+00 +5.186273465e+02 +5.186273465e+02 +1.2658e-01 +1.0873e+00 +5.4430e-01 +2.2053e+00 +4.4622e-01
581 0 +3.220061087e+00 +5.186200611e+02 +5.186200611e+02 +2.5339e-01 +1.1355e+00 +4.9491e-01 +2.2353e+00 +3.7654e-01
616 0 +3.217172742e+00 +5.186171727e+02 +5.186171727e+02 +1.2881e-01 +1.1127e+00 +5.3097e-01 +2.1705e+00 +4.4885e-01
618 0 +3.181782164e+00 +5.185817822e+02 +5.185817822e+02 +1.5474e-01 +1.0829e+00 +5.3932e-01 +2.1412e+00 +5.0116e-01
637 0 +3.180367035e+00 +5.185803670e+02 +5.185803670e+02 +1.2858e-01 +1.1206e+00 +5.1695e-01 +2.2058e+00 +4.8960e-01
658 0 +3.173258028e+00 +5.185732580e+02 +5.185732580e+02 +1.5558e-01 +1.1195e+00 +5.1341e-01 +2.2004e+00 +4.7636e-01
731 0 +3.172827684e+00 +5.185728277e+02 +5.185728277e+02 +1.9001e-01 +1.1384e+00 +5.2711e-01 +2.1609e+00 +4.8481e-01
735 0 +3.170383236e+00 +5.185703832e+02 +5.185703832e+02 +1.6273e-01 +1.1042e+00 +5.1654e-01 +2.1834e+00 +4.7607e-01
869 0 +3.170347527e+00 +5.185703475e+02 +5.185703475e+02 +1.6403e-01 +1.1225e+00 +5.2487e-01 +2.1689e+00 +4.9798e-01
873 0 +3.170066141e+00 +5.185700661e+02 +5.185700661e+02 +1.5502e-01 +1.1079e+00 +5.1989e-01 +2.1786e+00 +4.8442e-01
949 0 +3.170019558e+00 +5.185700196e+02 +5.185700196e+02 +1.6587e-01 +1.1167e+00 +5.2390e-01 +2.1733e+00 +4.9107e-01
962 0 +3.169913785e+00 +5.185699138e+02 +5.185699138e+02 +1.6470e-01 +1.1079e+00 +5.2081e-01 +2.1737e+00 +4.7972e-01
993 0 +3.169895670e+00 +5.185698957e+02 +5.185698957e+02 +1.6812e-01 +1.1165e+00 +5.2250e-01 +2.1692e+00 +4.8854e-01
1000 0 +3.169862699e+00 +5.185698627e+02 +5.185698627e+02 +1.6194e-01 +1.1139e+00 +5.2141e-01 +2.1725e+00 +4.8776e-01
1070 0 +3.169853565e+00 +5.185698536e+02 +5.185698536e+02 +1.5782e-01 +1.1105e+00 +5.2039e-01 +2.1721e+00 +4.8614e-01
1071 0 +3.169838134e+00 +5.185698381e+02 +5.185698381e+02 +1.6301e-01 +1.1093e+00 +5.1985e-01 +2.1726e+00 +4.8302e-01
1085 0 +3.169823778e+00 +5.185698238e+02 +5.185698238e+02 +1.6306e-01 +1.1108e+00 +5.2046e-01 +2.1741e+00 +4.8332e-01
1120 0 +3.169815821e+00 +5.185698158e+02 +5.185698158e+02 +1.6245e-01 +1.1102e+00 +5.2091e-01 +2.1722e+00 +4.8420e-01
1149 0 +3.169806272e+00 +5.185698063e+02 +5.185698063e+02 +1.6120e-01 +1.1100e+00 +5.1988e-01 +2.1726e+00 +4.8377e-01
% f evaluations | g evaluations | best noise-free fitness - Fopt (-8.628000000000e+01) + sum g_i+ | measured fitness | best measured fitness or single-digit g-values | x1 | x2...
1 0 +7.179667336e+01 -1.448332664e+01 -1.448332664e+01 +5.9671e-01 -3.8264e-02 +7.4769e-01 +1.6230e+00 -1.3415e-01
2 0 +3.238864733e+01 -5.389135267e+01 -5.389135267e+01 -1.3414e-01 +1.6792e+00 +8.6743e-01 -3.6947e-01 +6.4256e-01
30 0 +1.756259274e+01 -6.871740726e+01 -6.871740726e+01 -6.9703e-01 +1.3369e+00 +1.4386e+00 -9.5904e-01 +7.5477e-01
56 0 +1.427813406e+01 -7.200186594e+01 -7.200186594e+01 -8.2730e-01 +1.9856e+00 +1.8849e+00 -8.3653e-01 +1.1429e+00
76 0 +1.081844641e+01 -7.546155359e+01 -7.546155359e+01 -8.1767e-01 +4.4697e-02 +3.3553e+00 -2.7438e+00 +2.0891e+00
116 0 +6.451823696e+00 -7.982817630e+01 -7.982817630e+01 -6.6435e-01 +2.1427e+00 +3.7869e+00 -9.6234e-01 +1.7211e+00
145 0 +3.351350999e+00 -8.292864900e+01 -8.292864900e+01 -2.1726e+00 +2.8516e+00 +1.7885e+00 +3.3468e-01 +1.4424e+00
159 0 +2.627474763e+00 -8.365252524e+01 -8.365252524e+01 +4.2244e-02 +2.0602e+00 +3.0148e+00 -5.0238e-01 +2.2114e+00
210 0 +1.927868695e+00 -8.435213130e+01 -8.435213130e+01 -2.1059e+00 +1.8443e+00 +4.3263e+00 -5.6238e-01 +1.9788e+00
221 0 +3.547375592e-01 -8.592526244e+01 -8.592526244e+01 -1.8567e+00 +2.1943e+00 +2.9515e+00 -1.8481e-01 +1.9280e+00
315 0 +1.302743092e-01 -8.614972569e+01 -8.614972569e+01 -2.9186e+00 +2.0731e+00 +3.7505e+00 +1.0773e-01 +2.1395e+00
327 0 +1.154511806e-01 -8.616454882e+01 -8.616454882e+01 -2.5054e+00 +2.3537e+00 +3.4026e+00 +1.0520e-01 +1.8241e+00
355 0 +5.244980718e-02 -8.622755019e+01 -8.622755019e+01 -2.7062e+00 +2.2897e+00 +3.0904e+00 +3.2812e-01 +2.4739e+00
393 0 +3.156100253e-02 -8.624843900e+01 -8.624843900e+01 -2.6422e+00 +2.5828e+00 +3.2318e+00 +3.7693e-01 +2.4558e+00
399 0 +1.311668164e-02 -8.626688332e+01 -8.626688332e+01 -1.9014e+00 +2.3321e+00 +2.9168e+00 +8.8933e-02 +2.2742e+00
406 0 +1.109457834e-02 -8.626890542e+01 -8.626890542e+01 -2.2728e+00 +2.2680e+00 +3.4693e+00 +7.1382e-02 +2.2773e+00
432 0 +8.916874099e-03 -8.627108313e+01 -8.627108313e+01 -2.1851e+00 +2.3142e+00 +3.0254e+00 +8.2857e-02 +2.3270e+00
435 0 +2.912037885e-03 -8.627708796e+01 -8.627708796e+01 -2.2451e+00 +2.3326e+00 +3.3187e+00 +1.2703e-01 +2.2910e+00
487 0 +2.247816297e-03 -8.627775218e+01 -8.627775218e+01 -2.4069e+00 +2.3506e+00 +3.1301e+00 +1.2350e-01 +2.2811e+00
494 0 +9.123416756e-04 -8.627908766e+01 -8.627908766e+01 -2.3228e+00 +2.3800e+00 +3.2634e+00 +1.7533e-01 +2.2956e+00
515 0 +3.045245836e-04 -8.627969548e+01 -8.627969548e+01 -2.2196e+00 +2.4015e+00 +3.0526e+00 +1.6761e-01 +2.2683e+00
538 0 +2.832060921e-04 -8.627971679e+01 -8.627971679e+01 -2.5165e+00 +2.4108e+00 +3.1548e+00 +2.8787e-01 +2.2194e+00
543 0 +7.866073490e-05 -8.627992134e+01 -8.627992134e+01 -2.4183e+00 +2.4153e+00 +2.9828e+00 +3.0968e-01 +2.2909e+00
608 0 +9.633757344e-06 -8.627999037e+01 -8.627999037e+01 -2.5090e+00 +2.4272e+00 +3.0903e+00 +2.5691e-01 +2.3065e+00
628 0 +7.223565646e-06 -8.627999278e+01 -8.627999278e+01 -2.4709e+00 +2.4338e+00 +3.0916e+00 +2.4287e-01 +2.3116e+00
659 0 +7.714670431e-07 -8.627999923e+01 -8.627999923e+01 -2.4328e+00 +2.4224e+00 +3.0797e+00 +2.4001e-01 +2.3038e+00
729 0 +6.576599674e-07 -8.627999934e+01 -8.627999934e+01 -2.4876e+00 +2.4255e+00 +3.0667e+00 +2.6189e-01 +2.2887e+00
751 0 +2.540872401e-08 -8.627999997e+01 -8.627999997e+01 -2.4615e+00 +2.4079e+00 +3.0813e+00 +2.5687e-01 +2.2835e+00
837 0 +2.406635247e-08 -8.627999998e+01 -8.627999998e+01 -2.4402e+00 +2.4117e+00 +3.0552e+00 +2.5708e-01 +2.2843e+00
% f evaluations | g evaluations | best noise-free fitness - Fopt (2.224000000000e+01) + sum g_i+ | measured fitness | best measured fitness or single-digit g-values | x1 | x2...
1 0 +6.637511265e+01 +8.861511265e+01 +8.861511265e+01 +5.9671e-01 -3.8264e-02 +7.4769e-01 +1.6230e+00 -1.3415e-01
2 0 +6.212700200e+01 +8.436700200e+01 +8.436700200e+01 -1.3414e-01 +1.6792e+00 +8.6743e-01 -3.6947e-01 +6.4256e-01
3 0 +6.111463880e+01 +8.335463880e+01 +8.335463880e+01 -3.6342e-01 -3.6573e-01 +3.4196e-01 -1.8133e+00 -1.6249e+00
4 0 +5.633067841e+01 +7.857067841e+01 +7.857067841e+01 -4.6229e-01 -9.1283e-01 +4.1425e-01 -8.0802e-01 -1.3123e+00
5 0 +4.624374303e+01 +6.848374303e+01 +6.848374303e+01 +1.5656e+00 -1.2578e-01 +1.6753e-01 -1.3247e+00 -4.4438e-01
8 0 +2.522686114e+01 +4.746686114e+01 +4.746686114e+01 -1.1208e+00 +3.0886e-01 -1.8597e+00 -1.2282e+00 +2.9686e-01
20 0 +2.251469371e+01 +4.475469371e+01 +4.475469371e+01 -1.3635e+00 +3.9612e-01 +3.6106e-01 +1.0511e-01 -1.3459e-01
23 0 +1.411961135e+01 +3.635961135e+01 +3.635961135e+01 -1.8188e+00 +7.3486e-02 +1.6023e-01 +2.5632e+00 -9.2361e-02
32 0 +1.317799803e+01 +3.541799803e+01 +3.541799803e+01 -2.0267e+00 +4.8666e-01 +2.9176e-01 +1.1572e+00 +2.0869e-01
39 0 +9.901504804e+00 +3.214150480e+01 +3.214150480e+01 -1.1031e+00 +1.0362e+00 +4.1910e-01 +8.8848e-01 +6.4924e-01
74 0 +7.228488440e+00 +2.946848844e+01 +2.946848844e+01 -2.1199e+00 +1.9875e+00 +2.3585e-01 +1.6511e+00 +9.9668e-01
121 0 +5.549734484e+00 +2.778973448e+01 +2.778973448e+01 -2.0379e+00 +1.0595e+00 +3.2849e-01 +1.2978e+00 -6.0606e-02
129 0 +2.362439120e+00 +2.460243912e+01 +2.460243912e+01 -1.8140e+00 +1.7082e+00 +5.0569e-01 +1.2446e+00 +2.1816e-01
238 0 +2.326740100e+00 +2.456674010e+01 +2.456674010e+01 -1.6811e+00 +1.7884e+00 +3.4943e-01 +9.8626e-01 -6.5783e-01
252 0 +2.199120702e+00 +2.443912070e+01 +2.443912070e+01 -1.8219e+00 +1.5899e+00 +7.0766e-01 +1.1858e+00 +5.1219e-02
282 0 +2.176861023e+00 +2.441686102e+01 +2.441686102e+01 -1.7242e+00 +1.5070e+00 +4.2935e-01 +1.3688e+00 -3.1432e-01
297 0 +2.071852294e+00 +2.431185229e+01 +2.431185229e+01 -1.7662e+00 +1.5169e+00 +5.5596e-01 +1.1215e+00 -4.4802e-01
304 0 +2.068597530e+00 +2.430859753e+01 +2.430859753e+01 -1.5070e+00 +1.3483e+00 +4.3738e-01 +1.0122e+00 -5.5434e-01
401 0 +2.057212641e+00 +2.429721264e+01 +2.429721264e+01 -1.6335e+00 +1.4405e+00 +4.8124e-01 +1.2099e+00 -4.6510e-01
428 0 +2.057057434e+00 +2.429705743e+01 +2.429705743e+01 -1.6521e+00 +1.3739e+00 +4.1884e-01 +1.0798e+00 -4.9708e-01
429 0 +2.051962145e+00 +2.429196215e+01 +2.429196215e+01 -1.6528e+00 +1.5113e+00 +5.6472e-01 +1.0420e+00 -4.2839e-01
452 0 +2.049732906e+00 +2.428973291e+01 +2.428973291e+01 -1.5686e+00 +1.3621e+00 +5.3378e-01 +1.1422e+00 -6.9262e-01
454 0 +2.048210532e+00 +2.428821053e+01 +2.428821053e+01 -1.6512e+00 +1.4184e+00 +5.6126e-01 +1.1706e+00 -5.4279e-01
458 0 +2.047624699e+00 +2.428762470e+01 +2.428762470e+01 -1.6200e+00 +1.4289e+00 +4.2894e-01 +1.0788e+00 -4.5158e-01
459 0 +2.047123464e+00 +2.428712346e+01 +2.428712346e+01 -1.6329e+00 +1.4247e+00 +4.6098e-01 +1.1341e+00 -5.0045e-01
494 0 +2.044979068e+00 +2.428497907e+01 +2.428497907e+01 -1.6116e+00 +1.4045e+00 +5.2672e-01 +1.0699e+00 -5.3769e-01
540 0 +2.044012101e+00 +2.428401210e+01 +2.428401210e+01 -1.6187e+00 +1.3965e+00 +5.2667e-01 +1.1147e+00 -5.0007e-01
617 0 +2.043982478e+00 +2.428398248e+01 +2.428398248e+01 -1.6177e+00 +1.4212e+00 +5.1387e-01 +1.0796e+00 -5.1070e-01
630 0 +2.043927028e+00 +2.428392703e+01 +2.428392703e+01 -1.6097e+00 +1.4044e+00 +5.1831e-01 +1.1132e+00 -5.3757e-01
644 0 +2.043860213e+00 +2.428386021e+01 +2.428386021e+01 -1.6331e+00 +1.4301e+00 +5.0370e-01 +1.1020e+00 -4.9694e-01
659 0 +2.043788820e+00 +2.428378882e+01 +2.428378882e+01 -1.6146e+00 +1.4096e+00 +5.0577e-01 +1.1023e+00 -5.2010e-01
687 0 +2.043710855e+00 +2.428371085e+01 +2.428371085e+01 -1.6278e+00 +1.4157e+00 +5.0714e-01 +1.1018e+00 -4.9751e-01
689 0 +2.043709512e+00 +2.428370951e+01 +2.428370951e+01 -1.6222e+00 +1.4134e+00 +5.1754e-01 +1.1055e+00 -5.2317e-01
748 0 +2.043695963e+00 +2.428369596e+01 +2.428369596e+01 -1.6229e+00 +1.4197e+00 +5.1393e-01 +1.0949e+00 -5.0710e-01
755 0 +2.043689754e+00 +2.428368975e+01 +2.428368975e+01 -1.6241e+00 +1.4180e+00 +5.1391e-01 +1.1022e+00 -5.1686e-01
796 0 +2.043668075e+00 +2.428366807e+01 +2.428366807e+01 -1.6231e+00 +1.4152e+00 +5.1114e-01 +1.1025e+00 -5.0820e-01
% f evaluations | g evaluations | best noise-free fitness - Fopt (-2.301000000000e+01) + sum g_i+ | measured fitness | best measured fitness or single-digit g-values | x1 | x2...
1 0 +6.138453626e+01 +3.837453626e+01 +3.837453626e+01 +5.9671e-01 -3.8264e-02 +7.4769e-01 +1.6230e+00 -1.3415e-01
3 0 +4.184840635e+01 +1.883840635e+01 +1.883840635e+01 -3.6342e-01 -3.6573e-01 +3.4196e-01 -1.8133e+00 -1.6249e+00
5 0 +2.622262772e+01 +3.212627724e+00 +3.212627724e+00 +1.5656e+00 -1.2578e-01 +1.6753e-01 -1.3247e+00 -4.4438e-01
15 0 +1.056874288e+01 -1.244125712e+01 -1.244125712e+01 +4.6140e-01 +1.6380e+00 +6.4174e-02 +1.6646e+00 -2.5197e+00
33 0 +8.369280485e+00 -1.464071951e+01 -1.464071951e+01 +1.5205e+00 -5.5967e-01 -5.5457e-01 -1.0634e+00 -2.6053e+00
90 0 +7.277171312e+00 -1.573282869e+01 -1.573282869e+01 +2.4368e+00 -6.9342e-01 -1.1143e+00 +1.5552e-01 -3.2053e+00
109 0 +3.855592401e+00 -1.915440760e+01 -1.915440760e+01 +2.5320e+00 -7.3038e-01 -1.2303e+00 -2.5992e-02 -3.8707e+00
180 0 +3.735970968e+00 -1.927402903e+01 -1.927402903e+01 +1.9378e+00 -9.1258e-01 -1.1886e+00 -4.5207e-01 -3.3181e+00
267 0 +3.279071941e+00 -1.973092806e+01 -1.973092806e+01 +2.3684e+00 +4.3700e-01 -4.7104e-01 -1.0804e+00 -3.6528e+00
354 0 +2.870964198e+00 -2.013903580e+01 -2.013903580e+01 +2.1399e+00 -9.3498e-01 -9.7422e-01 -7.8860e-01 -4.0428e+00
362 0 +2.567113545e+00 -2.044288645e+01 -2.044288645e+01 +2.1667e+00 -7.8678e-01 -9.5120e-01 -9.6424e-01 -3.5884e+00
364 0 +2.110184621e+00 -2.089981538e+01 -2.089981538e+01 +1.7269e+00 -7.9582e-01 -9.7847e-01 -3.9455e-01 -3.6123e+00
507 0 +2.108393208e+00 -2.090160679e+01 -2.090160679e+01 +1.5674e+00 -7.0292e-01 -9.3659e-01 +1.2010e-01 -3.9538e+00
528 0 +2.095712327e+00 -2.091428767e+01 -2.091428767e+01 +1.7937e+00 -8.3354e-01 -8.8605e-01 -5.5869e-01 -3.7654e+00
531 0 +2.060631116e+00 -2.094936888e+01 -2.094936888e+01 +1.2304e+00 -8.8608e-01 -8.2069e-01 -1.0515e-01 -3.7897e+00
604 0 +2.056516951e+00 -2.095348305e+01 -2.095348305e+01 +1.5228e+00 -9.7853e-01 -8.7221e-01 -2.9765e-01 -3.7768e+00
636 0 +2.055162143e+00 -2.095483786e+01 -2.095483786e+01 +1.3693e+00 -8.2753e-01 -8.1432e-01 -1.1625e-01 -3.8512e+00
649 0 +2.049034430e+00 -2.096096557e+01 -2.096096557e+01 +1.4328e+00 -9.3414e-01 -8.7519e-01 -3.1039e-01 -3.8341e+00
667 0 +2.046398420e+00 -2.096360158e+01 -2.096360158e+01 +1.4720e+00 -8.9194e-01 -8.7586e-01 -2.5669e-01 -3.8410e+00
732 0 +2.045376488e+00 -2.096462351e+01 -2.096462351e+01 +1.4824e+00 -8.3844e-01 -8.5762e-01 -2.2921e-01 -3.7914e+00
745 0 +2.044857079e+00 -2.096514292e+01 -2.096514292e+01 +1.4017e+00 -8.4302e-01 -8.6227e-01 -2.4988e-01 -3.7913e+00
810 0 +2.044763610e+00 -2.096523639e+01 -2.096523639e+01 +1.4742e+00 -8.9253e-01 -8.7627e-01 -3.0765e-01 -3.7596e+00
815 0 +2.044342123e+00 -2.096565788e+01 -2.096565788e+01 +1.4231e+00 -8.6490e-01 -8.7586e-01 -2.1456e-01 -3.7777e+00
859 0 +2.044233067e+00 -2.096576693e+01 -2.096576693e+01 +1.4028e+00 -8.6040e-01 -8.6049e-01 -2.4883e-01 -3.7782e+00
864 0 +2.043908314e+00 -2.096609169e+01 -2.096609169e+01 +1.4519e+00 -8.7030e-01 -8.7556e-01 -2.2815e-01 -3.7874e+00
895 0 +2.043782618e+00 -2.096621738e+01 -2.096621738e+01 +1.4542e+00 -8.7537e-01 -8.6903e-01 -2.7302e-01 -3.7792e+00
944 0 +2.043758539e+00 -2.096624146e+01 -2.096624146e+01 +1.4507e+00 -8.6095e-01 -8.7157e-01 -2.4427e-01 -3.7767e+00
1037 0 +2.043704039e+00 -2.096629596e+01 -2.096629596e+01 +1.4566e+00 -8.6040e-01 -8.6951e-01 -2.5901e-01 -3.7866e+00
1047 0 +2.043682939e+00 -2.096631706e+01 -2.096631706e+01 +1.4499e+00 -8.6210e-01 -8.7051e-01 -2.4125e-01 -3.7884e+00
1108 0 +2.043678488e+00 -2.096632151e+01 -2.096632151e+01 +1.4525e+00 -8.6687e-01 -8.6892e-01 -2.6083e-01 -3.7824e+00
1136 0 +2.043667177e+00 -2.096633282e+01 -2.096633282e+01 +1.4521e+00 -8.6198e-01 -8.7059e-01 -2.4783e-01 -3.7847e+00
% f evaluations | g evaluations | best noise-free fitness - Fopt (-3.323700000000e+02) + sum g_i+ | measured fitness | best measured fitness or single-digit g-values | x1 | x2...
1 0 +2.845152287e+01 -3.039184771e+02 -3.039184771e+02 +5.9671e-01 -3.8264e-02 +7.4769e-01 +1.6230e+00 -1.3415e-01
11 0 +1.835984061e+01 -3.140101594e+02 -3.140101594e+02 +4.2408e-01 -2.8508e-01 -5.7692e-01 +7.1168e-01 +1.1310e+00
12 0 +1.442381011e+01 -3.179461899e+02 -3.179461899e+02 +1.0313e+00 -7.3922e-01 -2.0921e-01 +4.3126e-01 +1.0755e+00
41 0 +1.427197446e+01 -3.180980255e+02 -3.180980255e+02 +1.7618e+00 -1.0809e+00 +1.6373e+00 -1.2311e+00 +1.5451e+00
54 0 +1.278044464e+01 -3.195895554e+02 -3.195895554e+02 +2.2241e+00 -2.4374e+00 +8.8167e-01 -4.1825e-01 +2.1873e+00
60 0 +8.490342152e+00 -3.238796578e+02 -3.238796578e+02 +1.4126e+00 -8.7530e-01 +2.7845e+00 -8.9545e-01 +1.7467e+00
101 0 +7.852429759e+00 -3.245175702e+02 -3.245175702e+02 +2.2477e+00 -3.1556e+00 +2.2459e+00 -5.8107e-01 +1.8230e+00
103 0 +5.431586784e+00 -3.269384132e+02 -3.269384132e+02 +1.2999e+00 -2.4983e+00 +1.1263e+00 +1.2107e+00 +3.8053e-01
152 0 +2.200654051e+00 -3.301693459e+02 -3.301693459e+02 +1.8072e+00 -4.0913e+00 +2.2513e+00 +1.5718e-01 +1.4453e+00
175 0 +1.447487066e+00 -3.309225129e+02 -3.309225129e+02 +1.2899e-01 -2.2174e+00 +1.0275e+00 +1.1312e+00 +7.2644e-01
179 0 +7.097784485e-01 -3.316602216e+02 -3.316602216e+02 -1.6524e-01 -2.9432e+00 +1.2866e-01 +1.6236e+00 +7.5171e-01
252 0 +4.766790283e-01 -3.318933210e+02 -3.318933210e+02 -1.5071e-01 -2.5164e+00 +9.1383e-01 +1.1010e+00 +8.7790e-01
270 0 +4.247519822e-01 -3.319452480e+02 -3.319452480e+02 -6.8176e-01 -3.3624e+00 +3.7477e-01 +1.4378e+00 +8.8695e-01
340 0 +1.181139400e-01 -3.322518861e+02 -3.322518861e+02 -2.0068e-01 -3.7806e+00 +9.0722e-01 +1.6656e+00 +8.9380e-01
343 0 +2.440984681e-02 -3.323455902e+02 -3.323455902e+02 +7.1483e-01 -3.2641e+00 +1.0882e+00 +1.1956e+00 +1.0833e+00
430 0 +1.576820950e-02 -3.323542318e+02 -3.323542318e+02 +8.8946e-01 -3.4397e+00 +1.4557e+00 +1.1364e+00 +1.1817e+00
436 0 +4.391667452e-03 -3.323656083e+02 -3.323656083e+02 +3.0433e-01 -2.9693e+00 +9.8957e-01 +1.1925e+00 +1.0730e+00
442 0 +3.404058419e-03 -3.323665959e+02 -3.323665959e+02 +6.1136e-01 -3.4104e+00 +1.2666e+00 +1.0914e+00 +1.1540e+00
483 0 +1.054171055e-03 -3.323689458e+02 -3.323689458e+02 +1.5737e-01 -3.4917e+00 +1.1715e+00 +1.1978e+00 +1.1711e+00
543 0 +2.115623698e-04 -3.323697884e+02 -3.323697884e+02 +7.8449e-02 -3.2710e+00 +1.0959e+00 +1.3840e+00 +1.0126e+00
584 0 +1.658870662e-04 -3.323698341e+02 -3.323698341e+02 +3.5106e-01 -3.4013e+00 +1.2575e+00 +1.2882e+00 +1.1000e+00
596 0 +1.467698425e-04 -3.323698532e+02 -3.323698532e+02 +1.5880e-01 -3.3933e+00 +1.1707e+00 +1.3678e+00 +1.0352e+00
599 0 +1.272417315e-04 -3.323698728e+02 -3.323698728e+02 +2.8863e-01 -3.2151e+00 +1.0868e+00 +1.2729e+00 +1.0777e+00
606 0 +1.178679973e-04 -3.323698821e+02 -3.323698821e+02 +1.9471e-01 -3.1980e+00 +1.1203e+00 +1.3096e+00 +1.0439e+00
627 0 +9.955621971e-05 -3.323699004e+02 -3.323699004e+02 +2.4761e-01 -3.3574e+00 +1.1837e+00 +1.2482e+00 +1.1304e+00
634 0 +1.814251925e-05 -3.323699819e+02 -3.323699819e+02 +3.3058e-01 -3.3114e+00 +1.2057e+00 +1.2454e+00 +1.0981e+00
651 0 +1.199720811e-05 -3.323699880e+02 -3.323699880e+02 +2.1958e-01 -3.2768e+00 +1.1344e+00 +1.3160e+00 +1.0561e+00
673 0 +5.571162148e-06 -3.323699944e+02 -3.323699944e+02 +2.5043e-01 -3.3226e+00 +1.1601e+00 +1.2574e+00 +1.0959e+00
700 0 +3.375500114e-06 -3.323699966e+02 -3.323699966e+02 +2.2641e-01 -3.3128e+00 +1.1141e+00 +1.2806e+00 +1.0703e+00
750 0 +8.232627806e-07 -3.323699992e+02 -3.323699992e+02 +2.5583e-01 -3.3368e+00 +1.1744e+00 +1.2818e+00 +1.0562e+00
760 0 +7.312913226e-07 -3.323699993e+02 -3.323699993e+02 +2.4103e-01 -3.3505e+00 +1.1429e+00 +1.2860e+00 +1.0632e+00
794 0 +5.408799666e-07 -3.323699995e+02 -3.323699995e+02 +2.2425e-01 -3.3391e+00 +1.1618e+00 +1.2897e+00 +1.0562e+00
800 0 +2.054716219e-07 -3.323699998e+02 -3.323699998e+02 +2.2565e-01 -3.3255e+00 +1.1514e+00 +1.2851e+00 +1.0672e+00
882 0 +1.424474476e-07 -3.323699999e+02 -3.323699999e+02 +2.3868e-01 -3.3474e+00 +1.1552e+00 +1.2869e+00 +1.0631e+00
897 0 +1.309422260e-07 -3.323699999e+02 -3.323699999e+02 +2.3471e-01 -3.3378e+00 +1.1437e+00 +1.2890e+00 +1.0595e+00
924 0 +4.266956921e-08 -3.323700000e+02 -3.323700000e+02 +2.5364e-01 -3.3461e+00 +1.1599e+00 +1.2714e+00 +1.0716e+00
929 0 +1.563387286e-08 -3.323700000e+02 -3.323700000e+02 +2.5008e-01 -3.3274e+00 +1.1464e+00 +1.2753e+00 +1.0634e+00
977 0 +1.387570592e-08 -3.323700000e+02 -3.323700000e+02 +2.5376e-01 -3.3272e+00 +1.1480e+00 +1.2802e+00 +1.0636e+00
1003 0 +1.115125770e-08 -3.323700000e+02 -3.323700000e+02 +2.4870e-01 -3.3345e+00 +1.1553e+00 +1.2684e+00 +1.0722e+00
1050 0 +3.653042313e-09 -3.323700000e+02 -3.323700000e+02 +2.5517e-01 -3.3207e+00 +1.1503e+00 +1.2774e+00 +1.0625e+00
% f evaluations | g evaluations | best noise-free fitness - Fopt (-1.231300000000e+02) + sum g_i+ | measured fitness | best measured fitness or single-digit g-values | x1 | x2...
1 0 +5.025706403e+01 -7.287293597e+01 -7.287293597e+01 +5.9671e-01 -3.8264e-02 +7.4769e-01 +1.6230e+00 -1.3415e-01
5 0 +4.392063738e+01 -7.920936262e+01 -7.920936262e+01 +1.5656e+00 -1.2578e-01 +1.6753e-01 -1.3247e+00 -4.4438e-01
9 0 +3.315318142e+01 -8.997681858e+01 -8.997681858e+01 +8.3847e-01 +2.7137e-01 -1.5648e-02 -2.0110e-01 -1.3785e+00
16 0 +3.011055059e+01 -9.301944941e+01 -9.301944941e+01 +9.2190e-01 +1.8705e-01 -1.9901e-01 +1.9176e-01 -1.8876e+00
23 0 +2.077955188e+01 -1.023504481e+02 -1.023504481e+02 -1.8188e+00 +7.3486e-02 +1.6023e-01 +2.5632e+00 -9.2361e-02
24 0 +2.035877591e+01 -1.027712241e+02 -1.027712241e+02 +4.0155e-01 +6.5288e-02 -1.0687e+00 +1.2428e+00 +8.5193e-01
34 0 +1.672799692e+01 -1.064020031e+02 -1.064020031e+02 +1.8869e+00 +5.8228e-01 -1.7071e+00 +5.0110e-01 +6.6499e-01
36 0 +1.306036225e+01 -1.100696378e+02 -1.100696378e+02 +1.0661e+00 -2.3966e-01 -1.5071e+00 +4.5476e-01 +8.9757e-01
54 0 +9.812841548e+00 -1.133171585e+02 -1.133171585e+02 +3.0143e+00 -2.1055e-01 -2.7570e+00 +1.8562e+00 -3.8374e-01
55 0 +4.342254599e+00 -1.187877454e+02 -1.187877454e+02 +2.3065e+00 -2.1239e-01 -3.0271e+00 -5.5059e-01 +1.0770e+00
103 0 +3.226989226e+00 -1.199030108e+02 -1.199030108e+02 +3.2350e+00 -1.5573e+00 -2.5088e+00 -5.7308e-02 +5.9330e-01
127 0 +3.100873433e+00 -1.200291266e+02 -1.200291266e+02 +2.5574e+00 -2.1251e+00 -2.4409e+00 +1.9461e-02 +2.5132e+00
145 0 +2.993167735e+00 -1.201368323e+02 -1.201368323e+02 +1.8677e+00 -1.3045e+00 -1.3131e+00 +1.3486e+00 +2.3189e+00
152 0 +5.263210108e-01 -1.226036790e+02 -1.226036790e+02 +2.8741e+00 -1.9124e+00 -2.0842e+00 +2.4581e-01 +2.2786e+00
183 0 +1.030210637e-01 -1.230269789e+02 -1.230269789e+02 +2.2935e+00 -9.7341e-01 -1.8522e+00 +4.1902e-01 +2.1033e+00
336 0 +6.976679524e-02 -1.230602332e+02 -1.230602332e+02 +2.3521e+00 -1.1707e+00 -1.9557e+00 +3.5463e-01 +2.0278e+00
373 0 +3.564370529e-02 -1.230943563e+02 -1.230943563e+02 +2.2500e+00 -1.5429e+00 -1.8194e+00 +4.8330e-01 +3.3353e+00
404 0 +1.484695988e-02 -1.231151530e+02 -1.231151530e+02 +2.6194e+00 -1.3047e+00 -2.1526e+00 +2.9004e-01 +2.5025e+00
455 0 +1.438527312e-02 -1.231156147e+02 -1.231156147e+02 +2.4475e+00 -1.0265e+00 -2.2685e+00 +2.1449e-01 +2.4973e+00
456 0 +1.134695844e-02 -1.231186530e+02 -1.231186530e+02 +2.4908e+00 -1.1328e+00 -1.9002e+00 +2.0417e-01 +2.5674e+00
457 0 +4.263576008e-03 -1.231257364e+02 -1.231257364e+02 +1.9335e+00 -1.1159e+00 -1.8703e+00 +4.0559e-01 +2.8325e+00
464 0 +3.572574449e-03 -1.231264274e+02 -1.231264274e+02 +2.4447e+00 -1.2091e+00 -2.1088e+00 +1.4353e-01 +2.5066e+00
495 0 +2.651193630e-04 -1.231297349e+02 -1.231297349e+02 +2.4688e+00 -1.2180e+00 -2.0577e+00 +2.2459e-01 +2.5858e+00
533 0 +1.608478473e-04 -1.231298392e+02 -1.231298392e+02 +2.3290e+00 -1.1635e+00 -1.9815e+00 +2.9943e-01 +2.6187e+00
540 0 +8.940056486e-05 -1.231299106e+02 -1.231299106e+02 +2.2049e+00 -1.1867e+00 -1.9367e+00 +3.5758e-01 +2.7630e+00
567 0 +6.484777268e-05 -1.231299352e+02 -1.231299352e+02 +2.3855e+00 -1.2419e+00 -1.9938e+00 +2.6041e-01 +2.8907e+00
588 0 +8.406715779e-06 -1.231299916e+02 -1.231299916e+02 +2.3299e+00 -1.2377e+00 -1.9353e+00 +2.7899e-01 +2.8671e+00
644 0 +2.223403897e-06 -1.231299978e+02 -1.231299978e+02 +2.3229e+00 -1.1805e+00 -1.9887e+00 +2.8433e-01 +2.8005e+00
656 0 +7.425629605e-07 -1.231299993e+02 -1.231299993e+02 +2.3230e+00 -1.2221e+00 -1.9533e+00 +2.9308e-01 +2.7959e+00
659 0 +5.385628299e-07 -1.231299995e+02 -1.231299995e+02 +2.3188e+00 -1.2132e+00 -1.9625e+00 +2.9197e-01 +2.8479e+00
761 0 +3.460519622e-07 -1.231299997e+02 -1.231299997e+02 +2.3072e+00 -1.2072e+00 -1.9554e+00 +3.0554e-01 +2.8008e+00
