% f evaluations | g evaluations | best noise-free fitness - Fopt (-2.098800000000e+02) + sum g_i+ | measured fitness | best measured fitness or single-digit g-values | x1 | x2...
1 0 +3.881792436e+06 +3.881582556e+06 +3.881582556e+06 +5.9671e-01 -3.8264e-02 +7.4769e-01 +1.6230e+00 -1.3415e-01
2 0 +1.683626694e+06 +1.683416814e+06 +1.683416814e+06 -1.3414e-01 +1.6792e+00 +8.6743e-01 -3.6947e-01 +6.4256e-01
7 0 +1.022656255e+06 +1.022446375e+06 +1.022446375e+06 -5.0171e-01 +1.9523e+00 +8.6503e-02 -9.5771e-01 +9.2254e-01
11 0 +4.809329989e+05 +4.807231189e+05 +4.807231189e+05 +4.2408e-01 -2.8508e-01 -5.7692e-01 +7.1168e-01 +1.1310e+00
28 0 +1.578366792e+05 +1.576267992e+05 +1.576267992e+05 -1.4139e-01 -4.9711e-01 -7.4279e-01 +6.5214e-01 +1.6112e+00
56 0 +7.958741933e+04 +7.937753933e+04 +7.937753933e+04 +1.4465e-01 -1.4642e-01 +4.5814e-01 +1.0560e+00 +1.7192e+00
70 0 +4.818666276e+04 +4.797678276e+04 +4.797678276e+04 -1.2059e+00 +1.5765e+00 -2.1385e+00 +2.2458e+00 +1.9251e+00
87 0 +3.007304284e+04 +2.986316284e+04 +2.986316284e+04 -8.6004e-01 +7.0649e-01 -9.7744e-01 +1.8005e+00 +1.7943e+00
149 0 +2.554780945e+04 +2.533792945e+04 +2.533792945e+04 +1.0200e+00 -1.5422e+00 -1.0199e+00 +2.1577e+00 +1.8360e+00
195 0 +2.475094471e+04 +2.454106471e+04 +2.454106471e+04 -1.2084e-01 -1.4264e+00 -3.2717e-01 +2.2000e+00 +1.6893e+00
215 0 +1.828717646e+04 +1.807729646e+04 +1.807729646e+04 +3.3690e-01 -1.6870e+00 +6.2165e-01 +2.4647e+00 +1.6832e+00
290 0 +1.042428931e+04 +1.021440931e+04 +1.021440931e+04 -2.8539e-01 -5.3191e-01 +9.8919e-01 +2.4272e+00 +1.7148e+00
293 0 +9.814942190e+03 +9.605062190e+03 +9.605062190e+03 +6.3341e-01 -1.6102e-01 +3.8986e-01 +2.3391e+00 +1.7934e+00
313 0 +8.160096826e+03 +7.950216826e+03 +7.950216826e+03 -1.0568e+00 -1.2009e+00 +1.0712e+00 +2.4403e+00 +1.7420e+00
339 0 +7.669275899e+03 +7.459395899e+03 +7.459395899e+03 -7.8647e-01 -6.0282e-01 +9.3115e-01 +2.2213e+00 +1.7708e+00
351 0 +6.648578817e+03 +6.438698817e+03 +6.438698817e+03 +9.3099e-01 -5.8790e-01 +9.4894e-01 +2.3053e+00 +1.7949e+00
352 0 +6.111713553e+03 +5.901833553e+03 +5.901833553e+03 -5.7407e-01 -1.9374e+00 +1.2407e+00 +2.3776e+00 +1.8127e+00
360 0 +3.800079301e+03 +3.590199301e+03 +3.590199301e+03 -6.6461e-01 -1.3310e+00 +1.8375e+00 +2.3573e+00 +1.8051e+00
381 0 +3.632992573e+03 +3.423112573e+03 +3.423112573e+03 -2.0122e-02 -2.3449e+00 +1.8708e+00 +2.3412e+00 +1.7745e+00
429 0 +7.017551673e+02 +4.918751673e+02 +4.918751673e+02 -4.2823e-01 -3.1357e+00 +3.2212e+00 +2.4380e+00 +1.7762e+00
605 0 +4.507545550e+02 +2.408745550e+02 +2.408745550e+02 -8.3230e-01 -1.2390e+00 +3.5573e+00 +2.4721e+00 +1.7747e+00
607 0 +4.289587328e+02 +2.190787328e+02 +2.190787328e+02 +4.2403e-01 +2.4579e-01 +3.8405e+00 +2.3651e+00 +1.7677e+00
640 0 +2.808771906e+02 +7.099719064e+01 +7.099719064e+01 +2.0142e+00 +5.6065e-01 +3.0334e+00 +2.4067e+00 +1.7827e+00
655 0 +7.735158908e+01 -1.325284109e+02 -1.325284109e+02 -1.1402e+00 +9.4096e-01 +3.5858e+00 +2.3447e+00 +1.7863e+00
795 0 +7.077942651e+01 -1.391005735e+02 -1.391005735e+02 +2.4732e+00 +2.5268e-01 +3.5266e+00 +2.3575e+00 +1.7922e+00
799 0 +6.352755901e+01 -1.463524410e+02 -1.463524410e+02 -3.8248e-01 +1.4553e+00 +3.4511e+00 +2.4055e+00 +1.7828e+00
801 0 +4.353742851e+01 -1.663425715e+02 -1.663425715e+02 +5.3869e-01 +1.3248e+00 +3.5697e+00 +2.3891e+00 +1.7900e+00
834 0 +3.571708975e+01 -1.741629102e+02 -1.741629102e+02 +4.3549e-01 +3.7874e-01 +3.4926e+00 +2.4187e+00 +1.7841e+00
849 0 +1.656024133e+01 -1.933197587e+02 -1.933197587e+02 +2.4546e-01 +6.2637e-01 +3.6384e+00 +2.3751e+00 +1.7835e+00
865 0 +1.093082881e+01 -1.989491712e+02 -1.989491712e+02 -2.3405e-02 +8.3933e-01 +3.5212e+00 +2.3760e+00 +1.7850e+00
881 0 +9.766848413e+00 -2.001131516e+02 -2.001131516e+02 +6.5642e-01 +7.9418e-01 +3.6271e+00 +2.3893e+00 +1.7866e+00
935 0 +1.923006864e+00 -2.079569931e+02 -2.079569931e+02 +1.1971e+00 +5.4359e-01 +3.5317e+00 +2.3831e+00 +1.7865e+00
980 0 +9.785125246e-01 -2.089014875e+02 -2.089014875e+02 +1.1464e+00 +6.0391e-01 +3.5494e+00 +2.3885e+00 +1.7854e+00
1031 0 +3.985750862e-01 -2.094814249e+02 -2.094814249e+02 +1.3085e+00 +4.0340e-01 +3.5572e+00 +2.3882e+00 +1.7852e+00
1127 0 +3.478588290e-01 -2.095321412e+02 -2.095321412e+02 +1.0241e+00 +3.5182e-01 +3.5484e+00 +2.3859e+00 +1.7857e+00
1137 0 +3.091352231e-01 -2.095708648e+02 -2.095708648e+02 +1.3167e+00 +4.5801e-01 +3.5426e+00 +2.3884e+00 +1.7855e+00
1154 0 +2.982706180e-01 -2.095817294e+02 -2.095817294e+02 +1.3525e+00 +4.6028e-01 +3.5526e+00 +2.3873e+00 +1.7861e+00
1178 0 +1.895673939e-01 -2.096904326e+02 -2.096904326e+02 +1.2349e+00 +4.5075e-01 +3.5663e+00 +2.3852e+00 +1.7856e+00
1215 0 +1.607701399e-01 -2.097192299e+02 -2.097192299e+02 +1.1295e+00 +4.9541e-01 +3.5581e+00 +2.3877e+00 +1.7857e+00
1235 0 +1.312146269e-01 -2.097487854e+02 -2.097487854e+02 +1.3264e+00 +4.3165e-01 +3.5533e+00 +2.3846e+00 +1.7857e+00
