% f evaluations | g evaluations | best noise-free fitness - Fopt (-5.465000000000e+02) + sum g_i+ | measured fitness | best measured fitness or single-digit g-values | x1 | x2...
1 0 +7.422356741e+03 +6.875856741e+03 +6.875856741e+03 +5.9671e-01 -3.8264e-02
2 0 +3.063524971e+00 -5.434364750e+02 -5.434364750e+02 +7.4769e-01 +1.6230e+00
19 0 +2.838962836e+00 -5.436610372e+02 -5.436610372e+02 +7.2942e-01 +1.6244e+00
21 0 +2.638435382e+00 -5.438615646e+02 -5.438615646e+02 +1.5063e+00 +2.5942e+00
61 0 +2.580321916e+00 -5.439196781e+02 -5.439196781e+02 +1.2662e-01 +1.5261e+00
151 0 +2.553242570e+00 -5.439467574e+02 -5.439467574e+02 -4.1178e-01 +1.3788e+00
198 0 +1.678071334e+00 -5.448219287e+02 -5.448219287e+02 -1.0185e+00 +1.2316e+00
226 0 +1.128120775e+00 -5.453718792e+02 -5.453718792e+02 -2.2473e+00 +2.0175e+00
241 0 +6.600346241e-01 -5.458399654e+02 -5.458399654e+02 -2.1491e+00 +9.4130e-01
% f evaluations | g evaluations | best noise-free fitness - Fopt (1.000000000000e+03) + sum g_i+ | measured fitness | best measured fitness or single-digit g-values | x1 | x2...
1 0 +7.422356741e+03 +8.422356741e+03 +8.422356741e+03 +5.9671e-01 -3.8264e-02
2 0 +3.063524971e+00 +1.003063525e+03 +1.003063525e+03 +7.4769e-01 +1.6230e+00
12 0 +2.838962836e+00 +1.002838963e+03 +1.002838963e+03 +7.2942e-01 +1.6244e+00
40 0 +1.935316455e+00 +1.001935316e+03 +1.001935316e+03 +6.6039e-01 +2.7544e+00
100 0 +1.285454581e+00 +1.001285455e+03 +1.001285455e+03 +1.4493e+00 +1.8470e+00
138 0 +1.237393967e+00 +1.001237394e+03 +1.001237394e+03 +1.4669e+00 +1.8522e+00
171 0 +1.224898104e+00 +1.001224898e+03 +1.001224898e+03 +1.5092e+00 +1.8518e+00
230 0 +1.224582224e+00 +1.001224582e+03 +1.001224582e+03 +1.5056e+00 +1.8760e+00
235 0 +1.215659844e+00 +1.001215660e+03 +1.001215660e+03 +1.5395e+00 +1.8648e+00
237 0 +1.204002039e+00 +1.001204002e+03 +1.001204002e+03 +1.5094e+00 +1.8557e+00
245 0 +1.189863572e+00 +1.001189864e+03 +1.001189864e+03 +1.5269e+00 +1.8699e+00
266 0 +1.187091445e+00 +1.001187091e+03 +1.001187091e+03 +1.5031e+00 +1.8641e+00
294 0 +1.185566950e+00 +1.001185567e+03 +1.001185567e+03 +1.5100e+00 +1.8626e+00
330 0 +1.184685263e+00 +1.001184685e+03 +1.001184685e+03 +1.5142e+00 +1.8647e+00
346 0 +1.184498413e+00 +1.001184498e+03 +1.001184498e+03 +1.5105e+00 +1.8647e+00
358 0 +1.184481801e+00 +1.001184482e+03 +1.001184482e+03 +1.5113e+00 +1.8645e+00
372 0 +1.184414081e+00 +1.001184414e+03 +1.001184414e+03 +1.5115e+00 +1.8649e+00
373 0 +1.184395099e+00 +1.001184395e+03 +1.001184395e+03 +1.5127e+00 +1.8655e+00
465 0 +1.184388292e+00 +1.001184388e+03 +1.001184388e+03 +1.5123e+00 +1.8651e+00
% f evaluations | g evaluations | best noise-free fitness - Fopt (2.083800000000e+02) + sum g_i+ | measured fitness | best measured fitness or single-digit g-values | x1 | x2...
1 0 +7.422356741e+03 +7.630736741e+03 +7.630736741e+03 +5.9671e-01 -3.8264e-02
2 0 +3.063524971e+00 +2.114435250e+02 +2.114435250e+02 +7.4769e-01 +1.6230e+00
11 0 +2.838962836e+00 +2.112189628e+02 +2.112189628e+02 +7.2942e-01 +1.6244e+00
22 0 +2.810493941e+00 +2.111904939e+02 +2.111904939e+02 +1.5008e+00 +2.3802e+00
45 0 +1.829225367e+00 +2.102092254e+02 +2.102092254e+02 +1.3637e+00 +1.8507e+00
52 0 +1.689835097e+00 +2.100698351e+02 +2.100698351e+02 +1.5922e+00 +1.8477e+00
54 0 +1.352519036e+00 +2.097325190e+02 +2.097325190e+02 +1.4970e+00 +1.8360e+00
143 0 +1.301576916e+00 +2.096815769e+02 +2.096815769e+02 +1.5782e+00 +1.8875e+00
144 0 +1.280836309e+00 +2.096608363e+02 +2.096608363e+02 +1.5291e+00 +1.8884e+00
159 0 +1.262877551e+00 +2.096428776e+02 +2.096428776e+02 +1.4808e+00 +1.8428e+00
183 0 +1.217396088e+00 +2.095973961e+02 +2.095973961e+02 +1.5089e+00 +1.8530e+00
184 0 +1.194910117e+00 +2.095749101e+02 +2.095749101e+02 +1.4923e+00 +1.8596e+00
197 0 +1.185243536e+00 +2.095652435e+02 +2.095652435e+02 +1.5173e+00 +1.8653e+00
285 0 +1.184797691e+00 +2.095647977e+02 +2.095647977e+02 +1.5091e+00 +1.8637e+00
315 0 +1.184654355e+00 +2.095646544e+02 +2.095646544e+02 +1.5117e+00 +1.8660e+00
326 0 +1.184425298e+00 +2.095644253e+02 +2.095644253e+02 +1.5121e+00 +1.8655e+00
389 0 +1.184387297e+00 +2.095643873e+02 +2.095643873e+02 +1.5130e+00 +1.8654e+00
% f evaluations | g evaluations | best noise-free fitness - Fopt (-1.449600000000e+02) + sum g_i+ | measured fitness | best measured fitness or single-digit g-values | x1 | x2...
1 0 +6.610086276e+03 +6.465126276e+03 +6.465126276e+03 +5.9671e-01 -3.8264e-02
3 0 +4.066341843e+03 +3.921381843e+03 +3.921381843e+03 -1.3415e-01 -1.3414e-01
6 0 +2.065284413e+03 +1.920324413e+03 +1.920324413e+03 -3.6342e-01 -3.6573e-01
7 0 +4.275924218e+00 -1.406840758e+02 -1.406840758e+02 +3.4196e-01 -1.8133e+00
10 0 +2.751292459e+00 -1.422087075e+02 -1.422087075e+02 -8.0802e-01 -1.3123e+00
32 0 +2.018868592e+00 -1.429411314e+02 -1.429411314e+02 -1.0133e+00 -1.2714e+00
55 0 +1.115895535e+00 -1.438441045e+02 -1.438441045e+02 -1.9656e+00 -9.8053e-01
111 0 +8.987991735e-01 -1.440612008e+02 -1.440612008e+02 -1.9804e+00 -2.1822e+00
128 0 +1.073042937e-01 -1.448526957e+02 -1.448526957e+02 -2.0584e+00 -2.1310e+00
% f evaluations | g evaluations | best noise-free fitness - Fopt (-6.300000000000e+00) + sum g_i+ | measured fitness | best measured fitness or single-digit g-values | x1 | x2...
1 0 +3.909678144e+03 +3.903378144e+03 +3.903378144e+03 +5.9671e-01 -3.8264e-02
6 0 +3.249599490e+03 +3.243299490e+03 +3.243299490e+03 -3.6342e-01 -3.6573e-01
7 0 +3.921089900e+00 -2.378910100e+00 -2.378910100e+00 +3.4196e-01 -1.8133e+00
14 0 +2.594223678e+00 -3.705776322e+00 -3.705776322e+00 -1.7649e+00 -1.9203e+00
63 0 +2.243375651e+00 -4.056624349e+00 -4.056624349e+00 -5.8250e-01 -1.6554e+00
68 0 +9.326906420e-01 -5.367309358e+00 -5.367309358e+00 -1.6218e+00 -3.0498e+00
169 0 +8.384544030e-01 -5.461545597e+00 -5.461545597e+00 -1.6043e+00 -3.0201e+00
% f evaluations | g evaluations | best noise-free fitness - Fopt (-1.367600000000e+02) + sum g_i+ | measured fitness | best measured fitness or single-digit g-values | x1 | x2...
1 0 +3.909678144e+03 +3.772918144e+03 +3.772918144e+03 +5.9671e-01 -3.8264e-02
6 0 +3.249599490e+03 +3.112839490e+03 +3.112839490e+03 -3.6342e-01 -3.6573e-01
7 0 +3.921089900e+00 -1.328389101e+02 -1.328389101e+02 +3.4196e-01 -1.8133e+00
11 0 +2.594223678e+00 -1.341657763e+02 -1.341657763e+02 -1.7649e+00 -1.9203e+00
24 0 +2.464642031e+00 -1.342953580e+02 -1.342953580e+02 -1.4542e+00 -2.9010e+00
33 0 +2.274796868e+00 -1.344852031e+02 -1.344852031e+02 -5.4363e-01 -1.6096e+00
54 0 +1.184170240e+00 -1.355758298e+02 -1.355758298e+02 +2.0007e+00 -1.0238e+00
62 0 +6.397954192e-01 -1.361202046e+02 -1.361202046e+02 +2.1456e+00 -9.5550e-01
252 0 +1.419972277e-01 -1.366180028e+02 -1.366180028e+02 +2.0306e+00 -2.1188e+00
% f evaluations | g evaluations | best noise-free fitness - Fopt (3.667500000000e+02) + sum g_i+ | measured fitness | best measured fitness or single-digit g-values | x1 | x2...
1 0 +6.610086276e+03 +6.976836276e+03 +6.976836276e+03 +5.9671e-01 -3.8264e-02
3 0 +4.066341843e+03 +4.433091843e+03 +4.433091843e+03 -1.3415e-01 -1.3414e-01
6 0 +2.065284413e+03 +2.432034413e+03 +2.432034413e+03 -3.6342e-01 -3.6573e-01
7 0 +4.275924218e+00 +3.710259242e+02 +3.710259242e+02 +3.4196e-01 -1.8133e+00
10 0 +2.751292459e+00 +3.695012925e+02 +3.695012925e+02 -8.0802e-01 -1.3123e+00
51 0 +2.102896187e+00 +3.688528962e+02 +3.688528962e+02 -2.0342e+00 -1.3089e+00
56 0 +1.991849590e+00 +3.687418496e+02 +3.687418496e+02 -2.0841e+00 -1.0497e+00
63 0 +8.741726236e-01 +3.676241726e+02 +3.676241726e+02 -2.1691e+00 -9.7175e-01
153 0 +6.704956469e-01 +3.674204956e+02 +3.674204956e+02 -2.1563e+00 -9.4126e-01
174 0 +6.598399132e-01 +3.674098399e+02 +3.674098399e+02 -2.0727e+00 -9.8182e-01
204 0 +6.160094226e-01 +3.673660094e+02 +3.673660094e+02 -2.1345e+00 -9.5607e-01
313 0 +6.140001864e-01 +3.673640002e+02 +3.673640002e+02 -2.1211e+00 -9.4911e-01
339 0 +6.053533540e-01 +3.673553534e+02 +3.673553534e+02 -2.1251e+00 -9.5914e-01
340 0 +6.027541326e-01 +3.673527541e+02 +3.673527541e+02 -2.1247e+00 -9.5755e-01
341 0 +5.971135513e-01 +3.673471136e+02 +3.673471136e+02 -2.1109e+00 -9.5541e-01
364 0 +5.947480641e-01 +3.673447481e+02 +3.673447481e+02 -2.1141e+00 -9.5734e-01
376 0 +5.946061195e-01 +3.673446061e+02 +3.673446061e+02 -2.1119e+00 -9.6125e-01
379 0 +5.937228853e-01 +3.673437229e+02 +3.673437229e+02 -2.0971e+00 -9.6261e-01
380 0 +5.922314188e-01 +3.673422314e+02 +3.673422314e+02 -2.1054e+00 -9.6040e-01
433 0 +5.921985401e-01 +3.673421985e+02 +3.673421985e+02 -2.1051e+00 -9.6098e-01
% f evaluations | g evaluations | best noise-free fitness - Fopt (-2.486900000000e+02) + sum g_i+ | measured fitness | best measured fitness or single-digit g-values | x1 | x2...
1 0 +3.909678144e+03 +3.660988144e+03 +3.660988144e+03 +5.9671e-01 -3.8264e-02
6 0 +3.249599490e+03 +3.000909490e+03 +3.000909490e+03 -3.6342e-01 -3.6573e-01
7 0 +3.921089900e+00 -2.447689101e+02 -2.447689101e+02 +3.4196e-01 -1.8133e+00
13 0 +2.594223678e+00 -2.460957763e+02 -2.460957763e+02 -1.7649e+00 -1.9203e+00
37 0 +2.031227896e+00 -2.466587721e+02 -2.466587721e+02 +9.0280e-01 -2.3538e+00
% f evaluations | g evaluations | best noise-free fitness - Fopt (-6.786000000000e+01) + sum g_i+ | measured fitness | best measured fitness or single-digit g-values | x1 | x2...
1 0 +7.422356741e+03 +7.354496741e+03 +7.354496741e+03 +5.9671e-01 -3.8264e-02
2 0 +3.063524971e+00 -6.479647503e+01 -6.479647503e+01 +7.4769e-01 +1.6230e+00
13 0 +2.838962836e+00 -6.502103716e+01 -6.502103716e+01 +7.2942e-01 +1.6244e+00
25 0 +2.638435382e+00 -6.522156462e+01 -6.522156462e+01 +1.5063e+00 +2.5942e+00
42 0 +2.285054240e+00 -6.557494576e+01 -6.557494576e+01 +1.3281e+00 +1.8566e+00
79 0 +1.836589387e+00 -6.602341061e+01 -6.602341061e+01 +1.4401e+00 +2.6583e+00
86 0 +1.340556023e+00 -6.651944398e+01 -6.651944398e+01 +1.5127e+00 +2.9525e+00
102 0 +1.141505835e+00 -6.671849416e+01 -6.671849416e+01 +1.5260e+00 +3.0598e+00
151 0 +6.556795649e-01 -6.720432044e+01 -6.720432044e+01 +1.5508e+00 +3.0085e+00
223 0 +5.943815859e-01 -6.726561841e+01 -6.726561841e+01 +1.5192e+00 +3.0088e+00
348 0 +5.922689388e-01 -6.726773106e+01 -6.726773106e+01 +1.5128e+00 +3.0087e+00
% f evaluations | g evaluations | best noise-free fitness - Fopt (-2.329000000000e+01) + sum g_i+ | measured fitness | best measured fitness or single-digit g-values | x1 | x2...
1 0 +4.534624684e+03 +4.511334684e+03 +4.511334684e+03 +5.9671e-01 -3.8264e-02
2 0 +4.205356173e+00 -1.908464383e+01 -1.908464383e+01 +7.4769e-01 +1.6230e+00
13 0 +3.359163923e+00 -1.993083608e+01 -1.993083608e+01 +1.3159e+00 +2.2510e+00
21 0 +2.729245330e+00 -2.056075467e+01 -2.056075467e+01 +4.4719e-01 +1.3858e+00
33 0 +2.209879161e+00 -2.108012084e+01 -2.108012084e+01 +2.2100e+00 +8.5658e-01
139 0 +1.906446431e+00 -2.138355357e+01 -2.138355357e+01 +1.1144e+00 +1.2056e+00
200 0 +1.760822228e+00 -2.152917777e+01 -2.152917777e+01 +1.0699e+00 +1.2279e+00
244 0 +1.740337142e+00 -2.154966286e+01 -2.154966286e+01 +1.0140e+00 +1.2180e+00
247 0 +1.707682656e+00 -2.158231734e+01 -2.158231734e+01 +9.8547e-01 +1.2430e+00
266 0 +1.683948835e+00 -2.160605116e+01 -2.160605116e+01 +1.0091e+00 +1.2386e+00
307 0 +1.678464189e+00 -2.161153581e+01 -2.161153581e+01 +1.0190e+00 +1.2339e+00
398 0 +1.678459886e+00 -2.161154011e+01 -2.161154011e+01 +1.0147e+00 +1.2340e+00
459 0 +1.678168369e+00 -2.161183163e+01 -2.161183163e+01 +1.0171e+00 +1.2337e+00
478 0 +1.678101917e+00 -2.161189808e+01 -2.161189808e+01 +1.0220e+00 +1.2316e+00
