% f evaluations | g evaluations | best noise-free fitness - Fopt (-5.465000000000e+02) + sum g_i+ | measured fitness | best measured fitness or single-digit g-values | x1 | x2...
1 0 +1.091501498e+04 +1.036851498e+04 +1.036851498e+04 +5.9671e-01 -3.8264e-02 +7.4769e-01 +1.6230e+00 -1.3415e-01 -1.3414e-01 +1.6792e+00 +8.6743e-01 -3.6947e-01 +6.4256e-01
3 0 +6.956514406e+03 +6.410014406e+03 +6.410014406e+03 +1.5656e+00 -1.2578e-01 +1.6753e-01 -1.3247e+00 -4.4438e-01 +2.1092e-01 -1.0510e+00 +4.7570e-01 -5.0064e-01 -1.9169e-01
9 0 +6.157488920e+03 +5.610988920e+03 +5.610988920e+03 -1.1967e-01 +4.5711e-01 +1.5779e+00 -4.1827e-01 -7.0849e-01 -4.0176e-01 +1.0154e+00 +4.2875e-01 -4.2976e-01 +6.1327e-01
18 0 +3.447284546e+03 +2.900784546e+03 +2.900784546e+03 -7.8951e-01 -7.1581e-01 +2.2898e-02 +4.4115e-01 +3.7669e-01 +9.2718e-01 +1.1300e-01 +1.5535e+00 -1.6466e-01 +2.8202e+00
24 0 +5.978157034e+02 +5.131570342e+01 +5.131570342e+01 -6.3037e-01 +3.1646e-01 +1.4557e-01 -5.5160e-01 +2.2439e+00 +7.3392e-01 -1.9251e+00 +2.8645e-01 -5.6179e-01 +9.5243e-01
52 0 +9.954119694e+00 -5.365458803e+02 -5.365458803e+02 -1.2769e+00 +8.4533e-01 -4.5672e-01 -1.4700e+00 +2.0726e+00 +4.7355e-02 -1.5670e+00 +2.4479e+00 -1.4005e+00 +1.0637e+00
108 0 +4.037427887e+00 -5.424625721e+02 -5.424625721e+02 -1.6616e+00 +2.1323e-01 -8.3905e-01 -2.9283e+00 +8.8675e-01 -4.0766e-01 -2.0459e+00 +1.2226e+00 -1.8031e+00 +1.7514e+00
302 0 +3.469913031e+00 -5.430300870e+02 -5.430300870e+02 +1.4072e+00 +1.7299e+00 +2.0552e+00 -1.1637e+00 -7.5207e-02 -2.1381e+00 -8.3115e-01 +1.0303e+00 -1.0917e+00 +1.8275e+00
458 0 +3.147472349e+00 -5.433525277e+02 -5.433525277e+02 -5.0599e-01 +1.2693e+00 -5.0822e-01 -1.6053e+00 +2.3690e+00 -8.8290e-01 -1.2112e+00 +1.5612e+00 -2.2137e+00 +8.9950e-01
524 0 +3.122479166e+00 -5.433775208e+02 -5.433775208e+02 -4.5664e-01 -4.6055e-01 +2.1154e-01 -9.9712e-01 +1.7451e+00 -7.6898e-01 -7.3784e-01 +2.4103e+00 -1.2528e+00 +2.2349e+00
570 0 +2.602620565e+00 -5.438973794e+02 -5.438973794e+02 +6.4685e-01 -3.6864e-01 -4.3306e-02 -2.1262e-01 +8.0654e-01 -4.6629e-01 -7.5665e-01 +1.3902e+00 -9.3493e-01 +1.6851e+00
1542 0 +2.500388164e+00 -5.439996118e+02 -5.439996118e+02 -4.0543e-01 +1.6084e+00 +5.8466e-01 -1.6435e+00 +6.3026e-01 -2.5010e+00 -1.8879e+00 +6.7668e-01 -1.4237e+00 +2.2687e+00
% f evaluations | g evaluations | best noise-free fitness - Fopt (1.000000000000e+03) + sum g_i+ | measured fitness | best measured fitness or single-digit g-values | x1 | x2...
1 0 +2.325706448e+04 +2.425706448e+04 +2.425706448e+04 +5.9671e-01 -3.8264e-02 +7.4769e-01 +1.6230e+00 -1.3415e-01 -1.3414e-01 +1.6792e+00 +8.6743e-01 -3.6947e-01 +6.4256e-01
2 0 +1.392651808e+02 +1.139265181e+03 +1.139265181e+03 -3.6342e-01 -3.6573e-01 +3.4196e-01 -1.8133e+00 -1.6249e+00 -4.6229e-01 -9.1283e-01 +4.1425e-01 -8.0802e-01 -1.3123e+00
51 0 +9.946097022e+01 +1.099460970e+03 +1.099460970e+03 -1.2700e+00 +9.2943e-01 +6.6387e-01 +6.7251e-01 -1.3999e-01 +2.2474e+00 +5.9224e-02 +1.3193e+00 -2.3722e+00 -1.3597e+00
56 0 +5.555109897e+01 +1.055551099e+03 +1.055551099e+03 -1.6693e-01 -7.7958e-01 -7.2085e-01 -1.0681e+00 -1.6835e+00 +9.9702e-02 -1.8490e+00 +8.5219e-01 -6.3336e-01 -1.3028e+00
121 0 +1.415817682e+01 +1.014158177e+03 +1.014158177e+03 +2.0570e+00 -7.4577e-01 +3.4833e-01 +8.7407e-03 -2.9566e+00 +3.9476e-01 -1.4957e+00 +1.8447e+00 -6.9555e-01 -2.0629e+00
305 0 +4.766469312e+00 +1.004766469e+03 +1.004766469e+03 +4.6854e-01 -1.0219e+00 -1.0983e+00 -6.5926e-01 -2.1704e+00 +1.5218e+00 -1.1476e+00 +7.3507e-01 -1.0876e+00 -1.4139e+00
306 0 +3.799982710e+00 +1.003799983e+03 +1.003799983e+03 -1.2670e+00 +2.4749e+00 +7.8094e-01 -1.4524e+00 -1.0813e+00 +2.4427e+00 +3.1354e-02 +1.9215e+00 -6.5607e-01 -2.1461e+00
404 0 +3.174030735e+00 +1.003174031e+03 +1.003174031e+03 -1.0417e+00 +1.5022e+00 -1.1667e+00 -2.3110e+00 -9.0343e-01 +9.6020e-01 -2.5127e+00 +8.2973e-01 -1.7956e+00 -1.6432e+00
477 0 +2.905033643e+00 +1.002905034e+03 +1.002905034e+03 -1.9491e+00 +1.9595e+00 -2.0980e+00 -2.2551e+00 -7.7405e-01 +1.0140e+00 -1.5915e+00 +6.0792e-01 -1.9470e+00 -2.1894e+00
740 0 +2.819155679e+00 +1.002819156e+03 +1.002819156e+03 +1.1671e+00 +2.7730e-01 -1.2116e+00 -2.1691e+00 -4.5490e-01 +1.8458e+00 -2.1902e+00 +2.0954e+00 -2.1436e+00 -1.4450e+00
2101 0 +2.815845166e+00 +1.002815845e+03 +1.002815845e+03 -2.0837e+00 +8.6935e-01 +5.4302e-01 -2.8101e+00 -2.1459e-01 +6.1610e-01 -8.7189e-01 +1.8922e+00 -1.2447e+00 -1.6099e+00
% f evaluations | g evaluations | best noise-free fitness - Fopt (2.083800000000e+02) + sum g_i+ | measured fitness | best measured fitness or single-digit g-values | x1 | x2...
1 0 +1.446765782e+03 +1.655145782e+03 +1.655145782e+03 +5.9671e-01 -3.8264e-02 +7.4769e-01 +1.6230e+00 -1.3415e-01 -1.3414e-01 +1.6792e+00 +8.6743e-01 -3.6947e-01 +6.4256e-01
16 0 +8.295707060e+02 +1.037950706e+03 +1.037950706e+03 +3.5049e-01 +4.4645e-01 -5.8002e-01 +3.3225e-01 +3.9307e-01 -6.1435e-01 +1.9658e+00 +5.7383e-01 -1.0913e+00 +7.5655e-01
18 0 +6.442848808e+02 +8.526648808e+02 +8.526648808e+02 -7.8951e-01 -7.1581e-01 +2.2898e-02 +4.4115e-01 +3.7669e-01 +9.2718e-01 +1.1300e-01 +1.5535e+00 -1.6466e-01 +2.8202e+00
52 0 +6.781030641e+01 +2.761903064e+02 +2.761903064e+02 -9.8585e-01 +7.7489e-01 +3.8498e-01 +2.9341e-01 -4.0571e-01 +2.2382e+00 +1.6621e+00 +2.4360e-01 -1.2731e+00 +2.2821e+00
53 0 +1.299145296e+01 +2.213714530e+02 +2.213714530e+02 -1.2990e+00 -1.4352e+00 +1.3107e+00 +4.9784e-01 -3.4270e-01 +1.5060e+00 +2.0944e+00 +5.3103e-01 -1.0203e+00 +2.4273e+00
54 0 +3.386702504e+00 +2.117667025e+02 +2.117667025e+02 +1.3824e+00 +1.3354e+00 -5.5352e-01 +2.1905e-01 +9.3740e-01 +1.8492e+00 +6.0598e-01 +7.1878e-01 -1.2844e+00 +1.9821e+00
384 0 +2.963449228e+00 +2.113434492e+02 +2.113434492e+02 -1.4032e+00 -8.1575e-01 +1.5084e+00 +2.2373e+00 +3.4485e-01 +1.6023e+00 +2.3081e+00 +5.5553e-01 -1.1931e+00 +1.3574e+00
623 0 +2.380297273e+00 +2.107602973e+02 +2.107602973e+02 -8.2631e-01 -7.0827e-01 +1.6387e-01 +9.5704e-01 +3.2379e-01 +2.5055e+00 +1.5589e+00 +1.7755e+00 -1.7551e+00 +2.1780e+00
% f evaluations | g evaluations | best noise-free fitness - Fopt (-1.449600000000e+02) + sum g_i+ | measured fitness | best measured fitness or single-digit g-values | x1 | x2...
1 0 +1.212691302e+04 +1.198195302e+04 +1.198195302e+04 +5.9671e-01 -3.8264e-02 +7.4769e-01 +1.6230e+00 -1.3415e-01 -1.3414e-01 +1.6792e+00 +8.6743e-01 -3.6947e-01 +6.4256e-01
3 0 +6.562005178e+03 +6.417045178e+03 +6.417045178e+03 +1.5656e+00 -1.2578e-01 +1.6753e-01 -1.3247e+00 -4.4438e-01 +2.1092e-01 -1.0510e+00 +4.7570e-01 -5.0064e-01 -1.9169e-01
18 0 +1.007615379e+03 +8.626553795e+02 +8.626553795e+02 -7.8951e-01 -7.1581e-01 +2.2898e-02 +4.4115e-01 +3.7669e-01 +9.2718e-01 +1.1300e-01 +1.5535e+00 -1.6466e-01 +2.8202e+00
51 0 +7.040913792e+02 +5.591313792e+02 +5.591313792e+02 +1.2808e+00 -8.4699e-01 +6.9728e-01 -1.9474e-01 +7.5464e-01 +1.4952e+00 -6.6422e-01 +2.9971e+00 -1.1504e+00 +1.0317e+00
53 0 +4.500458143e+02 +3.050858143e+02 +3.050858143e+02 +1.5964e-01 -4.4174e-01 +3.7920e-01 +8.3967e-01 -3.0401e-01 +7.8215e-01 -3.9031e-02 +1.3098e+00 -1.2670e+00 +2.6412e+00
56 0 +4.071350445e+02 +2.621750445e+02 +2.621750445e+02 -2.0923e+00 -5.9174e-01 +2.9227e-01 -1.5508e+00 +3.9890e-01 +1.6062e+00 -1.4338e+00 +1.3191e+00 -7.4275e-01 +6.7197e-01
58 0 +5.338483420e+00 -1.396215166e+02 -1.396215166e+02 -5.7623e-01 -7.4119e-01 -9.7290e-01 -8.7900e-01 -4.2451e-01 +2.5031e+00 -3.9310e-01 +6.2334e-01 -1.5450e+00 +1.5791e+00
125 0 +5.162313437e+00 -1.397976866e+02 -1.397976866e+02 -1.8733e-01 -1.0607e+00 -2.4402e-01 -1.1840e+00 -1.5545e+00 +7.6600e-01 -1.5587e+00 +7.5904e-01 -1.1809e+00 +8.5661e-01
261 0 +4.444474443e+00 -1.405155256e+02 -1.405155256e+02 +4.4519e-01 -2.4128e+00 -5.4944e-01 +5.0879e-02 -2.3462e+00 +5.3702e-01 -9.4070e-01 +8.1211e-01 -1.4228e+00 +9.8973e-01
356 0 +4.408931434e+00 -1.405510686e+02 -1.405510686e+02 -1.0818e+00 -2.1551e-01 +5.0725e-02 -1.1876e+00 +8.3403e-02 +1.6634e+00 -9.3477e-01 +1.6921e+00 -2.0720e+00 +1.9580e+00
357 0 +4.031273857e+00 -1.409287261e+02 -1.409287261e+02 +1.4228e-01 -2.3003e+00 -8.1452e-01 -1.3909e+00 -1.4658e+00 +1.6307e+00 -5.1583e-01 +1.9543e+00 -1.1401e+00 +8.8269e-01
364 0 +3.510408835e+00 -1.414495912e+02 -1.414495912e+02 +5.5122e-01 -2.5305e+00 -8.0691e-01 -2.5890e+00 -1.4251e+00 +8.8453e-01 -1.2790e+00 +4.2269e-01 -2.1132e+00 +2.0072e+00
460 0 +3.173644882e+00 -1.417863551e+02 -1.417863551e+02 -9.0588e-01 -2.3554e+00 +9.0809e-02 -7.7299e-02 -4.7397e-01 +1.7532e+00 -9.7422e-01 +1.7153e+00 -2.0784e+00 +1.4944e+00
493 0 +2.980533728e+00 -1.419794663e+02 -1.419794663e+02 -8.9249e-01 -1.2337e+00 -1.2502e+00 -1.5764e+00 -2.2284e+00 +1.1967e+00 -6.3053e-01 +1.3564e+00 -1.8664e+00 +1.3603e+00
1065 0 +2.907268245e+00 -1.420527318e+02 -1.420527318e+02 -4.3427e-01 -1.4118e+00 -1.3774e+00 -1.5851e+00 -3.1959e-02 +2.5112e+00 -3.6193e-01 +1.9070e+00 -2.2703e+00 +1.7282e+00
1238 0 +2.669279464e+00 -1.422907205e+02 -1.422907205e+02 -1.0594e+00 -2.3858e+00 -2.0430e+00 -1.5024e+00 -1.4049e-01 +1.6239e+00 -1.4099e+00 +1.2658e+00 -1.8858e+00 +1.5392e+00
1874 0 +2.165527950e+00 -1.427944721e+02 -1.427944721e+02 -1.8574e+00 -2.1471e+00 -2.1514e+00 -2.0453e+00 +4.9408e-02 +1.1318e+00 -6.0519e-01 +1.3683e+00 -1.5699e+00 +1.5360e+00
% f evaluations | g evaluations | best noise-free fitness - Fopt (-6.300000000000e+00) + sum g_i+ | measured fitness | best measured fitness or single-digit g-values | x1 | x2...
1 0 +1.256826576e+04 +1.256196576e+04 +1.256196576e+04 +5.9671e-01 -3.8264e-02 +7.4769e-01 +1.6230e+00 -1.3415e-01 -1.3414e-01 +1.6792e+00 +8.6743e-01 -3.6947e-01 +6.4256e-01
6 0 +1.020567980e+04 +1.019937980e+04 +1.019937980e+04 +4.2408e-01 -2.8508e-01 -5.7692e-01 +7.1168e-01 +1.1310e+00 +1.0313e+00 -7.3922e-01 -2.0921e-01 +4.3126e-01 +1.0755e+00
11 0 +7.331867473e+03 +7.325567473e+03 +7.325567473e+03 -1.3154e+00 -3.2065e-01 -2.4271e-01 -7.0228e-01 -6.1286e-02 +5.0405e-01 +1.9862e+00 +2.7458e-01 +3.5755e-01 +2.5554e-02
12 0 +1.008820205e+03 +1.002520205e+03 +1.002520205e+03 -1.8188e+00 +7.3486e-02 +1.6023e-01 +2.5632e+00 -9.2361e-02 +4.0155e-01 +6.5288e-02 -1.0687e+00 +1.2428e+00 +8.5193e-01
49 0 +9.393481970e+02 +9.330481970e+02 +9.330481970e+02 -2.7918e-02 -8.5554e-01 -1.5064e+00 +3.0346e-01 -6.5635e-01 -1.3223e+00 -5.4657e-01 -9.8155e-01 +1.7871e+00 +9.8164e-01
57 0 +6.303637992e+01 +5.673637992e+01 +5.673637992e+01 -1.1426e+00 -1.2157e+00 -7.5886e-01 +1.5029e+00 -5.8005e-01 +1.4575e-01 +1.2587e+00 -8.2624e-01 +2.1617e+00 +1.1554e+00
58 0 +3.747373025e+00 -2.552626975e+00 -2.552626975e+00 -1.8830e+00 -7.0125e-02 +3.9957e-02 +1.3205e+00 -1.3423e+00 -1.4282e+00 +5.4328e-01 -1.8885e+00 +1.7350e+00 +1.8221e+00
351 0 +3.732592621e+00 -2.567407379e+00 -2.567407379e+00 -1.5468e+00 -7.8318e-01 -2.3078e-01 +1.3978e+00 -2.3094e+00 -9.7208e-01 +4.3124e-01 -1.3669e+00 +8.8539e-01 +1.8349e+00
425 0 +2.893421306e+00 -3.406578694e+00 -3.406578694e+00 -1.8189e+00 -2.6948e-03 -1.7201e+00 +8.4445e-01 -7.5757e-01 -1.4772e+00 +2.2656e+00 -1.3070e+00 +1.0765e+00 +2.4198e+00
530 0 +2.792892096e+00 -3.507107904e+00 -3.507107904e+00 -4.5731e-01 -2.5980e+00 -1.0715e-01 +7.0658e-01 -1.8964e+00 -2.7318e-01 +2.6702e+00 -5.3236e-01 +2.1433e+00 +1.2464e+00
2500 0 +2.778911853e+00 -3.521088147e+00 -3.521088147e+00 +6.1204e-02 -2.5668e+00 -1.9844e+00 +9.1106e-01 -1.4075e+00 -1.0689e+00 +1.8876e+00 -1.6958e+00 +9.5820e-01 +1.6368e+00
% f evaluations | g evaluations | best noise-free fitness - Fopt (-1.367600000000e+02) + sum g_i+ | measured fitness | best measured fitness or single-digit g-values | x1 | x2...
1 0 +2.793038749e+04 +2.779362749e+04 +2.779362749e+04 +5.9671e-01 -3.8264e-02 +7.4769e-01 +1.6230e+00 -1.3415e-01 -1.3414e-01 +1.6792e+00 +8.6743e-01 -3.6947e-01 +6.4256e-01
2 0 +1.056117851e+04 +1.042441851e+04 +1.042441851e+04 -3.6342e-01 -3.6573e-01 +3.4196e-01 -1.8133e+00 -1.6249e+00 -4.6229e-01 -9.1283e-01 +4.1425e-01 -8.0802e-01 -1.3123e+00
5 0 +6.694606946e+02 +5.327006946e+02 +5.327006946e+02 +8.3847e-01 +2.7137e-01 -1.5648e-02 -2.0110e-01 -1.3785e+00 -6.1984e-01 -3.6064e-01 +1.1571e+00 +4.4362e-01 -1.6630e+00
43 0 +1.383732447e+02 +1.613244677e+00 +1.613244677e+00 +2.1607e+00 +1.8553e+00 -1.4896e-01 +1.0716e+00 +7.4538e-01 +1.4686e+00 -8.6492e-01 +7.8605e-01 +1.1584e+00 -1.6587e+00
54 0 +7.440568806e+01 -6.235431194e+01 -6.235431194e+01 +7.7662e-01 -1.1558e+00 -6.3861e-02 -8.0806e-01 -2.8741e-01 +2.5385e+00 -1.3852e+00 +8.1268e-01 +2.1749e+00 -1.0563e+00
56 0 +5.799012497e+01 -7.876987503e+01 -7.876987503e+01 -1.5316e+00 -7.3439e-01 -2.5557e-01 -8.0846e-01 -1.9031e-03 +4.9217e-01 -2.1062e+00 +3.3604e-01 +1.1864e+00 -1.3863e+00
63 0 +4.504629920e+00 -1.322553701e+02 -1.322553701e+02 +3.8675e-01 -1.0732e+00 -2.4907e-01 -2.9158e-01 -5.7626e-01 +9.9532e-01 -2.1674e+00 +1.8898e+00 +1.2446e+00 -1.4190e+00
86 0 +3.941909307e+00 -1.328180907e+02 -1.328180907e+02 +1.7027e+00 +2.6315e-01 -5.3352e-01 +1.2081e+00 -2.1279e+00 +7.9636e-01 -2.4227e+00 +1.8098e+00 +1.5610e+00 -1.3424e+00
110 0 +3.580275085e+00 -1.331797249e+02 -1.331797249e+02 +1.6887e+00 -2.2914e+00 -1.7616e+00 -1.7120e-02 -2.0386e+00 +1.1881e+00 -6.1707e-01 +1.7438e+00 +1.5584e+00 -1.5162e+00
416 0 +3.295212360e+00 -1.334647876e+02 -1.334647876e+02 +3.2254e-01 +7.4599e-01 -5.7359e-01 +2.2885e+00 -9.3569e-01 +1.0720e+00 -2.3477e+00 +4.7007e-01 +1.2847e+00 -1.0767e+00
452 0 +3.258621162e+00 -1.335013788e+02 -1.335013788e+02 -3.9081e-01 -3.7733e-01 -1.6643e+00 +2.2701e+00 +6.9373e-02 +6.4478e-01 -1.7494e+00 +1.4783e+00 +1.7528e+00 -1.2770e+00
462 0 +3.074866806e+00 -1.336851332e+02 -1.336851332e+02 +9.1535e-01 -6.1216e-03 -5.3891e-01 +6.8803e-01 -1.1457e+00 +6.5971e-01 -1.2459e+00 +8.1837e-01 +1.1207e+00 -1.2688e+00
923 0 +3.038615003e+00 -1.337213850e+02 -1.337213850e+02 -2.2681e-01 -1.1874e+00 -6.3600e-01 +1.1201e+00 -1.6177e+00 +1.2697e+00 -1.2499e+00 +2.2958e+00 +2.0785e+00 -2.1866e+00
1021 0 +2.957376135e+00 -1.338026239e+02 -1.338026239e+02 -5.8109e-01 -1.7780e+00 -1.2836e+00 +1.4362e+00 -1.3300e+00 +1.1863e+00 -1.7974e+00 +2.1089e+00 +2.1696e+00 -2.0007e+00
1499 0 +2.888171568e+00 -1.338718284e+02 -1.338718284e+02 -7.4081e-01 -3.1019e-01 -1.0627e+00 +1.7269e+00 -2.3540e+00 +9.0258e-01 -2.3981e+00 +2.0393e+00 +1.1747e+00 -1.4413e+00
1740 0 +2.615346936e+00 -1.341446531e+02 -1.341446531e+02 -1.6259e+00 +1.4591e-01 -2.5380e+00 +1.0828e+00 -1.0459e+00 +4.1590e-01 -1.9164e+00 +2.0956e+00 +1.6901e+00 -1.5576e+00
2427 0 +2.574319535e+00 -1.341856805e+02 -1.341856805e+02 -1.5187e+00 +9.9373e-04 -2.5980e+00 +2.0017e+00 -1.3877e+00 +3.2911e-01 -1.4262e+00 +2.1533e+00 +1.2527e+00 -1.7830e+00
% f evaluations | g evaluations | best noise-free fitness - Fopt (3.667500000000e+02) + sum g_i+ | measured fitness | best measured fitness or single-digit g-values | x1 | x2...
1 0 +1.264534005e+03 +1.631284005e+03 +1.631284005e+03 +5.9671e-01 -3.8264e-02 +7.4769e-01 +1.6230e+00 -1.3415e-01 -1.3414e-01 +1.6792e+00 +8.6743e-01 -3.6947e-01 +6.4256e-01
16 0 +8.741600024e+01 +4.541660002e+02 +4.541660002e+02 +3.5049e-01 +4.4645e-01 -5.8002e-01 +3.3225e-01 +3.9307e-01 -6.1435e-01 +1.9658e+00 +5.7383e-01 -1.0913e+00 +7.5655e-01
51 0 +3.227962165e+00 +3.699779622e+02 +3.699779622e+02 -2.3083e-01 +4.7467e-01 +4.3098e-01 +1.3364e+00 +7.4704e-02 -1.2624e+00 +1.1451e+00 +8.3294e-01 -1.1454e+00 +1.6361e+00
414 0 +3.096286809e+00 +3.698462868e+02 +3.698462868e+02 -9.5767e-01 +8.3528e-01 -1.3474e-01 +7.1077e-01 +2.5693e-01 -1.2008e+00 +1.4921e+00 +6.6847e-01 -1.4867e+00 +1.0365e+00
571 0 +2.822037994e+00 +3.695720380e+02 +3.695720380e+02 -2.0719e+00 +2.1874e-01 +2.5545e+00 -8.3294e-02 +1.9081e+00 -2.4811e-01 +1.6173e+00 +1.0956e+00 -1.1118e+00 +1.8078e+00
860 0 +2.793203742e+00 +3.695432037e+02 +3.695432037e+02 +5.4057e-02 -1.5999e+00 +1.3752e+00 +1.5074e+00 +1.5533e+00 -8.2289e-01 +1.6066e+00 +2.1728e+00 -2.0242e+00 +1.6832e+00
930 0 +2.756403142e+00 +3.695064031e+02 +3.695064031e+02 -4.7996e-01 -3.3013e-01 +1.5911e+00 +2.1607e+00 +2.0732e+00 -8.2715e-01 +8.3679e-01 +2.4579e+00 -1.6367e+00 +1.5570e+00
1174 0 +2.725726981e+00 +3.694757270e+02 +3.694757270e+02 +4.8739e-02 -1.0060e-01 -9.9531e-02 +2.4201e+00 +1.4401e+00 -3.0260e-01 +7.8836e-01 +1.7168e+00 -2.1978e+00 +9.1385e-01
2130 0 +2.709250575e+00 +3.694592506e+02 +3.694592506e+02 -1.8823e+00 +1.0734e+00 +8.6393e-01 +1.1047e+00 +6.1140e-01 -1.9398e+00 +1.0281e+00 +8.8104e-01 -1.4386e+00 +2.2778e+00
% f evaluations | g evaluations | best noise-free fitness - Fopt (-2.486900000000e+02) + sum g_i+ | measured fitness | best measured fitness or single-digit g-values | x1 | x2...
1 0 +2.200581551e+04 +2.175712551e+04 +2.175712551e+04 +5.9671e-01 -3.8264e-02 +7.4769e-01 +1.6230e+00 -1.3415e-01 -1.3414e-01 +1.6792e+00 +8.6743e-01 -3.6947e-01 +6.4256e-01
3 0 +1.000797953e+04 +9.759289531e+03 +9.759289531e+03 +1.5656e+00 -1.2578e-01 +1.6753e-01 -1.3247e+00 -4.4438e-01 +2.1092e-01 -1.0510e+00 +4.7570e-01 -5.0064e-01 -1.9169e-01
4 0 +8.522240993e+03 +8.273550993e+03 +8.273550993e+03 -5.0171e-01 +1.9523e+00 +8.6503e-02 -9.5771e-01 +9.2254e-01 -1.1208e+00 +3.0886e-01 -1.8597e+00 -1.2282e+00 +2.9686e-01
6 0 +6.922304381e+03 +6.673614381e+03 +6.673614381e+03 +4.2408e-01 -2.8508e-01 -5.7692e-01 +7.1168e-01 +1.1310e+00 +1.0313e+00 -7.3922e-01 -2.0921e-01 +4.3126e-01 +1.0755e+00
22 0 +4.657010881e+03 +4.408320881e+03 +4.408320881e+03 +6.7089e-01 +1.2356e+00 +1.0540e+00 +7.5139e-01 -2.1527e-01 +8.5897e-01 -6.7283e-01 -1.3682e-01 -3.8536e-01 +1.8187e-01
23 0 +1.087479119e+03 +8.387891193e+02 +8.387891193e+02 +2.4147e+00 -1.7673e+00 +7.8626e-01 -1.5127e+00 -3.7193e-01 +1.1890e+00 +1.6428e-01 -9.7774e-01 -6.1530e-01 +7.7960e-01
51 0 +7.906423787e+00 -2.407835762e+02 -2.407835762e+02 +1.2853e+00 -7.0867e-01 +1.2500e-01 -5.9979e-01 -6.1693e-01 +1.1372e+00 -3.4725e-01 -2.0970e+00 -6.5173e-01 +1.1617e+00
178 0 +6.776194157e+00 -2.419138058e+02 -2.419138058e+02 +6.8031e-01 -2.7474e+00 +1.9263e+00 +1.3737e-01 -2.3396e+00 +2.2937e+00 -1.7013e+00 -1.6685e+00 -1.2591e+00 +1.6938e+00
253 0 +4.625126829e+00 -2.440648732e+02 -2.440648732e+02 +2.1576e+00 +1.7862e+00 +1.4170e+00 +9.2292e-01 +2.6544e-01 +6.1765e-01 -2.0143e+00 -1.8570e+00 -1.9918e+00 +1.3087e+00
351 0 +3.685437761e+00 -2.450045622e+02 -2.450045622e+02 -5.8495e-01 -1.2096e+00 +1.5717e+00 +1.3633e+00 -1.2723e+00 +1.3746e+00 -1.3584e-01 -1.1050e+00 -1.2483e+00 +1.1040e+00
464 0 +3.191760849e+00 -2.454982392e+02 -2.454982392e+02 -1.6739e+00 -2.7856e-01 +2.5627e+00 +1.4365e+00 -6.6269e-01 +1.8861e+00 -1.4113e+00 -1.8715e+00 -9.5976e-01 +1.2791e+00
750 0 +3.121132897e+00 -2.455688671e+02 -2.455688671e+02 -5.1823e-01 -1.1955e+00 +1.4131e+00 +1.6163e+00 -4.2823e-02 +1.3496e+00 -9.8083e-01 -1.9799e+00 -2.0980e+00 +1.1033e+00
759 0 +3.038345390e+00 -2.456516546e+02 -2.456516546e+02 -1.3480e+00 -4.3016e-01 +5.7721e-01 +6.2214e-01 -3.6861e-01 +7.5181e-01 -1.6701e+00 -1.7631e+00 -9.3872e-01 +1.3158e+00
973 0 +3.030060833e+00 -2.456599392e+02 -2.456599392e+02 +4.9461e-01 -3.1097e-01 +1.7656e+00 -2.3077e-01 -9.7522e-01 +1.5147e+00 -2.2731e+00 -1.0217e+00 -1.9723e+00 +1.7627e+00
1105 0 +2.843911274e+00 -2.458460887e+02 -2.458460887e+02 -7.4251e-01 -8.6781e-01 +1.5322e+00 -2.8031e-01 -1.4380e+00 +2.1499e+00 -2.1434e+00 -1.6936e+00 -2.1058e+00 +1.5227e+00
1189 0 +2.585051549e+00 -2.461049485e+02 -2.461049485e+02 -1.4533e+00 -6.0010e-01 +1.6739e+00 +1.3124e+00 -7.9727e-01 +1.5714e+00 -2.2115e+00 -1.3078e+00 -9.6968e-01 +2.3714e+00
% f evaluations | g evaluations | best noise-free fitness - Fopt (-6.786000000000e+01) + sum g_i+ | measured fitness | best measured fitness or single-digit g-values | x1 | x2...
1 0 +1.745251708e+04 +1.738465708e+04 +1.738465708e+04 +5.9671e-01 -3.8264e-02 +7.4769e-01 +1.6230e+00 -1.3415e-01 -1.3414e-01 +1.6792e+00 +8.6743e-01 -3.6947e-01 +6.4256e-01
2 0 +9.265202356e+03 +9.197342356e+03 +9.197342356e+03 -3.6342e-01 -3.6573e-01 +3.4196e-01 -1.8133e+00 -1.6249e+00 -4.6229e-01 -9.1283e-01 +4.1425e-01 -8.0802e-01 -1.3123e+00
4 0 +6.775097145e+03 +6.707237145e+03 +6.707237145e+03 -5.0171e-01 +1.9523e+00 +8.6503e-02 -9.5771e-01 +9.2254e-01 -1.1208e+00 +3.0886e-01 -1.8597e+00 -1.2282e+00 +2.9686e-01
8 0 +5.381616998e+03 +5.313756998e+03 +5.313756998e+03 +4.6140e-01 +1.6380e+00 +6.4174e-02 +1.6646e+00 -2.5197e+00 +9.2190e-01 +1.8705e-01 -1.9901e-01 +1.9176e-01 -1.8876e+00
19 0 +2.597339762e+03 +2.529479762e+03 +2.529479762e+03 +7.2567e-01 -7.5716e-01 -9.7089e-01 +5.8247e-01 -1.2346e-01 +8.1400e-01 +5.7324e-01 +2.7171e-02 -7.4679e-01 -1.4148e+00
45 0 +1.865163505e+03 +1.797303505e+03 +1.797303505e+03 +4.8407e-01 +6.7305e-02 -1.9674e+00 +1.0880e-02 -1.2045e+00 +7.6967e-01 +4.6660e-01 -8.3988e-01 -4.1387e-01 -9.5921e-01
46 0 +4.624882570e+02 +3.946282570e+02 +3.946282570e+02 +3.7321e-02 +1.0551e+00 -8.8573e-01 +6.0405e-01 -4.3026e-01 -6.9287e-01 -7.0304e-03 -9.3524e-01 -4.5365e-01 -1.0979e+00
54 0 +2.794091474e+02 +2.115491474e+02 +2.115491474e+02 +2.0771e-01 -1.7066e-01 -1.5327e+00 +7.3754e-01 -1.0933e+00 -9.1670e-02 +2.0518e+00 -1.4277e+00 -7.0198e-01 -1.8693e+00
57 0 +1.354417977e+02 +6.758179770e+01 +6.758179770e+01 -7.3000e-01 -9.8644e-01 -7.8995e-01 +3.2157e+00 -1.1959e-01 -5.1568e-02 +2.5790e-01 -7.4257e-01 -1.4014e+00 -2.2007e+00
105 0 +1.018144514e+02 +3.395445144e+01 +3.395445144e+01 +5.7298e-01 +1.0118e+00 +2.3466e+00 +1.8981e+00 +8.5904e-01 -3.1884e+00 +6.0161e-01 -1.7936e+00 -1.3552e+00 -1.8265e+00
118 0 +6.570810176e+01 -2.151898236e+00 -2.151898236e+00 -9.7577e-01 +1.3896e+00 -1.4579e+00 -2.9267e-01 -2.5791e+00 -1.9874e+00 +3.9810e-01 -2.4394e+00 -2.2378e+00 -2.2339e+00
158 0 +4.040547322e+01 -2.745452678e+01 -2.745452678e+01 +1.7048e+00 -3.3699e-01 +2.3254e+00 +2.3162e+00 +6.6552e-01 -1.2818e+00 +6.3055e-01 -1.2749e+00 -1.8686e+00 -2.3835e+00
211 0 +3.750357892e+01 -3.035642108e+01 -3.035642108e+01 +1.0937e-01 +2.8824e+00 +1.5757e+00 +2.4387e+00 -1.0188e+00 -2.7350e+00 +1.2974e+00 -1.4746e+00 -2.0072e+00 -1.3296e+00
302 0 +3.970739100e+00 -6.388926090e+01 -6.388926090e+01 -8.2602e-01 +1.0054e+00 +2.4355e-01 +1.6113e+00 -1.0811e+00 -1.9004e+00 +8.4904e-02 -1.4027e+00 -9.5625e-01 -2.0088e+00
322 0 +3.680570417e+00 -6.417942958e+01 -6.417942958e+01 -1.3730e+00 +1.0737e+00 +1.1421e+00 +1.7638e+00 -1.3769e+00 -2.3248e+00 +1.2203e+00 -2.3367e+00 -9.9437e-01 -1.5109e+00
373 0 +3.004941222e+00 -6.485505878e+01 -6.485505878e+01 -2.0722e+00 +1.1886e+00 +1.4073e-01 +2.0587e+00 +6.8035e-02 -2.5844e+00 -1.6154e-02 -1.2811e+00 -2.2747e+00 -6.2856e-01
771 0 +2.882508648e+00 -6.497749135e+01 -6.497749135e+01 +1.3673e-01 +2.5045e+00 +7.4420e-01 +1.6343e+00 -1.6141e+00 -7.0184e-01 +2.4266e+00 -1.4079e+00 -1.4795e+00 -2.2556e+00
1406 0 +2.675340607e+00 -6.518465939e+01 -6.518465939e+01 +1.3565e-01 +1.7652e+00 +1.4362e+00 +2.2803e+00 -1.0650e+00 -9.4900e-01 +6.3352e-01 -2.4886e+00 -1.2088e+00 -1.7844e+00
1928 0 +2.628463996e+00 -6.523153600e+01 -6.523153600e+01 -1.0834e+00 +1.8691e+00 -5.5162e-01 +3.1731e-01 -1.2617e+00 +1.0120e-01 +1.4219e+00 -1.1242e+00 -2.3357e+00 -2.0584e+00
% f evaluations | g evaluations | best noise-free fitness - Fopt (-2.329000000000e+01) + sum g_i+ | measured fitness | best measured fitness or single-digit g-values | x1 | x2...
1 0 +1.566941948e+04 +1.564612948e+04 +1.564612948e+04 +5.9671e-01 -3.8264e-02 +7.4769e-01 +1.6230e+00 -1.3415e-01 -1.3414e-01 +1.6792e+00 +8.6743e-01 -3.6947e-01 +6.4256e-01
3 0 +1.461601409e+04 +1.459272409e+04 +1.459272409e+04 +1.5656e+00 -1.2578e-01 +1.6753e-01 -1.3247e+00 -4.4438e-01 +2.1092e-01 -1.0510e+00 +4.7570e-01 -5.0064e-01 -1.9169e-01
6 0 +4.199093936e+03 +4.175803936e+03 +4.175803936e+03 +4.2408e-01 -2.8508e-01 -5.7692e-01 +7.1168e-01 +1.1310e+00 +1.0313e+00 -7.3922e-01 -2.0921e-01 +4.3126e-01 +1.0755e+00
18 0 +2.162401052e+03 +2.139111052e+03 +2.139111052e+03 -7.8951e-01 -7.1581e-01 +2.2898e-02 +4.4115e-01 +3.7669e-01 +9.2718e-01 +1.1300e-01 +1.5535e+00 -1.6466e-01 +2.8202e+00
51 0 +5.800633340e+02 +5.567733340e+02 +5.567733340e+02 -7.1042e-01 +2.8556e-01 -1.4187e+00 +8.2777e-01 +1.6849e-01 +9.4124e-01 -5.1213e-01 +9.1484e-01 +1.2983e+00 +2.1068e+00
52 0 +4.498344815e+02 +4.265444815e+02 +4.265444815e+02 -1.7219e+00 +4.2831e-01 +1.0352e-01 +1.9676e-02 +5.6165e-01 +2.8209e-01 -3.0947e+00 +1.0277e+00 +1.3486e+00 +2.2588e+00
53 0 +3.568423674e+02 +3.335523674e+02 +3.335523674e+02 -1.0780e+00 -7.6215e-01 +5.9960e-01 -8.3903e-01 -1.2774e-01 +3.6646e-01 -2.3877e-01 +3.3528e-01 +2.1952e+00 +2.1031e+00
83 0 +2.899893800e+02 +2.666993800e+02 +2.666993800e+02 -1.3073e-01 +9.6066e-01 -4.5049e-01 -3.5040e-01 -6.9574e-01 -4.0724e-01 -2.9856e+00 +1.6105e+00 +5.3820e-01 +1.5097e+00
110 0 +4.250146250e+00 -1.903985375e+01 -1.903985375e+01 +5.9291e-01 +1.1794e+00 +4.2820e-01 -1.8158e+00 +4.4018e-01 +1.3099e+00 -1.8995e-01 +2.6336e+00 +5.1663e-01 +1.6521e+00
303 0 +4.238243878e+00 -1.905175612e+01 -1.905175612e+01 +8.1486e-01 +1.1237e+00 -1.0188e-02 -2.5027e+00 -2.2989e-01 +1.5016e+00 -1.5321e+00 +1.5280e+00 +1.7665e+00 +1.1085e+00
363 0 +3.567299165e+00 -1.972270084e+01 -1.972270084e+01 -5.9298e-01 +1.0601e+00 +9.7607e-01 -1.8271e+00 -1.4426e+00 +1.7554e+00 -1.2816e+00 +1.3030e+00 +2.0049e+00 +2.1344e+00
405 0 +3.504152955e+00 -1.978584704e+01 -1.978584704e+01 +1.8321e+00 +2.3072e+00 +1.9341e+00 -7.0937e-01 -2.3232e-01 +1.5067e+00 -1.4928e+00 +1.9185e+00 +1.7789e+00 +8.8177e-01
511 0 +3.115070084e+00 -2.017492992e+01 -2.017492992e+01 +1.9025e+00 +3.4642e-01 +2.4282e+00 -9.5869e-01 -5.5870e-01 +2.4463e+00 -4.1035e-01 +1.7177e+00 +8.6586e-01 +1.8088e+00
527 0 +2.696754698e+00 -2.059324530e+01 -2.059324530e+01 -6.0323e-01 +1.8106e+00 +2.1285e+00 -8.0408e-01 -6.5349e-01 +2.3320e+00 -1.4586e+00 +2.2413e+00 +7.3895e-01 +1.9203e+00
