% f evaluations | g evaluations | best noise-free fitness - Fopt (-4.620900000000e+02) + sum g_i+ | measured fitness | best measured fitness or single-digit g-values | x1 | x2...
1 0 +1.853564154e+02 -2.767335846e+02 -2.767335846e+02 +5.9671e-01 -3.8264e-02 +7.4769e-01 +1.6230e+00 -1.3415e-01 -1.3414e-01 +1.6792e+00 +8.6743e-01 -3.6947e-01 +6.4256e-01
58 0 +1.758470848e+02 -2.862429152e+02 -2.862429152e+02 +2.2532e-01 -1.6197e+00 +8.1504e-02 -1.9232e-01 +1.1632e+00 -5.4609e-02 +1.7100e+00 +4.2425e+00 +1.2123e+00 +3.2056e-01
63 0 +1.682040247e+02 -2.938859753e+02 -2.938859753e+02 -4.0598e-01 +1.1797e+00 +9.6956e-01 +2.6455e-01 -4.3009e-01 +1.6897e+00 +1.0687e+00 +2.1138e+00 +4.6473e-01 -6.1999e-01
68 0 +1.565240720e+02 -3.055659280e+02 -3.055659280e+02 +5.2348e-01 +1.4483e+00 +7.1918e-01 +5.2036e-01 +1.0602e+00 +1.1649e+00 +2.6840e+00 +1.2390e+00 +8.7306e-01 +1.5045e+00
73 0 +1.459970154e+02 -3.160929846e+02 -3.160929846e+02 -2.9291e-01 +6.9295e-01 +1.0888e+00 -1.5954e-01 +1.1974e+00 +1.0662e+00 +1.1004e+00 +1.1402e+00 +1.7317e+00 +7.5661e-01
88 0 +9.949764465e+01 -3.625923553e+02 -3.625923553e+02 -8.4765e-01 +6.6701e-01 +8.0768e-01 +7.7431e-01 +1.8895e+00 +5.5598e-01 +1.9906e+00 +1.0747e+00 +7.7680e-01 +1.2660e-01
730 0 +7.855566146e+01 -3.835343385e+02 -3.835343385e+02 -7.2356e-01 +5.6589e-01 +1.4360e+00 +8.0584e-01 +2.2638e+00 +2.7089e+00 +7.1662e-01 +2.1402e+00 +1.3653e+00 -9.6886e-01
1008 0 +7.526133088e+01 -3.868286691e+02 -3.868286691e+02 +3.1921e-01 -3.6507e-01 +6.3837e-01 +7.5023e-01 +2.2385e+00 +2.1596e+00 +1.6619e+00 +2.6752e+00 +1.8960e+00 -1.6322e-01
1149 0 +7.223785815e+01 -3.898521418e+02 -3.898521418e+02 +4.3856e-01 +1.4538e+00 +5.8769e-01 -6.2992e-03 +1.5663e+00 +2.1667e+00 +1.6056e+00 +1.7470e+00 +1.2765e+00 +1.5979e-01
1157 0 +7.207985285e+01 -3.900101471e+02 -3.900101471e+02 +6.1770e-01 +3.3346e+00 +1.6327e+00 +1.4404e-01 +1.5844e+00 +2.3269e+00 +2.0680e+00 +2.9221e+00 +1.4786e+00 +1.0341e+00
1400 0 +6.346426587e+01 -3.986257341e+02 -3.986257341e+02 -8.7523e-01 +7.0785e-01 +1.4198e+00 +3.1537e-02 +1.7291e+00 +2.1068e+00 +1.3268e+00 +3.2920e+00 +1.8800e+00 +4.0965e-01
1643 0 +5.973240309e+01 -4.023575969e+02 -4.023575969e+02 +2.1511e+00 +2.4741e+00 +1.6696e+00 +1.2000e-01 +1.6528e+00 +1.7244e+00 +1.9692e+00 +2.2581e+00 +1.7865e+00 +6.9004e-01
1696 0 +5.903580142e+01 -4.030541986e+02 -4.030541986e+02 +1.3857e+00 +1.3494e+00 +7.9126e-01 -3.7883e-01 +1.6791e+00 +1.7370e+00 +1.6524e+00 +2.2780e+00 +1.7976e+00 -4.3276e-02
1717 0 +4.677827797e+01 -4.153117220e+02 -4.153117220e+02 +1.2758e+00 +3.1977e+00 +2.1185e+00 +2.7483e-01 +1.8013e+00 +2.2006e+00 +2.1270e+00 +2.2549e+00 +1.7597e+00 +1.0283e+00
1873 0 +4.103774848e+01 -4.210522515e+02 -4.210522515e+02 +5.4195e-01 +2.2722e+00 +2.1510e+00 +6.5377e-01 +1.7772e+00 +1.6185e+00 +2.1004e+00 +1.8186e+00 +1.5321e+00 +8.9061e-02
2318 0 +2.742604837e+01 -4.346639516e+02 -4.346639516e+02 +1.3516e+00 +1.4074e+00 +2.1370e+00 +6.1730e-02 +1.6300e+00 +1.7605e+00 +2.1062e+00 +2.5320e+00 +1.8761e+00 +5.0935e-02
% f evaluations | g evaluations | best noise-free fitness - Fopt (7.766000000000e+01) + sum g_i+ | measured fitness | best measured fitness or single-digit g-values | x1 | x2...
1 0 +9.660815261e+02 +1.043741526e+03 +1.043741526e+03 +5.9671e-01 -3.8264e-02 +7.4769e-01 +1.6230e+00 -1.3415e-01 -1.3414e-01 +1.6792e+00 +8.6743e-01 -3.6947e-01 +6.4256e-01
2 0 +3.267643722e+02 +4.044243722e+02 +4.044243722e+02 -3.6342e-01 -3.6573e-01 +3.4196e-01 -1.8133e+00 -1.6249e+00 -4.6229e-01 -9.1283e-01 +4.1425e-01 -8.0802e-01 -1.3123e+00
5 0 +3.023963309e+02 +3.800563309e+02 +3.800563309e+02 +8.3847e-01 +2.7137e-01 -1.5648e-02 -2.0110e-01 -1.3785e+00 -6.1984e-01 -3.6064e-01 +1.1571e+00 +4.4362e-01 -1.6630e+00
8 0 +2.159533632e+02 +2.936133632e+02 +2.936133632e+02 +4.6140e-01 +1.6380e+00 +6.4174e-02 +1.6646e+00 -2.5197e+00 +9.2190e-01 +1.8705e-01 -1.9901e-01 +1.9176e-01 -1.8876e+00
19 0 +1.949667295e+02 +2.726267295e+02 +2.726267295e+02 +7.2567e-01 -7.5716e-01 -9.7089e-01 +5.8247e-01 -1.2346e-01 +8.1400e-01 +5.7324e-01 +2.7171e-02 -7.4679e-01 -1.4148e+00
107 0 +1.728655581e+02 +2.505255581e+02 +2.505255581e+02 -5.4403e-01 +8.0308e-01 -1.7357e-01 +2.3679e-01 +2.4084e+00 -4.9324e-01 +2.1630e-01 +1.5748e+00 -7.4631e-01 -2.2765e+00
113 0 +1.367686940e+02 +2.144286940e+02 +2.144286940e+02 +1.3092e+00 +6.1289e-01 +9.2397e-01 +1.7004e+00 +1.8030e+00 +1.1650e+00 -1.2263e+00 -6.4257e-01 -2.5327e-01 -4.0743e+00
439 0 +1.062628469e+02 +1.839228469e+02 +1.839228469e+02 -9.3363e-02 -2.0226e+00 -2.6013e-01 +1.4958e+00 +7.6369e-01 -1.0848e+00 +1.9341e-01 +1.9968e-01 -6.4903e-01 -2.8805e+00
493 0 +1.027595583e+02 +1.804195583e+02 +1.804195583e+02 +3.5604e-02 -8.4303e-01 +3.1137e-01 +2.6124e+00 +1.9586e-01 -1.0598e+00 -1.2260e+00 -1.0817e+00 -5.4255e-01 -4.5140e+00
559 0 +9.722849033e+01 +1.748884903e+02 +1.748884903e+02 +2.3631e+00 -3.5731e+00 -6.7929e-01 +2.3204e+00 +1.2856e+00 -4.7835e-01 -4.3174e-02 +9.5968e-01 -6.5437e-01 -4.5731e+00
642 0 +9.672466227e+01 +1.743846623e+02 +1.743846623e+02 +1.7573e+00 -2.3579e+00 +3.7429e-01 +3.1644e+00 +1.9754e+00 -1.6546e+00 -7.0326e-01 +9.7370e-01 +2.4039e-01 -3.1569e+00
762 0 +9.507073737e+01 +1.727307374e+02 +1.727307374e+02 +2.4057e+00 -2.5134e+00 +8.2835e-01 +2.7575e+00 +8.0242e-01 -1.0606e+00 -4.7307e-01 -1.7320e-01 -8.7907e-01 -3.2192e+00
768 0 +8.873293019e+01 +1.663929302e+02 +1.663929302e+02 +7.4503e-01 -2.4142e+00 +4.4609e-01 +4.1223e+00 +1.9466e+00 -2.1276e+00 -2.7207e-01 +5.7282e-01 -5.2314e-01 -3.7598e+00
792 0 +8.400785697e+01 +1.616678570e+02 +1.616678570e+02 +7.9265e-01 -2.1945e+00 -5.8251e-02 +2.5669e+00 +8.2276e-01 -5.0303e-01 -3.5205e-01 -1.3644e+00 +7.6494e-02 -4.5386e+00
972 0 +8.254710755e+01 +1.602071076e+02 +1.602071076e+02 +3.5857e-01 +1.1311e-01 +1.1130e+00 +3.0089e+00 +2.4742e+00 +1.0186e-02 +5.6283e-01 +8.2370e-01 -5.4316e-01 -4.4381e+00
1069 0 +7.645132597e+01 +1.541113260e+02 +1.541113260e+02 +3.0964e-01 -2.6092e+00 +5.2010e-01 +2.1086e+00 +1.9724e+00 -1.1807e+00 +3.6863e-01 -7.6622e-01 -1.5203e-01 -3.3485e+00
1076 0 +7.548569611e+01 +1.531456961e+02 +1.531456961e+02 +1.2940e+00 -1.8106e+00 +6.4892e-01 +2.4086e+00 +1.7840e+00 -8.3523e-02 +1.6862e-01 +8.5166e-01 -6.4738e-01 -3.4337e+00
1147 0 +6.377511065e+01 +1.414351106e+02 +1.414351106e+02 +5.2457e-01 -1.6624e+00 -3.6985e-01 +3.2515e+00 +2.1148e+00 -1.2195e+00 -3.5275e-01 +1.4354e-01 -5.9496e-01 -3.8847e+00
1474 0 +5.986871658e+01 +1.375287166e+02 +1.375287166e+02 +1.1793e+00 +8.0768e-02 +1.1618e+00 +4.6490e+00 +1.9816e+00 -1.0979e+00 +4.9980e-01 +1.4008e-01 -3.2952e-01 -3.8380e+00
1618 0 +5.116641352e+01 +1.288264135e+02 +1.288264135e+02 +1.4595e+00 +6.9444e-02 +6.0414e-01 +3.2252e+00 +1.6892e+00 -1.1959e+00 +1.7206e-01 -7.9933e-01 -5.9865e-01 -3.7858e+00
% f evaluations | g evaluations | best noise-free fitness - Fopt (1.156800000000e+02) + sum g_i+ | measured fitness | best measured fitness or single-digit g-values | x1 | x2...
1 0 +4.663113385e+02 +5.819913385e+02 +5.819913385e+02 +5.9671e-01 -3.8264e-02 +7.4769e-01 +1.6230e+00 -1.3415e-01 -1.3414e-01 +1.6792e+00 +8.6743e-01 -3.6947e-01 +6.4256e-01
5 0 +4.086425043e+02 +5.243225043e+02 +5.243225043e+02 +8.3847e-01 +2.7137e-01 -1.5648e-02 -2.0110e-01 -1.3785e+00 -6.1984e-01 -3.6064e-01 +1.1571e+00 +4.4362e-01 -1.6630e+00
10 0 +4.078295672e+02 +5.235095672e+02 +5.235095672e+02 +1.9708e-01 +1.0686e+00 -6.0205e-01 -2.2766e-01 -2.9211e-01 -1.3635e+00 +3.9612e-01 +3.6106e-01 +1.0511e-01 -1.3459e-01
11 0 +3.956551217e+02 +5.113351217e+02 +5.113351217e+02 -1.3154e+00 -3.2065e-01 -2.4271e-01 -7.0228e-01 -6.1286e-02 +5.0405e-01 +1.9862e+00 +2.7458e-01 +3.5755e-01 +2.5554e-02
30 0 +3.384790107e+02 +4.541590107e+02 +4.541590107e+02 -1.0812e-01 -3.9300e-01 -4.8936e-01 +9.4960e-01 +4.5702e-01 -5.9291e-01 +9.9960e-01 +4.0730e-01 +9.1286e-01 +7.2963e-01
42 0 +2.899113119e+02 +4.055913119e+02 +4.055913119e+02 +8.1161e-01 -1.0246e+00 -1.4341e+00 +1.3777e+00 +4.3231e-01 -6.4849e-01 +1.6512e+00 +2.1567e-01 +1.2793e+00 +1.6752e-01
53 0 +2.856246854e+02 +4.013046854e+02 +4.013046854e+02 +7.5511e-01 -8.9271e-01 -1.0635e+00 +3.7112e-01 +2.5323e+00 +2.8881e-02 -1.8801e-01 +3.8007e-01 +1.0409e+00 -8.7429e-01
57 0 +2.287790481e+02 +3.444590481e+02 +3.444590481e+02 +7.0069e-01 -3.2510e+00 -1.0707e+00 +1.7848e+00 +1.1779e+00 +4.0896e-01 +1.8823e+00 +2.2865e+00 +1.4421e+00 -1.4392e+00
89 0 +1.978793177e+02 +3.135593177e+02 +3.135593177e+02 +4.1297e-01 +7.0005e-02 -2.2406e+00 -1.8377e-01 -5.0238e-01 -3.7394e+00 +1.7316e+00 +1.3172e+00 +2.9849e+00 -1.4175e+00
216 0 +1.479260800e+02 +2.636060800e+02 +2.636060800e+02 -3.0505e+00 +9.3505e-01 -1.7272e+00 +4.3361e-01 +1.9959e+00 -1.4623e+00 +3.2583e+00 +1.4564e+00 +2.5776e+00 -1.9709e+00
381 0 +1.355520792e+02 +2.512320792e+02 +2.512320792e+02 +2.1823e+00 +2.0031e+00 -1.0707e+00 +2.2596e+00 -9.4178e-02 -1.1049e+00 +1.6964e+00 +2.8098e+00 +3.8674e+00 -2.2498e+00
429 0 +1.330133379e+02 +2.486933379e+02 +2.486933379e+02 -1.4371e+00 -1.1574e+00 -5.7298e-02 +1.3214e+00 +1.3050e+00 -2.2142e+00 +2.6535e+00 +2.7594e+00 +2.9066e+00 -1.4100e+00
515 0 +1.244743333e+02 +2.401543333e+02 +2.401543333e+02 +6.0391e-01 -2.5535e-01 -2.7072e+00 +4.1775e+00 +1.6365e+00 -3.7437e+00 +2.3576e+00 +2.7603e+00 +3.6514e+00 -1.9051e+00
599 0 +1.198524090e+02 +2.355324090e+02 +2.355324090e+02 -5.7022e-02 -2.4964e+00 -1.7160e+00 +2.3595e+00 +3.3412e+00 -2.6802e+00 +1.0385e+00 +2.3910e+00 +3.8476e+00 -1.3666e+00
676 0 +1.128267078e+02 +2.285067078e+02 +2.285067078e+02 -9.5937e-01 +1.2393e+00 -2.1945e+00 +3.1901e+00 +1.0823e+00 -3.8906e+00 +3.1193e+00 +2.6461e+00 +3.0127e+00 -1.5887e+00
767 0 +1.096424290e+02 +2.253224290e+02 +2.253224290e+02 +3.7482e-01 -1.7423e+00 -3.3273e-01 +2.6761e+00 +2.4965e+00 -2.6565e+00 +3.5823e+00 +2.0769e+00 +3.2092e+00 -1.5564e+00
789 0 +9.623567793e+01 +2.119156779e+02 +2.119156779e+02 -1.7040e+00 +6.8156e-01 -1.2194e+00 +4.7488e+00 +3.0735e+00 -3.8015e+00 +3.2563e+00 +2.6045e+00 +3.1433e+00 -2.2859e+00
803 0 +9.082431837e+01 +2.065043184e+02 +2.065043184e+02 +2.2721e-01 -1.2077e+00 -2.0855e+00 +3.7435e+00 +1.1488e+00 -3.8003e+00 +3.2300e+00 +2.2299e+00 +2.8495e+00 -1.7206e+00
926 0 +7.664930099e+01 +1.923293010e+02 +1.923293010e+02 -8.5186e-01 +1.6375e+00 -1.8019e+00 +3.1174e+00 +1.9454e+00 -3.8426e+00 +2.5745e+00 +2.8222e+00 +3.9544e+00 -2.5950e+00
957 0 +6.865326318e+01 +1.843332632e+02 +1.843332632e+02 +2.2415e-01 -1.6983e+00 -5.1954e-01 +3.8566e+00 +2.9600e+00 -3.3121e+00 +3.3236e+00 +2.6049e+00 +3.5181e+00 -1.6523e+00
1069 0 +6.853068475e+01 +1.842106847e+02 +1.842106847e+02 +1.4335e-01 +3.0782e-02 -5.1337e-01 +3.1301e+00 +2.9011e+00 -3.3147e+00 +3.3012e+00 +2.2960e+00 +3.7735e+00 -1.6916e+00
1486 0 +6.440501020e+01 +1.800850102e+02 +1.800850102e+02 +1.9631e+00 +8.3945e-01 -6.4663e-01 +3.1292e+00 +2.4166e+00 -3.7784e+00 +2.2983e+00 +2.8679e+00 +3.4912e+00 -1.3332e+00
1773 0 +5.981569211e+01 +1.754956921e+02 +1.754956921e+02 +4.0965e-01 -1.0016e+00 -1.1328e+00 +3.1689e+00 +3.1070e+00 -3.8432e+00 +2.5587e+00 +2.0154e+00 +3.2649e+00 -2.0201e+00
2304 0 +5.504582489e+01 +1.707258249e+02 +1.707258249e+02 +2.2772e+00 -9.0502e-01 -1.1921e+00 +2.5873e+00 +3.4036e+00 -3.1916e+00 +2.9429e+00 +2.7499e+00 +3.6007e+00 -2.2335e+00
% f evaluations | g evaluations | best noise-free fitness - Fopt (-3.710000000000e+00) + sum g_i+ | measured fitness | best measured fitness or single-digit g-values | x1 | x2...
1 0 +1.283811730e+03 +1.280101730e+03 +1.280101730e+03 +5.9671e-01 -3.8264e-02 +7.4769e-01 +1.6230e+00 -1.3415e-01 -1.3414e-01 +1.6792e+00 +8.6743e-01 -3.6947e-01 +6.4256e-01
2 0 +4.597740225e+02 +4.560640225e+02 +4.560640225e+02 -3.6342e-01 -3.6573e-01 +3.4196e-01 -1.8133e+00 -1.6249e+00 -4.6229e-01 -9.1283e-01 +4.1425e-01 -8.0802e-01 -1.3123e+00
3 0 +4.038094646e+02 +4.000994646e+02 +4.000994646e+02 +1.5656e+00 -1.2578e-01 +1.6753e-01 -1.3247e+00 -4.4438e-01 +2.1092e-01 -1.0510e+00 +4.7570e-01 -5.0064e-01 -1.9169e-01
4 0 +3.738814481e+02 +3.701714481e+02 +3.701714481e+02 -5.0171e-01 +1.9523e+00 +8.6503e-02 -9.5771e-01 +9.2254e-01 -1.1208e+00 +3.0886e-01 -1.8597e+00 -1.2282e+00 +2.9686e-01
6 0 +2.289166342e+02 +2.252066342e+02 +2.252066342e+02 +4.2408e-01 -2.8508e-01 -5.7692e-01 +7.1168e-01 +1.1310e+00 +1.0313e+00 -7.3922e-01 -2.0921e-01 +4.3126e-01 +1.0755e+00
12 0 +1.945385258e+02 +1.908285258e+02 +1.908285258e+02 -1.8188e+00 +7.3486e-02 +1.6023e-01 +2.5632e+00 -9.2361e-02 +4.0155e-01 +6.5288e-02 -1.0687e+00 +1.2428e+00 +8.5193e-01
117 0 +1.589455206e+02 +1.552355206e+02 +1.552355206e+02 +9.5092e-01 -4.5144e-01 +3.3880e-01 +2.4710e+00 +5.6644e-01 +7.9061e-01 -7.7579e-01 -1.1740e+00 +2.9550e-01 +6.6396e-01
206 0 +1.185356528e+02 +1.148256528e+02 +1.148256528e+02 +1.0112e+00 -4.1326e+00 +5.3806e-01 +2.4867e+00 +2.6780e+00 +3.0298e+00 -4.3169e-01 -8.3591e-01 +2.1873e+00 +1.4737e+00
365 0 +8.396363118e+01 +8.025363118e+01 +8.025363118e+01 +3.0756e+00 +1.4009e-01 +1.2523e+00 +3.2250e+00 +2.8484e+00 +4.9212e+00 -8.1265e-01 -1.1047e+00 +1.9786e+00 +6.9070e-01
972 0 +8.181830817e+01 +7.810830817e+01 +7.810830817e+01 +1.6423e+00 -3.1366e+00 +1.0488e+00 +4.1257e+00 +2.6679e+00 +3.7473e+00 -3.6287e-01 -9.2204e-01 +2.0657e+00 +6.6485e-01
1024 0 +7.081478484e+01 +6.710478484e+01 +6.710478484e+01 +2.8555e+00 -2.1188e+00 +2.5803e-01 +4.0010e+00 +2.6678e+00 +3.2272e+00 +1.2441e-01 -2.1935e+00 +1.9401e+00 +6.3276e-01
1051 0 +6.937599761e+01 +6.566599761e+01 +6.566599761e+01 +1.4586e+00 -5.4022e-01 +7.4685e-01 +3.2974e+00 +3.0699e+00 +3.2031e+00 -3.9789e-01 -1.0803e+00 +1.6119e+00 +9.9907e-01
1148 0 +6.581902269e+01 +6.210902269e+01 +6.210902269e+01 +1.2670e+00 -2.6020e+00 +1.0443e+00 +3.4126e+00 +3.1161e+00 +3.5780e+00 -4.3385e-01 -1.0646e+00 +1.5775e+00 +9.5870e-01
1387 0 +6.315287483e+01 +5.944287483e+01 +5.944287483e+01 +1.3923e+00 -3.1183e+00 +1.2698e+00 +4.6548e+00 +2.5332e+00 +3.5703e+00 -5.7514e-01 -1.9958e+00 +2.3761e+00 +6.5477e-01
1489 0 +6.060336551e+01 +5.689336551e+01 +5.689336551e+01 +2.5206e+00 -2.3120e+00 +8.9826e-01 +2.5702e+00 +2.4548e+00 +3.7203e+00 -4.0858e-01 -2.0989e+00 +1.5958e+00 +3.3461e-01
1739 0 +5.638779321e+01 +5.267779321e+01 +5.267779321e+01 +2.0849e+00 -1.9869e+00 +9.7675e-01 +3.0591e+00 +2.6138e+00 +3.6404e+00 -1.8066e-01 -2.2770e+00 +1.9741e+00 +6.8302e-01
2350 0 +5.418213421e+01 +5.047213421e+01 +5.047213421e+01 +1.9422e+00 -3.1570e+00 +1.0173e+00 +4.0058e+00 +2.5164e+00 +3.4927e+00 -4.2086e-01 -1.9794e+00 +2.0245e+00 +3.1788e-01
2389 0 +5.388749751e+01 +5.017749751e+01 +5.017749751e+01 +1.8326e+00 -3.2586e+00 +1.1401e+00 +3.1685e+00 +2.4422e+00 +3.6727e+00 -2.2613e-01 -2.2910e+00 +2.0174e+00 +6.8098e-01
2426 0 +5.018059385e+01 +4.647059385e+01 +4.647059385e+01 +1.4114e+00 -3.1894e+00 +1.7490e+00 +4.5500e+00 +2.5179e+00 +3.8475e+00 -2.6531e-01 -1.5106e+00 +1.8860e+00 +3.7678e-01
2482 0 +4.542172173e+01 +4.171172173e+01 +4.171172173e+01 +1.2394e+00 -3.2960e+00 +1.2551e+00 +4.5004e+00 +2.5493e+00 +3.6153e+00 -3.2341e-01 -1.9813e+00 +1.9619e+00 +7.5812e-01
% f evaluations | g evaluations | best noise-free fitness - Fopt (1.321800000000e+02) + sum g_i+ | measured fitness | best measured fitness or single-digit g-values | x1 | x2...
1 0 +1.741069028e+02 +3.062869028e+02 +3.062869028e+02 +5.9671e-01 -3.8264e-02 +7.4769e-01 +1.6230e+00 -1.3415e-01 -1.3414e-01 +1.6792e+00 +8.6743e-01 -3.6947e-01 +6.4256e-01
9 0 +1.635570621e+02 +2.957370621e+02 +2.957370621e+02 -1.1967e-01 +4.5711e-01 +1.5779e+00 -4.1827e-01 -7.0849e-01 -4.0176e-01 +1.0154e+00 +4.2875e-01 -4.2976e-01 +6.1327e-01
30 0 +1.409925261e+02 +2.731725261e+02 +2.731725261e+02 -1.0812e-01 -3.9300e-01 -4.8936e-01 +9.4960e-01 +4.5702e-01 -5.9291e-01 +9.9960e-01 +4.0730e-01 +9.1286e-01 +7.2963e-01
52 0 +1.201186459e+02 +2.522986459e+02 +2.522986459e+02 -8.2681e-01 -1.9711e-01 +3.7190e-01 -7.2988e-01 +1.5683e+00 -5.3033e-01 +5.1090e-01 +2.6534e-02 +5.4113e-01 +9.6008e-01
94 0 +1.194285166e+02 +2.516085166e+02 +2.516085166e+02 -1.4835e+00 -7.4167e-02 +1.0066e+00 -5.9881e-01 +1.1324e+00 -1.2406e+00 +1.8157e+00 +1.1803e+00 +1.7120e-01 -5.4254e-01
254 0 +1.168861198e+02 +2.490661198e+02 +2.490661198e+02 +7.2364e-01 +8.9789e-01 +9.8843e-01 +5.3054e-01 +1.2933e+00 -1.4544e+00 +4.0022e-01 -2.1955e-01 +6.1453e-01 +8.2292e-01
307 0 +1.138762084e+02 +2.460562084e+02 +2.460562084e+02 -1.7272e+00 +6.2524e-01 +5.1221e-01 -2.4385e+00 +1.8496e+00 +6.2037e-01 +1.8858e+00 -6.9303e-01 +1.8697e-01 +4.0369e-01
326 0 +1.030722608e+02 +2.352522608e+02 +2.352522608e+02 -3.4701e-01 -3.1035e-01 +1.7714e+00 -7.7283e-01 +2.1026e+00 -1.1264e+00 +9.4265e-01 -4.1101e-03 +5.8904e-01 +1.0528e+00
469 0 +9.991607492e+01 +2.320960749e+02 +2.320960749e+02 -3.7207e-02 -8.2605e-02 +1.0908e+00 -6.2368e-01 +7.2415e-01 -9.6273e-01 +1.4412e+00 -3.3080e-01 +4.8431e-01 +8.2566e-01
556 0 +8.793474427e+01 +2.201147443e+02 +2.201147443e+02 -1.1132e+00 -3.3374e-01 +2.7125e+00 -1.3453e+00 +1.6752e+00 -6.9197e-01 +1.8329e+00 -2.1370e-01 +5.7143e-01 -3.1605e-01
671 0 +8.644332950e+01 +2.186233295e+02 +2.186233295e+02 -1.3774e+00 +3.0186e-03 +1.9040e+00 -1.3255e+00 +1.3000e+00 -5.3955e-01 +2.4147e+00 +7.9540e-02 +4.1749e-01 +7.5136e-01
1105 0 +8.445613479e+01 +2.166361348e+02 +2.166361348e+02 +2.7559e+00 +2.1552e+00 +1.1023e+00 -2.0634e+00 +2.0631e+00 -5.7241e-01 +2.1385e+00 +1.0511e+00 +6.9755e-01 +6.4934e-02
1118 0 +8.111507844e+01 +2.132950784e+02 +2.132950784e+02 +2.8639e+00 +7.3241e-01 +9.2180e-01 -3.0198e+00 +2.4252e+00 -1.5299e+00 +1.8509e+00 +1.3012e-01 +1.0803e+00 +1.4462e-01
1140 0 +7.432709830e+01 +2.065070983e+02 +2.065070983e+02 +2.7673e+00 +2.4208e+00 +1.3282e-01 -2.1699e+00 +2.4413e+00 -5.7481e-01 +1.8004e+00 +2.3259e-01 +6.2835e-01 +3.5022e-01
1616 0 +7.223628012e+01 +2.044162801e+02 +2.044162801e+02 +2.2475e+00 +2.3438e+00 +1.3340e+00 -1.3747e+00 +1.3496e+00 -1.9861e+00 +2.2667e+00 +1.0147e+00 +5.9788e-01 +6.8475e-01
1728 0 +6.750424254e+01 +1.996842425e+02 +1.996842425e+02 -2.4819e-01 +8.0899e-01 +2.4718e+00 -1.1279e+00 +1.9313e+00 -1.6353e+00 +1.8866e+00 +4.6089e-01 +5.6987e-01 +8.0100e-01
1775 0 +6.680039046e+01 +1.989803905e+02 +1.989803905e+02 +1.5854e+00 +1.3749e+00 +1.9139e+00 -4.4674e-01 +1.8001e+00 -9.2349e-01 +1.8014e+00 +7.7825e-01 +5.0332e-01 +1.0909e-01
1873 0 +6.156852744e+01 +1.937485274e+02 +1.937485274e+02 +1.6862e+00 +1.3738e+00 +1.8218e+00 -1.4641e+00 +1.7789e+00 -1.1718e+00 +1.7061e+00 +1.4701e-01 +6.1288e-01 +7.4571e-01
1908 0 +6.103442779e+01 +1.932144278e+02 +1.932144278e+02 +2.1797e+00 +1.6680e+00 +2.0180e+00 -2.1238e+00 +1.9462e+00 -1.2239e+00 +1.7700e+00 +7.1138e-02 +5.9456e-01 +4.2466e-01
1967 0 +5.414073387e+01 +1.863207339e+02 +1.863207339e+02 +1.7559e+00 +1.5266e+00 +1.8746e+00 -1.7576e+00 +1.9875e+00 -4.6626e-01 +1.8446e+00 +5.5960e-01 +6.1062e-01 +7.2545e-01
2000 0 +5.054351958e+01 +1.827235196e+02 +1.827235196e+02 +1.9673e+00 +1.3337e+00 +2.0878e+00 -1.9920e+00 +1.8614e+00 -4.6687e-01 +1.6279e+00 +1.6849e-01 +8.8116e-01 +4.3535e-01
2150 0 +3.470855322e+01 +1.668885532e+02 +1.668885532e+02 +2.7173e+00 +1.3892e+00 +2.0143e+00 -1.9676e+00 +1.9596e+00 -9.3822e-01 +1.7919e+00 +4.1473e-01 +8.9593e-01 +6.8825e-01
2467 0 +2.878490151e+01 +1.609649015e+02 +1.609649015e+02 +1.8518e+00 +1.4651e+00 +2.1752e+00 -1.9322e+00 +1.8742e+00 -1.1340e+00 +1.7642e+00 +5.2176e-02 +8.8221e-01 +7.0428e-01
% f evaluations | g evaluations | best noise-free fitness - Fopt (-3.930000000000e+01) + sum g_i+ | measured fitness | best measured fitness or single-digit g-values | x1 | x2...
1 0 +3.455688871e+02 +3.062688871e+02 +3.062688871e+02 +5.9671e-01 -3.8264e-02 +7.4769e-01 +1.6230e+00 -1.3415e-01 -1.3414e-01 +1.6792e+00 +8.6743e-01 -3.6947e-01 +6.4256e-01
5 0 +2.715103742e+02 +2.322103742e+02 +2.322103742e+02 +8.3847e-01 +2.7137e-01 -1.5648e-02 -2.0110e-01 -1.3785e+00 -6.1984e-01 -3.6064e-01 +1.1571e+00 +4.4362e-01 -1.6630e+00
55 0 +2.114377443e+02 +1.721377443e+02 +1.721377443e+02 +1.1660e+00 -1.0986e+00 -1.4502e+00 +2.9990e-01 -7.7372e-01 -1.1045e+00 +1.6906e+00 +2.0727e+00 +6.6365e-01 -1.8023e+00
76 0 +1.999738007e+02 +1.606738007e+02 +1.606738007e+02 +1.9452e+00 +3.0254e-01 -1.6705e+00 +2.7622e+00 -2.6354e-01 -2.9284e+00 +1.4197e+00 +1.0187e+00 +6.4266e-01 -2.9942e+00
121 0 +1.490543719e+02 +1.097543719e+02 +1.097543719e+02 -5.6095e-01 +2.3364e+00 +1.4883e+00 +2.0471e+00 -2.1442e-02 -2.7406e-01 +2.1883e+00 +9.5294e-01 +4.5743e-01 -2.4448e+00
269 0 +1.391755215e+02 +9.987552147e+01 +9.987552147e+01 -1.6884e+00 +1.0190e-01 -9.6209e-02 +1.2585e+00 +2.0896e-01 -2.3001e+00 +3.5239e+00 +2.5514e+00 +9.4280e-01 -4.1923e+00
490 0 +1.333658072e+02 +9.406580720e+01 +9.406580720e+01 +5.3387e-01 -3.1482e-01 +1.2542e+00 +3.1857e+00 -5.7972e-01 -7.7379e-01 +1.0920e+00 +6.4560e-01 +1.1226e+00 -2.8457e+00
531 0 +9.917858090e+01 +5.987858090e+01 +5.987858090e+01 +5.0895e-01 -1.0686e+00 +1.5242e+00 +1.0409e+00 -1.2131e-01 -2.2483e+00 +2.6785e+00 +2.9718e+00 +1.2530e+00 -4.0899e+00
860 0 +8.679320160e+01 +4.749320160e+01 +4.749320160e+01 -4.7468e-01 -1.4782e-01 +9.9341e-01 +1.2596e+00 -5.0937e-01 -3.0364e+00 +3.0842e+00 +1.1806e+00 +1.3831e+00 -3.3158e+00
1041 0 +5.998855555e+01 +2.068855555e+01 +2.068855555e+01 +6.7967e-01 -2.0902e+00 +1.4140e+00 +2.7663e+00 +4.5118e-01 -1.9504e+00 +2.6156e+00 +2.4318e+00 +1.5146e+00 -3.8859e+00
2029 0 +5.632650781e+01 +1.702650781e+01 +1.702650781e+01 +1.8374e-01 -1.3625e+00 +1.5868e+00 +3.2890e+00 +5.1278e-01 -3.1014e+00 +2.9627e+00 +1.7065e+00 +1.7591e+00 -3.6707e+00
2120 0 +5.370732725e+01 +1.440732725e+01 +1.440732725e+01 +6.1429e-01 -2.2400e+00 +9.8997e-01 +2.8259e+00 +3.7256e-01 -2.4885e+00 +3.1101e+00 +1.6231e+00 +1.5741e+00 -4.0384e+00
2359 0 +5.285197727e+01 +1.355197727e+01 +1.355197727e+01 +5.7698e-01 -1.9939e+00 +1.5561e+00 +3.3867e+00 +3.2157e-01 -2.0880e+00 +2.9762e+00 +1.5718e+00 +1.4163e+00 -3.7121e+00
2365 0 +5.245566429e+01 +1.315566429e+01 +1.315566429e+01 +7.4602e-01 -2.2320e+00 +1.5203e+00 +4.0610e+00 +8.3630e-01 -3.1325e+00 +3.0694e+00 +1.5893e+00 +1.5237e+00 -3.7322e+00
2386 0 +4.811336502e+01 +8.813365024e+00 +8.813365024e+00 +5.4987e-01 -2.3025e+00 +1.5919e+00 +3.3669e+00 +2.7904e-01 -2.0304e+00 +3.0183e+00 +1.5930e+00 +1.0148e+00 -3.0953e+00
2408 0 +4.600980720e+01 +6.709807196e+00 +6.709807196e+00 +7.4877e-01 -2.0652e+00 +1.4030e+00 +3.4349e+00 +4.1504e-01 -2.2906e+00 +3.0866e+00 +1.7010e+00 +1.0549e+00 -3.3620e+00
% f evaluations | g evaluations | best noise-free fitness - Fopt (4.296000000000e+01) + sum g_i+ | measured fitness | best measured fitness or single-digit g-values | x1 | x2...
1 0 +1.128380150e+03 +1.171340150e+03 +1.171340150e+03 +5.9671e-01 -3.8264e-02 +7.4769e-01 +1.6230e+00 -1.3415e-01 -1.3414e-01 +1.6792e+00 +8.6743e-01 -3.6947e-01 +6.4256e-01
2 0 +2.399413221e+02 +2.829013221e+02 +2.829013221e+02 -3.6342e-01 -3.6573e-01 +3.4196e-01 -1.8133e+00 -1.6249e+00 -4.6229e-01 -9.1283e-01 +4.1425e-01 -8.0802e-01 -1.3123e+00
4 0 +1.885418751e+02 +2.315018751e+02 +2.315018751e+02 -5.0171e-01 +1.9523e+00 +8.6503e-02 -9.5771e-01 +9.2254e-01 -1.1208e+00 +3.0886e-01 -1.8597e+00 -1.2282e+00 +2.9686e-01
10 0 +1.732621617e+02 +2.162221617e+02 +2.162221617e+02 +1.9708e-01 +1.0686e+00 -6.0205e-01 -2.2766e-01 -2.9211e-01 -1.3635e+00 +3.9612e-01 +3.6106e-01 +1.0511e-01 -1.3459e-01
25 0 +1.376321026e+02 +1.805921026e+02 +1.805921026e+02 -6.9252e-01 -1.4736e-02 +6.0499e-01 +9.6576e-01 -1.1003e+00 -2.3450e-01 -3.7495e-01 -5.5333e-01 +1.8655e+00 +5.0498e-01
94 0 +1.236089574e+02 +1.665689574e+02 +1.665689574e+02 +1.2881e-01 +9.1185e-01 +4.5463e-01 +1.6820e+00 -2.8330e-01 -1.7369e+00 -1.1291e-01 -3.6050e-01 +1.3179e+00 -8.2577e-01
161 0 +9.641045879e+01 +1.393704588e+02 +1.393704588e+02 +1.1558e-01 +1.0477e+00 +1.3508e+00 +1.5565e+00 +2.2413e-01 -3.3417e+00 -6.6921e-01 -9.6345e-01 +1.1150e+00 -6.3223e-01
294 0 +9.324775865e+01 +1.362077587e+02 +1.362077587e+02 +4.7679e-01 +1.7535e+00 +1.5523e+00 +5.7630e-01 -3.7057e-01 -2.3026e+00 +1.5351e-01 -2.0385e+00 +1.0479e+00 +1.2684e+00
328 0 +8.699085405e+01 +1.299508540e+02 +1.299508540e+02 -5.0519e-01 +2.9505e-02 -4.0040e-01 +2.4801e+00 +3.5638e-01 -1.1852e+00 -2.1280e-01 -2.3703e+00 +1.0757e+00 +6.5671e-01
465 0 +7.992450843e+01 +1.228845084e+02 +1.228845084e+02 +4.1016e-01 +2.6375e+00 +1.1094e+00 +1.6773e+00 +1.3072e-01 -2.3649e+00 -1.2625e-01 -2.8033e+00 +8.2882e-01 +2.8588e-01
570 0 +6.496271274e+01 +1.079227127e+02 +1.079227127e+02 +9.6605e-01 +3.5053e+00 +1.3924e+00 +2.1041e+00 +2.1657e-01 -1.7874e+00 +2.9695e-01 -1.1946e+00 +1.4386e+00 +8.5624e-01
801 0 +6.432625846e+01 +1.072862585e+02 +1.072862585e+02 -3.9630e-01 +1.8895e+00 +3.0185e+00 +1.1803e+00 +2.1743e-01 -2.7167e+00 -1.6352e-01 -1.9062e+00 +7.7574e-01 +1.1673e+00
950 0 +6.339743104e+01 +1.063574310e+02 +1.063574310e+02 +8.5726e-01 +8.2117e-01 +1.2514e+00 +1.6950e+00 +3.7005e-01 -2.7494e+00 -6.4016e-01 -1.5912e+00 +1.3619e+00 +7.9833e-01
977 0 +5.720383829e+01 +1.001638383e+02 +1.001638383e+02 +9.4824e-02 +2.5493e+00 +3.0136e+00 +3.5349e-01 +2.7917e-01 -3.7326e+00 -1.6635e-01 -1.5927e+00 +1.8300e+00 +5.3407e-01
1058 0 +5.252770997e+01 +9.548770997e+01 +9.548770997e+01 +6.2160e-01 +1.6167e+00 +1.9332e+00 +1.6967e+00 +3.8799e-01 -2.9128e+00 -1.4031e-01 -2.4029e+00 +1.8111e+00 +1.4997e+00
1546 0 +4.834290345e+01 +9.130290345e+01 +9.130290345e+01 +1.2732e+00 +1.7390e+00 +2.0766e+00 +1.7768e+00 -2.2824e-01 -2.2053e+00 -1.2849e-01 -1.9592e+00 +1.5949e+00 +8.4215e-01
2074 0 +4.818592164e+01 +9.114592164e+01 +9.114592164e+01 +5.9624e-01 +1.6604e+00 +1.8441e+00 +9.4568e-01 +8.4704e-01 -2.5944e+00 +2.5796e-01 -1.5579e+00 +1.5792e+00 +5.2640e-01
2211 0 +4.793290657e+01 +9.089290657e+01 +9.089290657e+01 +1.4175e+00 +1.5485e+00 +1.8081e+00 +1.7044e+00 -2.5724e-01 -2.6259e+00 +2.1581e-01 -2.0048e+00 +1.7882e+00 +8.8314e-01
2485 0 +4.712389602e+01 +9.008389602e+01 +9.008389602e+01 +5.8339e-01 +8.4138e-01 +1.2845e+00 +1.7000e+00 +9.5598e-01 -2.4929e+00 -1.5646e-01 -2.0537e+00 +1.5200e+00 +8.2059e-01
% f evaluations | g evaluations | best noise-free fitness - Fopt (2.842200000000e+02) + sum g_i+ | measured fitness | best measured fitness or single-digit g-values | x1 | x2...
1 0 +2.872070476e+02 +5.714270476e+02 +5.714270476e+02 +5.9671e-01 -3.8264e-02 +7.4769e-01 +1.6230e+00 -1.3415e-01 -1.3414e-01 +1.6792e+00 +8.6743e-01 -3.6947e-01 +6.4256e-01
8 0 +2.785682463e+02 +5.627882463e+02 +5.627882463e+02 +4.6140e-01 +1.6380e+00 +6.4174e-02 +1.6646e+00 -2.5197e+00 +9.2190e-01 +1.8705e-01 -1.9901e-01 +1.9176e-01 -1.8876e+00
36 0 +2.186614458e+02 +5.028814458e+02 +5.028814458e+02 +4.1091e-01 +1.5754e+00 +9.5766e-01 -5.9939e-02 +8.0984e-02 -9.0253e-01 +8.1487e-02 -1.8866e-01 +4.2272e-01 -7.2723e-01
87 0 +2.140124227e+02 +4.982324227e+02 +4.982324227e+02 +3.6838e-01 +5.6020e-01 +1.2605e+00 +1.7596e-01 -7.9283e-02 -1.1490e+00 +1.4722e+00 +5.1233e-01 +6.7923e-01 -6.0501e-01
101 0 +2.078526960e+02 +4.920726960e+02 +4.920726960e+02 -7.6224e-01 +1.4628e+00 +2.1123e-02 +2.8522e-01 +4.8263e-03 -1.8791e+00 +8.2156e-01 +1.1327e+00 +3.7565e-01 -1.4721e+00
102 0 +2.055824284e+02 +4.898024284e+02 +4.898024284e+02 -5.1481e-01 +1.8833e+00 -1.9634e+00 +4.6124e-01 +4.8203e-01 -1.4577e+00 +2.0367e+00 +3.3321e-01 +6.1403e-02 -2.5017e+00
107 0 +1.910461467e+02 +4.752661467e+02 +4.752661467e+02 +5.5125e-01 +9.3971e-01 +7.9884e-01 +1.5839e-01 +1.7360e+00 -1.7786e+00 +2.1184e+00 +6.2553e-01 -2.1233e+00 -2.1430e+00
131 0 +1.720468836e+02 +4.562668836e+02 +4.562668836e+02 +5.7843e-01 -4.0604e-01 +9.0737e-01 -7.3489e-01 +6.4429e-01 -6.6934e-01 +3.0436e+00 +4.4337e-01 +3.8467e-01 -1.9784e+00
153 0 +1.649817897e+02 +4.492017897e+02 +4.492017897e+02 +1.0277e+00 +4.1916e-01 +8.5486e-01 +7.7306e-01 +7.0975e-01 +2.3202e-01 +1.7942e+00 -7.9399e-02 +1.9821e-01 -1.9422e+00
211 0 +1.549063790e+02 +4.391263790e+02 +4.391263790e+02 +2.4956e-01 +6.7617e-01 +2.6684e-02 +3.1284e+00 +9.4901e-01 -2.9913e+00 +7.6245e-01 +8.1444e-01 -1.5730e+00 -3.2058e+00
219 0 +1.436848882e+02 +4.279048882e+02 +4.279048882e+02 -7.0383e-01 -5.3825e-01 -1.7131e+00 +1.4892e+00 +6.6859e-01 -1.8056e+00 +2.0122e+00 -2.7142e-01 -4.2299e-01 -2.5609e+00
358 0 +1.348994885e+02 +4.191194885e+02 +4.191194885e+02 -9.6320e-01 +1.5510e+00 -3.6206e-01 +1.8500e+00 -6.5159e-01 -2.8900e+00 +1.7790e+00 +1.0006e+00 -9.8861e-01 -2.4849e+00
402 0 +1.300990470e+02 +4.143190470e+02 +4.143190470e+02 +1.0312e+00 +2.6212e+00 +7.8896e-01 +1.3118e+00 -3.1449e-01 -2.5318e+00 +2.9730e+00 +1.6620e+00 +4.8433e-01 -2.9570e+00
418 0 +1.246381382e+02 +4.088581382e+02 +4.088581382e+02 -9.2076e-01 +1.6573e+00 +3.9779e-01 +1.5266e+00 -1.2835e+00 -3.4569e+00 +1.8439e+00 +1.7443e+00 -9.3145e-01 -2.8544e+00
442 0 +1.188217628e+02 +4.030417628e+02 +4.030417628e+02 +1.0927e+00 +2.2631e+00 -1.7700e+00 +2.9930e-01 -1.1128e+00 -4.4528e+00 +1.5921e+00 +1.7883e+00 +2.5359e-01 -2.6191e+00
540 0 +1.041871861e+02 +3.884071861e+02 +3.884071861e+02 +1.9593e-01 +5.1109e-02 +1.5439e-01 +2.0796e+00 -6.1295e-02 -3.2574e+00 +3.3661e+00 +8.7444e-01 +6.2786e-01 -1.8663e+00
638 0 +9.072564457e+01 +3.749456446e+02 +3.749456446e+02 +1.8272e+00 +4.6379e-01 -1.3264e+00 +1.4548e+00 -7.4976e-01 -2.9937e+00 +2.0574e+00 +1.9772e+00 +2.6882e-01 -2.3034e+00
679 0 +8.636653380e+01 +3.705865338e+02 +3.705865338e+02 -7.6099e-01 -1.6888e-01 -1.1064e+00 +3.0699e+00 +1.8149e+00 -2.4922e+00 +2.8843e+00 +1.3545e+00 +4.7451e-01 -2.0522e+00
897 0 +8.606865383e+01 +3.702886538e+02 +3.702886538e+02 +9.6168e-01 -7.9113e-01 -4.1692e-01 +1.5674e+00 +6.6976e-01 -3.3370e+00 +2.8332e+00 +9.5498e-01 -1.0139e-01 -3.0740e+00
921 0 +6.658768995e+01 +3.508076899e+02 +3.508076899e+02 +1.0687e-01 +1.5528e+00 +8.6453e-01 +2.8425e+00 +1.0830e+00 -3.3214e+00 +2.9699e+00 +1.3451e+00 +8.0548e-02 -2.5479e+00
988 0 +6.352005572e+01 +3.477400557e+02 +3.477400557e+02 -2.0775e-01 -2.6214e-01 -1.2859e+00 +2.2412e+00 +7.1665e-01 -3.0602e+00 +3.0103e+00 +1.3852e+00 -1.8034e-01 -3.4700e+00
1616 0 +6.338130700e+01 +3.476013070e+02 +3.476013070e+02 -1.3178e-01 +1.6606e+00 +7.9510e-02 +1.4164e+00 +1.9695e+00 -4.0009e+00 +3.2625e+00 +1.3553e+00 +3.2452e-01 -2.5188e+00
1683 0 +4.911128877e+01 +3.333312888e+02 +3.333312888e+02 +6.4274e-02 -1.6558e-01 +2.9975e-01 +2.1177e+00 +1.4086e+00 -1.7312e+00 +3.3658e+00 +1.6560e+00 -1.4155e-01 -2.8825e+00
2494 0 +4.277184770e+01 +3.269918477e+02 +3.269918477e+02 +2.8568e-01 -3.8743e-01 +2.3563e-01 +1.4275e+00 +1.2375e+00 -3.4198e+00 +2.9201e+00 +1.5879e+00 +2.3769e-01 -2.5866e+00
% f evaluations | g evaluations | best noise-free fitness - Fopt (-3.217000000000e+01) + sum g_i+ | measured fitness | best measured fitness or single-digit g-values | x1 | x2...
1 0 +1.254530934e+03 +1.222360934e+03 +1.222360934e+03 +5.9671e-01 -3.8264e-02 +7.4769e-01 +1.6230e+00 -1.3415e-01 -1.3414e-01 +1.6792e+00 +8.6743e-01 -3.6947e-01 +6.4256e-01
2 0 +2.988261007e+02 +2.666561007e+02 +2.666561007e+02 -3.6342e-01 -3.6573e-01 +3.4196e-01 -1.8133e+00 -1.6249e+00 -4.6229e-01 -9.1283e-01 +4.1425e-01 -8.0802e-01 -1.3123e+00
5 0 +2.684744231e+02 +2.363044231e+02 +2.363044231e+02 +8.3847e-01 +2.7137e-01 -1.5648e-02 -2.0110e-01 -1.3785e+00 -6.1984e-01 -3.6064e-01 +1.1571e+00 +4.4362e-01 -1.6630e+00
7 0 +2.291453874e+02 +1.969753874e+02 +1.969753874e+02 -3.7917e-01 -8.5659e-02 -1.0063e+00 -1.0962e+00 +9.1253e-01 +1.4562e+00 +2.7990e-02 +1.1035e+00 +4.6164e-01 -5.4512e-01
20 0 +2.283004189e+02 +1.961304189e+02 +1.961304189e+02 -3.4651e-01 +9.5640e-01 +3.1409e-01 -1.1457e+00 +2.7318e-01 +4.8532e-01 -7.8386e-01 +2.5373e-01 +1.5821e-01 -1.0430e+00
37 0 +2.272136698e+02 +1.950436698e+02 +1.950436698e+02 +6.1935e-01 +1.6327e+00 -8.7601e-03 +5.0171e-01 +7.9014e-01 -3.0122e-01 +3.2409e-01 +1.1259e-01 +1.9768e-01 -6.7301e-01
43 0 +2.188937530e+02 +1.867237530e+02 +1.867237530e+02 +2.1607e+00 +1.8553e+00 -1.4896e-01 +1.0716e+00 +7.4538e-01 +1.4686e+00 -8.6492e-01 +7.8605e-01 +1.1584e+00 -1.6587e+00
69 0 +2.096999006e+02 +1.775299006e+02 +1.775299006e+02 +1.6993e+00 +1.0161e+00 -8.9383e-01 +1.9912e+00 -3.3868e-02 +2.7932e+00 -5.5143e-01 +7.7993e-01 +1.2062e+00 -1.0462e+00
76 0 +2.061124872e+02 +1.739424872e+02 +1.739424872e+02 +1.3549e+00 +2.4942e-01 -1.0861e+00 +1.0368e+00 -4.1674e-01 +6.5683e-01 -5.1004e-01 +1.6310e+00 -4.5270e-01 -5.8302e-01
79 0 +1.841911180e+02 +1.520211180e+02 +1.520211180e+02 -5.0943e-01 +5.9817e-01 -2.7197e-01 -1.1549e+00 -5.1625e-01 +1.0212e+00 -2.5443e-01 +6.3519e-01 +3.6772e-01 -1.7515e+00
146 0 +1.510544219e+02 +1.188844219e+02 +1.188844219e+02 +5.3920e-01 +1.0636e+00 +4.7234e-01 -8.1079e-01 +8.8427e-01 +2.2680e+00 -6.3940e-01 +1.7194e+00 +1.2092e-01 -1.7359e+00
150 0 +1.503449782e+02 +1.181749782e+02 +1.181749782e+02 +4.5230e-01 +8.7569e-01 -1.1750e+00 +1.0889e+00 +2.1192e+00 +1.1414e+00 -1.7061e-01 +3.0436e+00 -9.7956e-01 -8.5977e-01
182 0 +1.353674455e+02 +1.031974455e+02 +1.031974455e+02 +4.5926e-01 +1.7985e+00 -1.7020e+00 -8.7903e-01 -4.9011e-01 +1.0519e+00 +3.4368e-01 +1.2777e+00 +1.1659e+00 -2.6547e+00
219 0 +1.306496735e+02 +9.847967346e+01 +9.847967346e+01 +1.8172e+00 +3.4039e-01 +6.2549e-01 +9.1079e-01 +1.2366e+00 +1.5713e+00 -5.6804e-01 +1.8465e+00 +3.4832e-01 -3.1901e+00
443 0 +1.161247142e+02 +8.395471422e+01 +8.395471422e+01 -1.6298e+00 +2.5673e+00 -2.8513e-01 -1.8748e+00 +1.9667e+00 +1.8275e+00 -3.7148e-01 +2.0887e+00 +5.6602e-01 -3.0958e+00
519 0 +1.119592167e+02 +7.978921673e+01 +7.978921673e+01 +4.5948e-01 -3.4596e-02 -2.8319e+00 +6.6399e-02 +3.1418e+00 +5.8879e-02 -3.8195e-01 +3.3927e+00 +1.1880e+00 -2.4840e+00
663 0 +1.026615971e+02 +7.049159709e+01 +7.049159709e+01 +1.4447e+00 +2.9418e+00 -2.1327e+00 +4.1689e-01 +2.9946e+00 +3.1603e+00 -7.6020e-02 +1.7658e+00 +6.5810e-02 -2.7660e+00
667 0 +1.025104873e+02 +7.034048725e+01 +7.034048725e+01 -2.9091e-01 +3.5653e+00 -1.8104e+00 -2.3822e+00 +2.6010e+00 +2.8609e+00 +4.2028e-01 +3.7151e+00 +1.0157e+00 -2.4100e+00
742 0 +1.019615980e+02 +6.979159804e+01 +6.979159804e+01 +3.3341e-01 +1.0331e+00 -8.6311e-01 -2.3806e+00 +2.9758e+00 +2.8568e+00 -5.6293e-01 +1.9484e+00 +1.0832e+00 -2.8601e+00
752 0 +9.833774634e+01 +6.616774634e+01 +6.616774634e+01 -3.1267e-01 -9.1591e-01 -1.0148e+00 -1.2076e+00 +3.8022e+00 +1.6398e+00 -6.8922e-01 +3.8771e+00 +3.6112e-01 -3.4853e+00
765 0 +8.589410050e+01 +5.372410050e+01 +5.372410050e+01 -4.8045e-01 -1.6666e+00 -1.0327e-01 +1.2683e+00 +3.3336e+00 +6.4506e-02 -2.4404e-01 +3.9018e+00 +1.0049e+00 -2.0848e+00
872 0 +8.534510441e+01 +5.317510441e+01 +5.317510441e+01 +1.2936e-01 +1.8037e+00 +5.2723e-01 -7.0466e-02 +2.9576e+00 +6.3050e-01 -1.2501e-01 +2.9040e+00 +6.5174e-02 -2.2676e+00
961 0 +7.321113823e+01 +4.104113823e+01 +4.104113823e+01 -5.6887e-01 +1.6980e-01 +4.5695e-01 +7.1887e-01 +2.2696e+00 +1.2633e+00 +3.9289e-01 +3.0605e+00 +3.0069e-01 -3.0666e+00
1117 0 +6.924947174e+01 +3.707947174e+01 +3.707947174e+01 +8.1132e-01 +1.9558e+00 -3.6166e-01 -1.8159e-01 +3.1064e+00 +5.6892e-01 -3.1465e-01 +3.3784e+00 +7.5583e-01 -2.7694e+00
1282 0 +6.697145671e+01 +3.480145671e+01 +3.480145671e+01 +1.2963e+00 +1.8326e+00 -7.6594e-01 -1.1670e-01 +3.4105e+00 +1.1412e+00 -2.6459e-01 +3.9121e+00 +1.3324e+00 -2.6717e+00
1329 0 +6.596381478e+01 +3.379381478e+01 +3.379381478e+01 +6.6206e-01 +9.7318e-01 -5.0826e-01 +4.7567e-01 +2.5990e+00 +2.1967e+00 -2.6257e-01 +2.9790e+00 +1.2942e+00 -2.6898e+00
1494 0 +5.966340027e+01 +2.749340027e+01 +2.749340027e+01 +1.4301e+00 +1.4239e+00 +3.4872e-01 +1.2114e+00 +2.5762e+00 +7.1202e-01 -5.6902e-01 +3.0403e+00 +9.5860e-01 -3.0272e+00
1779 0 +5.883397844e+01 +2.666397844e+01 +2.666397844e+01 +4.1462e-01 +9.6676e-01 -9.4297e-01 -4.0203e-01 +3.7495e+00 +2.1203e+00 +2.6992e-01 +3.2997e+00 +9.7122e-01 -2.6850e+00
1820 0 +5.355842209e+01 +2.138842209e+01 +2.138842209e+01 +1.3798e+00 +1.3810e+00 +6.3329e-01 +5.4084e-01 +2.5693e+00 +1.5250e+00 -1.4091e-01 +3.4564e+00 +1.3743e+00 -2.7308e+00
2114 0 +5.192779866e+01 +1.975779866e+01 +1.975779866e+01 +2.4127e-01 +1.8349e+00 -4.4225e-01 +4.8670e-01 +3.6300e+00 +2.1277e+00 -1.9133e-01 +2.9264e+00 +9.6900e-01 -2.9774e+00
% f evaluations | g evaluations | best noise-free fitness - Fopt (-5.858000000000e+01) + sum g_i+ | measured fitness | best measured fitness or single-digit g-values | x1 | x2...
1 0 +3.091167199e+02 +2.505367199e+02 +2.505367199e+02 +5.9671e-01 -3.8264e-02 +7.4769e-01 +1.6230e+00 -1.3415e-01 -1.3414e-01 +1.6792e+00 +8.6743e-01 -3.6947e-01 +6.4256e-01
10 0 +3.080712949e+02 +2.494912949e+02 +2.494912949e+02 +1.9708e-01 +1.0686e+00 -6.0205e-01 -2.2766e-01 -2.9211e-01 -1.3635e+00 +3.9612e-01 +3.6106e-01 +1.0511e-01 -1.3459e-01
30 0 +2.793727110e+02 +2.207927110e+02 +2.207927110e+02 -1.0812e-01 -3.9300e-01 -4.8936e-01 +9.4960e-01 +4.5702e-01 -5.9291e-01 +9.9960e-01 +4.0730e-01 +9.1286e-01 +7.2963e-01
42 0 +2.643067199e+02 +2.057267199e+02 +2.057267199e+02 +8.1161e-01 -1.0246e+00 -1.4341e+00 +1.3777e+00 +4.3231e-01 -6.4849e-01 +1.6512e+00 +2.1567e-01 +1.2793e+00 +1.6752e-01
52 0 +2.565212179e+02 +1.979412179e+02 +1.979412179e+02 +9.6852e-01 +2.4285e-01 +7.4966e-01 +1.7876e+00 +5.0103e-02 +4.1341e-02 +1.6164e+00 +1.7592e+00 +6.3185e-01 +1.0850e+00
91 0 +2.095267027e+02 +1.509467027e+02 +1.509467027e+02 +5.7579e-01 -9.0548e-01 -7.2909e-01 +1.8670e+00 +1.1207e+00 -1.7247e+00 +2.5374e+00 +3.4924e-01 +6.8079e-01 +6.5685e-01
161 0 +1.656731926e+02 +1.070931926e+02 +1.070931926e+02 -7.2053e-01 -1.2556e+00 -2.2272e-01 +2.4289e+00 +1.9490e+00 -3.7363e+00 +2.7152e+00 +2.3820e+00 +6.5997e-01 +2.6336e-01
189 0 +1.564954172e+02 +9.791541723e+01 +9.791541723e+01 +2.3975e+00 +9.2946e-01 +2.2847e-01 +2.2860e+00 -1.0888e+00 -2.8922e+00 +1.9268e+00 +2.8604e+00 +2.8441e+00 +1.0136e+00
299 0 +1.519218070e+02 +9.334180705e+01 +9.334180705e+01 +1.4206e+00 -4.0556e+00 +2.3757e-01 +3.9935e+00 +1.1341e+00 -7.3633e-01 +1.8806e+00 +6.9028e-01 +2.3883e+00 +9.4546e-01
396 0 +1.504900542e+02 +9.191005421e+01 +9.191005421e+01 -1.3660e+00 -3.2309e+00 +3.5259e-01 +1.1737e+00 +3.0081e+00 -2.2483e+00 +2.5027e+00 +9.0005e-01 +2.1221e+00 +5.6786e-01
452 0 +1.170537321e+02 +5.847373209e+01 +5.847373209e+01 +3.7117e-01 -2.3315e+00 -6.4543e-01 +1.8700e+00 +2.5244e+00 -2.1542e+00 +1.4801e+00 +4.9016e+00 +2.6269e+00 +1.4304e+00
541 0 +1.084080453e+02 +4.982804530e+01 +4.982804530e+01 -3.2027e-01 -2.7651e+00 -5.2580e-01 +1.9769e+00 +3.1303e+00 -4.3809e+00 +2.8228e+00 +1.9400e+00 +1.8737e+00 +7.2334e-01
666 0 +8.965134239e+01 +3.107134239e+01 +3.107134239e+01 +7.2226e-01 -3.0131e+00 -2.1664e+00 +2.5954e+00 +2.5435e+00 -4.4285e+00 +2.7624e+00 +3.6496e+00 +2.4087e+00 +2.1802e+00
744 0 +6.784712038e+01 +9.267120382e+00 +9.267120382e+00 +1.1616e+00 -6.6411e-01 -5.5931e-01 +2.4380e+00 +1.8455e+00 -4.3660e+00 +2.6795e+00 +2.4135e+00 +2.4087e+00 +1.6228e+00
1156 0 +5.413535635e+01 -4.444643650e+00 -4.444643650e+00 +4.3407e-01 -2.7234e+00 +1.1364e+00 +1.8933e+00 +3.0969e+00 -3.4711e+00 +2.6329e+00 +3.2148e+00 +2.2983e+00 +1.6138e+00
1364 0 +5.329575110e+01 -5.284248903e+00 -5.284248903e+00 +1.5875e+00 -2.4762e+00 +7.4135e-01 +1.9521e+00 +3.0593e+00 -3.8894e+00 +2.7477e+00 +2.4378e+00 +2.3808e+00 +7.6127e-01
1611 0 +5.259564963e+01 -5.984350370e+00 -5.984350370e+00 +1.5022e+00 -5.2737e-01 +9.4854e-01 +1.8487e+00 +3.0291e+00 -3.9027e+00 +3.1381e+00 +3.5400e+00 +2.2273e+00 +1.3295e+00
2473 0 +4.500588987e+01 -1.357411013e+01 -1.357411013e+01 +7.1255e-01 -1.5481e+00 -6.6891e-01 +1.7312e+00 +2.9176e+00 -3.9787e+00 +2.6340e+00 +3.2275e+00 +2.3285e+00 +1.5897e+00
