% f evaluations | g evaluations | best noise-free fitness - Fopt (3.590000000000e+01) + sum g_i+ | measured fitness | best measured fitness or single-digit g-values | x1 | x2...
1 0 +3.090490570e+05 +3.090849570e+05 +3.090849570e+05 +5.9671e-01 -3.8264e-02 +7.4769e-01 +1.6230e+00 -1.3415e-01 -1.3414e-01 +1.6792e+00 +8.6743e-01 -3.6947e-01 +6.4256e-01
3 0 +2.688576330e+05 +2.688935330e+05 +2.688935330e+05 +1.5656e+00 -1.2578e-01 +1.6753e-01 -1.3247e+00 -4.4438e-01 +2.1092e-01 -1.0510e+00 +4.7570e-01 -5.0064e-01 -1.9169e-01
4 0 +2.638876136e+05 +2.639235136e+05 +2.639235136e+05 -5.0171e-01 +1.9523e+00 +8.6503e-02 -9.5771e-01 +9.2254e-01 -1.1208e+00 +3.0886e-01 -1.8597e+00 -1.2282e+00 +2.9686e-01
9 0 +2.231684420e+05 +2.232043420e+05 +2.232043420e+05 -1.1967e-01 +4.5711e-01 +1.5779e+00 -4.1827e-01 -7.0849e-01 -4.0176e-01 +1.0154e+00 +4.2875e-01 -4.2976e-01 +6.1327e-01
21 0 +1.923015603e+05 +1.923374603e+05 +1.923374603e+05 +4.5779e-01 +6.6078e-01 +1.1831e+00 +1.1538e+00 -1.2777e+00 -8.3783e-01 +6.1504e-01 +6.1379e-01 +6.1505e-01 +3.9527e+00
51 0 +1.321850187e+05 +1.322209187e+05 +1.322209187e+05 +1.9071e+00 +6.9474e-01 +1.8498e+00 +2.5422e-01 -9.2699e-01 -5.3009e-01 -1.3281e+00 -7.1260e-01 +1.7858e+00 +2.2666e+00
61 0 +6.578690031e+04 +6.582280031e+04 +6.582280031e+04 +7.4879e-01 +8.1317e-01 +2.7259e+00 -1.5631e+00 -4.1155e-01 -5.6256e-02 -1.2492e+00 +1.0475e+00 -1.8952e-02 +1.9978e+00
71 0 +2.078491435e+04 +2.082081435e+04 +2.082081435e+04 +9.3534e-01 +2.1448e+00 +2.6253e+00 +2.0453e-01 +6.3440e-01 -2.5315e+00 -1.8916e+00 +5.1797e-01 -7.6855e-01 +1.0879e+00
127 0 +1.480872821e+04 +1.484462821e+04 +1.484462821e+04 +4.1070e-01 -2.2475e-01 +3.8225e+00 +1.7003e+00 +6.9679e-01 -3.6720e+00 -2.4540e+00 -1.7521e+00 -3.4690e+00 +9.6544e-01
151 0 +2.027889676e+03 +2.063789676e+03 +2.063789676e+03 +1.7409e+00 +2.6953e+00 +3.4326e+00 +2.6818e+00 -1.7303e+00 -4.2657e+00 -1.6478e+00 -1.5909e+00 -4.4776e+00 +8.4439e-01
155 0 +1.183844458e+02 +1.542844458e+02 +1.542844458e+02 +2.2413e+00 +4.4010e+00 +2.3122e+00 +1.7058e+00 -5.7199e-01 -3.1595e+00 -4.0255e+00 +7.6468e-01 -2.2140e+00 +3.2189e+00
224 0 +8.321374317e+01 +1.191137432e+02 +1.191137432e+02 +1.8196e+00 +3.3171e+00 +3.4828e+00 -5.3000e-02 -1.5146e+00 -3.6733e+00 -4.3137e+00 -2.9463e+00 -2.8289e+00 +1.4930e+00
366 0 +8.162776246e+01 +1.175277625e+02 +1.175277625e+02 +2.0294e+00 +3.0764e+00 +3.3246e+00 +1.3031e+00 +4.5939e-01 -1.3686e+00 -4.1490e+00 -9.8917e-01 -4.5643e+00 +2.5875e+00
461 0 +6.875648910e+01 +1.046564891e+02 +1.046564891e+02 +8.5709e-01 +3.7001e+00 +3.8781e+00 +2.4397e-01 -6.2875e-02 -3.1988e+00 -2.2302e+00 -3.7178e+00 -4.7191e+00 +1.8596e+00
471 0 +6.203614129e+01 +9.793614129e+01 +9.793614129e+01 +1.3264e+00 +4.0271e+00 +1.5512e+00 +2.0160e-01 +1.8412e+00 -2.6934e+00 -4.6329e+00 -3.7074e+00 -2.2912e+00 +2.0634e+00
511 0 +4.812570192e+01 +8.402570192e+01 +8.402570192e+01 +2.2397e+00 +4.1679e+00 +4.4470e+00 +1.3338e-01 -6.8028e-01 -3.0988e+00 -1.3982e+00 -4.3173e+00 -3.3611e+00 -1.0720e+00
606 0 +4.397282869e+01 +7.987282869e+01 +7.987282869e+01 +1.4337e+00 +2.6125e+00 +2.6085e+00 +3.6285e+00 +1.3417e+00 -2.5675e+00 -4.7067e+00 -2.2650e+00 -4.5531e+00 +1.7176e+00
623 0 +4.041443317e+01 +7.631443317e+01 +7.631443317e+01 +2.0905e+00 +3.4123e+00 +3.1259e+00 +1.8694e+00 -3.6755e-01 -2.1143e+00 -1.5402e+00 -2.3295e+00 -3.9800e+00 +9.2195e-01
761 0 +4.013206801e+01 +7.603206801e+01 +7.603206801e+01 +1.5523e+00 +2.8690e+00 +3.3158e+00 +5.7882e-01 -1.8798e+00 -2.3971e+00 -2.1423e+00 -3.5760e+00 -2.5980e+00 -7.3497e-01
804 0 +3.163074467e+01 +6.753074467e+01 +6.753074467e+01 +1.6742e+00 +3.3775e+00 +3.6504e+00 +2.0056e+00 -4.1617e-01 -2.0809e+00 -2.4319e+00 -1.7136e+00 -3.6908e+00 -3.8823e-01
903 0 +2.343582244e+01 +5.933582244e+01 +5.933582244e+01 +2.8430e+00 +3.4466e+00 +2.8790e+00 +1.4592e+00 -2.1315e+00 -2.8729e+00 -2.9078e+00 -2.2023e+00 -3.4274e+00 -1.5383e+00
1017 0 +1.827087123e+01 +5.417087123e+01 +5.417087123e+01 +1.9328e+00 +1.9338e+00 +2.4484e+00 +2.2481e+00 -1.5070e+00 -3.2759e+00 -1.7270e+00 -2.9039e+00 -4.6385e+00 -2.5686e-01
1240 0 +1.297448705e+01 +4.887448705e+01 +4.887448705e+01 +2.5648e+00 +2.0336e+00 +3.6558e+00 +3.1319e+00 -3.8087e-01 -2.8325e+00 -2.9396e+00 -1.4665e+00 -3.2788e+00 -1.7389e+00
1303 0 +1.292563930e+01 +4.882563930e+01 +4.882563930e+01 +1.9924e+00 +2.2402e+00 +2.3895e+00 +2.1479e+00 -6.0362e-01 -3.1774e+00 -3.5541e+00 -1.6712e+00 -2.3958e+00 -1.5070e+00
1338 0 +1.030427700e+01 +4.620427700e+01 +4.620427700e+01 +3.1178e+00 +1.5606e+00 +3.3692e+00 +2.6356e+00 -1.7528e+00 -2.8839e+00 -2.5494e+00 -1.7307e+00 -3.4762e+00 -2.0630e+00
1560 0 +6.785246351e+00 +4.268524635e+01 +4.268524635e+01 +2.9517e+00 +1.6477e+00 +3.2463e+00 +2.4382e+00 -1.3122e+00 -3.2905e+00 -2.2569e+00 -2.6213e+00 -3.7003e+00 -2.3069e+00
1580 0 +5.847724889e+00 +4.174772489e+01 +4.174772489e+01 +2.8502e+00 +1.9968e+00 +2.4416e+00 +2.6492e+00 -1.7431e+00 -2.8888e+00 -2.7590e+00 -2.1158e+00 -3.6650e+00 -1.8705e+00
1933 0 +4.628857236e+00 +4.052885724e+01 +4.052885724e+01 +2.7032e+00 +1.8433e+00 +2.7940e+00 +2.9384e+00 -1.4791e+00 -3.2704e+00 -2.3964e+00 -2.0737e+00 -3.4314e+00 -2.0649e+00
1981 0 +4.324261762e+00 +4.022426176e+01 +4.022426176e+01 +2.5851e+00 +2.0333e+00 +2.6799e+00 +2.7996e+00 -1.2270e+00 -2.7604e+00 -2.9793e+00 -2.4053e+00 -3.3215e+00 -2.0319e+00
2108 0 +3.206867801e+00 +3.910686780e+01 +3.910686780e+01 +2.7902e+00 +1.6553e+00 +2.5371e+00 +2.9684e+00 -1.5770e+00 -3.1773e+00 -2.7266e+00 -2.0903e+00 -3.1629e+00 -2.1611e+00
2268 0 +3.005547131e+00 +3.890554713e+01 +3.890554713e+01 +2.9328e+00 +1.6118e+00 +2.7369e+00 +3.0481e+00 -1.4214e+00 -3.0799e+00 -2.4240e+00 -1.9728e+00 -3.5154e+00 -2.2139e+00
2272 0 +2.461727590e+00 +3.836172759e+01 +3.836172759e+01 +2.6043e+00 +1.5634e+00 +2.6189e+00 +3.0316e+00 -1.1735e+00 -3.1421e+00 -2.6903e+00 -2.0655e+00 -3.4904e+00 -2.1900e+00
2404 0 +2.229625639e+00 +3.812962564e+01 +3.812962564e+01 +2.9010e+00 +1.3588e+00 +2.7450e+00 +3.1617e+00 -1.4487e+00 -3.0375e+00 -2.5728e+00 -2.0646e+00 -3.3972e+00 -2.2611e+00
% f evaluations | g evaluations | best noise-free fitness - Fopt (3.137000000000e+01) + sum g_i+ | measured fitness | best measured fitness or single-digit g-values | x1 | x2...
1 0 +1.643424689e+05 +1.643738389e+05 +1.643738389e+05 +5.9671e-01 -3.8264e-02 +7.4769e-01 +1.6230e+00 -1.3415e-01 -1.3414e-01 +1.6792e+00 +8.6743e-01 -3.6947e-01 +6.4256e-01
5 0 +1.017071090e+05 +1.017384790e+05 +1.017384790e+05 +8.3847e-01 +2.7137e-01 -1.5648e-02 -2.0110e-01 -1.3785e+00 -6.1984e-01 -3.6064e-01 +1.1571e+00 +4.4362e-01 -1.6630e+00
33 0 +6.327828245e+04 +6.330965245e+04 +6.330965245e+04 +1.9700e-01 +6.9516e-01 -7.1822e-01 +2.1924e+00 -9.0602e-01 -1.1142e+00 +1.2581e+00 +8.9166e-01 +7.2412e-01 +7.2835e-01
39 0 +6.154235215e+04 +6.157372215e+04 +6.157372215e+04 -7.3972e-01 -4.9939e-01 -2.0239e+00 -4.2576e-01 -6.5913e-01 +2.5039e-01 +4.4176e-01 +1.9762e+00 +1.0504e+00 -4.7690e-01
52 0 +9.125312013e+03 +9.156682013e+03 +9.156682013e+03 +2.2508e+00 +2.1570e+00 -6.7221e-01 +1.8464e+00 -8.7554e-01 -9.6598e-01 +2.0920e-02 +1.7072e+00 +3.1631e+00 -1.8686e-01
213 0 +6.634299280e+03 +6.665669280e+03 +6.665669280e+03 +3.6792e+00 +2.6659e+00 -2.5759e+00 -2.9536e+00 -8.7188e-01 -3.2979e+00 -4.3286e-01 +3.6284e+00 +3.0303e+00 +9.9879e-01
253 0 +8.410247481e+01 +1.154724748e+02 +1.154724748e+02 +2.9347e+00 +4.0006e+00 -4.0143e+00 +1.4336e+00 -2.1342e+00 -3.3218e+00 -1.4667e+00 +3.0314e+00 +1.5053e+00 +8.2358e-01
461 0 +8.086742131e+01 +1.122374213e+02 +1.122374213e+02 +1.4373e+00 +2.7447e+00 -3.3176e+00 +1.1681e+00 -4.0260e+00 -2.0534e+00 -1.9377e+00 +1.9444e+00 +2.8301e+00 +3.1943e+00
514 0 +4.175718327e+01 +7.312718327e+01 +7.312718327e+01 +6.2979e-01 +2.4358e+00 -3.7466e+00 +2.4987e+00 -3.7213e+00 -1.8790e+00 -2.2688e+00 +3.2752e+00 +1.2833e+00 +2.1364e+00
809 0 +4.131155891e+01 +7.268155891e+01 +7.268155891e+01 +6.2675e-01 +2.4709e+00 -3.0362e+00 +2.5453e+00 -3.3252e+00 -2.2245e+00 -2.0549e+00 +4.5355e+00 +1.1076e+00 +4.5300e-01
993 0 +3.685552808e+01 +6.822552808e+01 +6.822552808e+01 +4.4009e-01 +2.8101e+00 -2.2962e+00 +3.2245e+00 -3.2655e+00 -1.9051e+00 -3.2511e+00 +3.9190e+00 +2.7228e+00 +7.8762e-01
1106 0 +3.300585134e+01 +6.437585134e+01 +6.437585134e+01 +1.8686e+00 +3.3614e+00 -4.0296e+00 +3.1370e+00 -2.7785e+00 -1.7450e+00 -3.5140e+00 +3.8590e+00 +1.3793e+00 +4.8247e-01
1138 0 +2.443751413e+01 +5.580751413e+01 +5.580751413e+01 +1.3049e+00 +2.7880e+00 -2.3252e+00 +3.6279e+00 -3.3761e+00 -1.3006e+00 -3.2121e+00 +3.2791e+00 +1.4920e+00 +1.5425e+00
1150 0 +2.354477666e+01 +5.491477666e+01 +5.491477666e+01 +1.7685e+00 +3.2820e+00 -3.3085e+00 +3.7941e+00 -2.8787e+00 -1.0124e+00 -3.0448e+00 +3.3053e+00 +1.5208e+00 +5.2877e-01
1210 0 +2.349965833e+01 +5.486965833e+01 +5.486965833e+01 +6.3826e-01 +3.0975e+00 -2.6585e+00 +4.3381e+00 -3.0126e+00 -1.3636e+00 -2.4110e+00 +2.6853e+00 +2.0343e+00 +9.1599e-01
1279 0 +2.006839595e+01 +5.143839595e+01 +5.143839595e+01 +1.9156e+00 +3.1314e+00 -4.4984e+00 +3.7350e+00 -2.4081e+00 -3.6105e-01 -3.4394e+00 +3.5128e+00 +3.1351e-01 +8.5201e-01
1385 0 +1.982539154e+01 +5.119539154e+01 +5.119539154e+01 +7.5168e-01 +3.1611e+00 -3.4741e+00 +3.3585e+00 -2.9059e+00 -1.2798e+00 -3.1497e+00 +2.5813e+00 +1.6323e+00 +2.9710e-01
1463 0 +1.314788254e+01 +4.451788254e+01 +4.451788254e+01 +9.1671e-01 +2.3121e+00 -2.7224e+00 +3.3401e+00 -2.7177e+00 -7.4740e-01 -2.7905e+00 +3.0871e+00 +1.0600e+00 +7.3298e-01
1614 0 +1.270087452e+01 +4.407087452e+01 +4.407087452e+01 +8.8637e-02 +2.5531e+00 -3.5352e+00 +2.8277e+00 -2.5022e+00 -8.2640e-01 -2.7010e+00 +2.5974e+00 +1.2764e+00 +6.5625e-01
1634 0 +1.137386995e+01 +4.274386995e+01 +4.274386995e+01 +4.9021e-01 +2.8228e+00 -3.3853e+00 +2.3504e+00 -2.4577e+00 -3.0930e-01 -3.6978e+00 +2.6868e+00 +7.9412e-01 +2.6482e-01
1712 0 +6.254895862e+00 +3.762489586e+01 +3.762489586e+01 -9.3467e-02 +1.8894e+00 -3.1913e+00 +3.1990e+00 -2.4428e+00 -7.3607e-01 -3.1067e+00 +2.5155e+00 +1.2079e+00 -1.0906e-01
2326 0 +5.700937688e+00 +3.707093769e+01 +3.707093769e+01 +4.7238e-01 +2.3954e+00 -4.0877e+00 +3.0109e+00 -2.4451e+00 +1.0055e-01 -3.8133e+00 +2.6686e+00 +3.8423e-01 +7.2257e-01
2404 0 +4.639991269e+00 +3.600999127e+01 +3.600999127e+01 +8.2637e-02 +2.1959e+00 -3.6876e+00 +3.2993e+00 -1.9559e+00 -1.6189e-01 -2.8870e+00 +2.6478e+00 +4.5396e-01 +4.4672e-01
2453 0 +3.925622228e+00 +3.529562223e+01 +3.529562223e+01 +2.3453e-01 +2.2274e+00 -3.6618e+00 +3.0981e+00 -2.2008e+00 -1.2401e-01 -3.4000e+00 +2.6687e+00 +4.4677e-01 +4.5160e-01
% f evaluations | g evaluations | best noise-free fitness - Fopt (-1.000000000000e+03) + sum g_i+ | measured fitness | best measured fitness or single-digit g-values | x1 | x2...
1 0 +2.725748886e+05 +2.715748886e+05 +2.715748886e+05 +5.9671e-01 -3.8264e-02 +7.4769e-01 +1.6230e+00 -1.3415e-01 -1.3414e-01 +1.6792e+00 +8.6743e-01 -3.6947e-01 +6.4256e-01
9 0 +2.315698115e+05 +2.305698115e+05 +2.305698115e+05 -1.1967e-01 +4.5711e-01 +1.5779e+00 -4.1827e-01 -7.0849e-01 -4.0176e-01 +1.0154e+00 +4.2875e-01 -4.2976e-01 +6.1327e-01
12 0 +2.069264728e+05 +2.059264728e+05 +2.059264728e+05 -1.8188e+00 +7.3486e-02 +1.6023e-01 +2.5632e+00 -9.2361e-02 +4.0155e-01 +6.5288e-02 -1.0687e+00 +1.2428e+00 +8.5193e-01
21 0 +1.426838322e+05 +1.416838322e+05 +1.416838322e+05 +4.5779e-01 +6.6078e-01 +1.1831e+00 +1.1538e+00 -1.2777e+00 -8.3783e-01 +6.1504e-01 +6.1379e-01 +6.1505e-01 +3.9527e+00
77 0 +9.823376984e+04 +9.723376984e+04 +9.723376984e+04 -1.3425e+00 +4.8678e-01 +2.6575e+00 +3.4499e-01 -1.9042e+00 -4.2655e-01 -7.7117e-03 -2.4833e+00 -1.1390e+00 +3.1073e+00
106 0 +2.715087373e+04 +2.615087373e+04 +2.615087373e+04 -2.1834e+00 -2.4952e+00 -3.7694e-01 +3.6274e+00 -1.6951e+00 -4.5684e+00 +1.1475e+00 -2.4391e+00 -1.5645e+00 +3.8710e+00
223 0 +7.229180713e+03 +6.229180713e+03 +6.229180713e+03 -2.8719e+00 -4.2040e+00 +3.9092e+00 +2.3246e+00 -2.3397e+00 -3.1316e+00 +4.4476e-01 -4.0686e+00 +2.0208e-01 +3.6788e+00
390 0 +6.857685705e+03 +5.857685705e+03 +5.857685705e+03 -2.2725e+00 -3.4539e+00 +2.3233e+00 +4.1369e+00 -2.7810e+00 -3.2607e+00 +5.0537e-01 -1.7101e+00 -1.2264e+00 +3.4854e+00
393 0 +6.310138878e+03 +5.310138878e+03 +5.310138878e+03 -1.0226e+00 -3.8431e+00 +3.9872e+00 +4.6961e+00 -2.3924e+00 -1.2265e+00 -1.0479e+00 -3.4855e+00 -7.5086e-01 +3.5132e+00
403 0 +2.934575759e+02 -7.065424241e+02 -7.065424241e+02 -1.3960e+00 -1.7287e+00 +1.8015e+00 +2.7143e+00 -3.5902e+00 -2.6859e+00 +1.9570e+00 -3.4756e+00 -1.0722e+00 +3.2833e+00
463 0 +2.574239049e+02 -7.425760951e+02 -7.425760951e+02 -1.4224e-01 -3.3796e+00 +3.7103e+00 +2.8481e+00 -2.6328e+00 -1.4630e+00 +1.7105e+00 -1.6086e+00 -7.5194e-01 +4.5869e+00
464 0 +1.249398066e+02 -8.750601934e+02 -8.750601934e+02 -8.6003e-01 -3.2823e+00 +3.1070e+00 +3.6313e+00 -1.2884e+00 -1.7022e-01 +3.5843e+00 -3.9668e+00 -1.9929e+00 +3.8594e+00
566 0 +4.081817757e+01 -9.591818224e+02 -9.591818224e+02 -7.5745e-01 -3.2744e+00 +2.7340e+00 +3.0039e+00 -2.6051e+00 -8.4416e-01 +4.6463e-01 -4.2103e+00 -1.0886e+00 +3.4932e+00
748 0 +3.961610550e+01 -9.603838945e+02 -9.603838945e+02 +1.0485e-02 -3.5356e+00 +3.5560e+00 +3.4201e+00 -8.9984e-01 -1.3892e+00 +1.7639e+00 -4.5753e+00 -8.5098e-01 +3.9162e+00
864 0 +2.917223727e+01 -9.708277627e+02 -9.708277627e+02 +1.9729e-01 -3.0266e+00 +4.0850e+00 +3.5520e+00 -1.1216e+00 -8.8670e-01 +1.3025e+00 -3.9755e+00 -2.0661e+00 +3.9212e+00
987 0 +1.724056137e+01 -9.827594386e+02 -9.827594386e+02 -4.7115e-01 -2.8095e+00 +3.7464e+00 +3.3079e+00 -1.4878e+00 +8.3024e-01 +5.6316e-01 -4.8583e+00 -9.9757e-01 +3.1338e+00
1353 0 +1.618511547e+01 -9.838148845e+02 -9.838148845e+02 -2.1880e-02 -3.3959e+00 +4.1912e+00 +2.6367e+00 -1.2170e+00 -2.7807e-01 +6.1459e-01 -4.6465e+00 -6.6313e-01 +2.7813e+00
1367 0 +1.574333463e+01 -9.842566654e+02 -9.842566654e+02 +1.5476e-01 -2.4134e+00 +3.5928e+00 +3.1167e+00 -1.3068e+00 -7.1008e-01 -8.9948e-03 -4.1194e+00 -1.2305e+00 +3.5666e+00
1370 0 +1.294014180e+01 -9.870598582e+02 -9.870598582e+02 +6.8241e-02 -3.2976e+00 +4.0696e+00 +3.1008e+00 -1.0374e+00 +4.0930e-01 -1.6307e-01 -4.7128e+00 -8.4008e-01 +3.5909e+00
1418 0 +1.231090528e+01 -9.876890947e+02 -9.876890947e+02 +2.3890e-01 -3.6867e+00 +3.6360e+00 +4.1120e+00 -7.2544e-01 -8.7873e-02 +5.4929e-01 -4.7054e+00 -1.1364e+00 +2.9087e+00
1553 0 +1.183025987e+01 -9.881697401e+02 -9.881697401e+02 +6.9792e-01 -3.6011e+00 +3.8385e+00 +2.9173e+00 -1.6638e+00 -1.1326e-01 -5.8747e-01 -4.7813e+00 -8.6306e-01 +3.0791e+00
1624 0 +1.063807940e+01 -9.893619206e+02 -9.893619206e+02 +6.3084e-01 -3.5174e+00 +3.8165e+00 +3.2357e+00 -1.1875e+00 -6.6163e-02 -4.2054e-01 -4.7467e+00 -4.8462e-01 +3.2784e+00
1659 0 +8.672741889e+00 -9.913272581e+02 -9.913272581e+02 +2.1348e-01 -3.3811e+00 +4.0780e+00 +3.3854e+00 -9.4029e-01 +1.4782e-02 +1.6174e-01 -4.8305e+00 -7.2079e-01 +2.8386e+00
1684 0 +6.767121880e+00 -9.932328781e+02 -9.932328781e+02 +9.1445e-02 -3.2732e+00 +3.6600e+00 +3.4845e+00 -8.4608e-01 -8.6679e-02 -2.5692e-01 -4.0857e+00 -7.9206e-01 +2.8458e+00
1740 0 +6.604146748e+00 -9.933958533e+02 -9.933958533e+02 +2.6380e-01 -3.4238e+00 +3.2277e+00 +3.0284e+00 -1.3217e+00 +3.0678e-01 -6.9813e-02 -4.9878e+00 -8.4237e-01 +2.4765e+00
1743 0 +6.389516712e+00 -9.936104833e+02 -9.936104833e+02 +2.6237e-01 -3.3656e+00 +3.6374e+00 +3.5459e+00 -8.7599e-01 -8.2760e-01 -1.8335e-01 -4.1967e+00 -9.0956e-01 +2.4496e+00
1755 0 +5.670229780e+00 -9.943297702e+02 -9.943297702e+02 +3.1830e-01 -3.3035e+00 +3.3712e+00 +3.4637e+00 -1.0835e+00 -2.3519e-01 +6.0941e-02 -4.7271e+00 -1.1467e+00 +2.3796e+00
1944 0 +5.149400985e+00 -9.948505990e+02 -9.948505990e+02 +6.3353e-01 -3.3186e+00 +3.5574e+00 +3.2877e+00 -9.2085e-01 -7.8708e-01 -4.1627e-01 -4.1949e+00 -9.8106e-01 +2.4113e+00
1962 0 +5.120728275e+00 -9.948792717e+02 -9.948792717e+02 -1.8725e-01 -3.1915e+00 +3.1062e+00 +3.3925e+00 -1.1027e+00 -1.4205e-01 +9.3554e-02 -4.6429e+00 -1.1249e+00 +2.0551e+00
1972 0 +4.494136242e+00 -9.955058638e+02 -9.955058638e+02 +3.8174e-01 -3.4580e+00 +3.6944e+00 +3.7719e+00 -6.9732e-01 -1.8646e-01 -1.8646e-01 -4.6618e+00 -9.5209e-01 +2.4277e+00
2089 0 +4.228257596e+00 -9.957717424e+02 -9.957717424e+02 +4.9808e-01 -3.1913e+00 +3.6755e+00 +3.4246e+00 -9.3946e-01 -2.1197e-01 -9.6367e-02 -4.2018e+00 -1.2393e+00 +2.3421e+00
2209 0 +4.115980978e+00 -9.958840190e+02 -9.958840190e+02 +2.9473e-01 -3.2373e+00 +3.3597e+00 +3.1303e+00 -1.0774e+00 -1.5650e-01 -3.0254e-01 -4.3603e+00 -1.2879e+00 +2.4009e+00
2212 0 +4.010175366e+00 -9.959898246e+02 -9.959898246e+02 +6.5994e-02 -3.1657e+00 +3.2655e+00 +3.3512e+00 -1.3067e+00 -1.9017e-01 -3.8177e-01 -4.0075e+00 -1.1702e+00 +2.1739e+00
2222 0 +4.000543180e+00 -9.959994568e+02 -9.959994568e+02 +3.5938e-01 -3.1571e+00 +3.6865e+00 +3.2605e+00 -1.0081e+00 -2.9791e-01 -3.0751e-01 -4.0643e+00 -1.3559e+00 +2.3014e+00
2236 0 +2.921870049e+00 -9.970781300e+02 -9.970781300e+02 -3.1022e-03 -3.2903e+00 +3.2810e+00 +3.5176e+00 -7.5996e-01 -3.6444e-01 -4.0034e-01 -3.9988e+00 -9.1136e-01 +2.1730e+00
2315 0 +2.313920000e+00 -9.976860800e+02 -9.976860800e+02 -1.2458e-02 -3.2708e+00 +3.3045e+00 +3.8282e+00 -8.2396e-01 -1.4244e-01 -1.9035e-01 -4.3163e+00 -1.2403e+00 +1.8275e+00
% f evaluations | g evaluations | best noise-free fitness - Fopt (1.319200000000e+02) + sum g_i+ | measured fitness | best measured fitness or single-digit g-values | x1 | x2...
1 0 +5.885807765e+05 +5.887126965e+05 +5.887126965e+05 +5.9671e-01 -3.8264e-02 +7.4769e-01 +1.6230e+00 -1.3415e-01 -1.3414e-01 +1.6792e+00 +8.6743e-01 -3.6947e-01 +6.4256e-01
2 0 +5.199055727e+05 +5.200374927e+05 +5.200374927e+05 -3.6342e-01 -3.6573e-01 +3.4196e-01 -1.8133e+00 -1.6249e+00 -4.6229e-01 -9.1283e-01 +4.1425e-01 -8.0802e-01 -1.3123e+00
5 0 +3.766513236e+05 +3.767832436e+05 +3.767832436e+05 +8.3847e-01 +2.7137e-01 -1.5648e-02 -2.0110e-01 -1.3785e+00 -6.1984e-01 -3.6064e-01 +1.1571e+00 +4.4362e-01 -1.6630e+00
8 0 +3.728570265e+05 +3.729889465e+05 +3.729889465e+05 +4.6140e-01 +1.6380e+00 +6.4174e-02 +1.6646e+00 -2.5197e+00 +9.2190e-01 +1.8705e-01 -1.9901e-01 +1.9176e-01 -1.8876e+00
39 0 +2.359326861e+05 +2.360646061e+05 +2.360646061e+05 -7.3972e-01 -4.9939e-01 -2.0239e+00 -4.2576e-01 -6.5913e-01 +2.5039e-01 +4.4176e-01 +1.9762e+00 +1.0504e+00 -4.7690e-01
55 0 +1.210743159e+05 +1.212062359e+05 +1.212062359e+05 -1.5853e+00 +4.5100e-01 -3.2971e+00 -1.7044e+00 -9.0615e-01 -1.1288e+00 -8.9898e-01 +2.4480e+00 -8.9743e-02 +1.2506e+00
107 0 +6.221912665e+04 +6.235104665e+04 +6.235104665e+04 -2.3860e+00 +3.9263e+00 -2.9859e+00 -9.3663e-01 -2.7113e+00 +6.9280e-01 -3.3688e+00 +2.1956e+00 +1.7157e-01 -2.1489e+00
167 0 +3.402654964e+04 +3.415846964e+04 +3.415846964e+04 -1.4595e+00 +3.9598e+00 -1.4069e+00 +1.2710e+00 -4.2826e+00 -1.3511e+00 -3.8358e+00 +3.7031e+00 -1.4752e+00 -2.5724e+00
206 0 +9.327654923e+03 +9.459574923e+03 +9.459574923e+03 -4.6457e+00 +4.4923e+00 -3.9267e+00 +1.2355e+00 -4.1718e+00 +1.0771e+00 -5.2845e-01 +3.0809e+00 -4.1969e-02 -3.6645e+00
320 0 +4.436049505e+02 +5.755249505e+02 +5.755249505e+02 -4.2829e+00 +2.2421e+00 -4.0875e+00 +2.0220e+00 -4.8209e+00 -7.6151e-02 -3.4952e+00 +4.8329e+00 +1.5235e+00 -2.3170e+00
569 0 +2.152382935e+02 +3.471582935e+02 +3.471582935e+02 -3.7954e+00 +2.8254e+00 -2.7207e+00 +1.1478e+00 -3.8952e+00 +1.7446e+00 -3.8253e+00 +3.3641e+00 +8.7846e-01 +7.1369e-01
715 0 +4.988080183e+01 +1.818008018e+02 +1.818008018e+02 -3.8601e+00 +2.1849e+00 -3.7182e+00 +3.1925e-01 -4.5899e+00 -7.2213e-01 -4.6916e+00 +4.1134e+00 -1.0049e+00 +1.7840e+00
725 0 +4.408590070e+01 +1.760059007e+02 +1.760059007e+02 -4.6129e+00 +2.0872e+00 -4.9566e+00 +1.6046e+00 -3.5064e+00 -4.6249e-01 -4.9817e+00 +3.8773e+00 -8.8675e-01 +1.8106e+00
935 0 +3.477089570e+01 +1.666908957e+02 +1.666908957e+02 -4.6931e+00 +2.4484e+00 -4.1023e+00 +1.5229e-01 -2.8708e+00 +9.5474e-01 -3.6334e+00 +4.3957e+00 +4.3825e-01 +3.8504e-01
1234 0 +2.080523175e+01 +1.527252317e+02 +1.527252317e+02 -4.4954e+00 +3.0296e+00 -4.1224e+00 -7.7183e-03 -3.1699e+00 +2.0073e+00 -4.1399e+00 +3.1586e+00 -1.0508e-01 +1.5289e+00
1425 0 +1.891559208e+01 +1.508355921e+02 +1.508355921e+02 -4.5335e+00 +3.0871e+00 -3.5387e+00 -1.2274e-01 -2.8985e+00 +1.7746e+00 -4.3013e+00 +3.7624e+00 -1.2397e+00 +1.4632e+00
1429 0 +1.542218637e+01 +1.473421864e+02 +1.473421864e+02 -4.5903e+00 +2.3020e+00 -3.9889e+00 +1.9292e-01 -3.2209e+00 +1.8863e+00 -4.1342e+00 +4.0116e+00 -9.8529e-01 +1.8158e+00
1525 0 +1.235357431e+01 +1.442735743e+02 +1.442735743e+02 -4.9080e+00 +2.0303e+00 -3.7019e+00 +6.1993e-01 -3.0322e+00 +2.9500e+00 -3.5646e+00 +3.7271e+00 -9.8094e-01 +1.8497e+00
1605 0 +7.756541907e+00 +1.396765419e+02 +1.396765419e+02 -4.5343e+00 +2.6121e+00 -3.6126e+00 -3.7293e-01 -2.4949e+00 +2.4929e+00 -4.0719e+00 +3.8122e+00 -1.2087e+00 +2.2392e+00
1629 0 +6.385625062e+00 +1.383056251e+02 +1.383056251e+02 -4.0787e+00 +2.5305e+00 -3.9505e+00 -1.1669e-01 -2.2155e+00 +2.4515e+00 -3.7810e+00 +3.8783e+00 -9.0183e-01 +2.2607e+00
2027 0 +5.471005243e+00 +1.373910052e+02 +1.373910052e+02 -4.7375e+00 +2.1628e+00 -3.5950e+00 +8.9297e-02 -2.3304e+00 +2.5717e+00 -3.4046e+00 +4.0867e+00 -1.4817e+00 +2.2259e+00
2272 0 +5.016348562e+00 +1.369363486e+02 +1.369363486e+02 -4.4580e+00 +2.0110e+00 -3.9934e+00 -1.5529e-01 -2.4321e+00 +2.0467e+00 -3.5465e+00 +3.5483e+00 -1.1708e+00 +2.1342e+00
2303 0 +4.178596978e+00 +1.360985970e+02 +1.360985970e+02 -4.7705e+00 +2.2136e+00 -3.8163e+00 -2.8270e-01 -1.9519e+00 +2.6329e+00 -3.4687e+00 +4.3218e+00 -1.1638e+00 +2.6243e+00
2311 0 +3.289154057e+00 +1.352091541e+02 +1.352091541e+02 -4.4434e+00 +2.3932e+00 -3.8870e+00 -6.2983e-01 -2.0451e+00 +2.0829e+00 -3.6314e+00 +3.7705e+00 -1.3879e+00 +2.7011e+00
2456 0 +3.084745940e+00 +1.350047459e+02 +1.350047459e+02 -4.5208e+00 +2.2271e+00 -3.8368e+00 +6.7707e-02 -2.0120e+00 +2.7646e+00 -3.5536e+00 +4.0709e+00 -1.2836e+00 +2.7952e+00
% f evaluations | g evaluations | best noise-free fitness - Fopt (5.908400000000e+02) + sum g_i+ | measured fitness | best measured fitness or single-digit g-values | x1 | x2...
1 0 +7.245945316e+03 +7.836785316e+03 +7.836785316e+03 +5.9671e-01 -3.8264e-02 +7.4769e-01 +1.6230e+00 -1.3415e-01 -1.3414e-01 +1.6792e+00 +8.6743e-01 -3.6947e-01 +6.4256e-01
11 0 +1.374302282e+02 +7.282702282e+02 +7.282702282e+02 -1.3154e+00 -3.2065e-01 -2.4271e-01 -7.0228e-01 -6.1286e-02 +5.0405e-01 +1.9862e+00 +2.7458e-01 +3.5755e-01 +2.5554e-02
30 0 +1.218067021e+02 +7.126467021e+02 +7.126467021e+02 -1.0812e-01 -3.9300e-01 -4.8936e-01 +9.4960e-01 +4.5702e-01 -5.9291e-01 +9.9960e-01 +4.0730e-01 +9.1286e-01 +7.2963e-01
33 0 +1.179064277e+02 +7.087464277e+02 +7.087464277e+02 +1.9700e-01 +6.9516e-01 -7.1822e-01 +2.1924e+00 -9.0602e-01 -1.1142e+00 +1.2581e+00 +8.9166e-01 +7.2412e-01 +7.2835e-01
296 0 +1.151477455e+02 +7.059877455e+02 +7.059877455e+02 -4.9806e-01 +2.7486e-01 -3.2411e+00 +7.2052e-02 -5.8928e-01 -2.2151e+00 +1.8715e+00 +8.1547e-01 +3.7974e+00 -4.2599e-01
499 0 +9.884587228e+01 +6.896858723e+02 +6.896858723e+02 -3.7856e-01 -1.4101e+00 -3.5895e+00 -7.0705e-01 +1.9303e+00 -1.6124e+00 +3.4609e+00 +3.6908e-01 +2.2857e+00 -4.1672e-01
608 0 +8.178087516e+01 +6.726208752e+02 +6.726208752e+02 +4.9878e-01 -3.6135e-01 -2.6379e+00 -6.2411e-01 +9.6159e-01 -7.7790e-01 +3.2469e+00 +1.2041e+00 +2.1880e+00 -6.2982e-01
738 0 +6.398544598e+01 +6.548254460e+02 +6.548254460e+02 +7.4167e-01 -1.3760e+00 -2.2330e+00 -4.3054e-01 -1.1852e-01 -1.4819e+00 +3.0247e+00 +8.6548e-01 +2.4636e+00 -1.4866e+00
806 0 +6.028103493e+01 +6.511210349e+02 +6.511210349e+02 -1.9723e+00 -2.4963e+00 -3.5047e+00 -7.0254e-01 +3.8565e-01 -1.0719e-01 +3.2385e+00 +8.0454e-01 +1.8402e+00 -2.0249e+00
845 0 +4.553225617e+01 +6.363722562e+02 +6.363722562e+02 +1.0979e+00 -6.3702e-01 -2.5211e+00 -1.3925e+00 -5.5402e-01 -4.7349e-01 +1.9064e+00 +8.1900e-01 +1.9657e+00 -1.1735e+00
879 0 +4.281909720e+01 +6.336590972e+02 +6.336590972e+02 -8.1327e-02 -5.5472e-01 -2.9704e+00 +8.4175e-01 -2.1398e+00 -4.6187e-01 +1.8479e+00 +8.3384e-01 +3.4876e+00 -2.7859e+00
984 0 +3.594958553e+01 +6.267895855e+02 +6.267895855e+02 +5.5142e-01 -9.6882e-01 -1.9717e+00 -5.2358e-01 -8.5013e-01 +5.5517e-01 +3.7559e+00 +5.2060e-02 +4.7674e+00 -2.1445e+00
1118 0 +2.401524857e+01 +6.148552486e+02 +6.148552486e+02 +5.6301e-02 -1.5290e+00 -3.3108e+00 -4.0553e-01 -1.6885e+00 +4.9073e-01 +3.7350e+00 +3.0481e-01 +4.1861e+00 -2.2158e+00
1164 0 +1.453623154e+01 +6.053762315e+02 +6.053762315e+02 +1.8208e-01 -2.4064e+00 -3.0030e+00 -1.5796e+00 -1.7221e+00 +7.4144e-01 +3.4542e+00 +3.3837e-01 +3.5402e+00 -2.4992e+00
1722 0 +1.421020717e+01 +6.050502072e+02 +6.050502072e+02 -4.7456e-01 -2.1635e+00 -2.7269e+00 -7.6072e-01 -1.7252e+00 +1.0751e+00 +2.8854e+00 -3.7276e-01 +2.2933e+00 -2.0297e+00
1794 0 +1.258712673e+01 +6.034271267e+02 +6.034271267e+02 -6.1248e-02 -2.7969e+00 -3.5063e+00 -4.9413e-01 -4.5743e-01 +6.1251e-01 +3.0877e+00 +6.1599e-02 +2.8654e+00 -1.9796e+00
1828 0 +1.243887446e+01 +6.032788745e+02 +6.032788745e+02 +8.3493e-01 -3.0972e+00 -3.4689e+00 -1.2546e+00 -6.6083e-01 +2.2084e-02 +3.1115e+00 +2.3685e-01 +3.0436e+00 -2.2296e+00
1917 0 +1.107826471e+01 +6.019182647e+02 +6.019182647e+02 +4.3330e-01 -3.4164e+00 -3.3594e+00 -1.4985e+00 -4.4427e-01 +6.3787e-01 +3.4390e+00 +8.3121e-03 +2.8982e+00 -1.7283e+00
2052 0 +6.548038854e+00 +5.973880389e+02 +5.973880389e+02 +2.9757e-01 -3.4726e+00 -3.6112e+00 -1.0165e+00 -1.7473e-01 +6.6515e-01 +2.9319e+00 -1.3175e-01 +2.9017e+00 -2.2184e+00
2137 0 +5.978898855e+00 +5.968188989e+02 +5.968188989e+02 +7.9928e-01 -2.9842e+00 -3.4551e+00 -1.2277e+00 -2.9590e-01 +8.0518e-01 +3.0822e+00 +3.6415e-02 +3.3954e+00 -2.0292e+00
2179 0 +5.756538796e+00 +5.965965388e+02 +5.965965388e+02 +3.9091e-01 -3.1611e+00 -3.7111e+00 -1.1799e+00 -6.9116e-01 +7.3452e-01 +3.0687e+00 -1.9034e-01 +3.2456e+00 -2.1267e+00
2203 0 +4.918105101e+00 +5.957581051e+02 +5.957581051e+02 +8.6269e-01 -3.5109e+00 -3.6030e+00 -1.0840e+00 +2.5555e-01 +5.0390e-01 +2.9866e+00 -3.9919e-01 +3.2754e+00 -1.8826e+00
2263 0 +3.572077834e+00 +5.944120778e+02 +5.944120778e+02 +6.4576e-01 -3.2140e+00 -3.2334e+00 -9.2534e-01 -5.0801e-01 +9.2538e-01 +2.9042e+00 -3.6353e-01 +3.1921e+00 -1.9128e+00
2459 0 +3.162192443e+00 +5.940021924e+02 +5.940021924e+02 +9.8635e-01 -3.3586e+00 -3.4841e+00 -8.6198e-01 -1.9648e-01 +7.9369e-01 +3.2611e+00 -5.3965e-01 +3.4182e+00 -2.1127e+00
2498 0 +2.685844320e+00 +5.935258443e+02 +5.935258443e+02 +8.7314e-01 -2.9692e+00 -3.3798e+00 -8.3079e-01 -6.0817e-01 +9.7745e-01 +3.0151e+00 -3.4526e-01 +3.1192e+00 -2.2392e+00
% f evaluations | g evaluations | best noise-free fitness - Fopt (6.749000000000e+01) + sum g_i+ | measured fitness | best measured fitness or single-digit g-values | x1 | x2...
1 0 +1.379411307e+05 +1.380086207e+05 +1.380086207e+05 +5.9671e-01 -3.8264e-02 +7.4769e-01 +1.6230e+00 -1.3415e-01 -1.3414e-01 +1.6792e+00 +8.6743e-01 -3.6947e-01 +6.4256e-01
12 0 +8.747920287e+04 +8.754669287e+04 +8.754669287e+04 -1.8188e+00 +7.3486e-02 +1.6023e-01 +2.5632e+00 -9.2361e-02 +4.0155e-01 +6.5288e-02 -1.0687e+00 +1.2428e+00 +8.5193e-01
21 0 +6.523583802e+04 +6.530332802e+04 +6.530332802e+04 +4.5779e-01 +6.6078e-01 +1.1831e+00 +1.1538e+00 -1.2777e+00 -8.3783e-01 +6.1504e-01 +6.1379e-01 +6.1505e-01 +3.9527e+00
53 0 +6.424066207e+03 +6.491556207e+03 +6.491556207e+03 -2.7904e-01 -1.1453e+00 +1.3651e+00 +7.4131e-01 +4.9621e-01 -2.5116e+00 +2.3829e+00 -1.5377e+00 +1.6275e+00 +3.5443e+00
93 0 +3.662157841e+03 +3.729647841e+03 +3.729647841e+03 +1.7524e-01 +6.2864e-01 +5.1747e-01 +2.1281e+00 -1.1636e-01 -1.7568e+00 +3.9457e+00 -7.1284e-04 +1.3408e+00 +3.7818e+00
108 0 +3.645332399e+03 +3.712822399e+03 +3.712822399e+03 +6.2135e-01 +1.4008e-01 +3.2109e-01 +4.3202e+00 +6.5317e-01 -3.4009e+00 +4.6203e+00 -2.5626e+00 -7.7017e-02 +4.0604e+00
120 0 +1.716220736e+03 +1.783710736e+03 +1.783710736e+03 -1.4626e+00 -3.2519e+00 -7.7433e-01 +1.1754e+00 -6.5910e-01 -8.2411e-01 +1.4489e+00 +4.0641e-01 +4.6176e+00 +3.8995e+00
221 0 +1.360004718e+03 +1.427494718e+03 +1.427494718e+03 -9.5608e-01 -2.8016e+00 -9.7830e-01 +2.5169e+00 -1.1488e-01 -4.0400e+00 +4.4697e+00 +7.5184e-02 -3.6312e-01 -2.3697e-01
315 0 +1.242243670e+02 +1.917143670e+02 +1.917143670e+02 -1.3336e+00 -1.6061e+00 -2.2960e+00 +1.6142e+00 -1.4621e+00 -2.8704e+00 +3.0950e+00 -2.7412e+00 +2.9213e+00 +4.7386e+00
400 0 +1.085024763e+02 +1.759924763e+02 +1.759924763e+02 -8.9037e-01 -2.2380e+00 -2.5692e+00 +1.7758e+00 +5.8153e-01 -2.1060e+00 +3.0544e+00 -1.8773e+00 +4.9120e+00 +4.0609e+00
446 0 +1.064369563e+02 +1.739269563e+02 +1.739269563e+02 -1.4892e+00 +6.7169e-01 -5.5789e-01 +2.3622e+00 +6.6788e-01 -3.4660e+00 +4.9618e+00 -4.6931e+00 +2.5492e+00 +4.2263e+00
447 0 +1.002557149e+02 +1.677457149e+02 +1.677457149e+02 -1.8716e+00 -3.2864e+00 -4.9641e-01 +6.0352e-01 -7.3682e-01 -3.1352e+00 +3.4820e+00 -3.0037e+00 +3.3551e+00 +1.7204e+00
478 0 +6.749172695e+01 +1.349817270e+02 +1.349817270e+02 -1.3302e+00 -2.6142e+00 -1.1506e+00 +2.6013e+00 +1.1484e+00 -1.9409e+00 +3.9546e+00 -3.5559e+00 +3.4390e+00 +2.0030e+00
506 0 +6.166410142e+01 +1.291541014e+02 +1.291541014e+02 -1.7082e-01 -5.4846e-01 -1.0922e+00 +2.0766e+00 +2.2223e-01 -1.7245e+00 +4.7937e+00 -3.2678e+00 +1.9177e+00 +2.8303e+00
578 0 +5.734072195e+01 +1.248307220e+02 +1.248307220e+02 -5.9023e-01 -3.0269e+00 -8.9737e-01 +1.3411e+00 +4.1528e-01 -2.0412e+00 +3.4270e+00 -2.7816e+00 +1.2325e+00 -4.6232e-01
585 0 +5.343044067e+01 +1.209204407e+02 +1.209204407e+02 -6.9130e-02 -2.0288e+00 +1.6959e-01 +2.0279e+00 -7.0249e-02 -6.5365e-01 +1.8499e+00 -3.7310e+00 +4.1315e+00 +2.6916e+00
638 0 +5.280782489e+01 +1.202978249e+02 +1.202978249e+02 -7.4246e-01 -2.5342e+00 -5.2386e-01 +2.7277e+00 +2.1879e+00 -4.2012e-01 +2.6059e+00 -3.2094e+00 +2.6961e+00 +6.7535e-01
729 0 +4.691485207e+01 +1.144048521e+02 +1.144048521e+02 +4.1363e-01 -8.2292e-01 +5.0805e-01 +1.9229e+00 +4.3787e-01 -4.9875e-01 +3.9914e+00 -2.1588e+00 +2.0805e+00 +2.5774e+00
766 0 +4.653134371e+01 +1.140213437e+02 +1.140213437e+02 +1.2795e+00 -2.2961e+00 +1.2590e+00 +2.6615e+00 +7.2952e-01 -1.7890e+00 +3.0591e+00 -2.4541e+00 +2.8577e+00 +2.0799e+00
806 0 +4.045854564e+01 +1.079485456e+02 +1.079485456e+02 +9.9883e-01 -2.7228e+00 -6.8594e-01 +2.0444e+00 +1.3150e+00 -1.5292e+00 +3.6146e+00 -2.7060e+00 +2.3528e+00 +1.1917e+00
819 0 +4.001764793e+01 +1.075076479e+02 +1.075076479e+02 +7.6716e-01 -8.6434e-01 +6.8495e-01 +1.0830e+00 +7.4421e-01 -1.6900e+00 +4.2282e+00 -3.0527e+00 +2.8539e+00 +1.0416e+00
883 0 +1.950191878e+01 +8.699191878e+01 +8.699191878e+01 +1.2949e-01 -1.8002e+00 +2.4108e-01 +1.7268e+00 +2.0002e+00 -9.5341e-01 +3.1767e+00 -2.9655e+00 +2.6738e+00 +7.2566e-01
1135 0 +1.358093791e+01 +8.107093791e+01 +8.107093791e+01 -1.1944e-01 -1.3207e+00 +6.1823e-01 +1.5882e+00 +2.0370e+00 -5.3027e-01 +2.9349e+00 -3.2947e+00 +4.1598e+00 +2.3378e-01
1164 0 +8.052679694e+00 +7.554267969e+01 +7.554267969e+01 -7.5266e-02 -1.3067e+00 +4.0746e-01 +7.1793e-01 +2.1700e+00 -2.7273e-01 +2.7523e+00 -3.5391e+00 +3.3992e+00 +6.0019e-01
1422 0 +6.325390844e+00 +7.381539084e+01 +7.381539084e+01 -4.8013e-01 -1.0215e+00 +8.3828e-01 +7.1658e-02 +2.4098e+00 -1.4913e-01 +2.5572e+00 -3.4239e+00 +3.7141e+00 +9.0598e-01
1606 0 +5.059880162e+00 +7.254988016e+01 +7.254988016e+01 -8.8520e-01 -7.9082e-01 +4.8967e-01 +5.9583e-01 +2.6637e+00 +2.5155e-01 +2.3811e+00 -3.0054e+00 +3.8516e+00 +8.5304e-01
1648 0 +4.945439792e+00 +7.243543979e+01 +7.243543979e+01 -5.0233e-01 -1.2289e+00 +3.0325e-01 +2.9903e-01 +2.7519e+00 -3.4185e-01 +2.3801e+00 -3.5462e+00 +3.5138e+00 +5.3143e-01
1676 0 +4.358255696e+00 +7.184825570e+01 +7.184825570e+01 -4.6343e-01 -9.9509e-01 +5.4366e-01 +5.1822e-01 +3.0474e+00 -1.9147e-01 +2.5763e+00 -3.4154e+00 +4.1674e+00 +9.6434e-01
2016 0 +3.738465230e+00 +7.122846523e+01 +7.122846523e+01 -9.9055e-01 -4.8972e-01 +4.7988e-01 +5.4460e-01 +3.0525e+00 -7.3650e-02 +2.4426e+00 -3.3795e+00 +4.0360e+00 +7.5316e-01
2024 0 +3.519837125e+00 +7.100983713e+01 +7.100983713e+01 -8.1284e-01 -6.6256e-01 +5.3660e-01 +4.8825e-01 +2.9407e+00 -7.9973e-02 +2.3319e+00 -3.3782e+00 +3.4389e+00 +8.3904e-01
2128 0 +3.238222996e+00 +7.072822300e+01 +7.072822300e+01 -8.0612e-01 -6.3580e-01 +6.0644e-01 +7.5818e-01 +2.8782e+00 +1.3708e-01 +2.5425e+00 -3.4347e+00 +3.8936e+00 +5.1211e-01
2144 0 +2.819996490e+00 +7.030999649e+01 +7.030999649e+01 -7.1396e-01 -1.3613e+00 +7.7161e-01 +2.3610e-01 +2.8436e+00 -1.0666e-01 +2.0271e+00 -3.3537e+00 +4.2020e+00 +2.8865e-01
2218 0 +2.038052379e+00 +6.952805238e+01 +6.952805238e+01 -8.7335e-01 -9.5637e-01 +7.1373e-01 +5.4547e-01 +3.1113e+00 +4.4599e-02 +2.2595e+00 -3.3453e+00 +3.9514e+00 +4.7965e-01
2252 0 +1.606159324e+00 +6.909615932e+01 +6.909615932e+01 -7.0879e-01 -1.0092e+00 +6.6342e-01 +4.8135e-01 +3.1278e+00 +1.3782e-02 +2.2101e+00 -3.2762e+00 +3.8328e+00 +4.8752e-01
2328 0 +1.525538600e+00 +6.901553860e+01 +6.901553860e+01 -7.7755e-01 -1.1736e+00 +6.3210e-01 +3.8300e-01 +3.0461e+00 +1.2462e-01 +2.2033e+00 -3.2983e+00 +3.9190e+00 +3.3365e-01
2418 0 +1.408969017e+00 +6.889896902e+01 +6.889896902e+01 -7.3217e-01 -1.1029e+00 +5.3902e-01 +2.2122e-01 +3.0285e+00 +2.8287e-01 +2.1572e+00 -3.5137e+00 +4.1801e+00 +4.5127e-01
2424 0 +1.396873392e+00 +6.888687339e+01 +6.888687339e+01 -9.2571e-01 -9.0072e-01 +6.4459e-01 +5.1478e-01 +3.2368e+00 +2.8159e-01 +2.2865e+00 -3.1723e+00 +3.9492e+00 +5.4344e-01
2436 0 +1.335246876e+00 +6.882524688e+01 +6.882524688e+01 -7.7754e-01 -1.0925e+00 +8.0181e-01 +2.0383e-01 +3.1325e+00 +1.7523e-01 +2.0549e+00 -3.3528e+00 +4.1399e+00 +5.0271e-01
2438 0 +1.229988822e+00 +6.871998882e+01 +6.871998882e+01 -8.3311e-01 -9.0257e-01 +7.8200e-01 +2.6612e-01 +3.2074e+00 +1.9069e-01 +2.0667e+00 -3.4164e+00 +3.9171e+00 +5.0795e-01
2446 0 +9.081938765e-01 +6.839819388e+01 +6.839819388e+01 -8.9929e-01 -9.1254e-01 +5.3256e-01 +3.8455e-01 +3.3565e+00 +2.3797e-01 +2.1212e+00 -3.3742e+00 +3.9926e+00 +4.8863e-01
2466 0 +9.023705336e-01 +6.839237053e+01 +6.839237053e+01 -7.9629e-01 -1.1586e+00 +7.4055e-01 +3.6213e-01 +3.2703e+00 +2.6865e-01 +2.0643e+00 -3.1705e+00 +3.9653e+00 +4.5425e-01
% f evaluations | g evaluations | best noise-free fitness - Fopt (3.085000000000e+01) + sum g_i+ | measured fitness | best measured fitness or single-digit g-values | x1 | x2...
1 0 +3.157382535e+05 +3.157691035e+05 +3.157691035e+05 +5.9671e-01 -3.8264e-02 +7.4769e-01 +1.6230e+00 -1.3415e-01 -1.3414e-01 +1.6792e+00 +8.6743e-01 -3.6947e-01 +6.4256e-01
2 0 +1.188176023e+05 +1.188484523e+05 +1.188484523e+05 -3.6342e-01 -3.6573e-01 +3.4196e-01 -1.8133e+00 -1.6249e+00 -4.6229e-01 -9.1283e-01 +4.1425e-01 -8.0802e-01 -1.3123e+00
5 0 +1.158634390e+05 +1.158942890e+05 +1.158942890e+05 +8.3847e-01 +2.7137e-01 -1.5648e-02 -2.0110e-01 -1.3785e+00 -6.1984e-01 -3.6064e-01 +1.1571e+00 +4.4362e-01 -1.6630e+00
54 0 +1.047424066e+05 +1.047732566e+05 +1.047732566e+05 -3.8514e-01 -1.4973e+00 -8.7385e-01 -2.3734e+00 -9.3559e-01 -3.9852e-01 -2.3440e+00 +1.7240e+00 -1.8543e-01 -1.3046e+00
55 0 +6.322298133e+04 +6.325383133e+04 +6.325383133e+04 +4.2930e-01 -1.5878e-01 -1.1670e+00 -1.4910e+00 +4.3593e-01 +5.1422e-01 -4.3314e-01 +4.3061e-01 -8.5598e-01 -2.2160e+00
106 0 +2.387406556e+04 +2.390491556e+04 +2.390491556e+04 +1.4644e+00 -1.0476e+00 -8.8583e-01 -2.1610e+00 +1.0889e+00 -6.1561e-01 -6.3528e-01 +2.0440e+00 -1.6144e+00 -1.5976e+00
203 0 +3.626365879e+03 +3.657215879e+03 +3.657215879e+03 -1.1158e+00 +2.8745e-01 -3.8295e+00 +4.2174e-02 +2.5135e+00 -1.7506e+00 -2.0399e+00 +2.6242e+00 -2.1634e+00 -4.0690e+00
264 0 +2.021987112e+03 +2.052837112e+03 +2.052837112e+03 -1.4563e+00 -3.4406e+00 -4.2392e+00 -1.4989e-01 +4.3792e+00 -4.7444e-01 -2.2289e+00 +1.9546e+00 -3.4329e+00 -4.7850e+00
415 0 +8.219262063e+02 +8.527762063e+02 +8.527762063e+02 +2.3628e-02 +9.0509e-01 -2.5630e+00 -9.5266e-02 +2.7176e+00 -1.7944e+00 -3.1274e+00 +2.9532e+00 -1.1435e+00 -4.3584e+00
423 0 +7.453513194e+02 +7.762013194e+02 +7.762013194e+02 +1.2385e+00 -8.9164e-01 -1.3399e+00 -1.1350e+00 +2.5622e+00 -1.4453e+00 -8.2029e-01 +4.1605e+00 -7.9853e-01 -4.4472e+00
572 0 +3.324619310e+02 +3.633119310e+02 +3.633119310e+02 +3.3477e-01 +2.7916e-02 -1.7120e+00 -2.9228e+00 +2.3989e+00 -1.1093e+00 -2.2432e+00 +2.1036e+00 -6.6898e-01 -3.9671e+00
602 0 +8.667491416e+01 +1.175249142e+02 +1.175249142e+02 -1.0537e-01 -3.0042e+00 -4.1446e+00 -2.2480e+00 +2.3261e+00 +7.9781e-01 -3.7887e+00 +2.9963e+00 -2.6676e+00 -3.8828e+00
612 0 +6.463942099e+01 +9.548942099e+01 +9.548942099e+01 +1.3570e-01 -4.8092e-01 -2.0810e+00 -3.1667e+00 +3.5320e+00 -9.4515e-01 -1.7409e+00 +2.3999e+00 -2.2256e+00 -4.4004e+00
675 0 +6.334808678e+01 +9.419808678e+01 +9.419808678e+01 +9.8750e-01 -1.1275e+00 -1.4116e+00 -3.6246e+00 +3.2450e+00 -7.2611e-01 -2.1112e+00 +4.3147e+00 -1.8629e+00 -4.4617e+00
727 0 +6.097485363e+01 +9.182485363e+01 +9.182485363e+01 +6.5426e-02 -1.0594e+00 -2.3716e+00 -3.9650e+00 +2.7009e+00 +8.5768e-01 -2.5925e+00 +3.6090e+00 -2.2197e+00 -4.2251e+00
805 0 +5.735981512e+01 +8.820981512e+01 +8.820981512e+01 -1.1437e-02 -1.9590e+00 -2.3709e+00 -2.3479e+00 +3.9789e+00 -4.2183e-02 -2.4363e+00 +1.6750e+00 -2.3283e+00 -4.3771e+00
853 0 +4.386861285e+01 +7.471861285e+01 +7.471861285e+01 +7.4655e-01 -1.3827e+00 -1.9251e+00 -2.5330e+00 +2.7770e+00 +6.2755e-01 -2.3624e+00 +2.4437e+00 -2.5921e+00 -4.3022e+00
972 0 +4.069873984e+01 +7.154873984e+01 +7.154873984e+01 +9.6913e-01 -1.6099e+00 -2.1513e+00 -2.7063e+00 +2.9552e+00 +1.1902e+00 -2.0463e+00 +3.4246e+00 -3.1742e+00 -3.9516e+00
974 0 +3.769007542e+01 +6.854007542e+01 +6.854007542e+01 +2.4448e+00 -2.5225e+00 -2.2684e+00 -3.4065e+00 +2.5481e+00 +2.0278e+00 -1.9766e+00 +3.6055e+00 -1.9212e+00 -4.3908e+00
1015 0 +3.666192988e+01 +6.751192988e+01 +6.751192988e+01 +1.4464e+00 -3.2897e+00 -2.7396e+00 -2.0457e+00 +2.4507e+00 +1.9511e+00 -6.9940e-01 +3.6354e+00 -2.3619e+00 -4.6232e+00
1104 0 +2.532906347e+01 +5.617906347e+01 +5.617906347e+01 +1.4966e+00 -3.8076e+00 -2.3084e+00 -1.7707e+00 +3.2430e+00 +1.4288e+00 -5.8536e-01 +3.4509e+00 -3.1159e+00 -4.0278e+00
1163 0 +1.722732577e+01 +4.807732577e+01 +4.807732577e+01 +2.4830e+00 -4.1963e+00 -7.2473e-01 -2.4256e+00 +3.1953e+00 +1.2960e+00 -6.7584e-01 +3.5790e+00 -2.8976e+00 -4.1188e+00
1395 0 +1.276540275e+01 +4.361540275e+01 +4.361540275e+01 +2.4823e+00 -2.9952e+00 -1.0701e+00 -1.4650e+00 +2.8932e+00 +1.1382e+00 -6.2097e-01 +3.0743e+00 -2.0677e+00 -3.9388e+00
1493 0 +1.245784997e+01 +4.330784997e+01 +4.330784997e+01 +2.8308e+00 -4.0158e+00 -9.3929e-01 -2.4428e+00 +3.0625e+00 +1.1006e+00 -1.4464e+00 +3.0823e+00 -2.6295e+00 -3.3549e+00
1507 0 +1.196259835e+01 +4.281259835e+01 +4.281259835e+01 +1.8164e+00 -3.2095e+00 -1.2545e+00 -2.3752e+00 +2.3619e+00 +9.2878e-01 -8.5754e-01 +2.2251e+00 -2.0796e+00 -3.7390e+00
1670 0 +9.587390910e+00 +4.043739091e+01 +4.043739091e+01 +2.5522e+00 -3.1895e+00 -7.8935e-01 -2.2815e+00 +2.6861e+00 +1.1215e+00 -8.0943e-01 +2.5902e+00 -2.2432e+00 -3.8595e+00
1747 0 +7.706430467e+00 +3.855643047e+01 +3.855643047e+01 +3.3373e+00 -3.5391e+00 -5.7869e-01 -2.7716e+00 +1.7393e+00 +1.3990e+00 -4.1927e-01 +2.5522e+00 -1.3869e+00 -4.1625e+00
1756 0 +6.798851248e+00 +3.764885125e+01 +3.764885125e+01 +3.1456e+00 -3.6338e+00 -9.0724e-01 -1.6242e+00 +2.1607e+00 +1.5339e+00 -6.5787e-01 +2.3069e+00 -1.9599e+00 -3.7636e+00
1804 0 +6.138920201e+00 +3.698892020e+01 +3.698892020e+01 +3.0792e+00 -3.8297e+00 -9.5855e-01 -2.6649e+00 +2.4470e+00 +1.1784e+00 -2.2404e-01 +2.3971e+00 -1.9803e+00 -3.6240e+00
1933 0 +5.967178627e+00 +3.681717863e+01 +3.681717863e+01 +2.5057e+00 -3.5404e+00 -1.1716e+00 -2.0848e+00 +2.4455e+00 +9.3046e-01 -3.1493e-01 +2.2847e+00 -1.9975e+00 -3.4518e+00
2022 0 +5.685125779e+00 +3.653512578e+01 +3.653512578e+01 +2.5776e+00 -3.2726e+00 -4.9623e-01 -1.6724e+00 +1.7392e+00 +1.1919e+00 -4.9043e-01 +2.2599e+00 -2.0006e+00 -3.7269e+00
2029 0 +5.587478144e+00 +3.643747814e+01 +3.643747814e+01 +2.6029e+00 -3.5339e+00 -9.5597e-01 -2.2543e+00 +1.8642e+00 +9.9829e-01 -8.0492e-01 +2.2531e+00 -1.7923e+00 -3.4008e+00
2150 0 +5.252573311e+00 +3.610257331e+01 +3.610257331e+01 +2.7608e+00 -3.3866e+00 -4.8588e-01 -2.2067e+00 +2.3111e+00 +7.0902e-01 -4.6724e-01 +2.3762e+00 -2.1171e+00 -3.5928e+00
2247 0 +4.842931562e+00 +3.569293156e+01 +3.569293156e+01 +2.9451e+00 -4.0987e+00 -4.6135e-01 -1.8431e+00 +2.2432e+00 +9.5101e-01 -9.6839e-01 +2.4315e+00 -2.1184e+00 -3.1906e+00
2283 0 +4.772339210e+00 +3.562233921e+01 +3.562233921e+01 +2.8106e+00 -3.7851e+00 -6.3363e-01 -2.1303e+00 +2.4176e+00 +4.2968e-01 -7.6212e-01 +2.2735e+00 -1.7597e+00 -3.0903e+00
2300 0 +4.102326717e+00 +3.495232672e+01 +3.495232672e+01 +2.6253e+00 -3.4945e+00 -7.8049e-01 -2.2486e+00 +2.1698e+00 +6.6768e-01 -8.2856e-01 +2.1829e+00 -2.0579e+00 -3.1647e+00
2333 0 +2.986506376e+00 +3.383650638e+01 +3.383650638e+01 +3.0117e+00 -3.9814e+00 -5.7711e-01 -2.1617e+00 +2.0004e+00 +1.0368e+00 -5.5165e-01 +2.0880e+00 -1.9287e+00 -3.4206e+00
2336 0 +2.618368115e+00 +3.346836811e+01 +3.346836811e+01 +3.0317e+00 -3.8283e+00 -4.4619e-01 -2.4534e+00 +2.2389e+00 +9.8632e-01 -7.3013e-01 +2.3679e+00 -1.9848e+00 -3.0519e+00
% f evaluations | g evaluations | best noise-free fitness - Fopt (-1.255000000000e+01) + sum g_i+ | measured fitness | best measured fitness or single-digit g-values | x1 | x2...
1 0 +5.623986172e+05 +5.623860672e+05 +5.623860672e+05 +5.9671e-01 -3.8264e-02 +7.4769e-01 +1.6230e+00 -1.3415e-01 -1.3414e-01 +1.6792e+00 +8.6743e-01 -3.6947e-01 +6.4256e-01
6 0 +3.534377773e+05 +3.534252273e+05 +3.534252273e+05 +4.2408e-01 -2.8508e-01 -5.7692e-01 +7.1168e-01 +1.1310e+00 +1.0313e+00 -7.3922e-01 -2.0921e-01 +4.3126e-01 +1.0755e+00
12 0 +3.036977624e+05 +3.036852124e+05 +3.036852124e+05 -1.8188e+00 +7.3486e-02 +1.6023e-01 +2.5632e+00 -9.2361e-02 +4.0155e-01 +6.5288e-02 -1.0687e+00 +1.2428e+00 +8.5193e-01
38 0 +1.716953995e+05 +1.716828495e+05 +1.716828495e+05 +1.2451e-01 +5.9800e-01 +1.5511e+00 +1.0593e+00 +2.2532e+00 -6.6735e-01 +9.7232e-01 +2.8334e-01 +2.2898e+00 -7.0830e-01
52 0 +1.199490559e+05 +1.199365059e+05 +1.199365059e+05 -8.7865e-01 +1.5345e-03 -2.2597e+00 +1.6952e+00 +2.5901e+00 +1.7372e-02 -9.3867e-01 -1.0689e+00 +3.0941e+00 +1.9528e+00
55 0 +8.822721757e+04 +8.821466757e+04 +8.821466757e+04 -3.0255e-01 +7.9025e-01 -1.0159e+00 +2.0837e+00 +2.2973e+00 -2.6677e+00 -2.1532e+00 +4.3210e-01 +2.9926e+00 -5.4638e-01
59 0 +8.523816849e+04 +8.522561849e+04 +8.522561849e+04 +4.5606e-01 +1.5867e+00 +1.7363e+00 +2.7987e+00 +1.0018e+00 +2.6587e-01 -9.7290e-01 +1.3458e+00 +2.2048e+00 -3.5130e+00
76 0 +8.256618877e+04 +8.255363877e+04 +8.255363877e+04 +1.4031e+00 +3.2148e-02 -2.4289e+00 +3.3240e+00 +1.3029e+00 +1.5679e+00 +1.1404e+00 -5.0353e-01 +2.6641e+00 -2.7106e+00
82 0 +7.031065567e+04 +7.029810567e+04 +7.029810567e+04 +2.0586e+00 +2.4427e+00 +1.2869e+00 +5.2707e-01 +1.3986e+00 -8.0738e-01 -3.0945e-01 +9.8218e-02 +3.1678e+00 +2.3502e-01
84 0 +3.211940336e+04 +3.210685336e+04 +3.210685336e+04 +7.4907e-01 +1.1334e+00 +1.6086e+00 +3.5169e+00 +3.1488e+00 -2.6798e+00 -1.5267e+00 +2.1858e-01 +1.0194e+00 -5.9664e-01
129 0 +1.912608264e+04 +1.911353264e+04 +1.911353264e+04 +4.5922e+00 +3.2265e+00 +5.3296e-01 +1.0554e+00 -6.0337e-01 -1.0789e+00 -6.7491e-01 -2.1745e+00 +3.3981e+00 -2.0905e+00
154 0 +1.275048943e+04 +1.273793943e+04 +1.273793943e+04 +9.0742e-01 +1.8025e+00 -3.5922e+00 +3.0277e+00 +3.8893e+00 -1.4200e+00 -4.3656e+00 -2.0415e+00 +4.3806e+00 +2.5832e+00
178 0 +2.134545511e+02 +2.009045511e+02 +2.009045511e+02 +3.9718e+00 +3.3685e+00 -6.7329e-01 +3.9747e+00 -6.7152e-01 +8.9475e-01 -5.8027e-01 -2.2851e+00 +4.0520e+00 +2.6703e+00
353 0 +2.104869331e+02 +1.979369331e+02 +1.979369331e+02 +2.5087e+00 +3.1194e+00 -1.7629e-03 +2.2134e+00 +2.2418e+00 +1.9204e-01 +4.1437e-01 +1.2256e-01 +4.6681e+00 +6.3927e-01
354 0 +1.092753569e+02 +9.672535687e+01 +9.672535687e+01 +2.8939e+00 +3.8691e+00 +4.6296e-01 +1.7033e+00 +2.5643e+00 -2.1723e-01 -2.6781e-01 -1.0814e+00 +4.7904e+00 +6.8926e-01
360 0 +1.052956340e+02 +9.274563398e+01 +9.274563398e+01 +3.6770e+00 +4.3150e+00 +1.2619e+00 +4.1935e+00 +4.2784e+00 -4.8979e-01 -9.9190e-01 -1.0715e-01 +4.0804e+00 -1.0249e+00
383 0 +4.619971859e+01 +3.364971859e+01 +3.364971859e+01 +2.3833e+00 +3.2679e+00 +1.8302e+00 +2.6625e+00 +2.2429e+00 -1.4885e+00 -2.1526e+00 -4.5890e-01 +3.9758e+00 +1.2005e+00
600 0 +3.503333090e+01 +2.248333090e+01 +2.248333090e+01 +4.1477e+00 +2.7987e+00 +1.6235e+00 +3.1618e+00 +3.1676e+00 -2.4706e+00 -2.2163e+00 -8.2668e-01 +3.2606e+00 -1.2883e+00
695 0 +2.789345963e+01 +1.534345963e+01 +1.534345963e+01 +3.4384e+00 +4.1791e+00 +2.7471e+00 +2.5769e+00 +2.8205e+00 -1.7667e+00 -2.0986e+00 -1.8135e+00 +2.9837e+00 -2.5783e+00
941 0 +2.693635087e+01 +1.438635087e+01 +1.438635087e+01 +3.7554e+00 +2.5690e+00 +7.9948e-01 +1.2897e+00 +2.8692e+00 -2.2588e+00 -2.0685e+00 -1.4546e+00 +4.3003e+00 -2.4387e-01
947 0 +2.489886339e+01 +1.234886339e+01 +1.234886339e+01 +2.5775e+00 +2.4529e+00 +1.5166e+00 +3.1142e+00 +3.2344e+00 -1.9098e+00 -1.7742e+00 -7.7711e-01 +2.2759e+00 -1.4194e+00
962 0 +2.479061776e+01 +1.224061776e+01 +1.224061776e+01 +3.6252e+00 +3.1085e+00 +9.0426e-01 +2.0763e+00 +2.2082e+00 -1.5258e+00 -2.0769e+00 -1.5330e+00 +3.2148e+00 -1.6242e+00
989 0 +2.427503318e+01 +1.172503318e+01 +1.172503318e+01 +3.3274e+00 +3.2317e+00 +2.8433e+00 +3.2533e+00 +2.1260e+00 -2.7738e+00 -1.5718e+00 -1.2143e+00 +3.0946e+00 -1.7468e+00
1050 0 +2.259303247e+01 +1.004303247e+01 +1.004303247e+01 +3.5753e+00 +2.2802e+00 +2.0974e+00 +2.2873e+00 +2.3456e+00 -2.1808e+00 -1.2188e+00 -1.0808e+00 +2.8783e+00 -6.2777e-01
1056 0 +1.441920661e+01 +1.869206614e+00 +1.869206614e+00 +3.6295e+00 +3.6118e+00 +1.7397e+00 +1.8091e+00 +1.9667e+00 -2.5420e+00 -2.2085e+00 -1.9912e+00 +2.8515e+00 -9.2512e-01
1064 0 +1.263152048e+01 +8.152048457e-02 +8.152048457e-02 +3.3010e+00 +3.2649e+00 +1.6430e+00 +1.6648e+00 +2.3264e+00 -2.6323e+00 -1.9998e+00 -9.2966e-01 +3.3190e+00 -9.4439e-01
1084 0 +1.256573133e+01 +1.573133207e-02 +1.573133207e-02 +3.2330e+00 +3.1819e+00 +2.1546e+00 +2.1787e+00 +1.4069e+00 -3.4509e+00 -1.7735e+00 -1.4702e+00 +2.8810e+00 -5.5530e-01
1138 0 +1.003128123e+01 -2.518718771e+00 -2.518718771e+00 +3.3493e+00 +2.1898e+00 +1.8713e+00 +1.6140e+00 +2.8503e+00 -2.3226e+00 -2.3914e+00 -1.0928e+00 +2.9978e+00 -5.2494e-01
1358 0 +9.831859141e+00 -2.718140859e+00 -2.718140859e+00 +3.3348e+00 +3.1070e+00 +2.3543e+00 +2.2251e+00 +2.2215e+00 -3.1068e+00 -1.7719e+00 -3.7446e-01 +2.7534e+00 -1.5492e+00
1478 0 +7.798769192e+00 -4.751230808e+00 -4.751230808e+00 +3.2335e+00 +3.6974e+00 +2.6320e+00 +2.0264e+00 +1.6923e+00 -2.7906e+00 -1.9144e+00 -8.2437e-01 +2.6717e+00 -1.5994e+00
1481 0 +5.880534742e+00 -6.669465258e+00 -6.669465258e+00 +4.1021e+00 +3.0278e+00 +2.4418e+00 +1.8613e+00 +1.7612e+00 -3.2792e+00 -2.1578e+00 -9.1484e-01 +2.4284e+00 -1.1853e+00
1524 0 +3.782778483e+00 -8.767221517e+00 -8.767221517e+00 +3.6255e+00 +2.5535e+00 +2.7657e+00 +1.9493e+00 +2.0650e+00 -3.2516e+00 -2.1463e+00 -6.6363e-01 +2.4660e+00 -9.5577e-01
1772 0 +3.687397246e+00 -8.862602754e+00 -8.862602754e+00 +3.2625e+00 +3.3295e+00 +2.4477e+00 +1.5340e+00 +2.2392e+00 -3.1834e+00 -2.2558e+00 -1.1982e+00 +2.5760e+00 -1.6351e+00
1778 0 +3.210253535e+00 -9.339746465e+00 -9.339746465e+00 +3.2663e+00 +3.1428e+00 +2.2853e+00 +1.6108e+00 +1.8565e+00 -3.2403e+00 -2.2061e+00 -1.2631e+00 +2.4702e+00 -1.1310e+00
1813 0 +1.370315709e+00 -1.117968429e+01 -1.117968429e+01 +3.4072e+00 +2.7299e+00 +2.6649e+00 +1.7786e+00 +1.9131e+00 -3.3214e+00 -2.3166e+00 -8.6268e-01 +2.3436e+00 -1.3017e+00
% f evaluations | g evaluations | best noise-free fitness - Fopt (5.383900000000e+02) + sum g_i+ | measured fitness | best measured fitness or single-digit g-values | x1 | x2...
1 0 +3.573413297e+05 +3.578797197e+05 +3.578797197e+05 +5.9671e-01 -3.8264e-02 +7.4769e-01 +1.6230e+00 -1.3415e-01 -1.3414e-01 +1.6792e+00 +8.6743e-01 -3.6947e-01 +6.4256e-01
2 0 +1.580851749e+05 +1.586235649e+05 +1.586235649e+05 -3.6342e-01 -3.6573e-01 +3.4196e-01 -1.8133e+00 -1.6249e+00 -4.6229e-01 -9.1283e-01 +4.1425e-01 -8.0802e-01 -1.3123e+00
3 0 +1.313167039e+05 +1.318550939e+05 +1.318550939e+05 +1.5656e+00 -1.2578e-01 +1.6753e-01 -1.3247e+00 -4.4438e-01 +2.1092e-01 -1.0510e+00 +4.7570e-01 -5.0064e-01 -1.9169e-01
5 0 +1.119884296e+05 +1.125268196e+05 +1.125268196e+05 +8.3847e-01 +2.7137e-01 -1.5648e-02 -2.0110e-01 -1.3785e+00 -6.1984e-01 -3.6064e-01 +1.1571e+00 +4.4362e-01 -1.6630e+00
8 0 +1.102827705e+05 +1.108211605e+05 +1.108211605e+05 +4.6140e-01 +1.6380e+00 +6.4174e-02 +1.6646e+00 -2.5197e+00 +9.2190e-01 +1.8705e-01 -1.9901e-01 +1.9176e-01 -1.8876e+00
52 0 +3.272882117e+04 +3.326721117e+04 +3.326721117e+04 +1.6819e+00 -9.9381e-01 -1.6466e+00 +4.2811e-02 -3.2457e+00 -1.3510e+00 -1.8106e+00 +5.8248e-01 +7.3616e-01 -2.0259e+00
94 0 +1.942077930e+04 +1.995916930e+04 +1.995916930e+04 +1.3002e+00 +3.1181e+00 +5.4544e-01 +2.5996e-01 -4.0137e+00 +1.2324e+00 -9.2736e-01 +8.6490e-01 -7.3214e-01 -7.4932e-01
114 0 +1.900167648e+04 +1.954006648e+04 +1.954006648e+04 +1.6003e+00 +2.3339e+00 -1.3330e+00 -3.6990e-01 -4.0342e+00 +2.9082e+00 +9.3874e-02 -1.2150e+00 +1.8956e-01 -9.7962e-01
119 0 +1.258936711e+04 +1.312775711e+04 +1.312775711e+04 +4.2945e+00 +2.0527e+00 -2.0665e+00 -3.5558e-01 -2.0569e+00 -1.0577e+00 -1.2703e+00 +3.8632e-01 -2.3132e+00 -6.3770e-01
222 0 +8.194522876e+03 +8.732912876e+03 +8.732912876e+03 +4.4250e+00 +1.3384e+00 -2.9910e+00 -1.9396e+00 -2.8885e+00 -3.6651e+00 -9.6998e-01 -3.5618e-01 -3.9524e+00 -1.3842e-01
274 0 +7.882894148e+03 +8.421284148e+03 +8.421284148e+03 +4.0637e+00 -2.7500e+00 -1.5372e+00 -1.8229e+00 -3.4597e+00 -1.5910e+00 -3.2100e+00 -2.4735e+00 -1.1623e+00 -2.2154e+00
303 0 +4.338212925e+03 +4.876602925e+03 +4.876602925e+03 +2.4190e+00 -2.8043e+00 -2.8700e+00 -6.8135e-01 -4.7553e+00 -2.1448e+00 -2.9009e+00 -1.5301e+00 -3.5644e+00 -3.6264e+00
339 0 +2.372369326e+02 +7.756269326e+02 +7.756269326e+02 +4.1960e+00 +2.0604e+00 +3.3183e+00 -4.5991e+00 -4.9823e+00 -2.7756e+00 -2.1692e-01 +1.6502e+00 +3.5684e+00 -1.1992e-01
404 0 +2.072391629e+02 +7.456291629e+02 +7.456291629e+02 +2.0315e+00 +2.5762e+00 -2.2522e+00 -4.9739e+00 -4.8646e+00 +2.7152e-01 -2.2093e+00 -9.1730e-01 -1.3122e+00 -1.3102e+00
516 0 +1.652943943e+02 +7.036843943e+02 +7.036843943e+02 +2.4482e+00 +7.6023e-01 -3.5091e+00 -3.4425e+00 -4.3805e+00 -6.9071e-01 -2.6961e+00 -1.4124e+00 -2.2232e+00 -1.2671e+00
526 0 +1.513694188e+02 +6.897594188e+02 +6.897594188e+02 +2.0343e+00 -2.7357e-01 -2.0592e+00 -2.0916e+00 -4.9347e+00 -1.5992e+00 -1.4054e+00 +6.3597e-01 -1.8990e+00 -2.4379e+00
548 0 +1.467771334e+02 +6.851671334e+02 +6.851671334e+02 +3.5973e+00 +4.2790e-01 -4.0438e+00 -1.8585e+00 -4.9531e+00 -1.0541e+00 -2.5405e+00 -1.1084e-01 -4.3352e+00 -2.3772e+00
578 0 +1.304809038e+02 +6.688709038e+02 +6.688709038e+02 +4.3747e+00 -3.7774e-01 -2.1799e+00 -1.8244e+00 -4.2953e+00 -2.2892e+00 -3.6692e+00 +2.8693e-01 -3.1966e+00 -1.3784e+00
584 0 +1.181733134e+02 +6.565633134e+02 +6.565633134e+02 +4.3796e+00 -1.5055e+00 -1.1303e+00 -1.4735e+00 -4.6496e+00 -1.8132e+00 -3.3826e+00 -9.6379e-01 -1.1957e+00 -9.4267e-01
631 0 +1.173205826e+02 +6.557105826e+02 +6.557105826e+02 +3.9148e+00 +1.2504e+00 -1.9310e+00 -2.1096e+00 -4.8131e+00 +1.0210e-01 -2.1148e-01 -3.6560e-01 -2.0215e+00 -1.4245e+00
784 0 +1.134725148e+02 +6.518625148e+02 +6.518625148e+02 +4.7085e+00 -1.1028e+00 -2.2056e+00 -6.4265e-01 -3.7171e+00 -7.4320e-01 -1.7959e+00 +5.2174e-02 -2.8679e+00 -2.9262e+00
920 0 +7.834341100e+01 +6.167334110e+02 +6.167334110e+02 +3.5502e+00 -4.9632e-01 -1.8404e+00 -3.7365e-01 -4.1769e+00 -2.0073e+00 -3.3622e+00 -1.0409e+00 -7.5890e-01 -1.0498e+00
999 0 +7.620626114e+01 +6.145962611e+02 +6.145962611e+02 +2.3600e+00 +1.4697e+00 -1.4780e+00 -1.1952e+00 -4.9420e+00 -2.2627e-01 -2.0404e+00 +3.9616e-01 -1.0940e+00 -1.8997e+00
1075 0 +7.216002168e+01 +6.105500217e+02 +6.105500217e+02 +4.3507e+00 +1.2978e-01 -2.1853e+00 +3.1965e-01 -4.3332e+00 -1.4395e+00 -2.7439e+00 +1.2124e+00 -3.2045e+00 -2.3884e+00
1097 0 +6.787739170e+01 +6.062673917e+02 +6.062673917e+02 +4.4256e+00 +4.3284e-01 -1.6965e+00 +3.2167e-01 -4.7906e+00 -1.2479e+00 -2.0380e+00 -1.2352e-01 -2.4070e+00 -9.3692e-01
1153 0 +5.289233922e+01 +5.912823392e+02 +5.912823392e+02 +3.6983e+00 -9.1287e-02 -7.1224e-01 +1.0047e+00 -4.6916e+00 -3.0206e+00 -3.0869e+00 +6.1816e-02 -9.5897e-01 -1.3450e+00
1216 0 +3.940010413e+01 +5.777901041e+02 +5.777901041e+02 +3.4896e+00 +1.0522e+00 -1.0562e+00 +1.6402e+00 -4.5423e+00 -2.6834e+00 -2.5563e+00 +9.9225e-01 -2.7887e+00 -2.4121e+00
1421 0 +3.556700793e+01 +5.739570079e+02 +5.739570079e+02 +4.2022e+00 +8.8668e-01 +6.6498e-01 +1.3300e+00 -4.0826e+00 -1.7858e+00 -1.5818e+00 +1.3155e+00 -1.8953e+00 -2.0218e+00
1481 0 +3.432788960e+01 +5.727178896e+02 +5.727178896e+02 +4.2718e+00 +1.7162e+00 -5.1397e-02 +1.3052e+00 -4.3985e+00 -3.1058e+00 -2.9059e+00 +1.6146e+00 -1.7009e+00 -3.0027e+00
1626 0 +1.868489005e+01 +5.570748901e+02 +5.570748901e+02 +4.0161e+00 +2.7092e+00 +1.2521e+00 +1.8617e+00 -4.3523e+00 -2.8365e+00 -2.5588e+00 +2.0946e+00 -1.2766e+00 -2.7716e+00
1724 0 +1.281529618e+01 +5.512052962e+02 +5.512052962e+02 +3.6619e+00 +2.2986e+00 +1.4273e+00 +2.8696e+00 -4.3002e+00 -2.1531e+00 -1.1857e+00 +2.3883e+00 -2.2028e+00 -3.6484e+00
1977 0 +1.157440904e+01 +5.499644090e+02 +5.499644090e+02 +3.7904e+00 +3.4163e+00 +1.2344e+00 +2.6232e+00 -4.3341e+00 -2.7436e+00 -2.2454e+00 +2.3341e+00 -1.7549e+00 -2.9013e+00
2211 0 +1.109166516e+01 +5.494816652e+02 +5.494816652e+02 +3.4719e+00 +1.7878e+00 +9.7035e-01 +2.6623e+00 -4.1220e+00 -1.4569e+00 -1.7099e+00 +1.9804e+00 -1.4239e+00 -2.8437e+00
2236 0 +7.035906993e+00 +5.454259070e+02 +5.454259070e+02 +3.5084e+00 +2.2336e+00 +5.8642e-01 +2.9897e+00 -4.6948e+00 -2.0248e+00 -2.1656e+00 +1.5956e+00 -1.8100e+00 -2.3993e+00
2258 0 +6.905164409e+00 +5.452951644e+02 +5.452951644e+02 +3.4450e+00 +2.6581e+00 +9.0249e-01 +2.8117e+00 -4.7176e+00 -1.6939e+00 -1.9433e+00 +1.5869e+00 -1.2629e+00 -2.2154e+00
2488 0 +6.570544132e+00 +5.449605441e+02 +5.449605441e+02 +3.4550e+00 +2.4012e+00 +2.8472e-01 +2.8341e+00 -4.2070e+00 -1.7796e+00 -2.2907e+00 +1.1554e+00 -1.7319e+00 -2.8761e+00
% f evaluations | g evaluations | best noise-free fitness - Fopt (-1.055600000000e+02) + sum g_i+ | measured fitness | best measured fitness or single-digit g-values | x1 | x2...
1 0 +6.489641357e+05 +6.488585757e+05 +6.488585757e+05 +5.9671e-01 -3.8264e-02 +7.4769e-01 +1.6230e+00 -1.3415e-01 -1.3414e-01 +1.6792e+00 +8.6743e-01 -3.6947e-01 +6.4256e-01
2 0 +2.224974950e+05 +2.223919350e+05 +2.223919350e+05 -3.6342e-01 -3.6573e-01 +3.4196e-01 -1.8133e+00 -1.6249e+00 -4.6229e-01 -9.1283e-01 +4.1425e-01 -8.0802e-01 -1.3123e+00
13 0 +1.911212720e+05 +1.910157120e+05 +1.910157120e+05 +8.9103e-01 -8.0939e-01 +1.5028e+00 -1.3019e+00 +6.8686e-01 +2.2905e+00 -8.9054e-01 -4.6630e-01 +1.9965e-01 -4.0348e-01
54 0 +1.612053802e+05 +1.610998202e+05 +1.610998202e+05 +5.9789e-01 -1.9478e-01 +8.7226e-01 -1.9911e+00 +1.3281e+00 -3.4464e-01 -1.7651e+00 -3.9494e-01 -8.8708e-02 -9.4051e-01
93 0 +1.349293757e+05 +1.348238157e+05 +1.348238157e+05 +1.0077e+00 +5.0014e-02 +1.3152e+00 -9.1130e-01 +1.6865e+00 -1.7538e-01 -1.7972e+00 -7.3640e-01 -1.4689e+00 -1.9027e+00
104 0 +1.092807166e+05 +1.091751566e+05 +1.091751566e+05 +6.1936e-01 -1.0443e+00 +2.1263e+00 -5.0660e-01 +1.1029e-02 +2.1212e+00 -1.0423e+00 -2.1848e+00 -1.3195e+00 -1.6026e+00
114 0 +1.085659849e+05 +1.084604249e+05 +1.084604249e+05 +1.3634e+00 +1.8383e+00 +9.9079e-01 -3.5512e+00 +9.8247e-01 -1.4276e-01 -1.1097e+00 -2.1640e+00 -5.3090e-01 -2.6030e+00
119 0 +5.393781804e+04 +5.383225804e+04 +5.383225804e+04 +2.7181e-01 -9.2013e-01 +2.1293e+00 -3.4799e+00 +4.4329e-01 +7.0322e-01 +2.6056e-01 -1.0685e+00 -1.8331e+00 -3.3685e+00
124 0 +4.465048758e+04 +4.454492758e+04 +4.454492758e+04 -2.6344e-01 -8.6485e-01 +2.6465e+00 -2.2114e+00 -1.2406e+00 +2.9172e+00 -1.4203e+00 -2.4566e+00 +1.9303e+00 -3.1133e+00
154 0 +1.320521091e+02 +2.649210914e+01 +2.649210914e+01 +1.2540e-01 -3.5288e+00 +4.3501e+00 -4.2773e+00 +2.6992e+00 +1.1161e+00 -1.6633e+00 -1.0038e+00 +3.8427e-01 -2.6723e+00
275 0 +1.155826680e+02 +1.002266800e+01 +1.002266800e+01 -2.4491e+00 -4.5017e+00 +4.3482e+00 -4.2687e+00 +2.6823e-01 -1.5358e+00 -1.8803e+00 -4.8275e-01 -2.1815e-01 -4.7656e+00
411 0 +1.118178829e+02 +6.257882868e+00 +6.257882868e+00 -1.7788e-01 -2.7449e+00 +3.7978e+00 -3.7734e+00 +1.5978e+00 +5.3301e-01 -2.2424e+00 -1.5807e+00 +1.0178e+00 -3.2369e+00
449 0 +9.509788880e+01 -1.046211120e+01 -1.046211120e+01 +2.7543e-01 -4.0384e+00 +3.0883e+00 -2.5305e+00 +9.4006e-01 -6.5195e-01 -3.9756e+00 -2.0224e+00 +6.4020e-01 -2.9827e+00
461 0 +8.787332247e+01 -1.768667753e+01 -1.768667753e+01 -1.9984e+00 -3.8503e+00 +3.7216e+00 -2.4799e+00 +8.6846e-01 +1.2239e+00 -1.0145e+00 -2.0395e+00 +5.7508e-01 -2.7794e+00
561 0 +8.277798763e+01 -2.278201237e+01 -2.278201237e+01 -1.0434e+00 -4.6436e+00 +4.8376e+00 -2.5503e+00 +1.4232e+00 +4.5695e-01 -1.2358e+00 -1.7425e+00 +1.0954e+00 -1.6100e+00
621 0 +7.703392248e+01 -2.852607752e+01 -2.852607752e+01 -2.4392e+00 -3.8377e+00 +4.6358e+00 -2.2328e+00 +2.1769e-01 +1.3826e+00 -1.2332e+00 -2.4270e+00 +9.9689e-01 -3.5120e+00
647 0 +6.602185647e+01 -3.953814353e+01 -3.953814353e+01 -6.1794e-01 -4.6619e+00 +2.5723e+00 -3.1701e+00 -8.8983e-01 -1.5948e-01 -2.7360e+00 -3.1918e+00 +5.1520e-01 -2.6643e-01
852 0 +6.559306791e+01 -3.996693209e+01 -3.996693209e+01 -7.2724e-02 -4.2491e+00 +4.1228e+00 -2.7393e+00 +9.3291e-01 +7.8745e-01 -2.3983e+00 -1.3179e+00 +1.8111e+00 -2.0720e+00
890 0 +6.071899932e+01 -4.484100068e+01 -4.484100068e+01 -1.0235e+00 -3.7383e+00 +3.8600e+00 -2.6264e+00 -5.0728e-01 +1.7941e+00 -6.1056e-01 -3.2155e+00 +1.3085e+00 -2.3388e+00
922 0 +4.472101553e+01 -6.083898447e+01 -6.083898447e+01 -4.0888e-02 -2.7889e+00 +4.4103e+00 -2.9563e+00 -6.0408e-01 +4.2760e-01 -1.0615e+00 -1.5572e+00 +1.0844e+00 -2.8303e+00
1022 0 +2.412104732e+01 -8.143895268e+01 -8.143895268e+01 -4.9103e-04 -4.3356e+00 +4.1197e+00 -2.4231e+00 -1.5142e+00 +1.1738e+00 -1.5878e+00 -1.0956e+00 +2.3705e+00 -2.5741e+00
1272 0 +1.295467514e+01 -9.260532486e+01 -9.260532486e+01 +2.5867e-01 -4.8511e+00 +4.4736e+00 -1.8292e+00 -1.9676e+00 +6.2028e-01 -2.6693e+00 -9.0543e-01 +1.8034e+00 -1.9104e+00
1419 0 +1.254827502e+01 -9.301172498e+01 -9.301172498e+01 +1.3877e-01 -4.2188e+00 +4.6108e+00 -9.8297e-01 -1.8437e+00 +1.2327e+00 -2.5355e+00 -1.3467e+00 +3.1037e+00 -2.7449e+00
1636 0 +1.205869136e+01 -9.350130864e+01 -9.350130864e+01 +8.4390e-01 -4.5566e+00 +3.7445e+00 -1.7525e+00 -2.2544e+00 +1.2246e+00 -3.2675e+00 -1.0206e+00 +1.5903e+00 -2.0428e+00
1780 0 +8.349954336e+00 -9.721004566e+01 -9.721004566e+01 +7.6917e-01 -4.6173e+00 +4.6314e+00 -1.2165e+00 -2.1594e+00 +8.8819e-01 -3.3723e+00 -1.1462e+00 +2.2789e+00 -1.8741e+00
1903 0 +6.915484694e+00 -9.864451531e+01 -9.864451531e+01 +1.0935e+00 -4.6408e+00 +4.0866e+00 -1.3792e+00 -2.0626e+00 +7.9585e-01 -3.6628e+00 -7.3100e-01 +2.4892e+00 -1.8832e+00
2187 0 +6.754169469e+00 -9.880583053e+01 -9.880583053e+01 +6.8325e-01 -4.4356e+00 +4.5627e+00 -1.0132e+00 -2.4139e+00 +1.0597e+00 -3.5808e+00 -8.2693e-01 +2.5797e+00 -2.4527e+00
2194 0 +5.618712316e+00 -9.994128768e+01 -9.994128768e+01 +6.6191e-01 -4.3508e+00 +4.4674e+00 -8.7999e-01 -2.2755e+00 +8.9095e-01 -3.7631e+00 -8.6801e-01 +3.1277e+00 -2.0864e+00
2473 0 +5.303049611e+00 -1.002569504e+02 -1.002569504e+02 +6.9590e-01 -4.5879e+00 +4.5214e+00 -1.2146e+00 -2.4172e+00 +1.2747e+00 -3.3463e+00 -7.5561e-01 +2.9798e+00 -1.9691e+00
