% f evaluations | g evaluations | best noise-free fitness - Fopt (-1.694000000000e+01) + sum g_i+ | measured fitness | best measured fitness or single-digit g-values | x1 | x2...
1 0 +2.177673175e+01 +4.836731750e+00 +4.836731750e+00 +5.9671e-01 -3.8264e-02 +7.4769e-01 +1.6230e+00 -1.3415e-01 -1.3414e-01 +1.6792e+00 +8.6743e-01 -3.6947e-01 +6.4256e-01
10 0 +1.911425818e+01 +2.174258178e+00 +2.174258178e+00 +1.9708e-01 +1.0686e+00 -6.0205e-01 -2.2766e-01 -2.9211e-01 -1.3635e+00 +3.9612e-01 +3.6106e-01 +1.0511e-01 -1.3459e-01
29 0 +1.747590434e+01 +5.359043438e-01 +5.359043438e-01 +2.1352e-01 +7.6213e-01 +1.6860e+00 -1.1378e+00 +2.2330e+00 -1.8521e+00 -5.1785e-02 +6.8832e-01 +3.8099e-01 -5.2270e-01
33 0 +1.688990874e+01 -5.009125803e-02 -5.009125803e-02 +1.9700e-01 +6.9516e-01 -7.1822e-01 +2.1924e+00 -9.0602e-01 -1.1142e+00 +1.2581e+00 +8.9166e-01 +7.2412e-01 +7.2835e-01
36 0 +1.530616351e+01 -1.633836493e+00 -1.633836493e+00 +4.1091e-01 +1.5754e+00 +9.5766e-01 -5.9939e-02 +8.0984e-02 -9.0253e-01 +8.1487e-02 -1.8866e-01 +4.2272e-01 -7.2723e-01
37 0 +1.289055691e+01 -4.049443093e+00 -4.049443093e+00 +6.1935e-01 +1.6327e+00 -8.7601e-03 +5.0171e-01 +7.9014e-01 -3.0122e-01 +3.2409e-01 +1.1259e-01 +1.9768e-01 -6.7301e-01
51 0 +8.174373053e+00 -8.765626947e+00 -8.765626947e+00 +2.3186e+00 +2.9387e+00 -1.7373e+00 +1.5906e+00 +8.2158e-01 +1.1691e+00 +6.2173e-02 +1.3603e+00 +3.7044e-01 -2.9001e+00
101 0 +6.565710864e+00 -1.037428914e+01 -1.037428914e+01 +2.3135e+00 +1.7135e+00 -2.9043e+00 +3.9318e-01 +2.5613e+00 +5.7398e-01 -2.2612e-01 -5.3796e-02 +2.5201e+00 -2.2748e+00
201 0 +6.388182217e+00 -1.055181778e+01 -1.055181778e+01 +1.6119e+00 +1.4729e+00 -1.3209e+00 +1.2581e+00 +4.0454e+00 -1.1119e+00 +3.9816e-01 -8.4468e-01 -1.7908e+00 -4.0296e+00
251 0 +3.111125684e+00 -1.382887432e+01 -1.382887432e+01 +4.3596e+00 +2.8234e+00 -1.4654e+00 +3.2243e+00 +1.5675e+00 -9.2262e-01 +3.3925e+00 -1.8774e+00 -6.2356e-01 -2.7966e+00
501 0 +2.830188526e+00 -1.410981147e+01 -1.410981147e+01 +2.7612e+00 +3.2080e+00 -1.4238e+00 +3.6902e-01 +1.3932e+00 -1.0560e+00 +3.0306e+00 -2.9236e+00 -1.3814e+00 -2.8106e+00
531 0 +2.487930558e+00 -1.445206944e+01 -1.445206944e+01 +3.1182e+00 +2.6412e+00 +4.9954e-01 +1.7584e+00 +1.7914e+00 -2.2148e+00 +2.6209e+00 -1.2813e+00 +3.4669e-01 -2.7509e+00
630 0 +2.452672261e+00 -1.448732774e+01 -1.448732774e+01 +4.3660e+00 +2.3089e+00 -1.9881e+00 +1.4207e+00 +1.6494e+00 -1.6211e+00 +3.3809e+00 -9.9829e-01 +1.2024e-01 -2.2539e+00
651 0 +1.842713282e+00 -1.509728672e+01 -1.509728672e+01 +4.0871e+00 +2.3267e+00 -9.8043e-01 +1.7045e+00 +6.9731e-01 -9.0775e-01 +3.5647e+00 -1.9924e+00 -3.5462e-01 -2.4649e+00
801 0 +1.742637400e+00 -1.519736260e+01 -1.519736260e+01 +3.7464e+00 +2.0065e+00 -8.9829e-01 +2.1950e+00 +1.6268e+00 -2.2507e+00 +2.9598e+00 -2.6999e+00 +3.2985e-01 -2.3481e+00
851 0 +1.417583084e+00 -1.552241692e+01 -1.552241692e+01 +3.6824e+00 +2.4532e+00 -7.6112e-01 +1.8800e+00 +1.2627e+00 -1.9259e+00 +3.4004e+00 -2.1073e+00 -9.0480e-01 -1.9176e+00
938 0 +1.348506219e+00 -1.559149378e+01 -1.559149378e+01 +3.7851e+00 +2.9927e+00 -6.6583e-02 +1.8888e+00 +8.8760e-01 -1.8008e+00 +3.7697e+00 -2.2744e+00 +3.1552e-01 -2.6208e+00
1001 0 +1.286947479e+00 -1.565305252e+01 -1.565305252e+01 +3.4170e+00 +2.5107e+00 -7.4607e-01 +1.3868e+00 +1.4057e+00 -1.7108e+00 +3.3801e+00 -2.2522e+00 +2.8269e-01 -2.0006e+00
1199 0 +8.806060005e-01 -1.605939400e+01 -1.605939400e+01 +3.8677e+00 +2.6287e+00 -1.7747e+00 +1.0882e+00 +1.8974e+00 -2.2318e+00 +2.9856e+00 -2.4631e+00 -3.5956e-01 -2.0384e+00
1351 0 +8.042021520e-01 -1.613579785e+01 -1.613579785e+01 +3.6481e+00 +2.4069e+00 -1.3474e+00 +1.2527e+00 +1.4323e+00 -2.1478e+00 +3.5416e+00 -2.4638e+00 -4.5043e-01 -2.0688e+00
1501 0 +5.863592894e-01 -1.635364071e+01 -1.635364071e+01 +3.5857e+00 +2.6085e+00 -1.2054e+00 +1.4010e+00 +1.1746e+00 -1.6432e+00 +3.4863e+00 -2.1888e+00 -4.7448e-01 -2.1550e+00
1551 0 +5.201132148e-01 -1.641988679e+01 -1.641988679e+01 +3.0577e+00 +2.7930e+00 -1.0983e+00 +1.5062e+00 +1.3811e+00 -1.9114e+00 +3.6735e+00 -2.1871e+00 -2.5499e-01 -1.8870e+00
1578 0 +4.465229530e-01 -1.649347705e+01 -1.649347705e+01 +3.6516e+00 +2.3404e+00 -8.6027e-01 +1.4761e+00 +1.2016e+00 -1.7997e+00 +3.5716e+00 -2.2301e+00 -1.3489e-01 -1.9990e+00
1701 0 +4.388803047e-01 -1.650111970e+01 -1.650111970e+01 +3.4725e+00 +2.4835e+00 -1.0001e+00 +1.4459e+00 +1.1585e+00 -1.7597e+00 +3.4013e+00 -2.2481e+00 -3.0758e-01 -2.1121e+00
1801 0 +3.861120257e-01 -1.655388797e+01 -1.655388797e+01 +3.8396e+00 +2.4122e+00 -1.1969e+00 +1.6557e+00 +1.1521e+00 -1.8634e+00 +3.4912e+00 -2.3892e+00 -3.9527e-01 -2.2614e+00
1851 0 +3.570779472e-01 -1.658292205e+01 -1.658292205e+01 +3.6519e+00 +2.5666e+00 -1.3789e+00 +1.6766e+00 +1.4623e+00 -1.9205e+00 +3.6449e+00 -2.4841e+00 -4.3112e-01 -1.9286e+00
1901 0 +3.294122538e-01 -1.661058775e+01 -1.661058775e+01 +3.6913e+00 +2.4841e+00 -1.3758e+00 +1.4085e+00 +1.3677e+00 -1.8709e+00 +3.3950e+00 -2.3537e+00 -3.7164e-01 -1.8667e+00
1980 0 +3.145925998e-01 -1.662540740e+01 -1.662540740e+01 +3.5430e+00 +2.5269e+00 -1.4540e+00 +1.3876e+00 +1.4134e+00 -1.7250e+00 +3.4366e+00 -2.2546e+00 -4.5056e-01 -2.0287e+00
2001 0 +2.436558404e-01 -1.669634416e+01 -1.669634416e+01 +3.5728e+00 +2.5549e+00 -1.5560e+00 +1.4420e+00 +1.2923e+00 -1.8659e+00 +3.5209e+00 -2.3922e+00 -3.5659e-01 -1.9882e+00
2151 0 +1.858451817e-01 -1.675415482e+01 -1.675415482e+01 +3.6238e+00 +2.5865e+00 -1.5277e+00 +1.5492e+00 +1.4072e+00 -1.8073e+00 +3.5079e+00 -2.2655e+00 -4.1938e-01 -2.1212e+00
2174 0 +1.782005981e-01 -1.676179940e+01 -1.676179940e+01 +3.5820e+00 +2.3925e+00 -1.5772e+00 +1.4314e+00 +1.4165e+00 -1.8454e+00 +3.4842e+00 -2.3433e+00 -3.6656e-01 -2.0225e+00
2251 0 +1.754213563e-01 -1.676457864e+01 -1.676457864e+01 +3.6763e+00 +2.5976e+00 -1.4289e+00 +1.4281e+00 +1.4178e+00 -1.9375e+00 +3.4950e+00 -2.3003e+00 -4.3856e-01 -2.0937e+00
2301 0 +1.139565515e-01 -1.682604345e+01 -1.682604345e+01 +3.6568e+00 +2.5020e+00 -1.5082e+00 +1.4738e+00 +1.3568e+00 -1.8582e+00 +3.5516e+00 -2.2842e+00 -3.8155e-01 -2.0309e+00
2391 0 +9.841890105e-02 -1.684158110e+01 -1.684158110e+01 +3.6053e+00 +2.5603e+00 -1.3588e+00 +1.5486e+00 +1.3174e+00 -1.8685e+00 +3.5308e+00 -2.2277e+00 -3.0640e-01 -2.0249e+00
% f evaluations | g evaluations | best noise-free fitness - Fopt (1.881000000000e+01) + sum g_i+ | measured fitness | best measured fitness or single-digit g-values | x1 | x2...
1 0 +7.718256523e+00 +2.652825652e+01 +2.652825652e+01 +5.9671e-01 -3.8264e-02 +7.4769e-01 +1.6230e+00 -1.3415e-01 -1.3414e-01 +1.6792e+00 +8.6743e-01 -3.6947e-01 +6.4256e-01
4 0 +7.091760746e+00 +2.590176075e+01 +2.590176075e+01 -5.0171e-01 +1.9523e+00 +8.6503e-02 -9.5771e-01 +9.2254e-01 -1.1208e+00 +3.0886e-01 -1.8597e+00 -1.2282e+00 +2.9686e-01
10 0 +5.699832810e+00 +2.450983281e+01 +2.450983281e+01 +1.9708e-01 +1.0686e+00 -6.0205e-01 -2.2766e-01 -2.9211e-01 -1.3635e+00 +3.9612e-01 +3.6106e-01 +1.0511e-01 -1.3459e-01
29 0 +4.549808231e+00 +2.335980823e+01 +2.335980823e+01 +2.1352e-01 +7.6213e-01 +1.6860e+00 -1.1378e+00 +2.2330e+00 -1.8521e+00 -5.1785e-02 +6.8832e-01 +3.8099e-01 -5.2270e-01
51 0 +4.267640872e+00 +2.307764087e+01 +2.307764087e+01 +8.8296e-01 +1.1945e+00 -3.9898e-03 +9.4937e-01 +1.4806e+00 -1.9729e+00 +9.7709e-01 +5.0632e-01 -1.3659e-01 -3.3899e-02
101 0 +4.162685688e+00 +2.297268569e+01 +2.297268569e+01 +1.0694e+00 +2.6134e+00 -9.7070e-01 -4.6738e-01 +1.3276e+00 -8.9499e-01 +1.1288e+00 +5.9535e-01 -9.0712e-01 +1.6164e+00
151 0 +4.088761028e+00 +2.289876103e+01 +2.289876103e+01 +1.0647e+00 +1.4224e+00 -1.2976e+00 +6.6860e-01 +2.0203e+00 -1.9222e+00 +2.0608e+00 +3.4282e-01 -5.9843e-01 +1.5807e+00
175 0 +3.404769773e+00 +2.221476977e+01 +2.221476977e+01 +1.0224e+00 +2.3636e+00 -5.0196e-01 +8.8348e-02 +1.5117e+00 -2.4592e+00 -1.0706e+00 +1.4134e+00 -1.5601e+00 +1.5354e+00
351 0 +2.972136227e+00 +2.178213623e+01 +2.178213623e+01 -3.0118e-01 +3.2975e+00 -1.6511e+00 +5.8554e-02 +2.0887e+00 -1.6506e+00 -7.7034e-01 -3.4957e-01 +9.2440e-01 +2.4195e+00
480 0 +2.352676308e+00 +2.116267631e+01 +2.116267631e+01 +1.7777e-01 +1.9786e+00 -2.2233e-01 +1.2476e-01 +2.7694e+00 -3.0727e+00 -8.3079e-01 +1.5827e-01 +3.9712e-01 +3.1444e+00
701 0 +2.132559911e+00 +2.094255991e+01 +2.094255991e+01 +6.4915e-01 +1.5814e+00 -1.0592e-01 -9.0873e-01 +1.4847e+00 -2.8699e+00 -6.0562e-01 +6.8493e-01 -4.1978e-01 +2.6790e+00
751 0 +1.822531520e+00 +2.063253152e+01 +2.063253152e+01 -5.4950e-01 +2.1286e+00 -6.0524e-01 -3.8580e-01 +1.1282e+00 -3.4657e+00 -9.1670e-01 -1.0858e-01 -5.3382e-01 +1.9993e+00
801 0 +1.139486658e+00 +1.994948666e+01 +1.994948666e+01 -6.8302e-01 +1.6345e+00 +1.4514e-01 -5.4435e-01 +1.6751e+00 -3.3228e+00 +2.0394e-01 +7.2914e-01 -2.4483e-01 +2.7197e+00
1151 0 +1.110298970e+00 +1.992029897e+01 +1.992029897e+01 +3.0056e-01 +1.5802e+00 -1.2270e+00 +7.8540e-01 +2.0836e+00 -3.1661e+00 +2.5229e-01 +3.9338e-01 +4.4137e-01 +2.0351e+00
1351 0 +1.036365081e+00 +1.984636508e+01 +1.984636508e+01 +8.4033e-02 +2.2383e+00 -4.4103e-01 +2.1108e-01 +1.7510e+00 -3.3941e+00 +1.9740e-01 +3.2589e-01 +2.5752e-01 +2.6399e+00
1451 0 +5.733660127e-01 +1.938336601e+01 +1.938336601e+01 +8.4001e-02 +2.4076e+00 -5.9895e-01 -9.8359e-02 +2.0457e+00 -3.1273e+00 -3.9313e-02 +7.3223e-01 +2.5279e-01 +2.4093e+00
1701 0 +5.426127177e-01 +1.935261272e+01 +1.935261272e+01 -4.7931e-01 +1.7911e+00 -1.2156e+00 +3.1344e-02 +1.6224e+00 -3.3048e+00 +1.2705e-01 +4.7093e-01 +4.9796e-01 +2.6772e+00
1717 0 +4.450647591e-01 +1.925506476e+01 +1.925506476e+01 -4.4228e-01 +1.8461e+00 -1.1047e+00 -2.0233e-01 +1.5433e+00 -3.3330e+00 +1.6571e-01 +4.7902e-01 +2.3773e-01 +2.8358e+00
1823 0 +4.320061360e-01 +1.924200614e+01 +1.924200614e+01 -5.1719e-01 +1.7596e+00 -9.3624e-01 -1.9947e-01 +1.5500e+00 -3.3292e+00 +3.0892e-01 +3.5685e-01 +4.8167e-01 +2.7115e+00
1901 0 +2.507671893e-01 +1.906076719e+01 +1.906076719e+01 -2.7428e-01 +1.9018e+00 -7.3860e-01 -1.2583e-01 +1.7774e+00 -3.3873e+00 +1.2904e-01 +5.2250e-01 +2.5524e-01 +2.4661e+00
2051 0 +1.395870792e-01 +1.894958708e+01 +1.894958708e+01 -2.5423e-01 +1.7256e+00 -8.1688e-01 -6.0502e-02 +1.6497e+00 -3.2131e+00 +2.6875e-01 +3.1919e-01 +4.4023e-01 +2.6271e+00
2321 0 +9.780505358e-02 +1.890780505e+01 +1.890780505e+01 -1.8009e-01 +1.7354e+00 -7.8776e-01 -4.7355e-03 +1.6292e+00 -3.3059e+00 +1.8001e-01 +3.7647e-01 +2.7462e-01 +2.6638e+00
2451 0 +6.854540835e-02 +1.887854541e+01 +1.887854541e+01 -2.3610e-01 +1.7749e+00 -8.8512e-01 -4.7680e-02 +1.7114e+00 -3.2939e+00 +2.5581e-01 +3.8699e-01 +3.8560e-01 +2.6192e+00
% f evaluations | g evaluations | best noise-free fitness - Fopt (2.731500000000e+02) + sum g_i+ | measured fitness | best measured fitness or single-digit g-values | x1 | x2...
1 0 +2.250066945e+01 +2.956506694e+02 +2.956506694e+02 +5.9671e-01 -3.8264e-02 +7.4769e-01 +1.6230e+00 -1.3415e-01 -1.3414e-01 +1.6792e+00 +8.6743e-01 -3.6947e-01 +6.4256e-01
4 0 +1.478898579e+01 +2.879389858e+02 +2.879389858e+02 -5.0171e-01 +1.9523e+00 +8.6503e-02 -9.5771e-01 +9.2254e-01 -1.1208e+00 +3.0886e-01 -1.8597e+00 -1.2282e+00 +2.9686e-01
16 0 +1.355324968e+01 +2.867032497e+02 +2.867032497e+02 +3.5049e-01 +4.4645e-01 -5.8002e-01 +3.3225e-01 +3.9307e-01 -6.1435e-01 +1.9658e+00 +5.7383e-01 -1.0913e+00 +7.5655e-01
27 0 +9.165549994e+00 +2.823155500e+02 +2.823155500e+02 -8.2693e-01 +4.0475e-02 -3.1413e+00 -9.2439e-01 -1.5257e-01 -1.1478e+00 +1.7324e+00 -1.3301e+00 -3.4004e-01 +2.3074e-01
51 0 +6.428001514e+00 +2.795780015e+02 +2.795780015e+02 -1.3353e+00 +1.0841e+00 -8.8090e-01 +2.1739e+00 +1.7734e+00 -2.1853e+00 +8.3031e-01 -1.6734e+00 +8.1786e-01 +1.6793e+00
101 0 +3.095827014e+00 +2.762458270e+02 +2.762458270e+02 -1.8714e+00 +2.9322e+00 -5.8294e-01 +7.0146e-01 +2.0698e+00 -2.9726e+00 +3.8063e-01 -3.5720e+00 +5.6680e-01 +3.6961e+00
601 0 +2.998473418e+00 +2.761484734e+02 +2.761484734e+02 -3.3867e+00 +3.4250e+00 -4.7172e-01 +2.4187e+00 +5.6151e-01 -3.3777e+00 +2.1444e-01 -1.5967e+00 -2.8164e+00 +2.5494e+00
701 0 +1.746771092e+00 +2.748967711e+02 +2.748967711e+02 -2.7998e+00 +2.9097e+00 +1.4061e-01 +4.2592e+00 +1.0558e+00 -4.6536e+00 -3.4154e-01 -2.1505e+00 -3.0520e+00 +2.2144e+00
851 0 +1.510851301e+00 +2.746608513e+02 +2.746608513e+02 -3.1647e+00 +3.5784e+00 -4.3734e-01 +2.7868e+00 +9.9467e-01 -4.4866e+00 -1.4376e+00 -1.4768e+00 -2.8126e+00 +2.3221e+00
886 0 +1.385122895e+00 +2.745351229e+02 +2.745351229e+02 -3.7239e+00 +4.0824e+00 -1.3561e+00 +1.7920e+00 +3.2989e+00 -3.3377e+00 -9.5385e-01 -1.2735e+00 -9.0546e-01 +2.9841e+00
1001 0 +1.275351195e+00 +2.744253512e+02 +2.744253512e+02 -3.8592e+00 +4.1667e+00 -3.7508e-01 +2.3629e+00 +1.2996e+00 -4.2447e+00 -1.4017e+00 -5.2392e-01 -2.5246e+00 +3.1424e+00
1032 0 +1.178179125e+00 +2.743281791e+02 +2.743281791e+02 -2.8778e+00 +3.9857e+00 -8.0550e-01 +1.7847e+00 +2.8562e+00 -3.2035e+00 -8.8784e-01 -1.5762e+00 -1.0811e+00 +3.2448e+00
1201 0 +9.021945371e-01 +2.740521945e+02 +2.740521945e+02 -3.6936e+00 +3.5621e+00 -6.4283e-01 +2.6927e+00 +2.1011e+00 -3.5786e+00 -1.3032e+00 -1.4188e+00 -2.3185e+00 +3.0579e+00
1223 0 +8.133036565e-01 +2.739633037e+02 +2.739633037e+02 -3.4074e+00 +3.4789e+00 +5.8560e-02 +2.3330e+00 +1.9987e+00 -3.8047e+00 -1.2340e+00 -8.2251e-01 -1.8910e+00 +3.3561e+00
1273 0 +5.882003783e-01 +2.737382004e+02 +2.737382004e+02 -3.7846e+00 +4.0474e+00 -5.4598e-01 +2.4681e+00 +2.4985e+00 -3.7837e+00 -1.4172e+00 -8.9166e-01 -1.8551e+00 +3.1885e+00
1551 0 +5.423300209e-01 +2.736923300e+02 +2.736923300e+02 -3.5057e+00 +4.0215e+00 -7.9044e-01 +2.5068e+00 +2.4591e+00 -3.7843e+00 -1.1760e+00 -9.0055e-01 -1.8205e+00 +3.1275e+00
1701 0 +4.087224989e-01 +2.735587225e+02 +2.735587225e+02 -3.4881e+00 +3.9247e+00 -4.4572e-01 +2.5255e+00 +2.1342e+00 -3.9724e+00 -1.2301e+00 -8.2344e-01 -1.8948e+00 +3.2941e+00
1751 0 +3.908266164e-01 +2.735408266e+02 +2.735408266e+02 -3.5546e+00 +3.8723e+00 -4.3621e-01 +2.3325e+00 +2.1449e+00 -3.7480e+00 -1.0258e+00 -9.4220e-01 -1.6691e+00 +3.4046e+00
1829 0 +3.600584779e-01 +2.735100585e+02 +2.735100585e+02 -3.6550e+00 +3.8950e+00 -6.9693e-01 +2.3145e+00 +2.3880e+00 -3.8584e+00 -1.0580e+00 -8.3498e-01 -1.7369e+00 +3.3796e+00
1996 0 +3.470179509e-01 +2.734970180e+02 +2.734970180e+02 -3.9245e+00 +3.8793e+00 -4.6392e-01 +2.6179e+00 +1.9712e+00 -4.0580e+00 -1.0444e+00 -7.3164e-01 -2.0241e+00 +3.3394e+00
2001 0 +2.665691098e-01 +2.734165691e+02 +2.734165691e+02 -3.5623e+00 +3.6999e+00 -5.7269e-01 +2.6237e+00 +1.9131e+00 -3.8191e+00 -1.1667e+00 -1.0488e+00 -1.8960e+00 +3.1872e+00
2032 0 +2.341841980e-01 +2.733841842e+02 +2.733841842e+02 -3.6861e+00 +3.9054e+00 -5.4482e-01 +2.3995e+00 +1.9741e+00 -3.9383e+00 -1.0875e+00 -8.5374e-01 -1.9796e+00 +3.2717e+00
2092 0 +2.330763237e-01 +2.733830763e+02 +2.733830763e+02 -3.6535e+00 +3.8585e+00 -4.5731e-01 +2.5013e+00 +2.1213e+00 -3.9360e+00 -9.9541e-01 -1.0413e+00 -1.9884e+00 +3.2879e+00
2201 0 +1.881367791e-01 +2.733381368e+02 +2.733381368e+02 -3.6159e+00 +3.7354e+00 -4.4120e-01 +2.4667e+00 +2.0155e+00 -3.9628e+00 -1.0082e+00 -1.1085e+00 -1.9745e+00 +3.3226e+00
2251 0 +1.437418246e-01 +2.732937418e+02 +2.732937418e+02 -3.6977e+00 +3.7957e+00 -5.3744e-01 +2.5421e+00 +2.1116e+00 -3.8787e+00 -1.0859e+00 -1.0130e+00 -1.9098e+00 +3.2031e+00
2476 0 +1.392398078e-01 +2.732892398e+02 +2.732892398e+02 -3.5867e+00 +3.6767e+00 -5.0398e-01 +2.6882e+00 +1.9233e+00 -3.9383e+00 -1.0126e+00 -1.0186e+00 -1.9843e+00 +3.1701e+00
% f evaluations | g evaluations | best noise-free fitness - Fopt (3.718000000000e+01) + sum g_i+ | measured fitness | best measured fitness or single-digit g-values | x1 | x2...
1 0 +1.658221212e+01 +5.376221212e+01 +5.376221212e+01 +5.9671e-01 -3.8264e-02 +7.4769e-01 +1.6230e+00 -1.3415e-01 -1.3414e-01 +1.6792e+00 +8.6743e-01 -3.6947e-01 +6.4256e-01
3 0 +1.626243604e+01 +5.344243604e+01 +5.344243604e+01 +1.5656e+00 -1.2578e-01 +1.6753e-01 -1.3247e+00 -4.4438e-01 +2.1092e-01 -1.0510e+00 +4.7570e-01 -5.0064e-01 -1.9169e-01
4 0 +1.230304930e+01 +4.948304930e+01 +4.948304930e+01 -5.0171e-01 +1.9523e+00 +8.6503e-02 -9.5771e-01 +9.2254e-01 -1.1208e+00 +3.0886e-01 -1.8597e+00 -1.2282e+00 +2.9686e-01
10 0 +1.201440565e+01 +4.919440565e+01 +4.919440565e+01 +1.9708e-01 +1.0686e+00 -6.0205e-01 -2.2766e-01 -2.9211e-01 -1.3635e+00 +3.9612e-01 +3.6106e-01 +1.0511e-01 -1.3459e-01
12 0 +1.075236747e+01 +4.793236747e+01 +4.793236747e+01 -1.8188e+00 +7.3486e-02 +1.6023e-01 +2.5632e+00 -9.2361e-02 +4.0155e-01 +6.5288e-02 -1.0687e+00 +1.2428e+00 +8.5193e-01
25 0 +1.038529648e+01 +4.756529648e+01 +4.756529648e+01 -6.9252e-01 -1.4736e-02 +6.0499e-01 +9.6576e-01 -1.1003e+00 -2.3450e-01 -3.7495e-01 -5.5333e-01 +1.8655e+00 +5.0498e-01
26 0 +6.758847266e+00 +4.393884727e+01 +4.393884727e+01 -1.1609e+00 +1.0179e+00 +2.2222e+00 +1.1325e+00 -1.4194e+00 -3.8423e-01 +1.3669e+00 -6.0767e-01 +5.4382e-01 +8.7463e-01
51 0 +6.508861866e+00 +4.368886187e+01 +4.368886187e+01 -1.7157e+00 +4.6070e-01 +9.1087e-01 +1.4254e+00 -1.4739e+00 +1.1740e+00 -7.4908e-01 -2.0337e+00 -4.3662e-01 +1.7446e+00
101 0 +4.133018449e+00 +4.131301845e+01 +4.131301845e+01 -4.5091e+00 +1.5290e+00 +1.6610e+00 +2.5358e+00 -3.7079e+00 -3.2549e-01 -1.3115e+00 -3.1497e+00 -3.0120e+00 +2.0979e+00
225 0 +3.951945522e+00 +4.113194552e+01 +4.113194552e+01 -3.4177e+00 +2.3696e+00 +3.5728e+00 -1.0455e-01 -4.7393e+00 +4.4984e-01 -6.5946e-01 -3.2167e+00 -2.4709e+00 +2.7787e+00
351 0 +3.249988001e+00 +4.042998800e+01 +4.042998800e+01 -2.3572e+00 +9.5965e-01 +1.3625e+00 +1.9835e+00 -3.2420e+00 -2.8710e-01 -2.0207e-01 -4.9506e+00 +3.4284e-01 +3.1489e+00
451 0 +2.859482068e+00 +4.003948207e+01 +4.003948207e+01 -3.1739e+00 +3.5864e+00 +2.9427e+00 +1.1824e+00 -4.3502e+00 -7.3626e-01 +6.0549e-01 -2.0810e+00 -6.7447e-01 +3.7911e+00
501 0 +2.381845929e+00 +3.956184593e+01 +3.956184593e+01 -2.6298e+00 +2.3613e+00 +1.9148e+00 +1.7630e+00 -3.4308e+00 -1.2262e+00 -3.4092e-01 -3.5060e+00 -8.1750e-01 +3.0894e+00
535 0 +2.350529899e+00 +3.953052990e+01 +3.953052990e+01 -4.8154e+00 +2.2053e+00 +1.9893e+00 +1.7231e+00 -4.9135e+00 -1.4440e+00 +1.2124e+00 -3.1932e+00 -2.3062e+00 +3.4420e+00
551 0 +1.438991025e+00 +3.861899103e+01 +3.861899103e+01 -3.5932e+00 +2.2386e+00 +2.1214e+00 +1.7568e+00 -4.1988e+00 -8.6101e-01 +5.1989e-01 -3.4331e+00 -1.5501e+00 +2.5896e+00
801 0 +1.394990838e+00 +3.857499084e+01 +3.857499084e+01 -3.7196e+00 +2.0116e+00 +2.1334e+00 +1.8171e+00 -3.7146e+00 -1.2805e+00 -3.3120e-01 -3.4269e+00 -2.0334e+00 +2.9160e+00
830 0 +1.285750836e+00 +3.846575084e+01 +3.846575084e+01 -3.4428e+00 +2.2145e+00 +1.8768e+00 +1.9156e+00 -3.2816e+00 -1.0708e+00 +4.7655e-01 -3.2336e+00 -1.2440e+00 +2.6111e+00
851 0 +1.161209973e+00 +3.834120997e+01 +3.834120997e+01 -4.1547e+00 +2.3976e+00 +1.1382e+00 +1.7810e+00 -3.5544e+00 -1.1273e+00 +4.3122e-01 -3.6040e+00 -1.9498e+00 +3.0714e+00
901 0 +9.860715360e-01 +3.816607154e+01 +3.816607154e+01 -3.5250e+00 +2.1235e+00 +1.4340e+00 +1.9053e+00 -3.2135e+00 -1.7436e+00 +6.9301e-02 -3.0000e+00 -1.9192e+00 +2.9363e+00
1001 0 +7.850944933e-01 +3.796509449e+01 +3.796509449e+01 -4.0335e+00 +2.4704e+00 +2.1844e+00 +1.6456e+00 -3.0850e+00 -9.4765e-01 +5.2065e-01 -3.4571e+00 -1.9623e+00 +2.9491e+00
1169 0 +5.084888243e-01 +3.768848882e+01 +3.768848882e+01 -3.7403e+00 +1.8562e+00 +2.2439e+00 +1.8310e+00 -3.4963e+00 -1.3025e+00 +5.8808e-01 -3.4567e+00 -1.9281e+00 +2.9836e+00
1201 0 +5.020001641e-01 +3.768200016e+01 +3.768200016e+01 -4.1208e+00 +1.8227e+00 +2.0952e+00 +1.7720e+00 -3.5856e+00 -1.2064e+00 +3.1764e-01 -3.3583e+00 -1.5559e+00 +2.8955e+00
1301 0 +2.861100435e-01 +3.746611004e+01 +3.746611004e+01 -3.9825e+00 +2.1977e+00 +2.0313e+00 +1.5738e+00 -3.7074e+00 -1.2435e+00 +4.3946e-01 -3.4227e+00 -1.8637e+00 +3.0362e+00
1651 0 +2.619413867e-01 +3.744194139e+01 +3.744194139e+01 -4.0136e+00 +1.8775e+00 +1.8731e+00 +1.6753e+00 -3.5589e+00 -1.3663e+00 +5.5930e-01 -3.2683e+00 -1.8841e+00 +2.9299e+00
1824 0 +2.357458835e-01 +3.741574588e+01 +3.741574588e+01 -3.9030e+00 +2.1073e+00 +1.9697e+00 +1.4766e+00 -3.6477e+00 -1.2891e+00 +2.9662e-01 -3.3758e+00 -1.8116e+00 +2.9606e+00
1935 0 +1.952240466e-01 +3.737522405e+01 +3.737522405e+01 -3.9323e+00 +2.1164e+00 +2.1554e+00 +1.5339e+00 -3.5861e+00 -1.1590e+00 +3.0188e-01 -3.4248e+00 -1.8275e+00 +3.0521e+00
2101 0 +1.664089842e-01 +3.734640898e+01 +3.734640898e+01 -3.9380e+00 +1.9608e+00 +2.0258e+00 +1.5782e+00 -3.5271e+00 -1.2452e+00 +3.7890e-01 -3.3626e+00 -1.7124e+00 +3.1401e+00
2151 0 +1.260712950e-01 +3.730607129e+01 +3.730607129e+01 -3.8350e+00 +2.0191e+00 +1.9392e+00 +1.7138e+00 -3.5062e+00 -1.2842e+00 +4.2619e-01 -3.4071e+00 -1.7385e+00 +2.9964e+00
2178 0 +1.220061806e-01 +3.730200618e+01 +3.730200618e+01 -3.9367e+00 +2.0219e+00 +2.1125e+00 +1.6104e+00 -3.5591e+00 -1.1925e+00 +3.7655e-01 -3.4037e+00 -1.7489e+00 +2.9878e+00
2200 0 +1.110507708e-01 +3.729105077e+01 +3.729105077e+01 -3.8679e+00 +2.0472e+00 +2.0010e+00 +1.5669e+00 -3.5089e+00 -1.3394e+00 +4.0250e-01 -3.3090e+00 -1.7481e+00 +2.9975e+00
2251 0 +1.092336438e-01 +3.728923364e+01 +3.728923364e+01 -3.9145e+00 +2.0331e+00 +2.0366e+00 +1.6398e+00 -3.5344e+00 -1.3052e+00 +3.5051e-01 -3.3396e+00 -1.7699e+00 +2.9764e+00
2426 0 +1.056118950e-01 +3.728561190e+01 +3.728561190e+01 -3.8765e+00 +2.0052e+00 +2.0554e+00 +1.6626e+00 -3.5424e+00 -1.2489e+00 +4.0806e-01 -3.3821e+00 -1.7395e+00 +3.0463e+00
2451 0 +9.141448391e-02 +3.727141448e+01 +3.727141448e+01 -3.8864e+00 +2.0722e+00 +1.9922e+00 +1.6545e+00 -3.5529e+00 -1.2978e+00 +3.5297e-01 -3.3562e+00 -1.7890e+00 +3.0329e+00
% f evaluations | g evaluations | best noise-free fitness - Fopt (-1.479000000000e+02) + sum g_i+ | measured fitness | best measured fitness or single-digit g-values | x1 | x2...
1 0 +9.805217071e+00 -1.380947829e+02 -1.380947829e+02 +5.9671e-01 -3.8264e-02 +7.4769e-01 +1.6230e+00 -1.3415e-01 -1.3414e-01 +1.6792e+00 +8.6743e-01 -3.6947e-01 +6.4256e-01
2 0 +5.373338012e+00 -1.425266620e+02 -1.425266620e+02 -3.6342e-01 -3.6573e-01 +3.4196e-01 -1.8133e+00 -1.6249e+00 -4.6229e-01 -9.1283e-01 +4.1425e-01 -8.0802e-01 -1.3123e+00
20 0 +4.605621586e+00 -1.432943784e+02 -1.432943784e+02 -3.4651e-01 +9.5640e-01 +3.1409e-01 -1.1457e+00 +2.7318e-01 +4.8532e-01 -7.8386e-01 +2.5373e-01 +1.5821e-01 -1.0430e+00
51 0 +4.491080240e+00 -1.434089198e+02 -1.434089198e+02 +2.8668e-01 +2.5017e+00 +1.6998e+00 -1.5964e+00 -6.9409e-01 -3.0034e-02 +3.7439e-01 -3.0814e-01 -1.8177e+00 -7.4333e-01
118 0 +4.226164171e+00 -1.436738358e+02 -1.436738358e+02 -2.0294e-01 +8.8631e-01 +6.8866e-01 -2.9595e+00 -1.8011e+00 +1.7918e+00 +1.0904e-01 -6.1109e-01 -1.8958e+00 -1.1020e+00
325 0 +4.081439815e+00 -1.438185602e+02 -1.438185602e+02 -1.9924e+00 +1.0456e+00 +1.0793e+00 -2.6387e+00 -4.7746e-01 +1.6773e+00 -3.1712e+00 -8.1440e-01 -2.8087e+00 +1.6270e+00
401 0 +3.211134136e+00 -1.446888659e+02 -1.446888659e+02 -3.2118e+00 +9.3878e-01 +1.7015e+00 -6.1873e-01 -1.5757e+00 +1.9196e+00 -2.2237e+00 -1.2491e+00 -2.1711e+00 +1.6346e+00
601 0 +2.543471462e+00 -1.453565285e+02 -1.453565285e+02 -2.0547e+00 +1.2992e+00 +1.4069e+00 -8.9254e-01 -3.4446e+00 +7.2668e-01 -1.7137e+00 -3.3023e+00 -4.3651e+00 +1.8062e+00
628 0 +2.399460281e+00 -1.455005397e+02 -1.455005397e+02 -4.5705e-01 +1.7916e+00 +5.7045e-01 -1.5212e+00 -2.2720e+00 +2.5767e+00 -1.6620e+00 -1.1203e+00 -2.5868e+00 +5.6645e-01
651 0 +1.855699833e+00 -1.460443002e+02 -1.460443002e+02 -1.5577e+00 +3.6622e-01 +1.0885e+00 -2.3812e+00 -3.1633e+00 +1.0519e+00 -1.1594e+00 -1.5392e+00 -3.9748e+00 +1.2534e+00
778 0 +1.684484080e+00 -1.462155159e+02 -1.462155159e+02 -1.8413e+00 -1.2755e-01 +9.6962e-01 -1.9018e+00 -4.2854e+00 +2.2723e+00 -2.3977e+00 -3.2544e+00 -4.6142e+00 +2.9457e+00
801 0 +1.468229760e+00 -1.464317702e+02 -1.464317702e+02 -1.5479e+00 +3.2692e-01 +9.3208e-01 -1.4274e+00 -3.1558e+00 +1.9329e+00 -1.5378e+00 -2.2913e+00 -4.0841e+00 +2.0492e+00
900 0 +1.328684346e+00 -1.465713157e+02 -1.465713157e+02 -1.3705e+00 +8.0729e-01 +1.6658e+00 -1.6688e+00 -3.1082e+00 +1.9027e+00 -1.3880e+00 -2.7083e+00 -3.2338e+00 +2.3561e+00
1001 0 +6.926935436e-01 -1.472073065e+02 -1.472073065e+02 -1.4323e+00 -6.7663e-02 +6.6604e-01 -1.4274e+00 -3.2147e+00 +2.0146e+00 -1.6260e+00 -2.0498e+00 -3.9681e+00 +1.7113e+00
1301 0 +5.273475340e-01 -1.473726525e+02 -1.473726525e+02 -1.8209e+00 +3.6142e-01 +1.1361e+00 -2.2614e+00 -3.1618e+00 +1.4744e+00 -1.4516e+00 -1.8797e+00 -3.7071e+00 +1.8835e+00
1380 0 +4.593055537e-01 -1.474406944e+02 -1.474406944e+02 -1.4447e+00 +1.4974e-01 +1.1655e+00 -2.1772e+00 -2.8668e+00 +1.3646e+00 -1.3968e+00 -2.1003e+00 -3.8056e+00 +1.4603e+00
1551 0 +3.958671062e-01 -1.475041329e+02 -1.475041329e+02 -1.5753e+00 +1.5432e-01 +1.2484e+00 -1.7339e+00 -3.1351e+00 +1.4663e+00 -1.7787e+00 -2.1805e+00 -3.6872e+00 +1.6541e+00
1601 0 +3.655809928e-01 -1.475344190e+02 -1.475344190e+02 -1.5764e+00 +3.0866e-01 +1.2804e+00 -1.8501e+00 -3.1560e+00 +1.3777e+00 -1.5273e+00 -2.0789e+00 -3.8414e+00 +1.6350e+00
1651 0 +3.344745976e-01 -1.475655254e+02 -1.475655254e+02 -1.6389e+00 +2.2788e-01 +1.1447e+00 -1.8691e+00 -3.2394e+00 +1.5871e+00 -1.4722e+00 -2.2713e+00 -3.6429e+00 +1.7113e+00
1751 0 +2.377231409e-01 -1.476622769e+02 -1.476622769e+02 -1.8271e+00 +6.8246e-02 +1.1932e+00 -1.8343e+00 -3.2335e+00 +1.5745e+00 -1.6753e+00 -2.4595e+00 -3.7439e+00 +1.8516e+00
1851 0 +2.153095867e-01 -1.476846904e+02 -1.476846904e+02 -1.6749e+00 +2.6235e-01 +1.1473e+00 -2.0940e+00 -3.1402e+00 +1.4795e+00 -1.6963e+00 -2.3355e+00 -3.6778e+00 +1.7457e+00
2048 0 +1.879627325e-01 -1.477120373e+02 -1.477120373e+02 -1.6200e+00 +3.2369e-01 +1.2648e+00 -1.9220e+00 -2.8794e+00 +1.5541e+00 -1.6956e+00 -2.2734e+00 -3.5994e+00 +1.6098e+00
2051 0 +1.810847868e-01 -1.477189152e+02 -1.477189152e+02 -1.6972e+00 +2.1309e-01 +1.1047e+00 -1.9244e+00 -3.1003e+00 +1.4294e+00 -1.5933e+00 -2.2768e+00 -3.7035e+00 +1.6739e+00
2101 0 +1.389524648e-01 -1.477610475e+02 -1.477610475e+02 -1.6495e+00 +2.3934e-01 +1.1890e+00 -1.8926e+00 -2.9409e+00 +1.4943e+00 -1.6193e+00 -2.2338e+00 -3.6054e+00 +1.6911e+00
2151 0 +1.269452604e-01 -1.477730547e+02 -1.477730547e+02 -1.6874e+00 +1.9851e-01 +1.2041e+00 -2.0213e+00 -3.0942e+00 +1.4802e+00 -1.5953e+00 -2.2253e+00 -3.7002e+00 +1.6762e+00
2351 0 +7.454958528e-02 -1.478254504e+02 -1.478254504e+02 -1.6959e+00 +1.1188e-01 +1.1108e+00 -2.0365e+00 -3.0944e+00 +1.4382e+00 -1.6185e+00 -2.2022e+00 -3.7606e+00 +1.7780e+00
2451 0 +5.258763715e-02 -1.478474124e+02 -1.478474124e+02 -1.6641e+00 +1.3802e-01 +1.1364e+00 -2.0239e+00 -3.1496e+00 +1.4636e+00 -1.6024e+00 -2.2838e+00 -3.7299e+00 +1.7093e+00
% f evaluations | g evaluations | best noise-free fitness - Fopt (4.817100000000e+02) + sum g_i+ | measured fitness | best measured fitness or single-digit g-values | x1 | x2...
1 0 +1.977099023e+01 +5.014809902e+02 +5.014809902e+02 +5.9671e-01 -3.8264e-02 +7.4769e-01 +1.6230e+00 -1.3415e-01 -1.3414e-01 +1.6792e+00 +8.6743e-01 -3.6947e-01 +6.4256e-01
3 0 +1.832402573e+01 +5.000340257e+02 +5.000340257e+02 +1.5656e+00 -1.2578e-01 +1.6753e-01 -1.3247e+00 -4.4438e-01 +2.1092e-01 -1.0510e+00 +4.7570e-01 -5.0064e-01 -1.9169e-01
6 0 +1.187699064e+01 +4.935869906e+02 +4.935869906e+02 +4.2408e-01 -2.8508e-01 -5.7692e-01 +7.1168e-01 +1.1310e+00 +1.0313e+00 -7.3922e-01 -2.0921e-01 +4.3126e-01 +1.0755e+00
51 0 +7.059799120e+00 +4.887697991e+02 +4.887697991e+02 -6.6191e-01 -2.5945e+00 -1.3040e+00 +2.2481e+00 +2.1259e+00 -6.1435e-01 +9.0326e-01 -9.7705e-02 +2.3788e-01 +1.8785e-01
99 0 +5.671256230e+00 +4.873812562e+02 +4.873812562e+02 +1.2080e+00 -2.0539e-01 -2.8805e+00 +2.6644e+00 +5.7241e-01 -4.4870e-02 +1.1673e+00 -1.2560e+00 -4.8953e-01 -5.3104e-01
101 0 +3.863316454e+00 +4.855733165e+02 +4.855733165e+02 +1.2269e+00 -2.4962e+00 -2.8643e+00 +9.8645e-01 +9.2631e-01 -5.5766e-01 +1.2150e+00 -4.8129e-01 -1.5335e+00 +7.7510e-01
301 0 +3.666284101e+00 +4.853762841e+02 +4.853762841e+02 +3.3157e-02 -2.7975e+00 -3.3298e+00 +2.9679e+00 +7.1477e-01 -1.7911e+00 +6.2809e-01 -7.3511e-01 -3.9616e-01 -9.0061e-01
427 0 +3.447261950e+00 +4.851572619e+02 +4.851572619e+02 +1.0714e+00 -2.6001e+00 -3.1956e+00 +3.7526e+00 -6.2008e-01 -3.7364e+00 +1.8481e+00 -2.1410e+00 -1.2422e+00 -1.4387e+00
451 0 +2.702726605e+00 +4.844127266e+02 +4.844127266e+02 +1.4761e+00 -2.9915e+00 -1.5622e+00 +3.9039e+00 -9.6768e-01 -1.7834e+00 +1.8948e+00 -9.8897e-01 -2.2644e+00 +1.9931e-01
551 0 +2.552996856e+00 +4.842629969e+02 +4.842629969e+02 +8.3470e-01 -2.7418e+00 -3.7803e+00 +4.2648e+00 -2.0093e+00 -7.9928e-01 +8.7521e-01 -1.3934e-01 -5.2836e-01 +5.0803e-01
651 0 +1.833873781e+00 +4.835438738e+02 +4.835438738e+02 +1.5505e+00 -3.8729e+00 -2.9953e+00 +2.2855e+00 +4.6280e-01 +1.0981e-01 +2.3536e-01 -2.2000e+00 -1.9744e+00 +3.8829e-01
701 0 +1.485567779e+00 +4.831955678e+02 +4.831955678e+02 +1.5359e+00 -3.1958e+00 -2.0664e+00 +2.9143e+00 +3.3075e-02 -1.7872e+00 +5.8046e-01 -1.9884e+00 -1.3888e+00 +3.6119e-02
967 0 +1.352823868e+00 +4.830628239e+02 +4.830628239e+02 +1.1065e+00 -3.2737e+00 -3.3975e+00 +3.7818e+00 -1.5090e-02 -1.0096e+00 +8.3528e-01 -1.6085e+00 -1.9860e+00 -6.2697e-01
1096 0 +1.191902890e+00 +4.829019029e+02 +4.829019029e+02 +1.3640e+00 -3.2766e+00 -3.5619e+00 +3.0940e+00 -1.5951e-01 -6.5378e-01 +1.3128e+00 -1.7725e+00 -1.6884e+00 +2.0978e-01
1151 0 +1.108324230e+00 +4.828183242e+02 +4.828183242e+02 +5.7394e-01 -3.1996e+00 -3.5300e+00 +3.2935e+00 -1.0466e-01 -9.9227e-01 +3.4194e-01 -1.8428e+00 -1.9466e+00 +3.0765e-01
1176 0 +1.055826182e+00 +4.827658262e+02 +4.827658262e+02 +1.5781e+00 -2.5425e+00 -2.7411e+00 +2.7245e+00 -3.2500e-01 -8.1047e-01 +9.7664e-01 -1.7437e+00 -2.2151e+00 +5.2313e-01
1201 0 +8.299571779e-01 +4.825399572e+02 +4.825399572e+02 +1.2380e+00 -2.4718e+00 -2.7828e+00 +2.8294e+00 -1.2348e-01 -6.0706e-01 +8.6161e-01 -1.9522e+00 -1.6124e+00 +6.5786e-01
1301 0 +7.748956379e-01 +4.824848956e+02 +4.824848956e+02 +1.0446e+00 -2.9695e+00 -3.2052e+00 +3.0158e+00 -4.0849e-02 -6.9482e-01 +8.5392e-01 -1.1730e+00 -2.2220e+00 +6.5124e-01
1339 0 +5.020410036e-01 +4.822120410e+02 +4.822120410e+02 +6.4255e-01 -2.7268e+00 -2.7284e+00 +3.5271e+00 -5.5165e-01 -1.2152e+00 +5.1296e-01 -1.6023e+00 -1.7084e+00 +5.3753e-01
1570 0 +3.979054890e-01 +4.821079055e+02 +4.821079055e+02 +1.1597e+00 -3.0756e+00 -2.6399e+00 +2.7759e+00 -5.1284e-01 -8.0714e-01 +9.3279e-01 -1.2566e+00 -1.9760e+00 +7.6089e-01
1598 0 +2.829527793e-01 +4.819929528e+02 +4.819929528e+02 +9.9231e-01 -2.9707e+00 -2.7570e+00 +2.9903e+00 -2.7257e-01 -8.2383e-01 +7.2542e-01 -1.6239e+00 -1.8678e+00 +6.7389e-01
1828 0 +2.042527773e-01 +4.819142528e+02 +4.819142528e+02 +1.1283e+00 -2.9204e+00 -2.7592e+00 +2.8883e+00 -2.6942e-01 -9.1740e-01 +6.6981e-01 -1.4775e+00 -1.8544e+00 +5.1149e-01
2051 0 +1.685570101e-01 +4.818785570e+02 +4.818785570e+02 +1.0069e+00 -3.0234e+00 -2.8442e+00 +3.0193e+00 -3.8608e-01 -9.0231e-01 +7.6142e-01 -1.6727e+00 -1.8876e+00 +5.3894e-01
2101 0 +1.209159823e-01 +4.818309160e+02 +4.818309160e+02 +1.0019e+00 -3.0155e+00 -2.9294e+00 +3.0309e+00 -2.7267e-01 -9.3322e-01 +6.5880e-01 -1.5477e+00 -1.9165e+00 +5.1573e-01
2151 0 +1.082566626e-01 +4.818182567e+02 +4.818182567e+02 +1.0314e+00 -3.0126e+00 -2.9121e+00 +3.1427e+00 -3.3668e-01 -8.7261e-01 +5.8745e-01 -1.6151e+00 -1.8449e+00 +4.6087e-01
2251 0 +1.021298909e-01 +4.818121299e+02 +4.818121299e+02 +1.0596e+00 -2.9990e+00 -2.8524e+00 +3.0315e+00 -3.9938e-01 -8.4542e-01 +6.6771e-01 -1.6142e+00 -1.9191e+00 +5.0063e-01
2301 0 +8.587338859e-02 +4.817958734e+02 +4.817958734e+02 +1.0086e+00 -3.0408e+00 -2.8721e+00 +2.9965e+00 -3.1088e-01 -8.6456e-01 +6.5061e-01 -1.6206e+00 -1.9270e+00 +5.3450e-01
2347 0 +7.647479731e-02 +4.817864748e+02 +4.817864748e+02 +1.0244e+00 -2.9966e+00 -2.8748e+00 +3.0983e+00 -3.8393e-01 -9.2591e-01 +6.9052e-01 -1.6042e+00 -1.9200e+00 +4.7674e-01
2351 0 +6.370729506e-02 +4.817737073e+02 +4.817737073e+02 +1.0240e+00 -2.9873e+00 -2.9147e+00 +3.0287e+00 -3.5294e-01 -8.7743e-01 +6.3172e-01 -1.6357e+00 -1.8696e+00 +5.1894e-01
% f evaluations | g evaluations | best noise-free fitness - Fopt (-3.646000000000e+01) + sum g_i+ | measured fitness | best measured fitness or single-digit g-values | x1 | x2...
1 0 +3.444532106e+01 -2.014678938e+00 -2.014678938e+00 +5.9671e-01 -3.8264e-02 +7.4769e-01 +1.6230e+00 -1.3415e-01 -1.3414e-01 +1.6792e+00 +8.6743e-01 -3.6947e-01 +6.4256e-01
5 0 +3.402783365e+01 -2.432166345e+00 -2.432166345e+00 +8.3847e-01 +2.7137e-01 -1.5648e-02 -2.0110e-01 -1.3785e+00 -6.1984e-01 -3.6064e-01 +1.1571e+00 +4.4362e-01 -1.6630e+00
7 0 +3.343258054e+01 -3.027419464e+00 -3.027419464e+00 -3.7917e-01 -8.5659e-02 -1.0063e+00 -1.0962e+00 +9.1253e-01 +1.4562e+00 +2.7990e-02 +1.1035e+00 +4.6164e-01 -5.4512e-01
8 0 +3.241096746e+01 -4.049032536e+00 -4.049032536e+00 +4.6140e-01 +1.6380e+00 +6.4174e-02 +1.6646e+00 -2.5197e+00 +9.2190e-01 +1.8705e-01 -1.9901e-01 +1.9176e-01 -1.8876e+00
14 0 +2.580521189e+01 -1.065478811e+01 -1.065478811e+01 -1.4507e+00 +1.6856e-01 -9.6230e-01 +5.7359e-01 -8.1942e-01 +1.6499e+00 -6.8325e-01 -2.2206e-01 +9.1352e-01 -1.1309e+00
30 0 +2.554412259e+01 -1.091587741e+01 -1.091587741e+01 -1.0812e-01 -3.9300e-01 -4.8936e-01 +9.4960e-01 +4.5702e-01 -5.9291e-01 +9.9960e-01 +4.0730e-01 +9.1286e-01 +7.2963e-01
39 0 +2.507843633e+01 -1.138156367e+01 -1.138156367e+01 -7.3972e-01 -4.9939e-01 -2.0239e+00 -4.2576e-01 -6.5913e-01 +2.5039e-01 +4.4176e-01 +1.9762e+00 +1.0504e+00 -4.7690e-01
42 0 +1.860568386e+01 -1.785431614e+01 -1.785431614e+01 +8.1161e-01 -1.0246e+00 -1.4341e+00 +1.3777e+00 +4.3231e-01 -6.4849e-01 +1.6512e+00 +2.1567e-01 +1.2793e+00 +1.6752e-01
51 0 +1.267606951e+01 -2.378393049e+01 -2.378393049e+01 +1.2661e+00 -2.5218e+00 -4.4977e+00 +1.9582e-01 +2.0138e+00 +2.5847e-01 +1.5959e+00 +1.0738e+00 +3.6531e+00 -2.8097e-01
101 0 +9.222535313e+00 -2.723746469e+01 -2.723746469e+01 +1.3277e+00 -1.8604e+00 -2.4003e+00 +7.4575e-01 +2.2765e+00 +4.9295e+00 +4.7893e+00 +1.6097e+00 +1.2389e+00 -2.9612e+00
201 0 +8.689683886e+00 -2.777031611e+01 -2.777031611e+01 +1.3448e+00 +9.2648e-01 -2.1795e+00 +3.6086e+00 -3.3562e-01 +2.8048e+00 +2.9268e+00 +3.1270e+00 -2.4959e+00 +2.4874e+00
222 0 +8.164409365e+00 -2.829559064e+01 -2.829559064e+01 +1.0998e+00 -2.9681e+00 -1.1592e+00 -1.0475e+00 +3.2931e+00 +9.7514e-01 +2.8856e+00 +1.4755e+00 -4.5935e+00 -3.2254e+00
251 0 +7.330187178e+00 -2.912981282e+01 -2.912981282e+01 +1.8338e+00 -3.6303e+00 +4.3992e-01 +4.6539e+00 +4.0144e+00 +3.3906e+00 +4.2940e+00 +2.6043e+00 -4.8885e+00 -1.8548e+00
274 0 +6.559684358e+00 -2.990031564e+01 -2.990031564e+01 +2.0563e+00 +1.3408e+00 -2.0575e+00 +1.1028e+00 +4.0931e+00 +3.5495e+00 +6.4169e-01 +3.5177e+00 -3.9004e+00 -2.1183e+00
301 0 +5.140521637e+00 -3.131947836e+01 -3.131947836e+01 +1.5719e+00 -1.1008e+00 -2.5224e+00 +6.8189e-01 +4.2954e+00 +2.3369e+00 +4.1333e+00 +2.9945e+00 -4.0452e+00 +7.8094e-01
401 0 +3.353464962e+00 -3.310653504e+01 -3.310653504e+01 +2.9543e+00 -2.7859e+00 -1.6345e+00 +1.8718e+00 +4.0311e+00 +3.2970e+00 +1.0551e+00 +3.4398e+00 -3.0720e+00 -3.7910e+00
551 0 +3.159849994e+00 -3.330015001e+01 -3.330015001e+01 +1.8548e+00 -3.3000e+00 -1.5763e+00 +1.0378e+00 +1.0007e+00 +3.8912e+00 +3.2669e+00 +1.5329e+00 -3.9056e+00 -2.1845e+00
651 0 +3.023916370e+00 -3.343608363e+01 -3.343608363e+01 +2.1624e+00 -2.4869e+00 -3.3934e+00 +2.5101e+00 +3.3604e+00 +2.4771e+00 +2.2629e+00 +3.9058e+00 -2.3066e+00 -2.1242e+00
723 0 +2.412281308e+00 -3.404771869e+01 -3.404771869e+01 +1.1801e+00 -3.0513e+00 -1.6641e+00 +2.2396e+00 +3.3347e+00 +4.2004e+00 +2.1599e+00 +3.7641e+00 -2.7649e+00 -3.7291e+00
751 0 +2.030513747e+00 -3.442948625e+01 -3.442948625e+01 +1.1162e+00 -4.2036e+00 -1.5620e+00 +1.3976e+00 +3.3720e+00 +4.0244e+00 +3.2890e+00 +3.7185e+00 -4.5082e+00 -2.6051e+00
901 0 +1.909722501e+00 -3.455027750e+01 -3.455027750e+01 +8.9944e-01 -3.2666e+00 -2.0369e+00 +1.7015e+00 +3.5699e+00 +4.2623e+00 +3.0129e+00 +4.0406e+00 -3.5941e+00 -2.6085e+00
926 0 +1.546570871e+00 -3.491342913e+01 -3.491342913e+01 +2.3619e+00 -3.0132e+00 -2.2793e+00 +7.0114e-01 +3.5067e+00 +3.3500e+00 +2.4466e+00 +2.9594e+00 -3.9286e+00 -4.3234e+00
951 0 +1.429221034e+00 -3.503077897e+01 -3.503077897e+01 +2.0760e+00 -3.9561e+00 -1.8192e+00 +1.2921e+00 +4.1515e+00 +2.9536e+00 +3.4239e+00 +3.5410e+00 -3.8346e+00 -3.5006e+00
1001 0 +1.321717955e+00 -3.513828204e+01 -3.513828204e+01 +1.7232e+00 -3.1071e+00 -2.1656e+00 +1.2592e+00 +3.4210e+00 +3.3068e+00 +2.5050e+00 +3.7441e+00 -4.4464e+00 -3.0211e+00
1018 0 +1.246040323e+00 -3.521395968e+01 -3.521395968e+01 +2.2836e+00 -3.0119e+00 -1.9620e+00 +5.8063e-01 +3.7462e+00 +4.0152e+00 +2.9162e+00 +3.0916e+00 -3.1213e+00 -3.3365e+00
1101 0 +6.980849284e-01 -3.576191507e+01 -3.576191507e+01 +2.2738e+00 -2.5620e+00 -2.1837e+00 +9.0796e-01 +3.6236e+00 +3.4616e+00 +1.9326e+00 +3.8756e+00 -4.3258e+00 -3.6384e+00
1351 0 +6.601200411e-01 -3.579987996e+01 -3.579987996e+01 +2.1472e+00 -2.8472e+00 -1.8475e+00 +8.9087e-01 +3.7784e+00 +3.3261e+00 +1.6558e+00 +3.3974e+00 -4.2192e+00 -3.7879e+00
1401 0 +4.071642579e-01 -3.605283574e+01 -3.605283574e+01 +1.8242e+00 -2.8070e+00 -2.1954e+00 +7.9070e-01 +3.9213e+00 +3.5810e+00 +1.8673e+00 +3.1754e+00 -3.6075e+00 -3.6799e+00
1801 0 +3.953271186e-01 -3.606467288e+01 -3.606467288e+01 +2.0915e+00 -2.9547e+00 -2.3373e+00 +8.2054e-01 +4.0773e+00 +3.6250e+00 +2.4223e+00 +3.3036e+00 -3.6848e+00 -3.4030e+00
1901 0 +3.466764416e-01 -3.611332356e+01 -3.611332356e+01 +2.2091e+00 -2.6633e+00 -2.1882e+00 +6.0448e-01 +4.0583e+00 +3.6311e+00 +2.0262e+00 +3.1485e+00 -3.8603e+00 -3.7180e+00
1979 0 +3.114762244e-01 -3.614852378e+01 -3.614852378e+01 +2.2093e+00 -2.9189e+00 -1.9160e+00 +8.0082e-01 +3.9006e+00 +3.7836e+00 +2.0797e+00 +3.3119e+00 -3.9940e+00 -3.8440e+00
2101 0 +2.648593771e-01 -3.619514062e+01 -3.619514062e+01 +1.9685e+00 -3.0084e+00 -2.2601e+00 +9.2246e-01 +3.9604e+00 +3.6309e+00 +2.2011e+00 +3.2768e+00 -3.8152e+00 -3.6665e+00
2130 0 +2.159935192e-01 -3.624400648e+01 -3.624400648e+01 +2.0871e+00 -2.8702e+00 -2.0513e+00 +8.7267e-01 +3.9676e+00 +3.7008e+00 +2.0936e+00 +3.2179e+00 -3.9089e+00 -3.7782e+00
2187 0 +2.052242685e-01 -3.625477573e+01 -3.625477573e+01 +2.2351e+00 -2.8107e+00 -2.1256e+00 +8.7086e-01 +3.9472e+00 +3.5798e+00 +2.1127e+00 +3.2688e+00 -3.8857e+00 -3.7010e+00
2251 0 +1.959370475e-01 -3.626406295e+01 -3.626406295e+01 +2.1894e+00 -2.7753e+00 -2.1752e+00 +9.2610e-01 +3.9639e+00 +3.6262e+00 +2.1722e+00 +3.3466e+00 -3.8636e+00 -3.6706e+00
2340 0 +1.827905793e-01 -3.627720942e+01 -3.627720942e+01 +2.0929e+00 -2.8415e+00 -2.2008e+00 +9.6280e-01 +3.9544e+00 +3.6617e+00 +2.3201e+00 +3.2839e+00 -3.8588e+00 -3.5943e+00
2401 0 +1.631277875e-01 -3.629687221e+01 -3.629687221e+01 +2.0792e+00 -2.8698e+00 -2.2666e+00 +8.1991e-01 +4.0061e+00 +3.7138e+00 +2.1153e+00 +3.2335e+00 -3.8553e+00 -3.7290e+00
2433 0 +1.533355036e-01 -3.630666450e+01 -3.630666450e+01 +2.1973e+00 -2.7693e+00 -2.1322e+00 +7.5077e-01 +3.9380e+00 +3.7464e+00 +2.0426e+00 +3.1241e+00 -3.9386e+00 -3.8608e+00
2451 0 +1.330086955e-01 -3.632699130e+01 -3.632699130e+01 +2.1819e+00 -2.8223e+00 -2.2103e+00 +8.5559e-01 +4.0441e+00 +3.6520e+00 +2.1508e+00 +3.2067e+00 -3.8763e+00 -3.6691e+00
% f evaluations | g evaluations | best noise-free fitness - Fopt (3.920000000000e+01) + sum g_i+ | measured fitness | best measured fitness or single-digit g-values | x1 | x2...
1 0 +2.081866044e+01 +6.001866044e+01 +6.001866044e+01 +5.9671e-01 -3.8264e-02 +7.4769e-01 +1.6230e+00 -1.3415e-01 -1.3414e-01 +1.6792e+00 +8.6743e-01 -3.6947e-01 +6.4256e-01
4 0 +1.860684948e+01 +5.780684948e+01 +5.780684948e+01 -5.0171e-01 +1.9523e+00 +8.6503e-02 -9.5771e-01 +9.2254e-01 -1.1208e+00 +3.0886e-01 -1.8597e+00 -1.2282e+00 +2.9686e-01
5 0 +1.367262055e+01 +5.287262055e+01 +5.287262055e+01 +8.3847e-01 +2.7137e-01 -1.5648e-02 -2.0110e-01 -1.3785e+00 -6.1984e-01 -3.6064e-01 +1.1571e+00 +4.4362e-01 -1.6630e+00
8 0 +1.343795310e+01 +5.263795310e+01 +5.263795310e+01 +4.6140e-01 +1.6380e+00 +6.4174e-02 +1.6646e+00 -2.5197e+00 +9.2190e-01 +1.8705e-01 -1.9901e-01 +1.9176e-01 -1.8876e+00
31 0 +1.242979035e+01 +5.162979035e+01 +5.162979035e+01 -7.2900e-01 -4.6018e-01 +8.4729e-01 +7.1037e-01 +7.9098e-02 +2.1733e-01 +1.3777e+00 -4.9157e-01 +6.4710e-01 -1.0219e-01
38 0 +7.981194331e+00 +4.718119433e+01 +4.718119433e+01 +1.2451e-01 +5.9800e-01 +1.5511e+00 +1.0593e+00 +2.2532e+00 -6.6735e-01 +9.7232e-01 +2.8334e-01 +2.2898e+00 -7.0830e-01
101 0 +6.168545961e+00 +4.536854596e+01 +4.536854596e+01 +1.0009e+00 +1.7886e+00 -9.1753e-02 +2.4220e+00 +4.7331e+00 -1.0065e+00 +2.6685e+00 -2.2489e+00 +8.1020e-01 -1.8260e+00
151 0 +3.948272292e+00 +4.314827229e+01 +4.314827229e+01 +3.3999e+00 +2.9921e+00 +2.3733e+00 +3.0748e+00 +2.2436e+00 -5.4632e-01 +1.0721e+00 -3.0562e+00 +7.4857e-01 -3.9009e+00
301 0 +3.440450290e+00 +4.264045029e+01 +4.264045029e+01 +3.0125e+00 +4.2798e+00 +3.4058e+00 +2.8165e+00 +2.1823e+00 -4.8209e-01 +2.3420e+00 -8.3340e-01 +9.9918e-01 -3.4427e+00
351 0 +2.904514180e+00 +4.210451418e+01 +4.210451418e+01 +4.8312e+00 +1.8794e+00 +2.3906e+00 +3.2931e+00 +1.6835e+00 +2.0765e+00 +1.9548e+00 -2.2758e+00 +7.0387e-01 -3.7599e+00
436 0 +2.891887030e+00 +4.209188703e+01 +4.209188703e+01 +3.2005e+00 +1.6422e+00 +1.5870e+00 +3.4228e+00 +1.2711e+00 -2.2470e-01 +2.7007e+00 -2.3146e+00 -3.4829e-01 -2.1281e+00
451 0 +2.710110305e+00 +4.191011031e+01 +4.191011031e+01 +3.9040e+00 +1.7653e-01 +2.4304e+00 +2.0315e+00 +3.4583e+00 +1.3893e+00 +2.5633e+00 -2.9783e+00 +3.6845e-01 -3.3950e+00
551 0 +1.218372857e+00 +4.041837286e+01 +4.041837286e+01 +3.2328e+00 +1.6109e+00 +3.6933e+00 +3.5705e+00 +1.9386e+00 +2.1215e-01 +2.5534e+00 -2.2504e+00 -1.0178e-01 -3.6395e+00
701 0 +1.160316995e+00 +4.036031700e+01 +4.036031700e+01 +3.4515e+00 +1.5900e+00 +2.8890e+00 +2.9813e+00 +2.1759e+00 +2.9648e-01 +1.9871e+00 -2.5321e+00 +9.7422e-01 -2.7017e+00
851 0 +5.772786334e-01 +3.977727863e+01 +3.977727863e+01 +3.8992e+00 +1.5299e+00 +2.4828e+00 +2.9570e+00 +2.4450e+00 +7.8424e-01 +1.8827e+00 -3.1948e+00 +2.4001e-01 -3.4747e+00
1277 0 +3.779996829e-01 +3.957799968e+01 +3.957799968e+01 +3.7137e+00 +1.5998e+00 +2.4991e+00 +3.3933e+00 +2.4732e+00 +4.2905e-01 +2.2550e+00 -2.6927e+00 +2.9026e-01 -3.2719e+00
1401 0 +3.569146740e-01 +3.955691467e+01 +3.955691467e+01 +3.8985e+00 +1.3813e+00 +2.2938e+00 +3.1356e+00 +2.3311e+00 +5.9994e-01 +2.2130e+00 -2.8682e+00 +4.0645e-01 -3.3083e+00
1501 0 +3.180838518e-01 +3.951808385e+01 +3.951808385e+01 +4.0320e+00 +1.3949e+00 +2.2169e+00 +2.9831e+00 +2.3184e+00 +6.8880e-01 +2.0807e+00 -2.9096e+00 +3.1614e-01 -3.4106e+00
1578 0 +2.709831937e-01 +3.947098319e+01 +3.947098319e+01 +3.7712e+00 +1.4183e+00 +2.3729e+00 +3.1584e+00 +2.4022e+00 +5.6460e-01 +2.1031e+00 -2.7646e+00 +4.1212e-01 -3.2861e+00
1643 0 +2.699715053e-01 +3.946997151e+01 +3.946997151e+01 +3.6056e+00 +1.6998e+00 +2.4135e+00 +3.1982e+00 +2.2789e+00 +5.7089e-01 +2.0314e+00 -2.7879e+00 +6.3850e-01 -3.4313e+00
1651 0 +1.920497351e-01 +3.939204974e+01 +3.939204974e+01 +3.6714e+00 +1.6458e+00 +2.4776e+00 +3.2236e+00 +2.2061e+00 +5.7534e-01 +1.9412e+00 -2.7917e+00 +4.8983e-01 -3.3872e+00
1701 0 +1.776661166e-01 +3.937766612e+01 +3.937766612e+01 +3.8573e+00 +1.5738e+00 +2.4054e+00 +3.0363e+00 +2.2721e+00 +5.7564e-01 +2.0726e+00 -2.8233e+00 +5.2504e-01 -3.3549e+00
1751 0 +1.340485798e-01 +3.933404858e+01 +3.933404858e+01 +3.6573e+00 +1.6042e+00 +2.4273e+00 +3.2250e+00 +2.2451e+00 +5.6515e-01 +2.0881e+00 -2.8866e+00 +4.5918e-01 -3.3688e+00
1801 0 +1.015415006e-01 +3.930154150e+01 +3.930154150e+01 +3.7085e+00 +1.6395e+00 +2.4566e+00 +3.1949e+00 +2.2071e+00 +5.0969e-01 +2.0002e+00 -2.9008e+00 +5.2568e-01 -3.3558e+00
2101 0 +8.936399719e-02 +3.928936400e+01 +3.928936400e+01 +3.7349e+00 +1.6384e+00 +2.4513e+00 +3.2128e+00 +2.2202e+00 +5.2776e-01 +2.0432e+00 -2.8331e+00 +5.5033e-01 -3.2892e+00
2201 0 +6.545014331e-02 +3.926545014e+01 +3.926545014e+01 +3.7110e+00 +1.6328e+00 +2.4776e+00 +3.1493e+00 +2.2291e+00 +5.4220e-01 +2.0299e+00 -2.8464e+00 +5.0589e-01 -3.3200e+00
2421 0 +6.492696433e-02 +3.926492696e+01 +3.926492696e+01 +3.6978e+00 +1.6294e+00 +2.4630e+00 +3.2195e+00 +2.2432e+00 +5.0934e-01 +2.0191e+00 -2.8199e+00 +5.5679e-01 -3.3176e+00
% f evaluations | g evaluations | best noise-free fitness - Fopt (-3.225000000000e+01) + sum g_i+ | measured fitness | best measured fitness or single-digit g-values | x1 | x2...
1 0 +1.103740088e+02 +7.812400884e+01 +7.812400884e+01 +5.9671e-01 -3.8264e-02 +7.4769e-01 +1.6230e+00 -1.3415e-01 -1.3414e-01 +1.6792e+00 +8.6743e-01 -3.6947e-01 +6.4256e-01
2 0 +5.203201018e+01 +1.978201018e+01 +1.978201018e+01 -3.6342e-01 -3.6573e-01 +3.4196e-01 -1.8133e+00 -1.6249e+00 -4.6229e-01 -9.1283e-01 +4.1425e-01 -8.0802e-01 -1.3123e+00
3 0 +4.256385727e+01 +1.031385727e+01 +1.031385727e+01 +1.5656e+00 -1.2578e-01 +1.6753e-01 -1.3247e+00 -4.4438e-01 +2.1092e-01 -1.0510e+00 +4.7570e-01 -5.0064e-01 -1.9169e-01
4 0 +2.972142518e+01 -2.528574820e+00 -2.528574820e+00 -5.0171e-01 +1.9523e+00 +8.6503e-02 -9.5771e-01 +9.2254e-01 -1.1208e+00 +3.0886e-01 -1.8597e+00 -1.2282e+00 +2.9686e-01
24 0 +1.920799982e+01 -1.304200018e+01 -1.304200018e+01 -6.3037e-01 +3.1646e-01 +1.4557e-01 -5.5160e-01 +2.2439e+00 +7.3392e-01 -1.9251e+00 +2.8645e-01 -5.6179e-01 +9.5243e-01
29 0 +1.920123176e+01 -1.304876824e+01 -1.304876824e+01 +2.1352e-01 +7.6213e-01 +1.6860e+00 -1.1378e+00 +2.2330e+00 -1.8521e+00 -5.1785e-02 +6.8832e-01 +3.8099e-01 -5.2270e-01
51 0 +1.824281587e+01 -1.400718413e+01 -1.400718413e+01 +1.7782e+00 -1.0218e+00 -4.0721e-01 +4.7481e-01 +1.5487e+00 -1.0112e+00 -1.6056e+00 +9.6873e-02 +1.4151e+00 +3.5899e-01
73 0 +1.264232020e+01 -1.960767980e+01 -1.960767980e+01 +1.3666e+00 +2.0357e+00 +1.2711e+00 -1.1964e+00 +2.1702e+00 -2.4043e+00 -8.3675e-01 +1.2366e+00 -3.4619e-01 +1.7590e+00
101 0 +7.720246327e+00 -2.452975367e+01 -2.452975367e+01 +1.1659e+00 +6.0712e-02 -1.8617e-01 -1.9319e+00 +1.2453e+00 -2.9207e+00 -2.0765e-01 +2.6848e+00 +4.0255e-01 +2.6100e+00
151 0 +4.159196454e+00 -2.809080355e+01 -2.809080355e+01 +3.9162e+00 -4.6027e-01 -1.4897e-01 -2.0122e+00 +2.9460e+00 -7.1228e-02 -2.5436e-01 +1.9408e+00 +2.4605e+00 +4.2679e+00
451 0 +3.454559321e+00 -2.879544068e+01 -2.879544068e+01 +1.9291e+00 +1.1755e+00 -9.7856e-01 -2.9455e+00 +2.2709e+00 -1.5440e+00 -1.3370e+00 +2.4651e+00 +2.8869e+00 +3.1838e+00
501 0 +3.180004988e+00 -2.906999501e+01 -2.906999501e+01 +3.6660e+00 +7.6911e-01 -7.2390e-02 -2.9709e+00 +2.4736e+00 -3.0019e+00 -6.6397e-01 +2.4949e+00 +2.9620e+00 +2.0729e+00
601 0 +1.327812824e+00 -3.092218718e+01 -3.092218718e+01 +3.7136e+00 +5.6657e-01 -6.5356e-01 -2.4530e+00 +3.4892e+00 -3.0591e+00 +5.4634e-02 +3.4561e+00 +4.4763e+00 +3.2596e+00
851 0 +1.173313327e+00 -3.107668667e+01 -3.107668667e+01 +3.0341e+00 +4.9017e-01 -9.5040e-01 -2.9494e+00 +3.2151e+00 -3.0592e+00 +2.2683e-01 +2.3685e+00 +3.5925e+00 +3.3729e+00
1230 0 +1.157510908e+00 -3.109248909e+01 -3.109248909e+01 +3.6784e+00 +7.4162e-01 -8.4420e-01 -2.9272e+00 +3.2795e+00 -3.0804e+00 -9.5607e-02 +1.7263e+00 +3.2909e+00 +3.0266e+00
1251 0 +1.088144783e+00 -3.116185522e+01 -3.116185522e+01 +3.0730e+00 +1.3647e+00 -1.1788e+00 -2.6006e+00 +3.4079e+00 -3.6182e+00 +5.7696e-01 +2.2121e+00 +3.5368e+00 +3.0026e+00
1301 0 +8.296233756e-01 -3.142037662e+01 -3.142037662e+01 +3.4831e+00 +1.0533e+00 -6.5829e-01 -3.1274e+00 +3.3992e+00 -3.8853e+00 +1.0126e-01 +2.3419e+00 +3.7818e+00 +3.1124e+00
1401 0 +8.059598351e-01 -3.144404016e+01 -3.144404016e+01 +3.3997e+00 +8.3651e-01 -4.2793e-01 -2.8635e+00 +3.0504e+00 -3.1620e+00 -1.4466e-01 +2.9844e+00 +3.8731e+00 +3.2212e+00
1481 0 +3.854091275e-01 -3.186459087e+01 -3.186459087e+01 +3.6044e+00 +1.1731e+00 -5.9659e-01 -2.8561e+00 +3.2705e+00 -3.5404e+00 +2.3431e-01 +2.4646e+00 +3.6758e+00 +3.2032e+00
1734 0 +3.509146048e-01 -3.189908540e+01 -3.189908540e+01 +3.5684e+00 +1.3471e+00 -7.1419e-01 -2.7818e+00 +2.9818e+00 -3.4798e+00 +2.7661e-01 +2.5797e+00 +3.9173e+00 +3.1463e+00
1801 0 +2.768904685e-01 -3.197310953e+01 -3.197310953e+01 +3.4797e+00 +8.9252e-01 -7.1792e-01 -2.7144e+00 +3.1368e+00 -3.2214e+00 +6.4506e-02 +2.3994e+00 +3.8673e+00 +3.1497e+00
2024 0 +2.741181669e-01 -3.197588183e+01 -3.197588183e+01 +3.5146e+00 +1.0507e+00 -9.2255e-01 -2.7871e+00 +3.1361e+00 -3.4097e+00 -9.0475e-02 +2.5706e+00 +3.8306e+00 +3.1986e+00
2051 0 +2.277156656e-01 -3.202228433e+01 -3.202228433e+01 +3.6296e+00 +1.0648e+00 -8.9435e-01 -2.7730e+00 +3.1857e+00 -3.4198e+00 +1.2137e-01 +2.5407e+00 +3.7808e+00 +3.1827e+00
2178 0 +2.272414667e-01 -3.202275853e+01 -3.202275853e+01 +3.6386e+00 +9.5349e-01 -9.2279e-01 -2.7351e+00 +3.1856e+00 -3.4874e+00 +1.2412e-01 +2.6476e+00 +3.6654e+00 +3.2056e+00
2201 0 +2.120160169e-01 -3.203798398e+01 -3.203798398e+01 +3.6599e+00 +1.2607e+00 -9.2318e-01 -2.8470e+00 +3.1545e+00 -3.7180e+00 +2.2483e-01 +2.6279e+00 +3.8791e+00 +3.0717e+00
2251 0 +1.709186613e-01 -3.207908134e+01 -3.207908134e+01 +3.5815e+00 +1.1366e+00 -7.7211e-01 -2.7856e+00 +3.1975e+00 -3.4529e+00 +1.3325e-01 +2.5519e+00 +3.7895e+00 +3.1040e+00
2420 0 +1.589562306e-01 -3.209104377e+01 -3.209104377e+01 +3.5925e+00 +1.1021e+00 -8.9556e-01 -2.8074e+00 +3.2380e+00 -3.6001e+00 +1.6713e-01 +2.6662e+00 +3.7630e+00 +3.0189e+00
% f evaluations | g evaluations | best noise-free fitness - Fopt (3.681200000000e+02) + sum g_i+ | measured fitness | best measured fitness or single-digit g-values | x1 | x2...
1 0 +1.732075417e+01 +3.854407542e+02 +3.854407542e+02 +5.9671e-01 -3.8264e-02 +7.4769e-01 +1.6230e+00 -1.3415e-01 -1.3414e-01 +1.6792e+00 +8.6743e-01 -3.6947e-01 +6.4256e-01
2 0 +1.178919164e+01 +3.799091916e+02 +3.799091916e+02 -3.6342e-01 -3.6573e-01 +3.4196e-01 -1.8133e+00 -1.6249e+00 -4.6229e-01 -9.1283e-01 +4.1425e-01 -8.0802e-01 -1.3123e+00
4 0 +9.863718409e+00 +3.779837184e+02 +3.779837184e+02 -5.0171e-01 +1.9523e+00 +8.6503e-02 -9.5771e-01 +9.2254e-01 -1.1208e+00 +3.0886e-01 -1.8597e+00 -1.2282e+00 +2.9686e-01
51 0 +6.466618627e+00 +3.745866186e+02 +3.745866186e+02 -1.9278e+00 -1.9264e+00 +7.4039e-01 -7.9296e-01 +8.5379e-02 -1.2694e+00 -1.3168e-01 -1.7597e+00 -2.3986e-01 -2.2652e-01
101 0 +2.902915930e+00 +3.710229159e+02 +3.710229159e+02 -3.1220e+00 -1.0728e+00 +8.2161e-01 -3.7706e+00 +5.2483e-01 -1.9875e+00 -2.0068e+00 -2.7710e+00 -1.7694e+00 -8.0169e-01
501 0 +2.525756903e+00 +3.706457569e+02 +3.706457569e+02 -3.2626e+00 -4.8296e-01 +5.2416e-01 -2.7277e+00 +1.6017e-01 -2.6099e+00 -2.2697e+00 -3.8448e+00 -1.7013e+00 -6.0641e-01
620 0 +2.235605906e+00 +3.703556059e+02 +3.703556059e+02 -2.8404e+00 -3.0196e-01 +1.5652e+00 -1.0637e+00 -8.4853e-01 -1.3993e+00 -2.5755e+00 -2.6776e+00 -3.5539e+00 -6.5245e-01
751 0 +1.198783630e+00 +3.693187836e+02 +3.693187836e+02 -2.6884e+00 -1.0594e+00 +4.8823e-01 -2.4107e+00 -1.9479e-01 -1.9336e+00 -1.8382e+00 -3.7717e+00 -1.3275e+00 -1.0730e+00
1001 0 +1.062000750e+00 +3.691820008e+02 +3.691820008e+02 -2.1492e+00 -5.1397e-01 +4.8817e-01 -1.5754e+00 -7.0911e-01 -2.4338e+00 -2.5733e+00 -3.9544e+00 -2.1869e+00 -1.2787e+00
1183 0 +9.238244178e-01 +3.690438244e+02 +3.690438244e+02 -2.6772e+00 -1.1892e+00 +5.5007e-01 -2.4980e+00 -6.6859e-01 -2.5719e+00 -2.6238e+00 -4.1623e+00 -1.8851e+00 -1.1006e+00
1301 0 +6.276333036e-01 +3.687476333e+02 +3.687476333e+02 -2.6113e+00 -1.2945e+00 +4.7633e-01 -2.2369e+00 -9.8811e-01 -2.0795e+00 -2.1578e+00 -3.5693e+00 -2.1275e+00 -8.0511e-01
1479 0 +5.606058257e-01 +3.686806058e+02 +3.686806058e+02 -2.5470e+00 -1.3713e+00 +4.3340e-01 -2.2455e+00 -4.4892e-01 -2.1704e+00 -2.6298e+00 -3.7338e+00 -2.1960e+00 -8.8223e-01
1551 0 +5.233926677e-01 +3.686433927e+02 +3.686433927e+02 -2.3030e+00 -1.2363e+00 +8.1626e-01 -2.0801e+00 -6.4154e-01 -2.4739e+00 -2.3694e+00 -4.0189e+00 -2.5020e+00 -1.1438e+00
1726 0 +4.980009157e-01 +3.686180009e+02 +3.686180009e+02 -2.6098e+00 -1.2407e+00 +1.0676e+00 -2.2500e+00 -6.4712e-01 -2.1540e+00 -2.3558e+00 -3.9464e+00 -2.1885e+00 -1.0293e+00
1781 0 +3.442165422e-01 +3.684642165e+02 +3.684642165e+02 -2.2827e+00 -1.0265e+00 +7.3715e-01 -2.4031e+00 -8.2719e-01 -2.0737e+00 -2.2018e+00 -4.0853e+00 -2.1676e+00 -9.7891e-01
1851 0 +3.339698771e-01 +3.684539699e+02 +3.684539699e+02 -2.6744e+00 -8.8335e-01 +7.3190e-01 -2.2694e+00 -8.1147e-01 -2.2207e+00 -2.1214e+00 -3.8717e+00 -2.2793e+00 -1.0344e+00
1993 0 +2.712033974e-01 +3.683912034e+02 +3.683912034e+02 -2.4034e+00 -1.1226e+00 +6.6826e-01 -2.1630e+00 -5.9789e-01 -2.1879e+00 -2.3704e+00 -3.8736e+00 -2.4823e+00 -1.0139e+00
2051 0 +1.867664298e-01 +3.683067664e+02 +3.683067664e+02 -2.4029e+00 -1.1386e+00 +6.7516e-01 -2.3763e+00 -8.0858e-01 -2.2220e+00 -2.4229e+00 -3.8677e+00 -2.2532e+00 -7.2081e-01
2244 0 +1.525080907e-01 +3.682725081e+02 +3.682725081e+02 -2.5471e+00 -1.1258e+00 +5.6037e-01 -2.3361e+00 -6.0727e-01 -2.1290e+00 -2.4681e+00 -3.8323e+00 -2.3069e+00 -9.2518e-01
2351 0 +1.176692179e-01 +3.682376692e+02 +3.682376692e+02 -2.5073e+00 -1.0918e+00 +7.1217e-01 -2.3506e+00 -6.9888e-01 -2.1560e+00 -2.3773e+00 -3.9947e+00 -2.2707e+00 -9.4204e-01
2451 0 +1.001186789e-01 +3.682201187e+02 +3.682201187e+02 -2.4390e+00 -1.0496e+00 +7.3374e-01 -2.2965e+00 -6.6035e-01 -2.1573e+00 -2.3308e+00 -3.8993e+00 -2.2332e+00 -9.3988e-01
