% f evaluations | g evaluations | best noise-free fitness - Fopt (-5.494000000000e+01) + sum g_i+ | measured fitness | best measured fitness or single-digit g-values | x1 | x2...
1 0 +9.852913834e+06 +9.852858894e+06 +9.852858894e+06 +5.9671e-01 -3.8264e-02 +7.4769e-01 +1.6230e+00 -1.3415e-01
2 0 +2.715223623e+06 +2.715168683e+06 +2.715168683e+06 -1.3414e-01 +1.6792e+00 +8.6743e-01 -3.6947e-01 +6.4256e-01
7 0 +9.085897748e+05 +9.085348348e+05 +9.085348348e+05 -5.0171e-01 +1.9523e+00 +8.6503e-02 -9.5771e-01 +9.2254e-01
8 0 +5.441882390e+05 +5.441332990e+05 +5.441332990e+05 -1.1208e+00 +3.0886e-01 -1.8597e+00 -1.2282e+00 +2.9686e-01
29 0 +6.902214418e+04 +6.896720418e+04 +6.896720418e+04 -1.4092e+00 +3.2803e-01 -1.8476e+00 +1.3796e+00 +1.1325e+00
52 0 +5.189710870e+04 +5.184216870e+04 +5.184216870e+04 -5.1988e-01 +8.6687e-01 -3.0490e+00 +3.3229e+00 +1.5377e+00
57 0 +3.108241871e+04 +3.102747871e+04 +3.102747871e+04 -2.2256e+00 +2.9699e+00 +3.5429e-01 +3.5941e+00 +3.1905e-01
87 0 +2.424017096e+04 +2.418523096e+04 +2.418523096e+04 -1.9571e+00 +1.8403e+00 -1.9345e+00 +2.8974e+00 -1.0002e+00
135 0 +1.194865574e+04 +1.189371574e+04 +1.189371574e+04 -1.0674e+00 -2.4152e+00 -2.7771e+00 +3.5482e+00 +3.5324e+00
162 0 +8.420845749e+03 +8.365905749e+03 +8.365905749e+03 -1.3430e+00 +1.2773e+00 +2.8362e-01 +2.4272e+00 +2.9691e+00
181 0 +5.020743827e+03 +4.965803827e+03 +4.965803827e+03 -1.8770e+00 -9.7108e-01 +6.4445e-01 +3.3390e+00 +4.0000e+00
411 0 +4.904885191e+03 +4.849945191e+03 +4.849945191e+03 -1.9913e+00 +5.9246e-01 +2.3514e-01 +3.4144e+00 +2.3317e+00
441 0 +3.340564446e+03 +3.285624446e+03 +3.285624446e+03 -1.9138e+00 -2.1708e-01 -1.1167e+00 +3.4534e+00 +1.7882e+00
489 0 +2.993408373e+03 +2.938468373e+03 +2.938468373e+03 -1.8711e+00 -1.7741e-01 -7.5581e-01 +3.4260e+00 +2.1864e+00
494 0 +2.356272839e+03 +2.301332839e+03 +2.301332839e+03 -2.2375e+00 -3.3036e-02 -9.7441e-02 +3.4674e+00 +2.1104e+00
519 0 +2.131163069e+03 +2.076223069e+03 +2.076223069e+03 -2.5512e+00 -3.0796e-01 -5.3091e-01 +3.7873e+00 +1.3730e+00
527 0 +1.767545367e+03 +1.712605367e+03 +1.712605367e+03 -1.9272e+00 -7.3642e-01 -1.6452e+00 +3.3398e+00 +1.6448e+00
542 0 +1.758254113e+03 +1.703314113e+03 +1.703314113e+03 -2.5505e+00 -3.1504e-01 -2.3936e-01 +3.8153e+00 +1.6850e+00
553 0 +1.648887851e+03 +1.593947851e+03 +1.593947851e+03 -2.1942e+00 -5.2078e-01 -9.2740e-01 +3.6172e+00 +1.6727e+00
576 0 +1.897028175e+02 +1.347628175e+02 +1.347628175e+02 -2.0524e+00 -1.6722e+00 -2.1459e+00 +3.6986e+00 +1.6675e+00
594 0 +5.940652816e+01 +4.466528164e+00 +4.466528164e+00 -2.1434e+00 -1.4954e+00 -9.3452e-01 +3.6169e+00 +2.5757e+00
731 0 +5.127950720e+01 -3.660492796e+00 -3.660492796e+00 -2.6900e+00 -1.5945e+00 -9.5446e-01 +4.0494e+00 +1.6962e+00
760 0 +2.703210226e+01 -2.790789774e+01 -2.790789774e+01 -3.0437e+00 -1.4324e+00 -5.8117e-01 +4.3151e+00 +1.3610e+00
779 0 +2.128074523e+01 -3.365925477e+01 -3.365925477e+01 -3.0674e+00 -1.4238e+00 -4.5502e-01 +4.3514e+00 +1.4346e+00
810 0 +2.084816110e+01 -3.409183890e+01 -3.409183890e+01 -2.6332e+00 -1.5522e+00 -8.0188e-01 +4.0281e+00 +1.9246e+00
829 0 +1.946106553e+01 -3.547893447e+01 -3.547893447e+01 -3.1082e+00 -1.4716e+00 -4.9981e-01 +4.3746e+00 +1.3587e+00
830 0 +1.546861916e+01 -3.947138084e+01 -3.947138084e+01 -2.8254e+00 -1.4432e+00 -6.0442e-01 +4.1522e+00 +1.7088e+00
850 0 +9.153579276e+00 -4.578642072e+01 -4.578642072e+01 -2.8322e+00 -1.5289e+00 -8.2422e-01 +4.1769e+00 +1.5472e+00
866 0 +8.060866311e+00 -4.687913369e+01 -4.687913369e+01 -2.6748e+00 -1.5635e+00 -9.2117e-01 +4.0647e+00 +1.7433e+00
876 0 +6.286475700e+00 -4.865352430e+01 -4.865352430e+01 -2.6025e+00 -1.6354e+00 -1.2873e+00 +4.0435e+00 +1.5560e+00
916 0 +4.298088390e+00 -5.064191161e+01 -5.064191161e+01 -2.6571e+00 -1.5515e+00 -1.0303e+00 +4.0650e+00 +1.6543e+00
1045 0 +3.501030490e+00 -5.143896951e+01 -5.143896951e+01 -2.7467e+00 -1.5899e+00 -1.0497e+00 +4.1370e+00 +1.5163e+00
1083 0 +3.216979006e+00 -5.172302099e+01 -5.172302099e+01 -2.6610e+00 -1.6407e+00 -1.2018e+00 +4.0820e+00 +1.5487e+00
1085 0 +2.864608058e+00 -5.207539194e+01 -5.207539194e+01 -2.6349e+00 -1.6122e+00 -1.1856e+00 +4.0540e+00 +1.5862e+00
1136 0 +2.827274044e+00 -5.211272596e+01 -5.211272596e+01 -2.6834e+00 -1.5911e+00 -1.0923e+00 +4.0857e+00 +1.5802e+00
1157 0 +2.692048159e+00 -5.224795184e+01 -5.224795184e+01 -2.6176e+00 -1.5707e+00 -1.0932e+00 +4.0313e+00 +1.6742e+00
1158 0 +2.484446393e+00 -5.245555361e+01 -5.245555361e+01 -2.5857e+00 -1.6209e+00 -1.1971e+00 +4.0170e+00 +1.6642e+00
1159 0 +2.395094211e+00 -5.254490579e+01 -5.254490579e+01 -2.5673e+00 -1.6194e+00 -1.2015e+00 +4.0030e+00 +1.6898e+00
1189 0 +2.265796007e+00 -5.267420399e+01 -5.267420399e+01 -2.5766e+00 -1.5950e+00 -1.1482e+00 +4.0050e+00 +1.7071e+00
1205 0 +2.068297377e+00 -5.287170262e+01 -5.287170262e+01 -2.3703e+00 -1.5632e+00 -1.1591e+00 +3.8423e+00 +2.0201e+00
1239 0 +1.761010291e+00 -5.317898971e+01 -5.317898971e+01 -2.2738e+00 -1.5446e+00 -1.1851e+00 +3.7614e+00 +2.1402e+00
% f evaluations | g evaluations | best noise-free fitness - Fopt (5.913000000000e+01) + sum g_i+ | measured fitness | best measured fitness or single-digit g-values | x1 | x2...
1 0 +2.845916884e+06 +2.845976014e+06 +2.845976014e+06 +5.9671e-01 -3.8264e-02 +7.4769e-01 +1.6230e+00 -1.3415e-01
9 0 +2.232989408e+06 +2.233048538e+06 +2.233048538e+06 +8.3847e-01 +2.7137e-01 -1.5648e-02 -2.0110e-01 -1.3785e+00
15 0 +7.068315860e+05 +7.068907160e+05 +7.068907160e+05 +4.6140e-01 +1.6380e+00 +6.4174e-02 +1.6646e+00 -2.5197e+00
28 0 +3.265425775e+05 +3.266017075e+05 +3.266017075e+05 +2.3238e+00 +1.9712e+00 +1.8780e+00 -2.1363e+00 -2.1478e+00
34 0 +2.031851917e+05 +2.032443217e+05 +2.032443217e+05 +1.0847e+00 +6.3405e-01 +3.3800e-01 -1.0536e-01 -3.1378e+00
45 0 +1.827410593e+05 +1.828001893e+05 +1.828001893e+05 +1.9870e+00 +3.9845e-01 -4.0624e-01 -1.5887e+00 -3.3424e+00
58 0 +1.712534653e+04 +1.718447653e+04 +1.718447653e+04 -6.2946e-01 +1.3253e+00 -1.2920e+00 -1.7826e+00 -4.7173e+00
60 0 +1.414625254e+04 +1.420538254e+04 +1.420538254e+04 -1.7348e+00 +2.7907e+00 -8.9862e-02 -1.3310e+00 -3.2629e+00
133 0 +1.014132588e+04 +1.020045588e+04 +1.020045588e+04 -1.0281e+00 +3.6180e+00 -6.1977e-01 -1.4197e+00 -2.0544e+00
206 0 +3.792056989e+03 +3.851186989e+03 +3.851186989e+03 -5.5843e-01 +1.8800e+00 -2.1758e+00 -1.2733e-01 -3.5694e+00
300 0 +1.388908982e+03 +1.448038982e+03 +1.448038982e+03 -7.3250e-01 +4.1535e+00 -1.2236e-01 -2.2090e+00 -1.8102e+00
331 0 +1.050383028e+03 +1.109513028e+03 +1.109513028e+03 -1.2604e+00 +2.2662e+00 +4.9772e-01 -2.9099e+00 -4.0538e+00
367 0 +2.159877873e+02 +2.751177873e+02 +2.751177873e+02 -2.4569e-01 +3.5231e+00 -3.9293e-01 -2.3108e+00 -2.3122e+00
435 0 +1.153649806e+02 +1.744949806e+02 +1.744949806e+02 -4.5370e-01 +2.8668e+00 -3.1293e-01 -2.1852e+00 -2.9792e+00
536 0 +6.766563271e+01 +1.267956327e+02 +1.267956327e+02 -5.8733e-01 +2.9238e+00 -1.8295e-02 -2.4463e+00 -3.0232e+00
616 0 +5.263405747e+01 +1.117640575e+02 +1.117640575e+02 -2.2099e-01 +3.1085e+00 +1.2947e-01 -2.8853e+00 -2.8499e+00
672 0 +5.088261413e+01 +1.100126141e+02 +1.100126141e+02 -4.3016e-01 +3.3961e+00 -3.0301e-01 -2.2726e+00 -2.4968e+00
686 0 +5.070172418e+01 +1.098317242e+02 +1.098317242e+02 -3.3326e-01 +3.0097e+00 -4.7549e-02 -2.5648e+00 -2.8928e+00
689 0 +4.715483281e+01 +1.062848328e+02 +1.062848328e+02 -5.3843e-01 +3.3030e+00 -1.8630e-01 -2.3413e+00 -2.6280e+00
696 0 +2.730256256e+01 +8.643256256e+01 +8.643256256e+01 -4.5089e-01 +3.1010e+00 -4.5728e-02 -2.5531e+00 -2.8439e+00
711 0 +2.599437538e+01 +8.512437538e+01 +8.512437538e+01 -4.1527e-01 +3.1750e+00 -8.1539e-02 -2.5292e+00 -2.7632e+00
735 0 +2.028920938e+01 +7.941920938e+01 +7.941920938e+01 -4.1610e-01 +3.2088e+00 -1.3546e-01 -2.4543e+00 -2.7017e+00
749 0 +1.670291516e+01 +7.583291516e+01 +7.583291516e+01 -4.7417e-01 +3.0767e+00 -4.2247e-02 -2.5188e+00 -2.8617e+00
780 0 +1.506419692e+01 +7.419419692e+01 +7.419419692e+01 -4.6036e-01 +3.1036e+00 -1.2460e-01 -2.4316e+00 -2.8112e+00
788 0 +1.410525928e+01 +7.323525928e+01 +7.323525928e+01 -4.4911e-01 +3.1207e+00 -1.3028e-01 -2.4438e+00 -2.7988e+00
893 0 +1.364207524e+01 +7.277207524e+01 +7.277207524e+01 -4.7475e-01 +3.1226e+00 -2.1362e-01 -2.3371e+00 -2.7809e+00
913 0 +1.323592418e+01 +7.236592418e+01 +7.236592418e+01 -4.7491e-01 +3.1129e+00 -2.1316e-01 -2.3334e+00 -2.7874e+00
914 0 +1.320106484e+01 +7.233106484e+01 +7.233106484e+01 -5.3920e-01 +3.0904e+00 -2.7144e-01 -2.2345e+00 -2.8076e+00
936 0 +1.287921509e+01 +7.200921509e+01 +7.200921509e+01 -5.2991e-01 +3.0919e+00 -2.8190e-01 -2.2346e+00 -2.8046e+00
971 0 +1.181950944e+01 +7.094950944e+01 +7.094950944e+01 -5.7765e-01 +3.1021e+00 -3.2270e-01 -2.1623e+00 -2.7920e+00
976 0 +1.176251186e+01 +7.089251186e+01 +7.089251186e+01 -7.9333e-01 +3.0305e+00 -5.8416e-01 -1.7637e+00 -2.8391e+00
981 0 +1.172645775e+01 +7.085645775e+01 +7.085645775e+01 -7.1128e-01 +3.0153e+00 -5.1432e-01 -1.8740e+00 -2.8497e+00
982 0 +9.969027766e+00 +6.909902777e+01 +6.909902777e+01 -7.3250e-01 +2.9884e+00 -4.4482e-01 -1.9390e+00 -2.8974e+00
1009 0 +8.909369007e+00 +6.803936901e+01 +6.803936901e+01 -9.6542e-01 +2.8765e+00 -6.6098e-01 -1.5730e+00 -2.9936e+00
1026 0 +4.171513058e+00 +6.330151306e+01 +6.330151306e+01 -1.3932e+00 +2.5524e+00 -9.0544e-01 -1.0654e+00 -3.3180e+00
1128 0 +3.658800994e+00 +6.278880099e+01 +6.278880099e+01 -1.4564e+00 +2.5749e+00 -1.0309e+00 -8.9534e-01 -3.2783e+00
1131 0 +1.770061228e+00 +6.090006123e+01 +6.090006123e+01 -1.8206e+00 +2.3468e+00 -1.2397e+00 -4.6819e-01 -3.5152e+00
1234 0 +1.508709064e+00 +6.063870906e+01 +6.063870906e+01 -1.8609e+00 +2.3117e+00 -1.2714e+00 -4.1831e-01 -3.5504e+00
% f evaluations | g evaluations | best noise-free fitness - Fopt (-4.915300000000e+02) + sum g_i+ | measured fitness | best measured fitness or single-digit g-values | x1 | x2...
1 0 +1.453349878e+05 +1.448434578e+05 +1.448434578e+05 +5.9671e-01 -3.8264e-02 +7.4769e-01 +1.6230e+00 -1.3415e-01
4 0 +1.008963199e+05 +1.004047899e+05 +1.004047899e+05 -4.6229e-01 -9.1283e-01 +4.1425e-01 -8.0802e-01 -1.3123e+00
11 0 +6.754048487e+03 +6.262518487e+03 +6.262518487e+03 +4.2408e-01 -2.8508e-01 -5.7692e-01 +7.1168e-01 +1.1310e+00
29 0 +2.998903721e+03 +2.507373721e+03 +2.507373721e+03 +7.0654e-01 +1.1832e+00 +1.4658e-01 +9.2044e-01 +5.7498e-01
137 0 +5.403452013e+02 +4.881520129e+01 +4.881520129e+01 +7.0235e-01 +1.0834e+00 -7.9787e-01 +9.6881e-01 +3.5206e-01
202 0 +3.515096796e+02 -1.400203204e+02 -1.400203204e+02 +6.1641e-01 +1.4247e+00 -9.7058e-01 +5.6492e-01 -1.9455e-01
302 0 +3.418128798e+02 -1.497171202e+02 -1.497171202e+02 +5.7245e-01 +5.2121e-01 -1.3753e+00 +7.6644e-01 +3.0525e-01
339 0 +1.321641042e+02 -3.593658958e+02 -3.593658958e+02 +1.2509e+00 +1.7125e+00 -8.3004e-01 +2.3426e+00 +8.5113e-01
351 0 +8.626255202e+01 -4.052674480e+02 -4.052674480e+02 +8.1702e-01 +1.2906e+00 -1.5940e+00 +1.3451e+00 -2.8177e-02
467 0 +5.651549561e+01 -4.350145044e+02 -4.350145044e+02 +1.0998e+00 +2.0208e+00 -6.6450e-01 +1.8981e+00 +2.6569e-01
526 0 +3.828028694e+01 -4.532497131e+02 -4.532497131e+02 +8.6338e-01 +1.3947e+00 -1.1175e+00 +1.4044e+00 +1.8343e-01
529 0 +2.537907919e+01 -4.661509208e+02 -4.661509208e+02 +8.6513e-01 +1.6641e+00 -1.0634e+00 +1.3298e+00 -2.0163e-02
585 0 +2.314351011e+01 -4.683864899e+02 -4.683864899e+02 +8.7027e-01 +1.3786e+00 -1.3190e+00 +1.4229e+00 +1.3903e-01
591 0 +1.365830190e+01 -4.778716981e+02 -4.778716981e+02 +9.0070e-01 +1.4125e+00 -1.2489e+00 +1.5117e+00 +1.9489e-01
678 0 +1.358190349e+01 -4.779480965e+02 -4.779480965e+02 +8.7044e-01 +1.3618e+00 -1.2595e+00 +1.4281e+00 +1.8770e-01
683 0 +1.311077657e+01 -4.784192234e+02 -4.784192234e+02 +8.6902e-01 +1.3304e+00 -1.3239e+00 +1.4517e+00 +1.7478e-01
706 0 +1.123090696e+01 -4.802990930e+02 -4.802990930e+02 +8.9999e-01 +1.2380e+00 -1.3320e+00 +1.5566e+00 +3.2046e-01
775 0 +1.054759551e+01 -4.809824045e+02 -4.809824045e+02 +8.5457e-01 +1.0718e+00 -1.5054e+00 +1.4914e+00 +3.0295e-01
810 0 +9.386082253e+00 -4.821439177e+02 -4.821439177e+02 +8.2335e-01 +9.8135e-01 -1.5649e+00 +1.4260e+00 +3.0109e-01
861 0 +9.325678878e+00 -4.822043211e+02 -4.822043211e+02 +8.1959e-01 +1.0111e+00 -1.5411e+00 +1.4071e+00 +2.7684e-01
870 0 +9.306109154e+00 -4.822238908e+02 -4.822238908e+02 +8.1345e-01 +1.0082e+00 -1.5468e+00 +1.3873e+00 +2.6722e-01
896 0 +9.225742517e+00 -4.823042575e+02 -4.823042575e+02 +7.9641e-01 +9.4189e-01 -1.6051e+00 +1.3645e+00 +2.6658e-01
903 0 +8.761180234e+00 -4.827688198e+02 -4.827688198e+02 +7.9056e-01 +9.4163e-01 -1.5881e+00 +1.3428e+00 +2.6152e-01
928 0 +8.461384381e+00 -4.830686156e+02 -4.830686156e+02 +7.6405e-01 +9.4351e-01 -1.6131e+00 +1.2707e+00 +1.9673e-01
953 0 +7.100488858e+00 -4.844295111e+02 -4.844295111e+02 +6.6626e-01 +6.6310e-01 -1.8451e+00 +1.0842e+00 +1.5484e-01
1001 0 +6.152562977e+00 -4.853774370e+02 -4.853774370e+02 +4.5679e-01 +1.2443e-01 -2.2614e+00 +6.5776e-01 +4.2011e-02
1004 0 +4.012065052e+00 -4.875179349e+02 -4.875179349e+02 +4.9989e-01 +2.7724e-01 -2.1582e+00 +7.3237e-01 +3.6957e-02
1034 0 +2.938873606e+00 -4.885911264e+02 -4.885911264e+02 +4.2404e-01 +1.1003e-02 -2.4273e+00 +6.0855e-01 +1.3203e-02
1057 0 +2.771237305e+00 -4.887587627e+02 -4.887587627e+02 +1.0284e-01 -5.2564e-01 -2.9484e+00 -1.3619e-01 -3.6515e-01
1058 0 +2.250124659e+00 -4.892798753e+02 -4.892798753e+02 +7.6073e-02 -8.0009e-01 -3.0846e+00 -1.2938e-01 -2.2915e-01
1153 0 +9.849936084e-01 -4.905450064e+02 -4.905450064e+02 -8.2382e-03 -9.7865e-01 -3.2754e+00 -3.0287e-01 -3.2068e-01
1158 0 +8.360214466e-01 -4.906939786e+02 -4.906939786e+02 +6.1233e-02 -8.3483e-01 -3.1427e+00 -1.5320e-01 -2.5550e-01
1187 0 +5.823855863e-01 -4.909476144e+02 -4.909476144e+02 +2.0339e-01 -5.2043e-01 -2.8828e+00 +1.4608e-01 -1.4137e-01
1218 0 +1.760590322e-01 -4.913539410e+02 -4.913539410e+02 +1.1762e-01 -6.7169e-01 -3.0158e+00 -4.5590e-02 -2.3413e-01
% f evaluations | g evaluations | best noise-free fitness - Fopt (-1.702000000000e+02) + sum g_i+ | measured fitness | best measured fitness or single-digit g-values | x1 | x2...
1 0 +1.057601993e+07 +1.057584973e+07 +1.057584973e+07 +5.9671e-01 -3.8264e-02 +7.4769e-01 +1.6230e+00 -1.3415e-01
11 0 +7.334823365e+06 +7.334653165e+06 +7.334653165e+06 +4.2408e-01 -2.8508e-01 -5.7692e-01 +7.1168e-01 +1.1310e+00
23 0 +6.822071283e+06 +6.821901083e+06 +6.821901083e+06 -1.8188e+00 +7.3486e-02 +1.6023e-01 +2.5632e+00 -9.2361e-02
24 0 +5.050130776e+06 +5.049960576e+06 +5.049960576e+06 +4.0155e-01 +6.5288e-02 -1.0687e+00 +1.2428e+00 +8.5193e-01
26 0 +4.462489113e+05 +4.460787113e+05 +4.460787113e+05 -2.8582e-01 -1.2257e+00 -1.3562e+00 +3.9456e+00 +2.1197e-01
28 0 +2.682585643e+05 +2.680883643e+05 +2.680883643e+05 +7.2470e-01 +3.9755e-01 -1.5354e+00 +2.7876e+00 +2.5125e+00
55 0 +1.402381703e+05 +1.400679703e+05 +1.400679703e+05 -1.4321e+00 +4.3830e-01 -2.1790e+00 +3.7027e+00 +1.6721e+00
77 0 +1.136434053e+05 +1.134732053e+05 +1.134732053e+05 -2.0325e+00 -8.7113e-01 -1.8818e+00 +4.6019e+00 +1.2067e+00
85 0 +1.022659266e+05 +1.020957266e+05 +1.020957266e+05 -9.3280e-01 -8.2357e-01 -1.3754e+00 +4.0707e+00 +1.2773e+00
101 0 +2.817370468e+04 +2.800350468e+04 +2.800350468e+04 -1.0916e+00 -1.1107e+00 +1.0884e+00 +4.5702e+00 +3.6593e+00
179 0 +2.384745632e+04 +2.367725632e+04 +2.367725632e+04 -8.3824e-01 -2.2506e-01 +1.4071e+00 +4.3671e+00 +4.6510e+00
181 0 +7.985252357e+03 +7.815052357e+03 +7.815052357e+03 +1.4095e+00 -1.3408e+00 +2.2688e+00 +4.5148e+00 +4.2924e+00
256 0 +5.817496344e+03 +5.647296344e+03 +5.647296344e+03 -1.9346e+00 +1.6444e+00 -3.2926e-01 +3.1556e+00 +4.5386e+00
286 0 +2.667417123e+03 +2.497217123e+03 +2.497217123e+03 -1.0841e+00 +2.9738e-01 -5.1261e-02 +4.5433e+00 +2.2780e+00
503 0 +1.482893935e+03 +1.312693935e+03 +1.312693935e+03 -1.7952e+00 -1.2364e+00 -2.2628e-01 +4.8941e+00 +2.0250e+00
531 0 +1.448873003e+03 +1.278673003e+03 +1.278673003e+03 -2.4774e+00 -1.1550e+00 -1.0438e+00 +4.5796e+00 +1.7582e+00
601 0 +1.033981813e+03 +8.637818131e+02 +8.637818131e+02 -3.8215e-01 -1.3208e+00 +1.0261e+00 +4.1018e+00 +4.3355e+00
635 0 +4.812099310e+02 +3.110099310e+02 +3.110099310e+02 -1.9351e+00 -5.2984e-01 -3.1387e-01 +4.3023e+00 +2.9021e+00
654 0 +4.032239410e+02 +2.330239410e+02 +2.330239410e+02 -1.7852e+00 -2.2510e-01 -3.9168e-01 +4.1552e+00 +2.9254e+00
678 0 +2.214492826e+02 +5.124928263e+01 +5.124928263e+01 -2.6732e+00 -9.2226e-01 -1.0866e+00 +4.2080e+00 +2.4810e+00
719 0 +2.152247741e+02 +4.502477411e+01 +4.502477411e+01 -2.0712e+00 -2.9899e-01 -6.1019e-01 +4.1894e+00 +2.7354e+00
730 0 +1.974090876e+02 +2.720908765e+01 +2.720908765e+01 -2.0287e+00 -4.5719e-01 -5.6906e-01 +4.1549e+00 +2.8759e+00
755 0 +1.827389184e+02 +1.253891841e+01 +1.253891841e+01 -2.3031e+00 -2.7535e-01 -7.6162e-01 +4.1852e+00 +2.6579e+00
763 0 +1.810662302e+02 +1.086623019e+01 +1.086623019e+01 -2.0910e+00 -1.0118e+00 -4.8801e-01 +4.2712e+00 +2.8680e+00
777 0 +9.327299865e+01 -7.692700135e+01 -7.692700135e+01 -2.4499e+00 -7.1880e-01 -8.0351e-01 +4.1863e+00 +2.7107e+00
780 0 +3.856027747e+01 -1.316397225e+02 -1.316397225e+02 -2.3643e+00 -6.1224e-01 -7.9076e-01 +4.2464e+00 +2.5980e+00
860 0 +2.778754999e+01 -1.424124500e+02 -1.424124500e+02 -2.0753e+00 -8.1313e-01 -5.4146e-01 +4.2329e+00 +2.8310e+00
864 0 +2.130341119e+01 -1.488965888e+02 -1.488965888e+02 -1.9606e+00 -7.2870e-01 -4.4342e-01 +4.1859e+00 +2.9742e+00
865 0 +1.553608495e+01 -1.546639151e+02 -1.546639151e+02 -2.2067e+00 -7.5377e-01 -6.6567e-01 +4.3071e+00 +2.5951e+00
888 0 +1.396666297e+01 -1.562333370e+02 -1.562333370e+02 -2.3345e+00 -7.6498e-01 -7.7943e-01 +4.2659e+00 +2.5804e+00
906 0 +1.179990179e+01 -1.584000982e+02 -1.584000982e+02 -2.1263e+00 -6.4120e-01 -6.3109e-01 +4.3373e+00 +2.5328e+00
933 0 +5.049911044e+00 -1.651500890e+02 -1.651500890e+02 -2.2056e+00 -6.6522e-01 -6.7630e-01 +4.2725e+00 +2.6272e+00
962 0 +4.627270886e+00 -1.655727291e+02 -1.655727291e+02 -2.2491e+00 -6.5907e-01 -7.1965e-01 +4.3001e+00 +2.5452e+00
1208 0 +4.576637896e+00 -1.656233621e+02 -1.656233621e+02 -2.1450e+00 -6.6016e-01 -6.6034e-01 +4.3847e+00 +2.4331e+00
1234 0 +4.544586263e+00 -1.656554137e+02 -1.656554137e+02 -2.1538e+00 -6.6712e-01 -6.5454e-01 +4.3449e+00 +2.5126e+00
% f evaluations | g evaluations | best noise-free fitness - Fopt (-4.697500000000e+02) + sum g_i+ | measured fitness | best measured fitness or single-digit g-values | x1 | x2...
1 0 +5.666156262e+06 +5.665686512e+06 +5.665686512e+06 +5.9671e-01 -3.8264e-02 +7.4769e-01 +1.6230e+00 -1.3415e-01
14 0 +4.160546314e+06 +4.160076564e+06 +4.160076564e+06 +1.4562e+00 +2.7990e-02 +1.1035e+00 +4.6164e-01 -5.4512e-01
25 0 +3.919900622e+06 +3.919430872e+06 +3.919430872e+06 +8.9103e-01 -8.0939e-01 +1.5028e+00 -1.3019e+00 +6.8686e-01
26 0 +5.873245896e+05 +5.868548396e+05 +5.868548396e+05 +2.2786e+00 -2.4668e+00 +3.1347e+00 -4.9689e-01 +1.4828e+00
27 0 +1.560483584e+05 +1.555786084e+05 +1.555786084e+05 +2.0167e+00 -1.6724e+00 +2.8769e+00 +2.2769e-01 +1.3567e+00
55 0 +8.697840340e+04 +8.650865340e+04 +8.650865340e+04 +4.2420e+00 +1.3955e+00 +1.6425e+00 +1.0976e+00 +8.7837e-01
64 0 +5.011173756e+04 +4.964198756e+04 +4.964198756e+04 +2.5085e+00 -1.4545e+00 +2.1987e+00 -1.2370e-01 +7.7849e-02
112 0 +3.639197384e+04 +3.592222384e+04 +3.592222384e+04 +2.3365e+00 -1.3213e-01 +3.1017e+00 -1.3210e+00 +1.7462e+00
158 0 +3.319976314e+04 +3.273001314e+04 +3.273001314e+04 +3.3839e+00 -3.4770e-01 +2.1140e+00 -4.3338e-01 +9.7431e-01
235 0 +2.796850855e+04 +2.749875855e+04 +2.749875855e+04 +2.6377e+00 -6.1269e-01 +2.2039e+00 -5.0048e-01 +2.1825e+00
247 0 +2.303060976e+04 +2.256085976e+04 +2.256085976e+04 +3.2673e+00 +4.3451e-01 +2.1091e+00 +5.1228e-02 +1.4486e+00
263 0 +1.921596110e+04 +1.874621110e+04 +1.874621110e+04 +3.3268e+00 -5.2095e-01 +1.9519e+00 -7.2465e-01 +9.6223e-01
279 0 +1.660943519e+04 +1.613968519e+04 +1.613968519e+04 +2.5672e+00 -1.0116e+00 +2.5944e+00 -1.0810e+00 +1.0529e+00
300 0 +1.486854734e+04 +1.439879734e+04 +1.439879734e+04 +2.7188e+00 -5.2826e-01 +2.3749e+00 -4.4836e-01 +1.4069e+00
332 0 +1.294114381e+04 +1.247139381e+04 +1.247139381e+04 +2.2183e+00 -4.7854e-01 +2.6359e+00 -5.4808e-01 +2.1023e+00
342 0 +1.189313124e+04 +1.142338124e+04 +1.142338124e+04 +2.4591e+00 -1.8630e-01 +2.6296e+00 -2.7341e-01 +1.3271e+00
352 0 +9.512578034e+03 +9.042828034e+03 +9.042828034e+03 +2.1443e+00 -1.3214e-01 +2.9091e+00 -3.1025e-01 +1.7052e+00
426 0 +9.454237794e+03 +8.984487794e+03 +8.984487794e+03 +2.3952e+00 -1.4721e+00 +2.5896e+00 +3.9463e-01 -6.2490e-01
427 0 +9.091435946e+03 +8.621685946e+03 +8.621685946e+03 +2.8198e+00 -9.5417e-01 +2.5275e+00 -1.1484e-01 -1.0328e-01
457 0 +8.917902155e+03 +8.448152155e+03 +8.448152155e+03 +2.8114e+00 -8.9206e-01 +2.6218e+00 -2.3935e-01 -2.5174e-01
471 0 +7.817947215e+03 +7.348197215e+03 +7.348197215e+03 +2.2699e+00 -2.6285e+00 +2.4668e+00 -5.1000e-01 -3.8103e-01
476 0 +3.947429367e+03 +3.477679367e+03 +3.477679367e+03 +1.3896e+00 -3.5914e+00 +3.0235e+00 +7.1516e-01 -2.0094e+00
491 0 +3.810469213e+03 +3.340719213e+03 +3.340719213e+03 +2.8424e+00 -2.1332e+00 +2.5917e+00 +1.6726e-01 -2.0913e+00
496 0 +2.446465473e+03 +1.976715473e+03 +1.976715473e+03 +2.2493e+00 -2.0915e+00 +3.0404e+00 +8.0082e-01 -2.1929e+00
506 0 +1.257202610e+03 +7.874526101e+02 +7.874526101e+02 +1.8239e+00 -2.1417e+00 +3.2335e+00 +6.8707e-01 -1.7196e+00
575 0 +6.732470735e+02 +2.034970735e+02 +2.034970735e+02 +2.1696e-01 -2.6546e+00 +3.9993e+00 +1.1716e+00 -7.7939e-01
586 0 +4.091350678e+02 -6.061493222e+01 -6.061493222e+01 +1.4289e+00 -4.3440e+00 +3.1833e+00 +6.1328e-01 -3.2836e+00
601 0 +2.965028064e+02 -1.732471936e+02 -1.732471936e+02 -1.1266e+00 -4.4366e+00 +4.2832e+00 +4.9061e-01 +4.3429e-01
672 0 +2.211328847e+02 -2.486171153e+02 -2.486171153e+02 +1.6474e+00 -2.5307e+00 +3.2710e+00 +1.0759e+00 -2.2222e+00
673 0 +2.129526875e+02 -2.567973125e+02 -2.567973125e+02 +1.2941e+00 -3.7763e+00 +3.2290e+00 +7.3518e-01 -2.4469e+00
678 0 +1.674936646e+02 -3.022563354e+02 -3.022563354e+02 +1.2283e+00 -2.4283e+00 +3.5053e+00 +1.0264e+00 -1.5909e+00
706 0 +1.634504655e+02 -3.062995345e+02 -3.062995345e+02 -6.7787e-02 -3.0533e+00 +3.9525e+00 +9.7803e-01 -1.6473e-01
717 0 +1.067262257e+02 -3.630237743e+02 -3.630237743e+02 +4.4207e-01 -3.1317e+00 +3.7457e+00 +8.4154e-01 -8.5244e-01
725 0 +2.829080506e+01 -4.414591949e+02 -4.414591949e+02 +7.4445e-02 -3.3386e+00 +3.8901e+00 +8.7739e-01 -6.2965e-01
810 0 +1.561246036e+01 -4.541375396e+02 -4.541375396e+02 +3.5398e-01 -2.7526e+00 +3.8401e+00 +9.8946e-01 -5.6601e-01
852 0 +4.707174902e+00 -4.650428251e+02 -4.650428251e+02 +4.2309e-01 -3.2803e+00 +3.7447e+00 +9.0955e-01 -1.0835e+00
891 0 +2.168742166e+00 -4.675812578e+02 -4.675812578e+02 +3.6726e-01 -3.4595e+00 +3.7415e+00 +8.4761e-01 -1.0945e+00
904 0 +1.483713591e+00 -4.682662864e+02 -4.682662864e+02 +3.2344e-02 -2.7881e+00 +3.9776e+00 +9.7205e-01 -1.4083e-01
952 0 +7.637024603e-01 -4.689862975e+02 -4.689862975e+02 +2.1393e-01 -3.2580e+00 +3.8309e+00 +8.6635e-01 -7.0377e-01
975 0 +4.034511378e-01 -4.693465489e+02 -4.693465489e+02 +1.1186e-01 -2.9758e+00 +3.9136e+00 +9.1409e-01 -3.5595e-01
1097 0 +2.537138629e-01 -4.694962861e+02 -4.694962861e+02 +1.3347e-01 -3.0846e+00 +3.8853e+00 +8.8159e-01 -4.4249e-01
1138 0 +2.108956983e-01 -4.695391043e+02 -4.695391043e+02 +1.5295e-01 -3.1574e+00 +3.8686e+00 +8.7115e-01 -5.2908e-01
1175 0 +1.510199074e-01 -4.695989801e+02 -4.695989801e+02 +1.2847e-01 -3.0901e+00 +3.8872e+00 +8.8316e-01 -4.4297e-01
1224 0 +1.113120653e-01 -4.696386879e+02 -4.696386879e+02 +1.1972e-01 -3.0976e+00 +3.8921e+00 +8.8732e-01 -4.4596e-01
% f evaluations | g evaluations | best noise-free fitness - Fopt (-5.191000000000e+01) + sum g_i+ | measured fitness | best measured fitness or single-digit g-values | x1 | x2...
1 0 +2.189234218e+06 +2.189182308e+06 +2.189182308e+06 +5.9671e-01 -3.8264e-02 +7.4769e-01 +1.6230e+00 -1.3415e-01
3 0 +1.958563159e+06 +1.958511249e+06 +1.958511249e+06 -3.6342e-01 -3.6573e-01 +3.4196e-01 -1.8133e+00 -1.6249e+00
5 0 +1.418680902e+06 +1.418628992e+06 +1.418628992e+06 +1.5656e+00 -1.2578e-01 +1.6753e-01 -1.3247e+00 -4.4438e-01
8 0 +5.397702762e+04 +5.392511762e+04 +5.392511762e+04 -1.1208e+00 +3.0886e-01 -1.8597e+00 -1.2282e+00 +2.9686e-01
27 0 +7.562129622e+03 +7.510219622e+03 +7.510219622e+03 +2.4796e+00 +1.2294e+00 -6.5952e-01 +1.4823e+00 -4.3330e-01
63 0 +5.825240881e+03 +5.773330881e+03 +5.773330881e+03 +4.7381e-01 +1.0325e+00 -1.0845e+00 +2.2738e-01 -1.0167e+00
132 0 +2.006140365e+03 +1.954230365e+03 +1.954230365e+03 +1.2576e+00 +1.0945e+00 -9.1085e-01 +9.3809e-01 -4.9141e-01
181 0 +7.360639994e+02 +6.841539994e+02 +6.841539994e+02 +3.0367e-01 +1.2386e+00 -1.1430e+00 +7.6707e-02 -8.8493e-01
224 0 +3.970137252e+02 +3.451037252e+02 +3.451037252e+02 +3.9643e-01 +1.4715e+00 -1.1166e+00 +3.9174e-01 -8.7533e-01
246 0 +3.843998615e+02 +3.324898615e+02 +3.324898615e+02 +3.5902e-01 +1.4502e+00 -1.2297e+00 +2.8167e-01 -5.2062e-01
403 0 +3.683744298e+02 +3.164644298e+02 +3.164644298e+02 +8.0351e-01 +1.6009e+00 -1.0359e+00 +1.3103e+00 -4.9903e-01
451 0 +2.475662613e+02 +1.956562613e+02 +1.956562613e+02 -3.9309e-01 +1.6214e+00 -1.4101e+00 -2.2254e-01 -6.9835e-01
590 0 +2.224291009e+02 +1.705191009e+02 +1.705191009e+02 -3.5113e-01 +1.6414e+00 -1.4058e+00 -1.3634e-01 -6.6621e-01
595 0 +1.866989839e+02 +1.347889839e+02 +1.347889839e+02 -1.0062e+00 +1.6271e+00 -1.6815e+00 -1.1738e+00 -6.0686e-01
615 0 +1.541633465e+02 +1.022533465e+02 +1.022533465e+02 -4.1359e-01 +1.7339e+00 -1.5641e+00 -1.7859e-01 -2.3874e-01
634 0 +1.013116693e+02 +4.940166930e+01 +4.940166930e+01 -1.5271e+00 +1.7138e+00 -2.1047e+00 -1.8185e+00 +1.7156e-01
702 0 +1.001467388e+02 +4.823673881e+01 +4.823673881e+01 +1.6645e+00 +2.3572e+00 -1.7186e+00 +3.0301e+00 +2.7497e+00
737 0 +9.568874344e+01 +4.377874344e+01 +4.377874344e+01 -1.4798e+00 +1.7200e+00 -2.3503e+00 -1.9441e+00 +9.8275e-01
763 0 +5.807377282e+01 +6.163772817e+00 +6.163772817e+00 +1.9357e+00 +2.3787e+00 -1.4478e+00 +3.7400e+00 +2.3237e+00
783 0 +2.116718712e+01 -3.074281288e+01 -3.074281288e+01 +9.3569e-01 +2.2294e+00 -1.7105e+00 +2.1207e+00 +1.9070e+00
818 0 +1.860321192e+01 -3.330678808e+01 -3.330678808e+01 +1.5377e-01 +2.0786e+00 -1.9611e+00 +7.7802e-01 +1.7431e+00
875 0 +1.709227521e+01 -3.481772479e+01 -3.481772479e+01 +8.1260e-01 +2.2726e+00 -1.9808e+00 +1.8928e+00 +2.6165e+00
886 0 +1.279301183e+01 -3.911698817e+01 -3.911698817e+01 +9.3951e-01 +2.1211e+00 -1.6938e+00 +1.8977e+00 +1.8063e+00
933 0 +6.120418891e+00 -4.578958111e+01 -4.578958111e+01 +1.0662e+00 +2.2678e+00 -1.8547e+00 +2.2417e+00 +2.5118e+00
971 0 +4.979539427e+00 -4.693046057e+01 -4.693046057e+01 +9.7428e-01 +2.2325e+00 -1.8702e+00 +2.0294e+00 +2.4294e+00
972 0 +3.975270256e+00 -4.793472974e+01 -4.793472974e+01 +1.2394e+00 +2.2544e+00 -1.7648e+00 +2.4446e+00 +2.4128e+00
996 0 +3.861323186e+00 -4.804867681e+01 -4.804867681e+01 +1.4354e+00 +2.2472e+00 -1.6518e+00 +2.7237e+00 +2.2839e+00
1000 0 +3.770843900e+00 -4.813915610e+01 -4.813915610e+01 +1.0699e+00 +2.2211e+00 -1.8160e+00 +2.1621e+00 +2.3703e+00
1012 0 +1.817983424e+00 -5.009201658e+01 -5.009201658e+01 +1.2887e+00 +2.2794e+00 -1.7653e+00 +2.5597e+00 +2.4880e+00
1035 0 +1.741229755e+00 -5.016877025e+01 -5.016877025e+01 +1.9654e+00 +2.3756e+00 -1.5918e+00 +3.6083e+00 +2.7525e+00
1050 0 +8.003678791e-01 -5.110963212e+01 -5.110963212e+01 +1.8642e+00 +2.3468e+00 -1.5886e+00 +3.4600e+00 +2.6288e+00
1128 0 +7.102341212e-01 -5.119976588e+01 -5.119976588e+01 +1.2761e+00 +2.2553e+00 -1.7234e+00 +2.5317e+00 +2.3399e+00
1130 0 +4.247455002e-01 -5.148525450e+01 -5.148525450e+01 +1.4872e+00 +2.2784e+00 -1.6722e+00 +2.8489e+00 +2.4304e+00
1156 0 +3.026211229e-01 -5.160737888e+01 -5.160737888e+01 +1.6951e+00 +2.3266e+00 -1.6572e+00 +3.1701e+00 +2.6336e+00
1190 0 +1.465169995e-01 -5.176348300e+01 -5.176348300e+01 +1.7615e+00 +2.3214e+00 -1.6046e+00 +3.2752e+00 +2.5477e+00
1209 0 +4.743198733e-02 -5.186256801e+01 -5.186256801e+01 +1.6264e+00 +2.3086e+00 -1.6512e+00 +3.0715e+00 +2.5336e+00
% f evaluations | g evaluations | best noise-free fitness - Fopt (4.808000000000e+01) + sum g_i+ | measured fitness | best measured fitness or single-digit g-values | x1 | x2...
1 0 +7.655939359e+06 +7.655987439e+06 +7.655987439e+06 +5.9671e-01 -3.8264e-02 +7.4769e-01 +1.6230e+00 -1.3415e-01
2 0 +5.817326131e+06 +5.817374211e+06 +5.817374211e+06 -1.3414e-01 +1.6792e+00 +8.6743e-01 -3.6947e-01 +6.4256e-01
3 0 +2.471456532e+06 +2.471504612e+06 +2.471504612e+06 -3.6342e-01 -3.6573e-01 +3.4196e-01 -1.8133e+00 -1.6249e+00
7 0 +2.056560075e+06 +2.056608155e+06 +2.056608155e+06 -5.0171e-01 +1.9523e+00 +8.6503e-02 -9.5771e-01 +9.2254e-01
8 0 +2.680933670e+05 +2.681414470e+05 +2.681414470e+05 -1.1208e+00 +3.0886e-01 -1.8597e+00 -1.2282e+00 +2.9686e-01
30 0 +5.766359718e+04 +5.771167718e+04 +5.771167718e+04 -2.0099e+00 +9.3534e-01 -8.7771e-01 -1.7622e+00 +2.4983e+00
51 0 +4.535763136e+04 +4.540571136e+04 +4.540571136e+04 -1.4552e+00 +5.0316e-01 -8.8428e-01 -8.2533e-01 +1.0635e+00
53 0 +1.682902879e+04 +1.687710879e+04 +1.687710879e+04 -1.3002e+00 +1.2909e-01 -1.3328e+00 -8.5050e-01 +1.7386e+00
98 0 +1.020371128e+04 +1.025179128e+04 +1.025179128e+04 -6.0698e-01 -2.7767e-01 -1.7392e+00 -1.3344e+00 +1.7997e+00
147 0 +6.732198505e+03 +6.780278505e+03 +6.780278505e+03 -7.1733e-01 -6.5842e-01 -1.7505e+00 -3.0791e-01 +2.2346e+00
327 0 +5.560277518e+03 +5.608357518e+03 +5.608357518e+03 +1.2948e+00 -2.1048e-01 -3.2624e+00 +1.2941e+00 +1.5967e+00
331 0 +5.156656495e+03 +5.204736495e+03 +5.204736495e+03 +4.8508e-01 -1.1586e-01 -2.7242e+00 +1.2218e+00 +2.3006e+00
359 0 +4.500375027e+03 +4.548455027e+03 +4.548455027e+03 +1.8612e+00 -3.1702e-01 -3.6958e+00 +1.8040e+00 +1.6839e+00
393 0 +3.207555462e+03 +3.255635462e+03 +3.255635462e+03 +4.7692e-01 -3.5866e-01 -2.7342e+00 +2.6210e+00 +2.8962e+00
433 0 +2.864882600e+03 +2.912962600e+03 +2.912962600e+03 +7.3493e-01 -7.8902e-01 -2.9551e+00 +3.1829e+00 +3.2937e+00
448 0 +1.612817178e+03 +1.660897178e+03 +1.660897178e+03 +1.3060e+00 -1.1771e+00 -3.4115e+00 +2.8473e+00 +3.1491e+00
498 0 +1.509093816e+03 +1.557173816e+03 +1.557173816e+03 -5.1735e-02 -1.4287e+00 -2.4152e+00 +1.8927e+00 +3.7097e+00
507 0 +1.219994384e+03 +1.268074384e+03 +1.268074384e+03 +1.1634e+00 -1.0671e+00 -3.2787e+00 +2.0246e+00 +2.7882e+00
566 0 +8.209822294e+02 +8.690622294e+02 +8.690622294e+02 +7.7795e-01 -1.7634e+00 -2.9896e+00 +7.1460e-01 +2.9037e+00
618 0 +8.042711808e+02 +8.523511808e+02 +8.523511808e+02 +8.5406e-01 -1.6668e+00 -3.0635e+00 +1.1045e+00 +2.9911e+00
631 0 +7.553328715e+02 +8.034128715e+02 +8.034128715e+02 +5.9063e-02 -2.0230e+00 -2.4399e+00 -4.6508e-01 +2.8483e+00
635 0 +6.974352636e+02 +7.455152636e+02 +7.455152636e+02 -2.9365e-01 -1.9510e+00 -2.2455e+00 +8.0841e-01 +3.4842e+00
652 0 +1.724325517e+02 +2.205125517e+02 +2.205125517e+02 -6.5503e-01 -2.9520e+00 -1.9409e+00 -1.4330e+00 +3.1805e+00
799 0 +7.974347663e+01 +1.278234766e+02 +1.278234766e+02 -4.3090e-01 -3.3073e+00 -2.1077e+00 -2.2636e+00 +2.9408e+00
816 0 +5.543099264e+01 +1.035109926e+02 +1.035109926e+02 -4.8826e-01 -3.7398e+00 -2.0627e+00 -2.9760e+00 +2.9118e+00
862 0 +4.161371618e+01 +8.969371618e+01 +8.969371618e+01 -1.1755e+00 -3.8444e+00 -1.5389e+00 -3.3547e+00 +3.0774e+00
877 0 +3.582072759e+01 +8.390072759e+01 +8.390072759e+01 -1.7912e-01 -3.7130e+00 -2.2682e+00 -3.2266e+00 +2.5850e+00
882 0 +2.974877177e+01 +7.782877177e+01 +7.782877177e+01 -4.7523e-01 -3.5839e+00 -2.0681e+00 -2.6238e+00 +2.9409e+00
911 0 +2.815503847e+01 +7.623503847e+01 +7.623503847e+01 -8.9197e-01 -3.8767e+00 -1.7409e+00 -3.6243e+00 +2.8714e+00
919 0 +1.882999413e+01 +6.690999413e+01 +6.690999413e+01 -8.3764e-01 -3.8773e+00 -1.7902e+00 -3.4357e+00 +2.9166e+00
933 0 +1.123043196e+01 +5.931043196e+01 +5.931043196e+01 -3.5505e-01 -3.6786e+00 -2.1418e+00 -3.1045e+00 +2.7508e+00
935 0 +8.370876169e+00 +5.645087617e+01 +5.645087617e+01 -5.5867e-01 -3.6077e+00 -1.9999e+00 -2.8979e+00 +2.8969e+00
978 0 +8.290076794e+00 +5.637007679e+01 +5.637007679e+01 -1.5486e-01 -3.5114e+00 -2.2795e+00 -2.9567e+00 +2.6105e+00
982 0 +6.996635577e+00 +5.507663558e+01 +5.507663558e+01 -5.3521e-01 -3.7136e+00 -2.0099e+00 -3.1741e+00 +2.8048e+00
986 0 +6.652230845e+00 +5.473223085e+01 +5.473223085e+01 -4.9915e-01 -3.5620e+00 -2.0368e+00 -2.9361e+00 +2.8213e+00
1016 0 +6.331047346e+00 +5.441104735e+01 +5.441104735e+01 -3.0935e-01 -3.5826e+00 -2.1716e+00 -3.0635e+00 +2.6728e+00
1031 0 +5.259620768e+00 +5.333962077e+01 +5.333962077e+01 -5.4433e-01 -3.6514e+00 -2.0052e+00 -3.0522e+00 +2.8328e+00
1058 0 +5.167325003e+00 +5.324732500e+01 +5.324732500e+01 -3.3746e-01 -3.5352e+00 -2.1555e+00 -2.8734e+00 +2.7474e+00
1064 0 +4.096577546e+00 +5.217657755e+01 +5.217657755e+01 -2.9793e-01 -3.5929e+00 -2.1840e+00 -2.9747e+00 +2.7186e+00
1077 0 +3.769241403e+00 +5.184924140e+01 +5.184924140e+01 -3.6964e-01 -3.5722e+00 -2.1297e+00 -2.9827e+00 +2.7388e+00
1103 0 +3.635433603e+00 +5.171543360e+01 +5.171543360e+01 -3.3107e-01 -3.5501e+00 -2.1572e+00 -2.9482e+00 +2.7218e+00
1108 0 +3.135183086e+00 +5.121518309e+01 +5.121518309e+01 -3.0281e-01 -3.6068e+00 -2.1781e+00 -3.0379e+00 +2.7004e+00
1138 0 +3.064461537e+00 +5.114446154e+01 +5.114446154e+01 -3.0445e-01 -3.6013e+00 -2.1770e+00 -3.0311e+00 +2.7013e+00
1160 0 +2.761126169e+00 +5.084112617e+01 +5.084112617e+01 -1.8947e-01 -3.5466e+00 -2.2574e+00 -2.9917e+00 +2.6324e+00
1199 0 +2.573502149e+00 +5.065350215e+01 +5.065350215e+01 -1.6827e-01 -3.5688e+00 -2.2707e+00 -3.0759e+00 +2.5957e+00
1228 0 +2.284820521e+00 +5.036482052e+01 +5.036482052e+01 -1.6693e-01 -3.5736e+00 -2.2730e+00 -3.0721e+00 +2.6010e+00
% f evaluations | g evaluations | best noise-free fitness - Fopt (3.058000000000e+01) + sum g_i+ | measured fitness | best measured fitness or single-digit g-values | x1 | x2...
1 0 +5.129698096e+06 +5.129728676e+06 +5.129728676e+06 +5.9671e-01 -3.8264e-02 +7.4769e-01 +1.6230e+00 -1.3415e-01
3 0 +3.849577660e+06 +3.849608240e+06 +3.849608240e+06 -3.6342e-01 -3.6573e-01 +3.4196e-01 -1.8133e+00 -1.6249e+00
4 0 +2.425531194e+06 +2.425561774e+06 +2.425561774e+06 -4.6229e-01 -9.1283e-01 +4.1425e-01 -8.0802e-01 -1.3123e+00
6 0 +2.328608918e+06 +2.328639498e+06 +2.328639498e+06 +2.1092e-01 -1.0510e+00 +4.7570e-01 -5.0064e-01 -1.9169e-01
25 0 +1.523876975e+06 +1.523907555e+06 +1.523907555e+06 +8.9103e-01 -8.0939e-01 +1.5028e+00 -1.3019e+00 +6.8686e-01
28 0 +2.326817609e+05 +2.327123409e+05 +2.327123409e+05 -5.4268e-01 -8.5308e-01 +2.0890e+00 -7.1872e-01 +3.0363e-01
30 0 +1.010767892e+05 +1.011073692e+05 +1.011073692e+05 -7.0498e-01 -4.1801e-01 +1.6620e+00 -1.7999e+00 +1.9817e+00
78 0 +6.122921860e+04 +6.125979860e+04 +6.125979860e+04 -1.9249e+00 +4.0622e-02 +1.9897e+00 -2.2103e+00 +6.7736e-01
81 0 +5.321732641e+04 +5.324790641e+04 +5.324790641e+04 -1.3491e+00 +2.6634e-01 +2.9604e+00 +4.4033e-02 +1.1648e+00
85 0 +3.951110494e+04 +3.954168494e+04 +3.954168494e+04 -1.1409e+00 -3.2016e-01 +2.0052e+00 -1.8310e+00 +2.9376e+00
101 0 +3.687170286e+04 +3.690228286e+04 +3.690228286e+04 +2.6414e-01 +5.4500e-01 +4.5384e+00 -3.2678e+00 +2.9890e+00
102 0 +1.066221824e+04 +1.069279824e+04 +1.069279824e+04 -6.1184e-01 -1.7325e-01 +2.4517e+00 -2.4146e+00 +2.2743e+00
146 0 +3.731787263e+03 +3.762367263e+03 +3.762367263e+03 +2.0766e-01 -1.1254e+00 +1.3737e+00 -2.2752e+00 +3.7411e+00
213 0 +2.074238263e+03 +2.104818263e+03 +2.104818263e+03 -9.1954e-01 -3.6034e-01 +2.0130e+00 -4.7687e-01 +2.8994e+00
310 0 +1.686543644e+03 +1.717123644e+03 +1.717123644e+03 -1.2648e+00 +3.1481e-01 +2.8814e+00 -1.4772e+00 +2.0941e+00
326 0 +1.442196144e+03 +1.472776144e+03 +1.472776144e+03 -1.4220e+00 +2.8819e-01 +2.6901e+00 -1.3824e+00 +2.1348e+00
341 0 +1.171038459e+03 +1.201618459e+03 +1.201618459e+03 -8.9121e-01 -6.7985e-02 +2.3934e+00 -1.3083e+00 +2.7466e+00
371 0 +1.039847635e+03 +1.070427635e+03 +1.070427635e+03 -8.5470e-01 -1.9714e-01 +2.1352e+00 -1.8794e+00 +2.7979e+00
502 0 +1.019178599e+03 +1.049758599e+03 +1.049758599e+03 -1.0093e+00 +3.1886e-02 +2.4252e+00 -1.8207e+00 +2.5838e+00
509 0 +1.007684987e+03 +1.038264987e+03 +1.038264987e+03 -9.9687e-01 -2.9704e-02 +2.3312e+00 -1.7735e+00 +2.6227e+00
514 0 +1.003373484e+03 +1.033953484e+03 +1.033953484e+03 -1.0100e+00 +3.0650e-02 +2.4453e+00 -1.6308e+00 +2.6025e+00
520 0 +9.639097269e+02 +9.944897269e+02 +9.944897269e+02 -9.0130e-01 -8.8085e-02 +2.2778e+00 -1.8384e+00 +2.7323e+00
560 0 +9.638855206e+02 +9.944655206e+02 +9.944655206e+02 -1.1416e+00 +1.0908e-02 +2.3037e+00 -1.4960e+00 +2.5859e+00
562 0 +9.520060544e+02 +9.825860544e+02 +9.825860544e+02 -1.0032e+00 -1.2151e-01 +2.1062e+00 -1.9061e+00 +2.7477e+00
578 0 +9.252550272e+02 +9.558350272e+02 +9.558350272e+02 -1.1983e+00 -1.4318e-01 +1.9620e+00 -1.6014e+00 +2.6346e+00
585 0 +8.646511315e+02 +8.952311315e+02 +8.952311315e+02 -1.1564e+00 -1.5571e-01 +1.9946e+00 -1.4585e+00 +2.6979e+00
619 0 +8.147254521e+02 +8.453054521e+02 +8.453054521e+02 -1.0071e+00 -3.3762e-01 +1.6935e+00 -1.6921e+00 +2.9908e+00
626 0 +7.363164831e+02 +7.668964831e+02 +7.668964831e+02 -1.1829e+00 -5.5547e-01 +1.2412e+00 -1.0421e+00 +3.0409e+00
637 0 +6.758918346e+02 +7.064718346e+02 +7.064718346e+02 -1.1534e+00 -5.6808e-01 +1.2096e+00 -1.2552e+00 +3.0574e+00
656 0 +3.046699003e+02 +3.352499003e+02 +3.352499003e+02 -1.7643e+00 -1.0001e+00 -9.1256e-02 -8.3228e-01 +3.2548e+00
719 0 +1.932899448e+02 +2.238699448e+02 +2.238699448e+02 -1.9361e+00 -1.6912e+00 -1.4302e+00 -8.2715e-03 +3.7079e+00
742 0 +9.961046564e+01 +1.301904656e+02 +1.301904656e+02 -1.1901e+00 -2.1293e+00 -1.7206e+00 -3.6676e-01 +4.4970e+00
805 0 +4.778983339e+01 +7.836983339e+01 +7.836983339e+01 -2.6396e+00 -2.0795e+00 -2.7121e+00 +6.7349e-01 +3.8438e+00
858 0 +2.121700981e+01 +5.179700981e+01 +5.179700981e+01 -2.6835e+00 -1.9387e+00 -2.4945e+00 +4.4341e-01 +3.6894e+00
932 0 +1.043323947e+01 +4.101323947e+01 +4.101323947e+01 -2.5647e+00 -1.8881e+00 -2.3145e+00 +3.3763e-01 +3.6942e+00
973 0 +8.275172177e+00 +3.885517218e+01 +3.885517218e+01 -2.6529e+00 -1.9419e+00 -2.4804e+00 +4.4892e-01 +3.7023e+00
989 0 +5.095027284e+00 +3.567502728e+01 +3.567502728e+01 -2.5164e+00 -1.9562e+00 -2.3982e+00 +4.1517e-01 +3.7780e+00
1002 0 +4.115125900e+00 +3.469512590e+01 +3.469512590e+01 -2.6708e+00 -1.8325e+00 -2.2887e+00 +4.2955e-01 +3.6061e+00
1012 0 +2.826200339e+00 +3.340620034e+01 +3.340620034e+01 -2.5033e+00 -1.9205e+00 -2.3263e+00 +3.7052e-01 +3.7633e+00
1026 0 +1.396661206e+00 +3.197666121e+01 +3.197666121e+01 -2.3714e+00 -2.0728e+00 -2.5183e+00 +2.9487e-01 +3.9426e+00
1082 0 +1.351074785e+00 +3.193107479e+01 +3.193107479e+01 -2.9103e+00 -1.7911e+00 -2.3959e+00 +5.8697e-01 +3.4873e+00
1117 0 +9.749756735e-01 +3.155497567e+01 +3.155497567e+01 -2.6040e+00 -2.0004e+00 -2.5593e+00 +4.4395e-01 +3.7909e+00
1122 0 +4.510395793e-01 +3.103103958e+01 +3.103103958e+01 -2.5919e+00 -1.9445e+00 -2.4470e+00 +4.0161e-01 +3.7462e+00
1175 0 +1.396556977e-01 +3.071965570e+01 +3.071965570e+01 -2.7189e+00 -1.9030e+00 -2.4654e+00 +4.7918e-01 +3.6621e+00
1180 0 +1.172735445e-01 +3.069727354e+01 +3.069727354e+01 -2.7926e+00 -1.8642e+00 -2.4498e+00 +5.1818e-01 +3.6025e+00
1212 0 +8.498875115e-02 +3.066498875e+01 +3.066498875e+01 -2.7019e+00 -1.8998e+00 -2.4469e+00 +4.6777e-01 +3.6675e+00
% f evaluations | g evaluations | best noise-free fitness - Fopt (1.000000000000e+03) + sum g_i+ | measured fitness | best measured fitness or single-digit g-values | x1 | x2...
1 0 +7.800350395e+06 +7.801350395e+06 +7.801350395e+06 +5.9671e-01 -3.8264e-02 +7.4769e-01 +1.6230e+00 -1.3415e-01
2 0 +4.442581272e+06 +4.443581272e+06 +4.443581272e+06 -1.3414e-01 +1.6792e+00 +8.6743e-01 -3.6947e-01 +6.4256e-01
3 0 +4.368225056e+04 +4.468225056e+04 +4.468225056e+04 -3.6342e-01 -3.6573e-01 +3.4196e-01 -1.8133e+00 -1.6249e+00
41 0 +4.289717560e+04 +4.389717560e+04 +4.389717560e+04 -6.4520e-01 +1.3730e-02 +3.6913e-02 -2.3375e+00 -2.0600e+00
54 0 +1.224978050e+04 +1.324978050e+04 +1.324978050e+04 -9.5371e-02 -9.4007e-01 -1.0670e-02 -1.3120e+00 -7.9240e-01
72 0 +9.917805851e+03 +1.091780585e+04 +1.091780585e+04 -3.2251e+00 +7.5765e-02 +2.4469e-01 -3.0352e+00 -9.6706e-01
109 0 +6.848783517e+03 +7.848783517e+03 +7.848783517e+03 -1.0133e+00 +1.4058e-01 +4.5810e-01 -2.4760e+00 -1.2642e+00
185 0 +2.331433643e+03 +3.331433643e+03 +3.331433643e+03 -2.0863e+00 -5.8399e-01 +3.6768e-01 -2.5103e+00 -2.6466e-01
321 0 +2.320219959e+03 +3.320219959e+03 +3.320219959e+03 -1.0324e+00 -3.9762e-01 -4.4292e-01 -1.5718e+00 -1.2301e+00
353 0 +2.196481689e+03 +3.196481689e+03 +3.196481689e+03 -1.3178e+00 -1.0063e+00 +1.6692e-01 -1.8771e+00 -3.9004e-01
367 0 +1.516544254e+03 +2.516544254e+03 +2.516544254e+03 -1.1167e+00 -6.9860e-02 +1.6620e-03 -2.1165e+00 -1.1507e+00
403 0 +1.164320760e+03 +2.164320760e+03 +2.164320760e+03 -1.5898e+00 -1.2484e-01 -1.6039e-01 -2.1203e+00 -9.7774e-01
517 0 +1.031764761e+03 +2.031764761e+03 +2.031764761e+03 -1.6767e+00 -2.9347e-01 -5.3573e-01 -1.7379e+00 -8.5878e-01
527 0 +8.413343907e+02 +1.841334391e+03 +1.841334391e+03 -1.8778e+00 +1.9036e-01 -1.0820e+00 -1.5412e+00 -1.2328e+00
588 0 +6.550819288e+02 +1.655081929e+03 +1.655081929e+03 -2.2838e+00 +8.6475e-01 -1.6207e+00 -1.4944e+00 -1.4504e+00
682 0 +3.999383397e+02 +1.399938340e+03 +1.399938340e+03 -2.0853e+00 +1.3037e+00 -1.2804e+00 -1.9202e+00 -1.8954e+00
716 0 +2.831460942e+02 +1.283146094e+03 +1.283146094e+03 -2.4692e+00 +3.3004e+00 -1.9871e+00 -2.3016e+00 -3.2729e+00
745 0 +1.963659723e+02 +1.196365972e+03 +1.196365972e+03 -2.4595e+00 +2.2965e+00 -2.5567e+00 -1.3807e+00 -2.6604e+00
776 0 +1.491874435e+02 +1.149187443e+03 +1.149187443e+03 -2.8751e+00 +2.7961e+00 -4.0663e+00 -4.3311e-01 -2.9125e+00
794 0 +1.407996157e+02 +1.140799616e+03 +1.140799616e+03 -2.5513e+00 +2.9418e+00 -2.4190e+00 -1.8180e+00 -3.0883e+00
828 0 +5.306990097e+01 +1.053069901e+03 +1.053069901e+03 -2.7756e+00 +4.8716e+00 -2.0878e+00 -3.0294e+00 -4.3914e+00
846 0 +1.858661854e+01 +1.018586619e+03 +1.018586619e+03 -2.4602e+00 +4.0868e+00 -2.0361e+00 -2.6279e+00 -3.9150e+00
900 0 +7.125743269e+00 +1.007125743e+03 +1.007125743e+03 -2.6250e+00 +3.6146e+00 -2.9461e+00 -1.6819e+00 -3.5498e+00
964 0 +5.996329662e+00 +1.005996330e+03 +1.005996330e+03 -2.4970e+00 +3.7919e+00 -2.3927e+00 -2.2023e+00 -3.7119e+00
1005 0 +5.530853758e+00 +1.005530854e+03 +1.005530854e+03 -2.5076e+00 +4.2687e+00 -1.9662e+00 -2.7871e+00 -4.0420e+00
1057 0 +5.462779604e+00 +1.005462780e+03 +1.005462780e+03 -2.5886e+00 +4.1550e+00 -2.2866e+00 -2.4835e+00 -3.9525e+00
1073 0 +4.106927687e+00 +1.004106928e+03 +1.004106928e+03 -2.5645e+00 +4.1191e+00 -2.3487e+00 -2.4069e+00 -3.9404e+00
1096 0 +3.749594002e+00 +1.003749594e+03 +1.003749594e+03 -2.5488e+00 +4.1787e+00 -2.1282e+00 -2.6184e+00 -3.9694e+00
1117 0 +3.403007521e+00 +1.003403008e+03 +1.003403008e+03 -2.5198e+00 +4.1640e+00 -2.1182e+00 -2.6122e+00 -3.9739e+00
1129 0 +2.945449047e+00 +1.002945449e+03 +1.002945449e+03 -2.5299e+00 +4.2027e+00 -2.1540e+00 -2.6017e+00 -3.9971e+00
1143 0 +2.807780794e+00 +1.002807781e+03 +1.002807781e+03 -2.5577e+00 +4.1656e+00 -2.2579e+00 -2.5048e+00 -3.9658e+00
1160 0 +2.601110429e+00 +1.002601110e+03 +1.002601110e+03 -2.5399e+00 +4.1631e+00 -2.2119e+00 -2.5374e+00 -3.9695e+00
1182 0 +2.599292219e+00 +1.002599292e+03 +1.002599292e+03 -2.5640e+00 +4.1208e+00 -2.3079e+00 -2.4425e+00 -3.9310e+00
1187 0 +2.395940962e+00 +1.002395941e+03 +1.002395941e+03 -2.5377e+00 +4.1215e+00 -2.2683e+00 -2.4694e+00 -3.9410e+00
1192 0 +2.359905868e+00 +1.002359906e+03 +1.002359906e+03 -2.5562e+00 +4.1256e+00 -2.3469e+00 -2.4094e+00 -3.9422e+00
1219 0 +2.352888550e+00 +1.002352889e+03 +1.002352889e+03 -2.5558e+00 +4.1513e+00 -2.3063e+00 -2.4550e+00 -3.9574e+00
1221 0 +2.321734994e+00 +1.002321735e+03 +1.002321735e+03 -2.5471e+00 +4.1146e+00 -2.3197e+00 -2.4243e+00 -3.9325e+00
% f evaluations | g evaluations | best noise-free fitness - Fopt (-4.236000000000e+01) + sum g_i+ | measured fitness | best measured fitness or single-digit g-values | x1 | x2...
1 0 +4.299884506e+05 +4.299460906e+05 +4.299460906e+05 +5.9671e-01 -3.8264e-02 +7.4769e-01 +1.6230e+00 -1.3415e-01
2 0 +3.060139924e+05 +3.059716324e+05 +3.059716324e+05 -1.3414e-01 +1.6792e+00 +8.6743e-01 -3.6947e-01 +6.4256e-01
6 0 +9.893211758e+04 +9.888975758e+04 +9.888975758e+04 +2.1092e-01 -1.0510e+00 +4.7570e-01 -5.0064e-01 -1.9169e-01
10 0 +2.777560141e+04 +2.773324141e+04 +2.773324141e+04 -6.1984e-01 -3.6064e-01 +1.1571e+00 +4.4362e-01 -1.6630e+00
31 0 +8.404515663e+03 +8.362155663e+03 +8.362155663e+03 -3.2948e-01 -4.0174e-01 -4.6011e-03 -7.4015e-01 +2.0192e-01
149 0 +8.082782096e+03 +8.040422096e+03 +8.040422096e+03 -7.5372e-01 -3.2879e-01 +4.9945e-02 -1.4410e+00 +1.2202e+00
201 0 +6.277083822e+03 +6.234723822e+03 +6.234723822e+03 -8.2124e-02 -4.3863e-01 +3.2640e-01 -6.8260e-01 +8.3997e-01
231 0 +6.225506226e+03 +6.183146226e+03 +6.183146226e+03 -1.6134e-01 -2.5266e-01 +2.2207e-01 -9.2036e-01 +1.2644e+00
278 0 +5.101792274e+03 +5.059432274e+03 +5.059432274e+03 -3.6214e-01 -5.1887e-01 +8.5044e-01 -1.1593e+00 +1.9077e+00
284 0 +2.331957040e+03 +2.289597040e+03 +2.289597040e+03 -1.4500e-02 -4.2627e-01 +7.7975e-01 -7.9316e-01 +1.5805e+00
308 0 +2.229428113e+03 +2.187068113e+03 +2.187068113e+03 -6.4755e-01 -2.4927e-01 +1.1592e+00 -1.1699e+00 +1.8162e+00
333 0 +7.477635807e+02 +7.054035807e+02 +7.054035807e+02 -6.3773e-01 -3.5819e-01 +1.0617e+00 -1.4868e+00 +2.2305e+00
407 0 +1.539648891e+02 +1.116048891e+02 +1.116048891e+02 -3.8200e-01 -9.5627e-01 +2.3167e+00 -6.0511e-01 +1.7567e+00
512 0 +1.217734019e+02 +7.941340188e+01 +7.941340188e+01 -1.5891e-01 -2.8115e-01 +1.3503e+00 -1.4194e+00 +3.2061e+00
563 0 +6.665193191e+01 +2.429193191e+01 +2.429193191e+01 +4.9266e-02 -1.8104e-01 +1.2339e+00 -1.5031e+00 +3.6421e+00
632 0 +6.544510039e+01 +2.308510039e+01 +2.308510039e+01 -1.2779e-01 -7.7608e-02 +1.0024e+00 -1.7263e+00 +3.6495e+00
703 0 +5.151918171e+01 +9.159181707e+00 +9.159181707e+00 +1.2443e-02 -1.3745e-01 +1.1248e+00 -1.6249e+00 +3.7464e+00
706 0 +4.140076198e+01 -9.592380241e-01 -9.592380241e-01 +2.4474e-02 -3.3476e-01 +1.4239e+00 -1.3662e+00 +3.4042e+00
736 0 +3.908017543e+01 -3.279824565e+00 -3.279824565e+00 +1.4323e-01 -3.9650e-01 +1.5282e+00 -1.2253e+00 +3.3812e+00
757 0 +3.407181500e+01 -8.288185001e+00 -8.288185001e+00 +1.6189e-01 -4.4196e-01 +1.5211e+00 -1.0661e+00 +3.0497e+00
782 0 +1.173482146e+01 -3.062517854e+01 -3.062517854e+01 +3.7388e-01 -4.6872e-01 +1.5553e+00 -9.7059e-01 +3.2011e+00
814 0 +9.774939904e+00 -3.258506010e+01 -3.258506010e+01 +5.2471e-01 -6.2499e-01 +1.8617e+00 -7.4046e-01 +3.1699e+00
831 0 +2.375783010e+00 -3.998421699e+01 -3.998421699e+01 +4.3668e-01 -8.7320e-01 +2.2119e+00 -4.0982e-01 +2.5545e+00
1003 0 +1.803894121e+00 -4.055610588e+01 -4.055610588e+01 +5.2041e-01 -7.7291e-01 +2.0650e+00 -4.9457e-01 +2.7761e+00
1011 0 +1.505501647e+00 -4.085449835e+01 -4.085449835e+01 +5.4890e-01 -8.0073e-01 +2.1167e+00 -4.6879e-01 +2.8051e+00
1021 0 +1.288376433e+00 -4.107162357e+01 -4.107162357e+01 +5.9019e-01 -8.2000e-01 +2.1450e+00 -4.0392e-01 +2.7548e+00
1027 0 +9.205202722e-01 -4.143947973e+01 -4.143947973e+01 +6.3717e-01 -8.4895e-01 +2.1792e+00 -3.5258e-01 +2.7356e+00
1060 0 +7.125936911e-01 -4.164740631e+01 -4.164740631e+01 +5.7910e-01 -9.2635e-01 +2.2994e+00 -2.7791e-01 +2.5667e+00
1075 0 +3.599851518e-01 -4.200001485e+01 -4.200001485e+01 +5.9775e-01 -7.4856e-01 +2.0237e+00 -5.0434e-01 +2.8920e+00
1102 0 +2.000240698e-02 -4.233999759e+01 -4.233999759e+01 +5.7020e-01 -7.7142e-01 +2.0667e+00 -4.8576e-01 +2.8397e+00
1217 0 +1.142397916e-02 -4.234857602e+01 -4.234857602e+01 +5.8358e-01 -7.9191e-01 +2.0969e+00 -4.5121e-01 +2.8077e+00
