% f evaluations | g evaluations | best noise-free fitness - Fopt (1.238300000000e+02) + sum g_i+ | measured fitness | best measured fitness or single-digit g-values | x1 | x2...
1 0 +3.290044558e+03 +3.413874558e+03 +3.413874558e+03 +5.9671e-01 -3.8264e-02 +7.4769e-01 +1.6230e+00 -1.3415e-01 -1.3414e-01 +1.6792e+00 +8.6743e-01 -3.6947e-01 +6.4256e-01
2 0 +1.686800048e+03 +1.810630048e+03 +1.810630048e+03 -3.6342e-01 -3.6573e-01 +3.4196e-01 -1.8133e+00 -1.6249e+00 -4.6229e-01 -9.1283e-01 +4.1425e-01 -8.0802e-01 -1.3123e+00
3 0 +9.989359862e+02 +1.122765986e+03 +1.122765986e+03 +1.5656e+00 -1.2578e-01 +1.6753e-01 -1.3247e+00 -4.4438e-01 +2.1092e-01 -1.0510e+00 +4.7570e-01 -5.0064e-01 -1.9169e-01
22 0 +9.264084469e+02 +1.050238447e+03 +1.050238447e+03 +6.7089e-01 +1.2356e+00 +1.0540e+00 +7.5139e-01 -2.1527e-01 +8.5897e-01 -6.7283e-01 -1.3682e-01 -3.8536e-01 +1.8187e-01
31 0 +3.060416277e+02 +4.298716277e+02 +4.298716277e+02 -7.2900e-01 -4.6018e-01 +8.4729e-01 +7.1037e-01 +7.9098e-02 +2.1733e-01 +1.3777e+00 -4.9157e-01 +6.4710e-01 -1.0219e-01
51 0 +2.041057721e+02 +3.279357721e+02 +3.279357721e+02 -1.5162e-01 +2.4543e-02 +7.6520e-01 -6.6119e-01 -4.2443e-01 -9.5155e-01 -3.0986e-01 -4.1809e-01 +9.2804e-02 -7.3745e-01
101 0 +1.409583632e+02 +2.647883632e+02 +2.647883632e+02 -3.7852e-01 +6.3382e-01 +3.5577e-01 +4.0986e-01 -2.6361e-01 +7.7678e-01 +5.5943e-01 -4.4938e-01 +1.5183e+00 +2.2715e-01
151 0 +1.019421320e+02 +2.257721320e+02 +2.257721320e+02 -1.8873e-01 +1.2600e-01 +6.7790e-01 -1.0332e-01 +1.1205e+00 -2.1406e-01 -4.3977e-01 -2.9658e-02 +2.0688e-01 -9.5321e-02
201 0 +6.542649956e+01 +1.892564996e+02 +1.892564996e+02 +1.4287e-01 -5.6536e-02 +6.2196e-01 +8.1951e-02 +2.4679e-02 +3.6228e-01 -5.4990e-01 -6.9152e-01 +1.1073e+00 -4.7645e-01
251 0 +5.978299330e+01 +1.836129933e+02 +1.836129933e+02 -5.1974e-01 +1.1999e-01 +2.0282e-01 +1.1701e+00 +3.6020e-01 +1.6655e-01 +2.0977e-03 -7.7216e-01 +8.5587e-01 -2.8962e-01
351 0 +3.312434124e+01 +1.569543412e+02 +1.569543412e+02 +4.9119e-01 -3.7053e-01 +5.1971e-01 +3.2811e-01 +7.3422e-01 -1.0907e-01 -2.9465e-01 -3.8107e-01 +7.3677e-01 -3.9295e-01
401 0 +1.584167793e+01 +1.396716779e+02 +1.396716779e+02 +2.1358e-01 +1.1403e-02 +3.8954e-01 +6.1401e-01 +4.9043e-01 +5.6133e-02 -1.5844e-01 -4.7485e-01 +1.0208e+00 -1.3491e-01
551 0 +1.297826205e+01 +1.368082621e+02 +1.368082621e+02 +2.4676e-01 -5.7146e-02 +5.3278e-01 +6.0333e-01 +4.4329e-01 -2.3607e-02 -4.8434e-01 -5.5774e-01 +8.9334e-01 -3.1401e-01
651 0 +1.235877644e+01 +1.361887764e+02 +1.361887764e+02 +1.4060e-01 +1.6828e-02 +5.0867e-01 +6.3202e-01 +5.6929e-01 +6.0069e-02 -2.1459e-01 -4.8167e-01 +9.3766e-01 -1.8149e-01
701 0 +1.183041321e+01 +1.356604132e+02 +1.356604132e+02 +2.8820e-01 -1.3500e-01 +6.0116e-01 +6.6259e-01 +5.3703e-01 +8.9738e-03 -4.8846e-01 -5.3663e-01 +8.4230e-01 -3.5280e-01
751 0 +1.117772892e+01 +1.350077289e+02 +1.350077289e+02 +5.8617e-02 -6.4944e-02 +3.7674e-01 +5.8598e-01 +5.1057e-01 -1.5939e-02 -2.6727e-01 -4.0891e-01 +9.5637e-01 -2.5412e-01
801 0 +1.038295166e+01 +1.342129517e+02 +1.342129517e+02 +1.3030e-01 -2.4179e-02 +4.2761e-01 +7.8114e-01 +4.9418e-01 +3.6960e-02 -2.9098e-01 -4.4989e-01 +9.1551e-01 -2.3724e-01
851 0 +9.912313940e+00 +1.337423139e+02 +1.337423139e+02 +5.4339e-02 -9.6379e-02 +4.5774e-01 +6.9956e-01 +5.5857e-01 -8.6203e-02 -2.8400e-01 -4.7220e-01 +9.1802e-01 -2.6832e-01
901 0 +8.978580296e+00 +1.328085803e+02 +1.328085803e+02 +2.7207e-02 -1.9004e-03 +3.4468e-01 +7.1231e-01 +5.6769e-01 +2.2649e-03 -1.7057e-01 -4.2303e-01 +9.6268e-01 -2.6132e-01
1001 0 +8.782446269e+00 +1.326124463e+02 +1.326124463e+02 +7.3754e-02 -6.9177e-03 +3.6486e-01 +7.1381e-01 +5.2922e-01 -5.2388e-02 -2.6342e-01 -4.2644e-01 +9.1737e-01 -2.4995e-01
1051 0 +8.585336693e+00 +1.324153367e+02 +1.324153367e+02 +1.3142e-02 +4.2014e-02 +3.3198e-01 +7.3457e-01 +5.0286e-01 -3.1643e-02 -1.6272e-01 -4.0708e-01 +9.5555e-01 -2.1714e-01
1201 0 +8.464584108e+00 +1.322945841e+02 +1.322945841e+02 +3.1738e-02 +3.0321e-03 +3.3863e-01 +7.5001e-01 +5.2384e-01 -1.3827e-02 -1.8844e-01 -4.4795e-01 +9.5542e-01 -2.8938e-01
1251 0 +8.269050823e+00 +1.320990508e+02 +1.320990508e+02 +1.8542e-02 +4.2086e-02 +3.3085e-01 +7.2591e-01 +4.7497e-01 -4.8244e-02 -1.7186e-01 -4.3232e-01 +9.3806e-01 -2.7643e-01
1351 0 +7.837345224e+00 +1.316673452e+02 +1.316673452e+02 -8.5819e-02 +7.7933e-02 +2.9974e-01 +7.5124e-01 +3.3116e-01 +1.2881e-02 -6.4878e-03 -4.2868e-01 +9.6081e-01 -2.3488e-01
1551 0 +7.265597311e+00 +1.310955973e+02 +1.310955973e+02 -2.0088e-01 +2.1742e-01 +1.9439e-01 +6.7066e-01 +1.6489e-01 +1.5837e-01 +1.8329e-01 -3.7736e-01 +9.2679e-01 -2.4116e-01
1751 0 +7.033952565e+00 +1.308639526e+02 +1.308639526e+02 -2.4753e-01 +2.0046e-01 +1.7140e-01 +6.6123e-01 +5.5723e-02 +2.1734e-01 +1.9011e-01 -3.3834e-01 +9.5378e-01 -1.4245e-01
1951 0 +6.998536301e+00 +1.308285363e+02 +1.308285363e+02 -2.1132e-01 +2.2248e-01 +1.6626e-01 +6.5703e-01 +2.2284e-02 +2.1498e-01 +2.1167e-01 -3.5618e-01 +9.3344e-01 -1.9616e-01
2001 0 +6.645471062e+00 +1.304754711e+02 +1.304754711e+02 -2.1318e-01 +2.0412e-01 +1.5994e-01 +6.3308e-01 +9.2838e-02 +2.4736e-01 +2.3149e-01 -3.4781e-01 +8.8596e-01 -1.5464e-01
2051 0 +6.352739169e+00 +1.301827392e+02 +1.301827392e+02 -2.4365e-01 +3.2290e-01 +1.4082e-01 +5.9911e-01 -2.2360e-02 +3.5097e-01 +3.2480e-01 -3.5520e-01 +9.0706e-01 -1.3267e-01
2151 0 +6.263740942e+00 +1.300937409e+02 +1.300937409e+02 -1.8981e-01 +3.0539e-01 +1.6545e-01 +5.7766e-01 +7.1857e-03 +3.4314e-01 +3.1492e-01 -3.4783e-01 +8.5620e-01 -1.0332e-01
2201 0 +6.231207532e+00 +1.300612075e+02 +1.300612075e+02 -2.0739e-01 +3.4448e-01 +1.5389e-01 +5.7184e-01 -5.9487e-02 +3.8260e-01 +3.1053e-01 -3.0368e-01 +8.8662e-01 -9.3158e-02
2251 0 +5.748016134e+00 +1.295780161e+02 +1.295780161e+02 -2.1678e-01 +3.4166e-01 +1.5728e-01 +5.4961e-01 -8.2089e-02 +3.9830e-01 +3.2613e-01 -3.2538e-01 +8.7188e-01 -4.8958e-02
% f evaluations | g evaluations | best noise-free fitness - Fopt (4.751000000000e+01) + sum g_i+ | measured fitness | best measured fitness or single-digit g-values | x1 | x2...
1 0 +6.586402251e+03 +6.633912251e+03 +6.633912251e+03 +5.9671e-01 -3.8264e-02 +7.4769e-01 +1.6230e+00 -1.3415e-01 -1.3414e-01 +1.6792e+00 +8.6743e-01 -3.6947e-01 +6.4256e-01
3 0 +2.814880431e+03 +2.862390431e+03 +2.862390431e+03 +1.5656e+00 -1.2578e-01 +1.6753e-01 -1.3247e+00 -4.4438e-01 +2.1092e-01 -1.0510e+00 +4.7570e-01 -5.0064e-01 -1.9169e-01
4 0 +2.605589169e+03 +2.653099169e+03 +2.653099169e+03 -5.0171e-01 +1.9523e+00 +8.6503e-02 -9.5771e-01 +9.2254e-01 -1.1208e+00 +3.0886e-01 -1.8597e+00 -1.2282e+00 +2.9686e-01
6 0 +7.068155918e+02 +7.543255918e+02 +7.543255918e+02 +4.2408e-01 -2.8508e-01 -5.7692e-01 +7.1168e-01 +1.1310e+00 +1.0313e+00 -7.3922e-01 -2.0921e-01 +4.3126e-01 +1.0755e+00
20 0 +3.385041336e+02 +3.860141336e+02 +3.860141336e+02 -3.4651e-01 +9.5640e-01 +3.1409e-01 -1.1457e+00 +2.7318e-01 +4.8532e-01 -7.8386e-01 +2.5373e-01 +1.5821e-01 -1.0430e+00
34 0 +2.560512940e+02 +3.035612940e+02 +3.035612940e+02 +8.7753e-02 -7.9725e-01 +1.7580e-01 -5.7716e-01 +1.0751e+00 -4.7057e-02 -7.2550e-01 -2.2139e-01 +5.1293e-01 -4.6372e-01
51 0 +1.241704468e+02 +1.716804468e+02 +1.716804468e+02 -5.0149e-01 -5.7148e-01 -1.1692e-01 +2.3439e-01 +5.8314e-01 +1.0381e-01 +1.7313e-01 +2.6719e-01 -4.0842e-01 -7.3292e-02
251 0 +1.070896615e+02 +1.545996615e+02 +1.545996615e+02 -7.0941e-01 -1.5613e-01 -8.2665e-01 -2.8247e-01 +2.9545e-01 -2.5507e-01 -2.6144e-01 -2.3299e-01 +3.2585e-01 -2.9718e-01
301 0 +6.695677482e+01 +1.144667748e+02 +1.144667748e+02 -1.0033e+00 -5.4981e-01 -2.0230e-01 +1.1162e-01 +7.2918e-01 -1.6442e-01 +3.1656e-02 +9.3584e-01 +9.6422e-03 -1.0596e-01
351 0 +4.455401054e+01 +9.206401054e+01 +9.206401054e+01 -9.0148e-01 -2.8845e-01 -2.0081e-02 -3.4510e-01 +9.5985e-01 -1.5770e-01 +2.6189e-01 +5.2284e-01 -2.9943e-02 -3.8052e-01
401 0 +3.550096817e+01 +8.301096817e+01 +8.301096817e+01 -8.7068e-01 -1.7022e-01 -1.2213e-02 -1.2198e-01 +9.8198e-01 -1.4225e-01 -1.6249e-01 +9.8319e-02 +6.4189e-02 -1.2343e-01
451 0 +2.199696538e+01 +6.950696538e+01 +6.950696538e+01 -9.6944e-01 -3.1872e-01 -1.7983e-01 -4.1109e-01 +8.0297e-01 -5.1785e-01 -7.3626e-03 +2.9186e-01 +2.0603e-01 -2.1265e-01
501 0 +2.073579385e+01 +6.824579385e+01 +6.824579385e+01 -7.4752e-01 -5.3530e-01 -3.0277e-01 -4.3004e-01 +8.8954e-01 -3.8381e-01 -2.4029e-01 +1.2476e-01 +2.4659e-01 -1.7348e-01
601 0 +1.059015796e+01 +5.810015796e+01 +5.810015796e+01 -7.6686e-01 -5.7259e-01 +2.2159e-02 -9.8087e-02 +4.7880e-01 -4.0088e-01 +1.9571e-01 +5.2965e-01 +1.1156e-01 -2.2808e-01
901 0 +9.271088696e+00 +5.678108870e+01 +5.678108870e+01 -8.7838e-01 -5.6371e-01 -8.3710e-03 -1.9190e-01 +7.4551e-01 -3.4304e-01 +1.0050e-02 +5.0935e-01 +2.1876e-01 -2.8202e-01
951 0 +8.470586338e+00 +5.598058634e+01 +5.598058634e+01 -7.8666e-01 -6.2710e-01 +3.1677e-02 -2.4575e-01 +5.8215e-01 -4.1114e-01 +1.1560e-01 +4.9118e-01 +1.5576e-01 -2.8743e-01
1151 0 +8.379549219e+00 +5.588954922e+01 +5.588954922e+01 -7.4134e-01 -6.4506e-01 +2.8789e-02 -1.8073e-01 +5.9385e-01 -3.9158e-01 +1.2423e-01 +5.3533e-01 +2.3652e-01 -3.5101e-01
1201 0 +8.141628882e+00 +5.565162888e+01 +5.565162888e+01 -7.6013e-01 -6.1381e-01 +3.4996e-02 -1.7900e-01 +5.6431e-01 -3.6596e-01 +1.7705e-01 +5.0168e-01 +2.2057e-01 -3.4007e-01
1251 0 +7.832772748e+00 +5.534277275e+01 +5.534277275e+01 -7.3527e-01 -6.1072e-01 +7.4076e-02 -2.2232e-01 +5.3404e-01 -4.0662e-01 +1.9304e-01 +4.9187e-01 +1.8708e-01 -3.6471e-01
1351 0 +7.732187924e+00 +5.524218792e+01 +5.524218792e+01 -7.4109e-01 -6.3259e-01 +1.3190e-01 -1.9969e-01 +4.6328e-01 -4.4974e-01 +1.8714e-01 +5.3387e-01 +1.4141e-01 -3.9044e-01
1451 0 +7.315498986e+00 +5.482549899e+01 +5.482549899e+01 -7.2955e-01 -6.1020e-01 +1.1848e-01 -2.3624e-01 +3.8600e-01 -4.2516e-01 +2.1544e-01 +5.3623e-01 +1.4757e-01 -3.3251e-01
1551 0 +7.221777698e+00 +5.473177770e+01 +5.473177770e+01 -7.0345e-01 -6.1353e-01 +1.6380e-01 -2.5396e-01 +3.4776e-01 -4.3290e-01 +2.2497e-01 +5.4064e-01 +1.4988e-01 -4.0820e-01
1601 0 +7.207996805e+00 +5.471799681e+01 +5.471799681e+01 -6.6982e-01 -6.7188e-01 +1.8840e-01 -3.1242e-01 +2.4214e-01 -4.4172e-01 +2.8043e-01 +5.1868e-01 +1.2189e-01 -3.6371e-01
1651 0 +6.760255977e+00 +5.427025598e+01 +5.427025598e+01 -6.3371e-01 -6.0558e-01 +2.1622e-01 -3.0999e-01 +2.6334e-01 -4.7186e-01 +2.5643e-01 +4.8258e-01 +1.3442e-01 -3.6506e-01
1751 0 +6.397894871e+00 +5.390789487e+01 +5.390789487e+01 -5.5583e-01 -6.1394e-01 +2.6572e-01 -3.7818e-01 +1.3830e-01 -5.0002e-01 +3.2611e-01 +4.4902e-01 +6.5358e-02 -4.0786e-01
1951 0 +6.392829935e+00 +5.390282993e+01 +5.390282993e+01 -4.8435e-01 -6.1497e-01 +3.5777e-01 -4.1543e-01 +2.7886e-02 -4.9043e-01 +3.8492e-01 +4.0039e-01 +3.6130e-02 -4.4999e-01
2001 0 +6.040146520e+00 +5.355014652e+01 +5.355014652e+01 -4.8396e-01 -5.8926e-01 +3.2918e-01 -4.1701e-01 +7.7981e-02 -4.9150e-01 +3.4838e-01 +3.9558e-01 +4.2849e-02 -4.2844e-01
2151 0 +5.978461262e+00 +5.348846126e+01 +5.348846126e+01 -4.4795e-01 -5.7216e-01 +3.6839e-01 -4.5378e-01 +2.6368e-02 -5.1686e-01 +3.2691e-01 +3.0711e-01 +2.5789e-02 -4.1755e-01
2201 0 +5.457935704e+00 +5.296793570e+01 +5.296793570e+01 -3.9658e-01 -5.9319e-01 +4.8726e-01 -5.0998e-01 -5.3859e-02 -5.2999e-01 +3.4025e-01 +2.8956e-01 -3.8797e-02 -4.1381e-01
2351 0 +5.300398513e+00 +5.281039851e+01 +5.281039851e+01 -3.3213e-01 -4.8220e-01 +5.3808e-01 -5.6466e-01 -1.1412e-01 -5.7618e-01 +3.6369e-01 +1.9869e-01 -1.0282e-01 -3.5962e-01
2451 0 +4.986761370e+00 +5.249676137e+01 +5.249676137e+01 -3.1589e-01 -5.3604e-01 +5.1768e-01 -5.3285e-01 -1.0318e-01 -5.4635e-01 +3.0561e-01 +2.1348e-01 -5.9073e-02 -3.6383e-01
% f evaluations | g evaluations | best noise-free fitness - Fopt (5.534000000000e+01) + sum g_i+ | measured fitness | best measured fitness or single-digit g-values | x1 | x2...
1 0 +1.023923227e+03 +1.079263227e+03 +1.079263227e+03 +5.9671e-01 -3.8264e-02 +7.4769e-01 +1.6230e+00 -1.3415e-01 -1.3414e-01 +1.6792e+00 +8.6743e-01 -3.6947e-01 +6.4256e-01
9 0 +7.990277377e+02 +8.543677377e+02 +8.543677377e+02 -1.1967e-01 +4.5711e-01 +1.5779e+00 -4.1827e-01 -7.0849e-01 -4.0176e-01 +1.0154e+00 +4.2875e-01 -4.2976e-01 +6.1327e-01
10 0 +3.214354854e+02 +3.767754854e+02 +3.767754854e+02 +1.9708e-01 +1.0686e+00 -6.0205e-01 -2.2766e-01 -2.9211e-01 -1.3635e+00 +3.9612e-01 +3.6106e-01 +1.0511e-01 -1.3459e-01
51 0 +2.095108263e+02 +2.648508263e+02 +2.648508263e+02 +6.0410e-01 +1.3403e+00 -4.3483e-01 -5.0675e-01 +9.4961e-01 +2.5327e-01 +5.8963e-01 +3.1403e-01 +7.0789e-01 -2.5171e-01
151 0 +1.963186951e+02 +2.516586951e+02 +2.516586951e+02 +3.9140e-01 +1.5470e-01 -2.8016e-01 -2.8180e-01 +1.2545e-01 +5.7960e-01 +3.9014e-01 +1.1284e-01 +4.3178e-01 -2.4028e-01
201 0 +9.995261751e+01 +1.552926175e+02 +1.552926175e+02 +2.1267e-01 +8.1947e-01 +1.9085e-01 -7.5555e-01 -4.6191e-01 -4.6631e-01 +7.7623e-02 +2.2138e-01 +1.2872e+00 +1.8811e-01
301 0 +8.479950847e+01 +1.401395085e+02 +1.401395085e+02 -3.5127e-01 +9.5585e-01 -2.7371e-01 -2.3001e-01 -2.4077e-01 +3.4287e-02 -6.9432e-01 +9.8734e-01 +1.1603e+00 +1.1581e-01
351 0 +5.425766439e+01 +1.095976644e+02 +1.095976644e+02 +1.6245e-01 +5.2446e-01 -4.4447e-01 -3.8933e-01 -2.4020e-01 -3.2777e-01 -2.6438e-01 +8.6163e-01 +1.2714e+00 +2.3011e-01
401 0 +2.442775197e+01 +7.976775197e+01 +7.976775197e+01 +1.1648e-01 +5.7255e-01 -3.9690e-01 -1.8985e-01 -1.9292e-01 -3.8739e-01 -1.7934e-01 +6.0736e-01 +1.0745e+00 +2.2584e-01
601 0 +2.360812643e+01 +7.894812643e+01 +7.894812643e+01 -1.3571e-01 +8.2742e-01 +4.2269e-02 -5.4450e-02 -1.0257e-01 -4.1561e-01 -3.6862e-02 +7.2888e-01 +1.1086e+00 +1.7171e-01
651 0 +1.984719757e+01 +7.518719757e+01 +7.518719757e+01 -9.6231e-02 +5.9702e-01 -2.4134e-01 -3.7067e-01 -1.7476e-01 -3.7655e-01 -3.9090e-01 +6.9281e-01 +9.8357e-01 +1.2999e-01
701 0 +1.967182143e+01 +7.501182143e+01 +7.501182143e+01 -9.1245e-03 +7.7228e-01 -2.5014e-01 -1.9872e-01 -2.2316e-01 -4.8662e-01 +1.4867e-02 +6.4435e-01 +9.2839e-01 -5.9342e-02
751 0 +1.702817409e+01 +7.236817409e+01 +7.236817409e+01 +5.1453e-02 +7.6000e-01 -3.0008e-01 -3.4382e-01 -2.9201e-01 -3.9236e-01 -1.4999e-01 +5.0418e-01 +8.7849e-01 +2.6932e-01
801 0 +1.397161062e+01 +6.931161062e+01 +6.931161062e+01 +4.5681e-02 +7.3015e-01 -2.5346e-01 -9.6115e-02 -2.7286e-01 -3.8425e-01 -3.3820e-01 +5.9142e-01 +9.8129e-01 +1.3894e-01
851 0 +1.317581617e+01 +6.851581617e+01 +6.851581617e+01 +1.2566e-02 +7.1479e-01 -3.8251e-01 -1.9970e-01 -3.9440e-01 -3.5665e-01 -5.1944e-01 +5.9637e-01 +8.6108e-01 +2.4218e-01
901 0 +1.111531117e+01 +6.645531117e+01 +6.645531117e+01 -7.1479e-02 +6.9665e-01 -4.0478e-01 -1.7335e-01 -4.5595e-01 -4.3886e-01 -4.3539e-01 +6.1328e-01 +8.3192e-01 +1.8144e-01
951 0 +1.048574438e+01 +6.582574438e+01 +6.582574438e+01 -8.1153e-02 +7.6201e-01 -2.5441e-01 -2.0603e-01 -3.4316e-01 -4.1226e-01 -3.5458e-01 +5.5465e-01 +9.4067e-01 +1.5939e-01
1001 0 +9.082432160e+00 +6.442243216e+01 +6.442243216e+01 -1.1138e-01 +7.3087e-01 -3.4333e-01 -1.8179e-01 -3.4632e-01 -3.5375e-01 -3.3715e-01 +5.5775e-01 +8.8535e-01 +1.5700e-01
1051 0 +8.866256663e+00 +6.420625666e+01 +6.420625666e+01 -1.1052e-01 +7.2372e-01 -4.8523e-01 -1.1407e-01 -4.1148e-01 -4.0383e-01 -4.3197e-01 +5.6226e-01 +7.7580e-01 +2.5021e-01
1251 0 +8.464762115e+00 +6.380476212e+01 +6.380476212e+01 -1.3009e-01 +7.5348e-01 -3.6351e-01 -1.6538e-01 -3.4541e-01 -3.6705e-01 -3.4809e-01 +6.0559e-01 +8.1349e-01 +1.9163e-01
1351 0 +8.224745514e+00 +6.356474551e+01 +6.356474551e+01 -9.5848e-02 +7.0933e-01 -4.7208e-01 -1.1672e-01 -3.6203e-01 -3.7338e-01 -4.5516e-01 +4.9971e-01 +7.3133e-01 +2.5883e-01
1551 0 +8.009230802e+00 +6.334923080e+01 +6.334923080e+01 -1.0108e-01 +6.8087e-01 -4.8536e-01 -9.1317e-02 -3.7411e-01 -3.8552e-01 -4.7121e-01 +5.2193e-01 +7.3044e-01 +2.2940e-01
1601 0 +7.892967995e+00 +6.323296800e+01 +6.323296800e+01 -9.5908e-02 +6.5419e-01 -5.0003e-01 -8.0759e-02 -3.7335e-01 -3.8942e-01 -4.6785e-01 +4.8931e-01 +6.9156e-01 +2.0869e-01
1701 0 +7.839254862e+00 +6.317925486e+01 +6.317925486e+01 -6.1239e-02 +6.4565e-01 -5.5833e-01 -3.4873e-02 -3.9880e-01 -3.4036e-01 -4.6982e-01 +4.6793e-01 +6.2067e-01 +2.6466e-01
1751 0 +7.783518765e+00 +6.312351876e+01 +6.312351876e+01 -4.0246e-02 +6.4612e-01 -5.3134e-01 -1.1113e-02 -3.9412e-01 -3.4345e-01 -5.0523e-01 +4.6321e-01 +5.9778e-01 +2.3854e-01
1801 0 +7.371119851e+00 +6.271111985e+01 +6.271111985e+01 -1.5191e-02 +5.9289e-01 -5.9773e-01 +1.7115e-02 -3.8410e-01 -4.0403e-01 -5.2480e-01 +3.7313e-01 +5.9385e-01 +2.2017e-01
2001 0 +7.320233919e+00 +6.266023392e+01 +6.266023392e+01 +6.5062e-02 +4.8834e-01 -7.0203e-01 +1.1891e-01 -4.2885e-01 -3.7867e-01 -5.6288e-01 +2.6248e-01 +4.7150e-01 +2.1295e-01
2051 0 +7.090698866e+00 +6.243069887e+01 +6.243069887e+01 +1.2986e-01 +5.1461e-01 -6.9052e-01 +1.0029e-01 -4.4707e-01 -4.0434e-01 -5.5878e-01 +2.9907e-01 +5.2794e-01 +2.1862e-01
2151 0 +6.935805072e+00 +6.227580507e+01 +6.227580507e+01 +1.6314e-01 +4.1647e-01 -7.2667e-01 +1.4816e-01 -4.3141e-01 -3.9916e-01 -5.5328e-01 +2.1033e-01 +4.2544e-01 +2.3105e-01
2201 0 +6.852197639e+00 +6.219219764e+01 +6.219219764e+01 +1.2205e-01 +4.6196e-01 -6.4057e-01 +1.2252e-01 -4.3757e-01 -3.9712e-01 -5.6397e-01 +2.3593e-01 +4.7576e-01 +2.1127e-01
2251 0 +6.434869106e+00 +6.177486911e+01 +6.177486911e+01 +2.2713e-01 +3.8644e-01 -7.0824e-01 +1.7318e-01 -4.4996e-01 -4.0354e-01 -5.4972e-01 +1.2175e-01 +4.3049e-01 +1.6179e-01
% f evaluations | g evaluations | best noise-free fitness - Fopt (-9.033000000000e+01) + sum g_i+ | measured fitness | best measured fitness or single-digit g-values | x1 | x2...
1 0 +2.444699479e+03 +2.354369479e+03 +2.354369479e+03 +5.9671e-01 -3.8264e-02 +7.4769e-01 +1.6230e+00 -1.3415e-01 -1.3414e-01 +1.6792e+00 +8.6743e-01 -3.6947e-01 +6.4256e-01
3 0 +1.314897473e+03 +1.224567473e+03 +1.224567473e+03 +1.5656e+00 -1.2578e-01 +1.6753e-01 -1.3247e+00 -4.4438e-01 +2.1092e-01 -1.0510e+00 +4.7570e-01 -5.0064e-01 -1.9169e-01
4 0 +1.250276144e+03 +1.159946144e+03 +1.159946144e+03 -5.0171e-01 +1.9523e+00 +8.6503e-02 -9.5771e-01 +9.2254e-01 -1.1208e+00 +3.0886e-01 -1.8597e+00 -1.2282e+00 +2.9686e-01
7 0 +8.598506198e+02 +7.695206198e+02 +7.695206198e+02 -3.7917e-01 -8.5659e-02 -1.0063e+00 -1.0962e+00 +9.1253e-01 +1.4562e+00 +2.7990e-02 +1.1035e+00 +4.6164e-01 -5.4512e-01
10 0 +3.269921739e+02 +2.366621739e+02 +2.366621739e+02 +1.9708e-01 +1.0686e+00 -6.0205e-01 -2.2766e-01 -2.9211e-01 -1.3635e+00 +3.9612e-01 +3.6106e-01 +1.0511e-01 -1.3459e-01
35 0 +3.255980972e+02 +2.352680972e+02 +2.352680972e+02 -7.2222e-01 +3.4369e-01 +3.4497e-01 -4.0694e-01 -3.7104e-01 +3.3205e-01 -1.3481e+00 -1.3075e+00 -6.1844e-01 -1.1345e-01
51 0 +2.365086510e+02 +1.461786510e+02 +1.461786510e+02 -4.5573e-01 +7.3711e-01 +7.9696e-01 -1.2967e+00 +2.8581e-01 -1.2096e-01 -1.0273e+00 -8.2730e-01 -1.7492e-01 -2.7698e-01
151 0 +1.101880512e+02 +1.985805124e+01 +1.985805124e+01 -3.5985e-02 +6.6670e-01 -2.7646e-01 -3.4952e-02 -4.0716e-01 -7.2417e-01 -1.6252e-01 -2.5484e-01 -6.6660e-01 -8.5596e-02
201 0 +8.174454795e+01 -8.585452050e+00 -8.585452050e+00 -2.6859e-02 +6.2911e-01 +1.2822e-02 -7.9087e-01 -1.9717e-01 -1.1091e-01 -1.0580e+00 -8.7279e-01 +1.5711e-01 -6.1736e-02
251 0 +6.386545926e+01 -2.646454074e+01 -2.646454074e+01 +1.9617e-01 +2.4935e-01 -8.3963e-02 +1.0468e-01 +5.7746e-02 -4.7900e-01 +1.0264e-01 -3.9724e-01 -7.7439e-02 +3.7068e-01
351 0 +4.876936349e+01 -4.156063651e+01 -4.156063651e+01 -2.9006e-01 +6.0958e-01 +2.5830e-01 -9.6997e-01 -1.1101e-01 -1.0208e-01 -8.4653e-01 -5.8509e-01 -6.1793e-01 -2.2082e-02
451 0 +3.059922234e+01 -5.973077766e+01 -5.973077766e+01 -2.2761e-01 +7.3477e-01 +6.2937e-02 -7.4158e-01 -9.7689e-02 -5.3531e-01 -5.5196e-01 -5.8424e-01 -6.6730e-01 +3.9489e-02
501 0 +2.664439971e+01 -6.368560029e+01 -6.368560029e+01 -1.3263e-01 +7.2725e-01 +9.0303e-02 -1.0270e+00 -3.0400e-01 -4.5411e-01 -3.1261e-01 -4.4624e-01 -4.9486e-01 +5.0665e-02
601 0 +1.886874947e+01 -7.146125053e+01 -7.146125053e+01 -2.4787e-01 +6.0837e-01 -1.8477e-01 -9.0128e-01 -1.3490e-01 -3.6964e-01 -1.9883e-01 -5.5443e-01 -6.2732e-01 +1.9269e-01
651 0 +1.713208306e+01 -7.319791694e+01 -7.319791694e+01 -1.4047e-01 +4.2406e-01 -1.1783e-01 -8.5840e-01 -1.8893e-01 -2.6711e-01 -3.8607e-01 -7.0847e-01 -4.6022e-01 -1.1700e-01
751 0 +1.500857059e+01 -7.532142941e+01 -7.532142941e+01 -3.1631e-01 +6.3292e-01 -1.2988e-01 -7.9687e-01 -1.8165e-01 -2.8530e-01 -3.4052e-01 -7.0501e-01 -5.5857e-01 +1.9778e-01
801 0 +1.269254697e+01 -7.763745303e+01 -7.763745303e+01 -1.7335e-01 +5.4588e-01 -1.4576e-01 -8.9680e-01 -1.3171e-01 -4.1136e-01 -3.4932e-01 -8.2973e-01 -6.5037e-01 +1.8114e-01
851 0 +1.157255533e+01 -7.875744467e+01 -7.875744467e+01 -1.4246e-01 +6.4088e-01 -5.2042e-02 -9.4536e-01 +1.8861e-02 -3.5250e-01 -3.3286e-01 -7.8267e-01 -4.6653e-01 +1.7448e-01
901 0 +1.038635876e+01 -7.994364124e+01 -7.994364124e+01 -2.8586e-01 +4.9566e-01 -5.6740e-02 -8.7861e-01 -4.3909e-02 -4.2791e-01 -3.2652e-01 -7.7128e-01 -4.9762e-01 +7.8292e-02
1001 0 +9.411219989e+00 -8.091878001e+01 -8.091878001e+01 -2.2693e-01 +5.9780e-01 -2.5958e-02 -9.0736e-01 -4.0393e-02 -3.6073e-01 -3.6655e-01 -8.1910e-01 -5.2504e-01 +1.1031e-01
1101 0 +9.188707450e+00 -8.114129255e+01 -8.114129255e+01 -1.7753e-01 +5.8748e-01 -4.4046e-02 -8.5319e-01 -5.6514e-02 -4.0651e-01 -3.6384e-01 -7.6691e-01 -5.1730e-01 +8.5360e-02
1151 0 +9.147257051e+00 -8.118274295e+01 -8.118274295e+01 -2.2791e-01 +5.5043e-01 -3.2551e-02 -8.8823e-01 -7.4821e-02 -3.5835e-01 -3.0133e-01 -7.9058e-01 -4.9798e-01 +1.0666e-01
1201 0 +9.077750928e+00 -8.125224907e+01 -8.125224907e+01 -2.1126e-01 +5.6805e-01 -5.8796e-02 -8.5815e-01 -3.4583e-02 -3.7022e-01 -3.1955e-01 -8.3670e-01 -5.3350e-01 +1.3746e-01
1251 0 +8.875199468e+00 -8.145480053e+01 -8.145480053e+01 -1.8752e-01 +6.0026e-01 -6.4647e-02 -8.9360e-01 -6.1279e-02 -3.4920e-01 -3.3348e-01 -7.9809e-01 -5.3962e-01 +1.0744e-01
1301 0 +8.838860133e+00 -8.149113987e+01 -8.149113987e+01 -1.8557e-01 +5.9583e-01 -5.8392e-02 -8.6011e-01 -1.8410e-02 -3.9998e-01 -2.8812e-01 -7.6055e-01 -5.0947e-01 +1.3024e-01
1351 0 +8.617027732e+00 -8.171297227e+01 -8.171297227e+01 -2.1090e-01 +5.6957e-01 -9.3139e-02 -8.0179e-01 +5.7482e-02 -4.3979e-01 -3.0328e-01 -7.9254e-01 -5.3249e-01 +1.2786e-01
1451 0 +8.384084877e+00 -8.194591512e+01 -8.194591512e+01 -1.9522e-01 +5.8753e-01 -1.1283e-01 -7.7838e-01 +1.2249e-01 -4.4865e-01 -2.3094e-01 -7.9340e-01 -4.6305e-01 +1.8818e-01
1551 0 +8.343628395e+00 -8.198637161e+01 -8.198637161e+01 -2.0782e-01 +5.6816e-01 -1.7000e-01 -6.4185e-01 +1.5454e-01 -4.8838e-01 -1.7035e-01 -7.3356e-01 -4.5074e-01 +2.3860e-01
1601 0 +8.277908323e+00 -8.205209168e+01 -8.205209168e+01 -1.9661e-01 +5.8867e-01 -1.6686e-01 -6.9196e-01 +1.8997e-01 -5.1193e-01 -1.8752e-01 -7.8484e-01 -4.6541e-01 +2.1837e-01
1701 0 +8.149928167e+00 -8.218007183e+01 -8.218007183e+01 -1.4808e-01 +5.5142e-01 -1.0520e-01 -6.3445e-01 +2.2642e-01 -5.0062e-01 -1.8632e-01 -7.4709e-01 -4.3627e-01 +2.2898e-01
1751 0 +8.078045172e+00 -8.225195483e+01 -8.225195483e+01 -6.4169e-02 +4.9538e-01 -1.0311e-01 -4.7064e-01 +3.3407e-01 -4.6983e-01 -1.8842e-02 -7.7941e-01 -3.7440e-01 +3.5159e-01
1901 0 +7.897078631e+00 -8.243292137e+01 -8.243292137e+01 -1.6372e-01 +5.0103e-01 -1.9790e-01 -5.5368e-01 +3.2018e-01 -4.7587e-01 -1.2635e-01 -7.4214e-01 -4.4056e-01 +3.5199e-01
1951 0 +7.783511215e+00 -8.254648878e+01 -8.254648878e+01 -9.3430e-02 +4.9834e-01 -1.8577e-01 -5.3339e-01 +3.7782e-01 -4.1457e-01 +2.6297e-03 -7.0798e-01 -3.8311e-01 +3.5811e-01
2001 0 +7.587215962e+00 -8.274278404e+01 -8.274278404e+01 -1.3838e-01 +4.5405e-01 -1.8441e-01 -5.4063e-01 +3.5663e-01 -4.2322e-01 -4.1342e-02 -7.3151e-01 -3.7653e-01 +4.0000e-01
2051 0 +7.346168942e+00 -8.298383106e+01 -8.298383106e+01 -6.1625e-02 +4.4687e-01 -1.5529e-01 -4.5647e-01 +3.9657e-01 -4.1571e-01 +4.1127e-02 -7.1471e-01 -3.3958e-01 +3.9117e-01
2101 0 +7.190782975e+00 -8.313921703e+01 -8.313921703e+01 -9.4461e-02 +4.5685e-01 -1.6347e-01 -5.5070e-01 +3.8005e-01 -4.5323e-01 +9.2514e-03 -7.6495e-01 -3.7794e-01 +4.0495e-01
2151 0 +7.156331257e+00 -8.317366874e+01 -8.317366874e+01 -7.9914e-02 +4.6210e-01 -2.0209e-01 -5.1309e-01 +3.9651e-01 -4.5042e-01 +2.3988e-02 -7.8839e-01 -3.7673e-01 +4.1768e-01
2201 0 +6.997571265e+00 -8.333242874e+01 -8.333242874e+01 -5.2658e-02 +4.2976e-01 -1.8323e-01 -5.0168e-01 +4.2215e-01 -4.3147e-01 +1.0192e-01 -7.5744e-01 -3.5704e-01 +4.7541e-01
2451 0 +6.381541368e+00 -8.394845863e+01 -8.394845863e+01 -2.3974e-02 +3.6873e-01 -1.2868e-01 -4.4971e-01 +4.3184e-01 -3.9169e-01 +1.1194e-01 -7.6107e-01 -3.2600e-01 +5.1003e-01
% f evaluations | g evaluations | best noise-free fitness - Fopt (6.561000000000e+01) + sum g_i+ | measured fitness | best measured fitness or single-digit g-values | x1 | x2...
1 0 +2.238440594e+03 +2.304050594e+03 +2.304050594e+03 +5.9671e-01 -3.8264e-02 +7.4769e-01 +1.6230e+00 -1.3415e-01 -1.3414e-01 +1.6792e+00 +8.6743e-01 -3.6947e-01 +6.4256e-01
3 0 +6.909469089e+02 +7.565569089e+02 +7.565569089e+02 +1.5656e+00 -1.2578e-01 +1.6753e-01 -1.3247e+00 -4.4438e-01 +2.1092e-01 -1.0510e+00 +4.7570e-01 -5.0064e-01 -1.9169e-01
6 0 +5.142907129e+02 +5.799007129e+02 +5.799007129e+02 +4.2408e-01 -2.8508e-01 -5.7692e-01 +7.1168e-01 +1.1310e+00 +1.0313e+00 -7.3922e-01 -2.0921e-01 +4.3126e-01 +1.0755e+00
22 0 +3.547311215e+02 +4.203411215e+02 +4.203411215e+02 +6.7089e-01 +1.2356e+00 +1.0540e+00 +7.5139e-01 -2.1527e-01 +8.5897e-01 -6.7283e-01 -1.3682e-01 -3.8536e-01 +1.8187e-01
41 0 +3.360756058e+02 +4.016856058e+02 +4.016856058e+02 -1.4944e+00 -4.9938e-01 +1.0524e-01 +1.4698e-01 -3.5007e-01 +7.2285e-01 -9.6762e-01 -4.2379e-02 +2.2030e-01 +6.1444e-01
51 0 +1.632066743e+02 +2.288166743e+02 +2.288166743e+02 -4.1221e-01 +1.1050e+00 +2.4844e-01 -3.3409e-01 -2.7359e-01 +6.7692e-01 -4.9896e-01 +3.0371e-01 +1.0478e+00 -7.5266e-02
201 0 +1.283864293e+02 +1.939964293e+02 +1.939964293e+02 +4.4740e-01 -2.3633e-01 -1.4484e-01 +4.3834e-01 -1.2257e-01 +3.0567e-01 -2.7992e-01 +4.3719e-01 -1.3081e-01 -4.4688e-02
251 0 +9.575457827e+01 +1.613645783e+02 +1.613645783e+02 +4.8632e-02 -6.8511e-01 +2.9988e-01 -6.5136e-02 +1.5411e-01 +3.3204e-01 -1.0065e-01 -3.2070e-01 -2.8792e-01 +2.3977e-01
301 0 +5.570058483e+01 +1.213105848e+02 +1.213105848e+02 -5.5007e-04 -3.4321e-01 +7.9462e-01 +3.3931e-01 -3.0062e-01 +2.6906e-01 -7.3077e-02 +1.8569e-01 +2.7546e-01 +4.1650e-01
351 0 +4.665478512e+01 +1.122647851e+02 +1.122647851e+02 -1.1854e-01 +3.2577e-02 +1.1604e+00 +1.0362e-01 -4.5337e-01 +4.0151e-01 -7.0176e-01 +4.0806e-01 +1.7006e-01 +5.2748e-02
451 0 +4.451318420e+01 +1.101231842e+02 +1.101231842e+02 -3.3973e-01 +3.6743e-01 +1.1204e+00 +4.1673e-01 -4.1628e-01 -9.6461e-02 -8.2622e-01 +4.5515e-01 +3.9646e-01 +3.7928e-01
601 0 +2.241214304e+01 +8.802214304e+01 +8.802214304e+01 -5.0324e-01 -1.0896e-01 +8.6889e-01 +3.4410e-01 -5.4083e-01 +2.8148e-01 -1.0619e+00 +1.9627e-01 +1.8018e-01 +4.0820e-01
801 0 +1.454574699e+01 +8.015574699e+01 +8.015574699e+01 +2.6684e-02 +1.6171e-01 +1.0479e+00 +4.2856e-01 -6.1149e-01 +2.3313e-01 -7.8148e-01 +2.2208e-01 +3.3460e-01 +3.0231e-01
901 0 +1.048952126e+01 +7.609952126e+01 +7.609952126e+01 +1.2895e-01 +1.8236e-01 +1.0226e+00 +4.0183e-01 -5.0304e-01 +2.3969e-01 -7.3065e-01 +1.1475e-01 +4.4705e-01 +2.5315e-01
1001 0 +9.551760208e+00 +7.516176021e+01 +7.516176021e+01 +6.7114e-02 +2.3534e-01 +9.9197e-01 +4.3654e-01 -4.4066e-01 +2.3422e-01 -8.6761e-01 +1.6221e-01 +4.0998e-01 +2.6232e-01
1201 0 +8.709655082e+00 +7.431965508e+01 +7.431965508e+01 +2.7721e-01 +1.9370e-01 +1.0144e+00 +3.4683e-01 -4.7811e-01 +2.9070e-01 -6.3517e-01 +1.1207e-01 +2.7600e-01 +2.7602e-01
1401 0 +8.602515210e+00 +7.421251521e+01 +7.421251521e+01 +3.1768e-01 +1.5145e-01 +1.0281e+00 +3.2441e-01 -5.0575e-01 +2.8972e-01 -4.3129e-01 +2.0223e-01 +1.8248e-01 +2.5686e-01
1451 0 +8.234340033e+00 +7.384434003e+01 +7.384434003e+01 +2.8081e-01 +1.1261e-01 +1.0502e+00 +3.0302e-01 -4.7558e-01 +2.9474e-01 -3.8020e-01 +1.7239e-01 +2.2240e-01 +2.9990e-01
1501 0 +8.019375911e+00 +7.362937591e+01 +7.362937591e+01 +2.9137e-01 +1.5471e-01 +1.0462e+00 +3.9000e-01 -4.7680e-01 +2.7078e-01 -4.1645e-01 +1.3346e-01 +1.7555e-01 +3.2490e-01
1551 0 +7.928037856e+00 +7.353803786e+01 +7.353803786e+01 +3.0309e-01 +1.2739e-01 +1.0735e+00 +3.9409e-01 -4.8548e-01 +2.7892e-01 -3.9408e-01 +1.6536e-01 +1.9067e-01 +2.9432e-01
1651 0 +7.521632851e+00 +7.313163285e+01 +7.313163285e+01 +2.6668e-01 +9.4117e-02 +1.0684e+00 +3.4189e-01 -5.3121e-01 +2.4860e-01 -2.6540e-01 +1.5468e-01 +1.3098e-01 +2.6278e-01
1751 0 +7.409407921e+00 +7.301940792e+01 +7.301940792e+01 +2.4399e-01 +6.4265e-02 +1.0469e+00 +3.2457e-01 -5.2224e-01 +2.8729e-01 -1.9020e-01 +1.5770e-01 +1.3236e-01 +3.0188e-01
1901 0 +7.295189103e+00 +7.290518910e+01 +7.290518910e+01 +2.3027e-01 +1.9938e-02 +1.0528e+00 +3.0790e-01 -5.6978e-01 +2.8430e-01 -1.2149e-01 +1.4482e-01 +3.2624e-02 +2.8621e-01
1951 0 +7.101941965e+00 +7.271194196e+01 +7.271194196e+01 +2.3317e-01 +2.1280e-02 +1.0410e+00 +3.1174e-01 -5.5230e-01 +3.1377e-01 -1.0031e-01 +1.6021e-01 +5.9610e-02 +2.3974e-01
2051 0 +6.969669864e+00 +7.257966986e+01 +7.257966986e+01 +1.9085e-01 -6.4701e-03 +1.0600e+00 +2.7515e-01 -5.7286e-01 +3.0030e-01 +9.1420e-02 +2.1770e-01 +1.0390e-03 +1.9281e-01
2151 0 +6.937575795e+00 +7.254757579e+01 +7.254757579e+01 +1.4135e-01 +1.9033e-02 +1.0184e+00 +2.6916e-01 -5.8739e-01 +3.1898e-01 +1.1383e-01 +2.6821e-01 +6.4492e-03 +1.6280e-01
2201 0 +6.784856937e+00 +7.239485694e+01 +7.239485694e+01 +1.9868e-01 -2.3642e-02 +1.0733e+00 +2.7135e-01 -5.4888e-01 +2.8505e-01 -6.6122e-03 +1.9836e-01 +3.5954e-02 +1.8998e-01
2251 0 +6.661876214e+00 +7.227187621e+01 +7.227187621e+01 +8.6599e-02 +1.6802e-02 +1.0114e+00 +2.4467e-01 -5.5661e-01 +2.9982e-01 +1.3153e-01 +2.0143e-01 +3.3721e-02 +1.5370e-01
2351 0 +6.567050136e+00 +7.217705014e+01 +7.217705014e+01 +9.5139e-02 -2.5073e-02 +9.9508e-01 +2.5465e-01 -5.3317e-01 +3.2625e-01 +2.3176e-01 +2.3725e-01 -5.0576e-02 +6.4832e-02
2401 0 +6.286603285e+00 +7.189660328e+01 +7.189660328e+01 +7.0210e-02 -3.4912e-02 +1.0550e+00 +2.1830e-01 -5.5431e-01 +3.5131e-01 +1.8579e-01 +2.0861e-01 -3.5711e-02 +1.0658e-01
2451 0 +6.173083601e+00 +7.178308360e+01 +7.178308360e+01 +4.2330e-02 -8.5535e-03 +1.0448e+00 +2.2226e-01 -5.5947e-01 +3.1860e-01 +2.0408e-01 +1.8058e-01 -2.8526e-02 +8.6616e-02
% f evaluations | g evaluations | best noise-free fitness - Fopt (9.348200000000e+02) + sum g_i+ | measured fitness | best measured fitness or single-digit g-values | x1 | x2...
1 0 +1.902517623e+03 +2.837337623e+03 +2.837337623e+03 +5.9671e-01 -3.8264e-02 +7.4769e-01 +1.6230e+00 -1.3415e-01 -1.3414e-01 +1.6792e+00 +8.6743e-01 -3.6947e-01 +6.4256e-01
2 0 +1.867535930e+03 +2.802355930e+03 +2.802355930e+03 -3.6342e-01 -3.6573e-01 +3.4196e-01 -1.8133e+00 -1.6249e+00 -4.6229e-01 -9.1283e-01 +4.1425e-01 -8.0802e-01 -1.3123e+00
6 0 +1.504326103e+03 +2.439146103e+03 +2.439146103e+03 +4.2408e-01 -2.8508e-01 -5.7692e-01 +7.1168e-01 +1.1310e+00 +1.0313e+00 -7.3922e-01 -2.0921e-01 +4.3126e-01 +1.0755e+00
9 0 +8.705206681e+02 +1.805340668e+03 +1.805340668e+03 -1.1967e-01 +4.5711e-01 +1.5779e+00 -4.1827e-01 -7.0849e-01 -4.0176e-01 +1.0154e+00 +4.2875e-01 -4.2976e-01 +6.1327e-01
10 0 +5.819633947e+02 +1.516783395e+03 +1.516783395e+03 +1.9708e-01 +1.0686e+00 -6.0205e-01 -2.2766e-01 -2.9211e-01 -1.3635e+00 +3.9612e-01 +3.6106e-01 +1.0511e-01 -1.3459e-01
46 0 +4.741385353e+02 +1.408958535e+03 +1.408958535e+03 +3.7321e-02 +1.0551e+00 -8.8573e-01 +6.0405e-01 -4.3026e-01 -6.9287e-01 -7.0304e-03 -9.3524e-01 -4.5365e-01 -1.0979e+00
51 0 +1.224970848e+02 +1.057317085e+03 +1.057317085e+03 -7.5857e-01 +1.0794e+00 +1.7466e-01 -2.1451e-01 +9.3079e-01 +3.8453e-01 -4.9980e-01 +2.5824e-02 -2.9081e-01 -3.2462e-02
201 0 +5.223186683e+01 +9.870518668e+02 +9.870518668e+02 -2.6858e-01 +2.9931e-01 -6.5605e-02 +8.2820e-02 -9.0742e-02 +8.7402e-02 +4.9531e-01 -4.4164e-01 -1.1781e+00 -4.0162e-01
351 0 +3.626673853e+01 +9.710867385e+02 +9.710867385e+02 -9.1470e-01 +5.5422e-02 -3.1114e-02 +4.7812e-01 -4.5133e-02 -8.3999e-02 +5.8119e-01 -1.2899e-01 -1.1773e+00 -5.1820e-01
401 0 +3.306121730e+01 +9.678812173e+02 +9.678812173e+02 -5.5000e-01 +2.0431e-01 +1.8839e-01 +5.1277e-01 -3.1599e-01 +8.0941e-03 +4.7716e-01 -4.7841e-01 -1.2645e+00 -2.8083e-01
451 0 +2.617102534e+01 +9.609910253e+02 +9.609910253e+02 -6.0655e-01 +1.4616e-01 +3.3610e-01 +3.7995e-01 +4.1912e-02 +2.8079e-03 +6.5216e-01 -3.6099e-01 -1.1495e+00 -4.4836e-01
501 0 +2.519530316e+01 +9.600153032e+02 +9.600153032e+02 -6.7794e-01 -9.2401e-02 +6.0651e-02 +4.7604e-01 -2.2936e-01 -1.1473e-01 +4.6577e-01 -6.6359e-01 -1.1617e+00 -2.8225e-01
551 0 +1.767903188e+01 +9.524990319e+02 +9.524990319e+02 -7.8200e-01 -3.6079e-02 +1.4722e-01 +4.2719e-01 -2.0969e-01 -2.2116e-01 +8.4766e-01 -4.1580e-01 -1.0995e+00 -5.1514e-01
651 0 +1.552176002e+01 +9.503417600e+02 +9.503417600e+02 -7.2185e-01 +2.7801e-03 +2.6554e-01 +3.1940e-01 -3.7806e-01 -1.2367e-01 +5.4013e-01 -4.2040e-01 -1.0355e+00 -5.4323e-01
701 0 +1.521155859e+01 +9.500315586e+02 +9.500315586e+02 -4.8158e-01 +1.3281e-01 +3.8369e-01 +3.1874e-01 -2.4838e-01 -2.1096e-01 +3.4427e-01 -6.3056e-02 -1.0578e+00 -6.8302e-01
751 0 +1.310535070e+01 +9.479253507e+02 +9.479253507e+02 -4.5468e-01 +1.2902e-02 +2.7285e-01 +2.3334e-01 -2.1236e-01 -6.2815e-02 +2.6528e-01 +2.3154e-02 -7.9469e-01 -6.4333e-01
801 0 +1.177189566e+01 +9.465918957e+02 +9.465918957e+02 -6.0386e-01 +1.1022e-01 +1.7454e-01 +3.7032e-01 -2.2203e-01 -1.6674e-01 +5.8152e-01 -2.4554e-01 -1.0289e+00 -5.1572e-01
901 0 +1.008423520e+01 +9.449042352e+02 +9.449042352e+02 -5.2459e-01 +9.6943e-02 +1.9185e-01 +5.1750e-01 -2.7491e-01 -1.5446e-01 +5.4663e-01 -3.2069e-01 -1.0005e+00 -6.1967e-01
951 0 +9.917149271e+00 +9.447371493e+02 +9.447371493e+02 -5.3936e-01 +6.6560e-02 +1.6235e-01 +3.9109e-01 -2.6627e-01 -1.0559e-01 +4.3790e-01 -3.6902e-01 -1.0568e+00 -6.1281e-01
1001 0 +9.376214297e+00 +9.441962143e+02 +9.441962143e+02 -4.8638e-01 +5.4785e-02 +2.7236e-01 +4.3470e-01 -3.1325e-01 -1.7796e-01 +4.0271e-01 -2.4041e-01 -9.6931e-01 -6.0356e-01
1101 0 +9.278536143e+00 +9.440985361e+02 +9.440985361e+02 -4.1362e-01 -5.7760e-02 +2.2235e-01 +4.3123e-01 -2.8932e-01 -1.1107e-01 +3.6764e-01 -1.4067e-01 -9.6837e-01 -7.1086e-01
1151 0 +8.898722348e+00 +9.437187223e+02 +9.437187223e+02 -4.4626e-01 +4.9536e-02 +2.3235e-01 +4.3829e-01 -2.7438e-01 -1.7305e-01 +3.5084e-01 -1.2529e-01 -9.8894e-01 -6.6563e-01
1201 0 +8.718486116e+00 +9.435384861e+02 +9.435384861e+02 -5.1099e-01 +6.6056e-02 +2.3324e-01 +4.0892e-01 -2.9620e-01 -1.5237e-01 +3.9920e-01 -2.4976e-01 -9.7410e-01 -6.6874e-01
1251 0 +8.532719613e+00 +9.433527196e+02 +9.433527196e+02 -4.6814e-01 +5.9033e-02 +2.3554e-01 +3.9657e-01 -2.8987e-01 -1.0977e-01 +3.7213e-01 -1.2232e-01 -9.8492e-01 -6.7749e-01
1301 0 +8.463494879e+00 +9.432834949e+02 +9.432834949e+02 -4.2617e-01 -2.9531e-02 +2.9647e-01 +3.6384e-01 -3.0527e-01 -7.9574e-02 +3.0666e-01 -2.4018e-02 -9.4788e-01 -6.8362e-01
1351 0 +8.020179905e+00 +9.428401799e+02 +9.428401799e+02 -4.2233e-01 +5.3291e-04 +2.9305e-01 +3.7714e-01 -3.5706e-01 -1.2964e-01 +2.7635e-01 -2.6856e-02 -8.8565e-01 -7.1272e-01
1451 0 +7.849715033e+00 +9.426697150e+02 +9.426697150e+02 -4.0683e-01 -5.3418e-02 +3.3888e-01 +3.9197e-01 -3.6317e-01 -1.0793e-01 +1.7463e-01 +8.6905e-02 -8.6148e-01 -7.4401e-01
1551 0 +7.830155699e+00 +9.426501557e+02 +9.426501557e+02 -4.0890e-01 -1.9045e-02 +3.1412e-01 +3.9048e-01 -3.4038e-01 -1.0266e-01 +1.9474e-01 +5.7667e-02 -9.0529e-01 -7.1716e-01
1601 0 +7.815221711e+00 +9.426352217e+02 +9.426352217e+02 -4.3243e-01 -3.0597e-02 +3.0684e-01 +3.9622e-01 -3.3644e-01 -8.0416e-02 +2.6526e-01 +1.1405e-03 -9.0628e-01 -7.3397e-01
1651 0 +7.450989529e+00 +9.422709895e+02 +9.422709895e+02 -4.0253e-01 -8.5702e-02 +2.9862e-01 +3.8443e-01 -3.8997e-01 -7.2571e-02 +2.0289e-01 +1.3047e-01 -8.7645e-01 -6.8919e-01
1801 0 +7.314429960e+00 +9.421344300e+02 +9.421344300e+02 -3.8279e-01 -1.3110e-01 +2.8080e-01 +3.5506e-01 -3.7091e-01 -9.9731e-02 +1.9578e-01 +2.2024e-01 -8.3524e-01 -6.8723e-01
1851 0 +7.234459358e+00 +9.420544594e+02 +9.420544594e+02 -3.1612e-01 -1.7175e-01 +3.6945e-01 +3.5822e-01 -3.7812e-01 -7.0179e-02 +1.3993e-01 +3.4478e-01 -7.0113e-01 -6.0197e-01
1901 0 +7.064895984e+00 +9.418848960e+02 +9.418848960e+02 -3.3824e-01 -2.4428e-01 +3.7744e-01 +3.5544e-01 -4.0039e-01 -8.7370e-02 +1.1339e-01 +4.4965e-01 -7.4671e-01 -5.8496e-01
2001 0 +6.967115775e+00 +9.417871158e+02 +9.417871158e+02 -2.8417e-01 -2.8873e-01 +3.2900e-01 +3.4772e-01 -3.8668e-01 -8.3635e-02 +1.9038e-01 +4.9456e-01 -6.5304e-01 -6.3287e-01
2051 0 +6.836875972e+00 +9.416568760e+02 +9.416568760e+02 -2.8840e-01 -2.4666e-01 +3.5360e-01 +3.7805e-01 -4.0206e-01 -7.9807e-02 +1.7419e-01 +5.0768e-01 -7.0887e-01 -6.0565e-01
2101 0 +6.773913632e+00 +9.415939136e+02 +9.415939136e+02 -2.9743e-01 -2.5467e-01 +3.6821e-01 +3.2855e-01 -4.3289e-01 -6.0991e-02 +1.5055e-01 +5.1059e-01 -6.8881e-01 -5.7680e-01
2151 0 +6.749592111e+00 +9.415695921e+02 +9.415695921e+02 -3.0538e-01 -1.8770e-01 +3.6838e-01 +3.2557e-01 -3.9297e-01 -7.3648e-02 +1.5090e-01 +4.2509e-01 -7.0601e-01 -5.8815e-01
2201 0 +6.416283911e+00 +9.412362839e+02 +9.412362839e+02 -2.9745e-01 -2.7816e-01 +4.0302e-01 +3.3515e-01 -3.8321e-01 -8.6104e-02 +1.8473e-01 +5.1927e-01 -7.1101e-01 -5.8693e-01
2351 0 +6.234632555e+00 +9.410546326e+02 +9.410546326e+02 -3.0423e-01 -2.5935e-01 +3.8269e-01 +3.3379e-01 -3.9253e-01 -9.8855e-02 +1.9528e-01 +4.5758e-01 -6.9826e-01 -6.0029e-01
2451 0 +5.942072587e+00 +9.407620726e+02 +9.407620726e+02 -2.1612e-01 -3.5074e-01 +3.7441e-01 +3.4709e-01 -3.6973e-01 -9.3537e-02 +2.3260e-01 +6.1784e-01 -5.9943e-01 -5.5244e-01
% f evaluations | g evaluations | best noise-free fitness - Fopt (-6.371000000000e+01) + sum g_i+ | measured fitness | best measured fitness or single-digit g-values | x1 | x2...
1 0 +1.611144065e+03 +1.547434065e+03 +1.547434065e+03 +5.9671e-01 -3.8264e-02 +7.4769e-01 +1.6230e+00 -1.3415e-01 -1.3414e-01 +1.6792e+00 +8.6743e-01 -3.6947e-01 +6.4256e-01
9 0 +1.280976501e+03 +1.217266501e+03 +1.217266501e+03 -1.1967e-01 +4.5711e-01 +1.5779e+00 -4.1827e-01 -7.0849e-01 -4.0176e-01 +1.0154e+00 +4.2875e-01 -4.2976e-01 +6.1327e-01
10 0 +7.360643450e+02 +6.723543450e+02 +6.723543450e+02 +1.9708e-01 +1.0686e+00 -6.0205e-01 -2.2766e-01 -2.9211e-01 -1.3635e+00 +3.9612e-01 +3.6106e-01 +1.0511e-01 -1.3459e-01
16 0 +7.176856034e+02 +6.539756034e+02 +6.539756034e+02 +3.5049e-01 +4.4645e-01 -5.8002e-01 +3.3225e-01 +3.9307e-01 -6.1435e-01 +1.9658e+00 +5.7383e-01 -1.0913e+00 +7.5655e-01
30 0 +6.346634408e+02 +5.709534408e+02 +5.709534408e+02 -1.0812e-01 -3.9300e-01 -4.8936e-01 +9.4960e-01 +4.5702e-01 -5.9291e-01 +9.9960e-01 +4.0730e-01 +9.1286e-01 +7.2963e-01
51 0 +3.210159845e+02 +2.573059845e+02 +2.573059845e+02 -1.8684e-01 -2.4651e-01 +3.8697e-02 +3.9833e-01 +4.1420e-01 -8.0014e-01 +1.6794e-01 +1.7866e-01 -8.6027e-01 -5.1352e-01
101 0 +2.899959406e+02 +2.262859406e+02 +2.262859406e+02 +7.4201e-01 +8.8947e-01 +2.9721e-01 +2.1775e-01 -7.7255e-01 -9.1045e-02 -5.8277e-01 +2.5717e-01 -6.4047e-01 +5.4353e-01
151 0 +1.187129318e+02 +5.500293183e+01 +5.500293183e+01 +8.1940e-02 -4.6280e-01 -6.1176e-01 -9.7789e-01 +3.5635e-01 -4.6688e-02 +3.8153e-01 -3.4251e-02 -8.8422e-02 +1.1694e-01
201 0 +9.386760567e+01 +3.015760567e+01 +3.015760567e+01 -1.3609e-01 -8.8913e-01 -1.2778e+00 -2.5127e-01 +4.2172e-01 -8.4262e-01 +2.9749e-01 +5.3354e-02 -1.6684e-01 +1.0401e-01
251 0 +8.583038109e+01 +2.212038109e+01 +2.212038109e+01 +9.0371e-02 -4.3896e-01 -7.4248e-01 -3.8108e-01 -2.7757e-01 -1.5431e-01 +7.8376e-01 +1.1877e-01 -1.0154e+00 +4.0039e-01
301 0 +6.934946039e+01 +5.639460390e+00 +5.639460390e+00 -8.4138e-01 -1.2908e-01 -7.4379e-01 -4.3725e-01 +4.5081e-01 -4.9425e-01 +4.6910e-01 +2.6011e-01 -6.3173e-01 +3.7673e-01
351 0 +4.304557332e+01 -2.066442668e+01 -2.066442668e+01 -2.9917e-01 +3.7047e-01 -4.1509e-01 -4.0932e-01 +3.0414e-01 -3.1720e-01 +5.7470e-01 +5.0737e-01 -3.0581e-01 +3.7508e-01
401 0 +2.577229746e+01 -3.793770254e+01 -3.793770254e+01 -2.6219e-01 -4.1008e-01 -7.8491e-01 -3.6371e-01 +4.3154e-01 -1.4985e-01 +6.9750e-01 +4.5049e-01 -3.2807e-01 +5.6199e-02
451 0 +2.170181015e+01 -4.200818985e+01 -4.200818985e+01 -4.4977e-01 -1.7964e-01 -9.7548e-01 -5.6028e-01 +3.3006e-01 -5.1066e-01 +8.3420e-01 +2.0550e-01 -5.0082e-01 +1.8090e-01
651 0 +1.526743146e+01 -4.844256854e+01 -4.844256854e+01 -2.0684e-01 -2.0279e-01 -7.1075e-01 -5.7244e-01 +3.4338e-01 -4.4509e-01 +8.2547e-01 +1.9336e-01 -5.4435e-01 +1.6997e-01
751 0 +1.249479241e+01 -5.121520759e+01 -5.121520759e+01 -1.9178e-01 +5.8630e-03 -6.9569e-01 -3.6354e-01 +3.5192e-01 -3.3948e-01 +9.1110e-01 +4.4124e-01 -4.9356e-01 +1.3621e-01
801 0 +1.214835713e+01 -5.156164287e+01 -5.156164287e+01 -4.1201e-01 -7.2724e-02 -6.6233e-01 -4.7338e-01 +3.4185e-01 -2.8790e-01 +7.2706e-01 +3.6324e-01 -5.0738e-01 +2.3965e-01
851 0 +1.190839024e+01 -5.180160976e+01 -5.180160976e+01 -1.8133e-01 +6.7928e-02 -7.4933e-01 -2.6746e-01 +3.9353e-01 -3.3754e-01 +7.6359e-01 +4.0646e-01 -5.7618e-01 +1.4067e-01
901 0 +1.058948397e+01 -5.312051603e+01 -5.312051603e+01 -2.7848e-01 -1.0926e-01 -6.7444e-01 -4.1969e-01 +3.2025e-01 -4.4694e-01 +7.8356e-01 +3.3051e-01 -5.0652e-01 +2.3770e-01
1001 0 +8.787593157e+00 -5.492240684e+01 -5.492240684e+01 -3.2426e-01 +3.6460e-02 -6.5532e-01 -2.5765e-01 +3.5687e-01 -3.2841e-01 +7.9644e-01 +4.3694e-01 -6.6627e-01 +9.5519e-03
1251 0 +8.436733127e+00 -5.527326687e+01 -5.527326687e+01 -2.8068e-01 -4.5109e-02 -6.9762e-01 -3.7820e-01 +3.8497e-01 -3.3121e-01 +7.5487e-01 +4.2830e-01 -6.0486e-01 +1.3885e-01
1301 0 +8.254070393e+00 -5.545592961e+01 -5.545592961e+01 -2.4338e-01 +3.4543e-02 -6.8577e-01 -2.6399e-01 +3.9116e-01 -2.9015e-01 +7.3861e-01 +4.2473e-01 -6.3381e-01 +6.6575e-02
1351 0 +8.108481747e+00 -5.560151825e+01 -5.560151825e+01 -3.1621e-01 +4.0748e-02 -6.8289e-01 -2.9977e-01 +3.7383e-01 -2.8275e-01 +7.4476e-01 +4.0967e-01 -6.1311e-01 +9.6372e-02
1401 0 +7.976058426e+00 -5.573394157e+01 -5.573394157e+01 -3.1455e-01 +1.2738e-01 -6.9733e-01 -2.3898e-01 +3.7140e-01 -2.5603e-01 +6.9755e-01 +4.1674e-01 -6.0483e-01 -3.1472e-02
1451 0 +7.940250129e+00 -5.576974987e+01 -5.576974987e+01 -2.7029e-01 +5.7859e-02 -6.8774e-01 -2.6506e-01 +3.8070e-01 -2.8754e-01 +7.3132e-01 +4.0011e-01 -6.5656e-01 +3.1827e-02
1601 0 +7.709820774e+00 -5.600017923e+01 -5.600017923e+01 -3.0475e-01 +1.8645e-01 -6.7152e-01 -2.0930e-01 +4.3023e-01 -2.7745e-01 +6.0471e-01 +3.7596e-01 -6.5270e-01 -1.2359e-01
1751 0 +7.659062221e+00 -5.605093778e+01 -5.605093778e+01 -2.7895e-01 +1.7667e-01 -6.4210e-01 -1.9491e-01 +3.9761e-01 -2.7036e-01 +6.3362e-01 +4.2826e-01 -6.6461e-01 -3.9652e-02
1801 0 +7.454862433e+00 -5.625513757e+01 -5.625513757e+01 -2.5221e-01 +2.2029e-01 -6.1853e-01 -2.1489e-01 +4.1883e-01 -2.8160e-01 +5.7920e-01 +4.5632e-01 -6.7924e-01 -1.4799e-01
1951 0 +7.128854571e+00 -5.658114543e+01 -5.658114543e+01 -2.6735e-01 +3.0296e-01 -6.2701e-01 -2.1402e-01 +4.5124e-01 -2.5171e-01 +4.3133e-01 +4.3117e-01 -6.3958e-01 -2.1966e-01
2001 0 +7.083662541e+00 -5.662633746e+01 -5.662633746e+01 -2.9077e-01 +2.7167e-01 -6.7256e-01 -1.8300e-01 +4.3438e-01 -2.6877e-01 +4.8512e-01 +4.6181e-01 -6.6623e-01 -1.8932e-01
2051 0 +7.018776234e+00 -5.669122377e+01 -5.669122377e+01 -2.4951e-01 +2.7392e-01 -6.5110e-01 -1.9360e-01 +4.3481e-01 -2.6453e-01 +4.5820e-01 +4.7791e-01 -6.6630e-01 -1.5402e-01
2101 0 +6.745506845e+00 -5.696449315e+01 -5.696449315e+01 -2.4271e-01 +3.3252e-01 -6.2394e-01 -1.7791e-01 +4.4760e-01 -2.4737e-01 +4.2341e-01 +4.4226e-01 -6.7324e-01 -2.3013e-01
2151 0 +6.675162521e+00 -5.703483748e+01 -5.703483748e+01 -2.2425e-01 +3.5918e-01 -6.2756e-01 -1.8672e-01 +4.2225e-01 -2.5660e-01 +3.6557e-01 +4.6112e-01 -6.3677e-01 -2.3729e-01
2251 0 +6.592680578e+00 -5.711731942e+01 -5.711731942e+01 -2.1849e-01 +4.3861e-01 -6.1420e-01 -2.1122e-01 +4.3002e-01 -2.4782e-01 +3.0508e-01 +4.6924e-01 -6.4749e-01 -2.1955e-01
2301 0 +6.537821811e+00 -5.717217819e+01 -5.717217819e+01 -2.2315e-01 +4.6674e-01 -6.0533e-01 -1.5778e-01 +4.6271e-01 -2.5201e-01 +2.6920e-01 +4.6620e-01 -6.6092e-01 -2.7799e-01
2351 0 +6.397532588e+00 -5.731246741e+01 -5.731246741e+01 -1.6915e-01 +4.7947e-01 -6.1820e-01 -1.4511e-01 +4.3212e-01 -2.2494e-01 +2.1304e-01 +4.7558e-01 -6.4422e-01 -2.7385e-01
2401 0 +6.200267707e+00 -5.750973229e+01 -5.750973229e+01 -2.0019e-01 +4.8989e-01 -6.1853e-01 -1.5482e-01 +4.1612e-01 -2.2140e-01 +2.3556e-01 +4.6208e-01 -6.5941e-01 -2.3869e-01
2451 0 +6.042511430e+00 -5.766748857e+01 -5.766748857e+01 -1.7249e-01 +4.9916e-01 -6.0408e-01 -1.7103e-01 +4.2212e-01 -2.2779e-01 +1.8860e-01 +4.6122e-01 -6.7947e-01 -2.5324e-01
% f evaluations | g evaluations | best noise-free fitness - Fopt (1.000000000000e+03) + sum g_i+ | measured fitness | best measured fitness or single-digit g-values | x1 | x2...
1 0 +6.952327183e+02 +1.695232718e+03 +1.695232718e+03 +5.9671e-01 -3.8264e-02 +7.4769e-01 +1.6230e+00 -1.3415e-01 -1.3414e-01 +1.6792e+00 +8.6743e-01 -3.6947e-01 +6.4256e-01
7 0 +5.795683502e+02 +1.579568350e+03 +1.579568350e+03 -3.7917e-01 -8.5659e-02 -1.0063e+00 -1.0962e+00 +9.1253e-01 +1.4562e+00 +2.7990e-02 +1.1035e+00 +4.6164e-01 -5.4512e-01
34 0 +5.775642290e+02 +1.577564229e+03 +1.577564229e+03 +8.7753e-02 -7.9725e-01 +1.7580e-01 -5.7716e-01 +1.0751e+00 -4.7057e-02 -7.2550e-01 -2.2139e-01 +5.1293e-01 -4.6372e-01
51 0 +1.456228439e+02 +1.145622844e+03 +1.145622844e+03 -6.6649e-01 +1.4447e-01 +1.9976e-01 -2.8081e-01 +8.7595e-01 +1.4126e-01 -8.1335e-01 +1.8169e-01 +3.4521e-01 -4.5937e-01
151 0 +1.011305383e+02 +1.101130538e+03 +1.101130538e+03 -1.0912e+00 -6.1384e-02 -4.3615e-01 -7.8000e-01 +2.7165e-01 -3.7836e-01 +3.2865e-01 +6.1867e-01 +3.3802e-01 -2.3598e-01
201 0 +7.659297150e+01 +1.076592972e+03 +1.076592972e+03 -8.2787e-01 +4.0065e-01 +7.5982e-01 -6.8107e-02 +5.5343e-02 -2.2222e-01 -1.7395e-01 +1.9755e-01 +1.8254e-02 -1.8487e-01
301 0 +6.023838523e+01 +1.060238385e+03 +1.060238385e+03 -1.1038e+00 -7.7694e-01 -2.1752e-01 -6.0091e-01 +3.9556e-01 +1.9422e-02 +1.4780e-01 +5.1676e-01 +3.7039e-01 -2.9411e-01
351 0 +4.535345506e+01 +1.045353455e+03 +1.045353455e+03 -8.8196e-01 -3.9678e-01 -4.2672e-01 -3.3252e-01 +3.8263e-01 -2.5544e-01 -4.4934e-02 +2.9386e-01 +3.9455e-01 -2.2108e-01
401 0 +2.540040932e+01 +1.025400409e+03 +1.025400409e+03 -1.3314e+00 -3.4262e-01 +2.6035e-02 -6.9349e-01 +7.4705e-01 -2.9585e-01 +4.8403e-02 +2.0725e-01 -1.3129e-01 -2.6054e-01
501 0 +2.488364891e+01 +1.024883649e+03 +1.024883649e+03 -1.3315e+00 -2.1405e-01 -8.5435e-02 -4.1974e-01 +6.3488e-01 -3.2686e-02 +2.2692e-01 -1.0174e-01 +6.2498e-02 -2.4407e-01
551 0 +1.870888438e+01 +1.018708884e+03 +1.018708884e+03 -1.1388e+00 -1.9663e-02 +2.6635e-01 -5.0567e-04 +4.6113e-01 -1.8536e-01 -1.6406e-01 +2.3800e-01 +2.1893e-01 -5.9492e-01
651 0 +1.390691290e+01 +1.013906913e+03 +1.013906913e+03 -1.4097e+00 -3.2995e-01 -5.8721e-03 -5.8747e-01 +6.5210e-01 -2.8367e-01 +2.0053e-01 +1.9015e-01 -7.8194e-02 -4.5021e-01
751 0 +1.200540062e+01 +1.012005401e+03 +1.012005401e+03 -1.2997e+00 -1.4599e-01 -1.2420e-02 -3.7291e-01 +4.5169e-01 -2.6255e-01 +1.0061e-01 +2.5004e-01 +8.8827e-02 -5.7217e-01
801 0 +1.157248470e+01 +1.011572485e+03 +1.011572485e+03 -1.2802e+00 -2.8656e-01 +1.6939e-01 -3.5502e-01 +4.3764e-01 -2.0878e-01 +9.2814e-02 +2.5855e-01 +5.1558e-02 -4.1243e-01
901 0 +1.050790188e+01 +1.010507902e+03 +1.010507902e+03 -1.3461e+00 -2.4430e-01 +1.0543e-01 -4.4047e-01 +4.8927e-01 -2.2397e-01 +1.1277e-01 +2.2815e-01 +1.5147e-01 -4.5075e-01
1001 0 +9.353398334e+00 +1.009353398e+03 +1.009353398e+03 -1.2093e+00 -1.8905e-01 +2.3995e-01 -1.7050e-01 +4.6744e-01 -2.3956e-01 +2.5574e-02 +2.7211e-01 +1.2337e-01 -5.7555e-01
1151 0 +9.046675299e+00 +1.009046675e+03 +1.009046675e+03 -1.2309e+00 -1.6553e-01 +2.0948e-01 -2.1385e-01 +4.3722e-01 -3.0051e-01 +9.8535e-03 +2.8227e-01 +1.1724e-01 -5.8039e-01
1201 0 +8.859991672e+00 +1.008859992e+03 +1.008859992e+03 -1.2111e+00 -1.5909e-01 +2.5265e-01 -1.9361e-01 +4.2200e-01 -2.6883e-01 +4.6732e-03 +2.4415e-01 +2.1497e-01 -6.0100e-01
1251 0 +8.727333871e+00 +1.008727334e+03 +1.008727334e+03 -1.2286e+00 -1.5509e-01 +2.2761e-01 -1.8314e-01 +4.2490e-01 -2.8034e-01 -3.4847e-03 +2.6903e-01 +1.6559e-01 -5.8158e-01
1351 0 +8.455694461e+00 +1.008455694e+03 +1.008455694e+03 -1.0960e+00 -1.3587e-01 +3.1725e-01 -1.2458e-01 +3.8391e-01 -2.9582e-01 +2.6827e-02 +1.7990e-01 +1.4738e-01 -6.6527e-01
1451 0 +8.237386534e+00 +1.008237387e+03 +1.008237387e+03 -1.1176e+00 -1.0844e-01 +3.7156e-01 -1.5295e-01 +3.5561e-01 -3.0098e-01 -1.5055e-02 +1.6737e-01 +1.5265e-01 -6.5416e-01
1651 0 +8.093162651e+00 +1.008093163e+03 +1.008093163e+03 -9.6180e-01 -3.2906e-02 +5.0998e-01 -9.1804e-02 +3.2408e-01 -3.3689e-01 -2.9709e-03 +8.3896e-02 +1.2292e-01 -7.7184e-01
1751 0 +7.713186224e+00 +1.007713186e+03 +1.007713186e+03 -8.9423e-01 -6.2421e-02 +5.4319e-01 -1.1360e-01 +3.1965e-01 -2.8821e-01 -1.2440e-02 +3.7867e-02 +1.3529e-01 -7.8112e-01
1851 0 +7.594166750e+00 +1.007594167e+03 +1.007594167e+03 -8.9405e-01 -2.9601e-02 +5.8692e-01 -1.1518e-01 +3.0728e-01 -2.9641e-01 -3.3425e-02 +2.3765e-02 +1.2415e-01 -7.7402e-01
1901 0 +7.574045413e+00 +1.007574045e+03 +1.007574045e+03 -8.9660e-01 -4.8240e-02 +4.9003e-01 -1.3584e-01 +3.0461e-01 -3.0398e-01 -2.8734e-02 +7.6298e-02 +1.3967e-01 -7.6247e-01
1951 0 +7.382336884e+00 +1.007382337e+03 +1.007382337e+03 -7.8603e-01 -8.2401e-03 +6.2570e-01 -1.3876e-01 +2.5099e-01 -3.1195e-01 -2.8453e-02 -8.7362e-03 +1.1243e-01 -7.9280e-01
2051 0 +7.293563093e+00 +1.007293563e+03 +1.007293563e+03 -7.4236e-01 +5.1290e-03 +6.3177e-01 -1.2404e-01 +2.6799e-01 -3.5325e-01 -5.7167e-02 -5.5247e-02 +1.1079e-01 -7.7544e-01
2101 0 +7.141341174e+00 +1.007141341e+03 +1.007141341e+03 -7.8439e-01 -8.1109e-03 +5.9202e-01 -1.2371e-01 +2.7663e-01 -3.0554e-01 -3.8804e-02 -3.1789e-02 +1.1869e-01 -7.6404e-01
2151 0 +7.095187913e+00 +1.007095188e+03 +1.007095188e+03 -7.9809e-01 -1.4479e-02 +5.6581e-01 -1.2016e-01 +2.7849e-01 -3.2814e-01 -4.2316e-02 -7.0439e-04 +8.8604e-02 -7.4530e-01
2201 0 +7.036871023e+00 +1.007036871e+03 +1.007036871e+03 -7.5496e-01 -5.5981e-03 +6.5084e-01 -1.5438e-01 +2.5428e-01 -3.1245e-01 -5.0703e-02 -2.6855e-02 +8.8962e-02 -7.4056e-01
2251 0 +6.929445354e+00 +1.006929445e+03 +1.006929445e+03 -7.3905e-01 +8.5651e-03 +6.5008e-01 -1.2165e-01 +2.2611e-01 -3.4471e-01 -4.7474e-02 -7.4137e-02 +7.2146e-02 -7.4315e-01
2351 0 +6.877736605e+00 +1.006877737e+03 +1.006877737e+03 -7.3326e-01 +3.2949e-02 +6.6590e-01 -1.5806e-01 +2.2483e-01 -3.2644e-01 -3.6362e-02 -7.1338e-02 +4.7959e-02 -7.4690e-01
2401 0 +6.576414494e+00 +1.006576414e+03 +1.006576414e+03 -6.9905e-01 +4.2281e-02 +6.6414e-01 -1.6961e-01 +2.4751e-01 -3.5216e-01 -6.2184e-02 -8.2708e-02 +5.4213e-02 -7.5300e-01
2451 0 +6.571250404e+00 +1.006571250e+03 +1.006571250e+03 -6.5767e-01 +5.7238e-02 +7.0000e-01 -1.6154e-01 +2.4476e-01 -3.9296e-01 -6.9932e-02 -9.1184e-02 +2.6724e-02 -7.3388e-01
% f evaluations | g evaluations | best noise-free fitness - Fopt (3.197000000000e+01) + sum g_i+ | measured fitness | best measured fitness or single-digit g-values | x1 | x2...
1 0 +1.755501781e+03 +1.787471781e+03 +1.787471781e+03 +5.9671e-01 -3.8264e-02 +7.4769e-01 +1.6230e+00 -1.3415e-01 -1.3414e-01 +1.6792e+00 +8.6743e-01 -3.6947e-01 +6.4256e-01
2 0 +9.804125674e+02 +1.012382567e+03 +1.012382567e+03 -3.6342e-01 -3.6573e-01 +3.4196e-01 -1.8133e+00 -1.6249e+00 -4.6229e-01 -9.1283e-01 +4.1425e-01 -8.0802e-01 -1.3123e+00
9 0 +9.312962585e+02 +9.632662585e+02 +9.632662585e+02 -1.1967e-01 +4.5711e-01 +1.5779e+00 -4.1827e-01 -7.0849e-01 -4.0176e-01 +1.0154e+00 +4.2875e-01 -4.2976e-01 +6.1327e-01
10 0 +1.950489300e+02 +2.270189300e+02 +2.270189300e+02 +1.9708e-01 +1.0686e+00 -6.0205e-01 -2.2766e-01 -2.9211e-01 -1.3635e+00 +3.9612e-01 +3.6106e-01 +1.0511e-01 -1.3459e-01
101 0 +1.844382366e+02 +2.164082366e+02 +2.164082366e+02 +6.8890e-03 +6.4415e-01 -1.0937e-01 -7.8608e-01 +8.9039e-01 -7.1369e-01 -4.7894e-02 -2.0828e-02 +6.9981e-01 -1.6571e-01
151 0 +1.045207359e+02 +1.364907359e+02 +1.364907359e+02 -2.5743e-01 -1.8084e-01 -1.1238e+00 -3.7717e-01 +2.9479e-01 -9.3183e-01 +4.3596e-01 -1.9582e-01 +1.0405e-01 -5.8159e-01
201 0 +9.963663431e+01 +1.316066343e+02 +1.316066343e+02 -4.0968e-01 +1.5026e-01 -7.3845e-01 -9.2703e-01 -8.2513e-02 -8.0734e-01 -8.1907e-01 +6.2788e-01 +6.8620e-01 +2.6462e-02
251 0 +9.182251912e+01 +1.237925191e+02 +1.237925191e+02 -2.6529e-01 -1.1443e-01 -1.0380e+00 +2.9547e-01 -4.1867e-01 -6.2928e-01 -3.7467e-02 -5.0293e-01 +7.4747e-01 -3.9573e-01
301 0 +6.107533881e+01 +9.304533881e+01 +9.304533881e+01 -6.6798e-01 -2.4405e-02 -8.6332e-01 -2.0551e-01 -1.3397e-01 -1.1984e+00 +9.4679e-02 -6.6241e-02 +7.7189e-01 -1.6146e-01
351 0 +3.446120911e+01 +6.643120911e+01 +6.643120911e+01 -1.3810e-01 -2.6588e-01 -9.9890e-01 -1.3167e-01 -3.2704e-02 -7.6486e-01 -2.5555e-01 -2.7035e-01 +5.3229e-01 -5.3553e-01
401 0 +2.655360228e+01 +5.852360228e+01 +5.852360228e+01 -4.7862e-01 +1.0039e-01 -8.7243e-01 -6.9345e-02 -1.8884e-01 -5.6764e-01 -4.0178e-01 -1.4743e-01 +5.2388e-01 -3.4769e-01
501 0 +2.313976374e+01 +5.510976374e+01 +5.510976374e+01 -2.4748e-01 -2.5730e-01 -9.8931e-01 -2.4488e-01 -1.8271e-01 -8.9202e-01 -1.1326e-01 -3.1886e-01 +4.7227e-01 -2.8066e-01
551 0 +2.164263690e+01 +5.361263690e+01 +5.361263690e+01 -2.7487e-01 -7.2704e-02 -9.2658e-01 -1.2845e-01 -1.1334e-01 -3.8116e-01 -3.6139e-02 -7.0960e-02 +3.3153e-01 -4.0369e-01
601 0 +1.560308379e+01 +4.757308379e+01 +4.757308379e+01 -4.0453e-01 -1.2677e-02 -9.4795e-01 -4.7155e-01 +7.1494e-02 -8.1138e-01 -4.8078e-01 -1.7323e-03 +6.1321e-01 -1.2836e-01
701 0 +1.179745885e+01 +4.376745885e+01 +4.376745885e+01 -4.4319e-01 -6.3085e-02 -1.0695e+00 -2.4498e-01 -2.4087e-01 -7.5342e-01 +6.8482e-02 -1.8777e-01 +5.4726e-01 -2.7135e-01
801 0 +1.084220201e+01 +4.281220201e+01 +4.281220201e+01 -4.2982e-01 -1.4934e-01 -8.8205e-01 -2.8280e-01 -2.5723e-01 -5.8899e-01 -2.4206e-02 -2.7639e-01 +4.3005e-01 -2.8157e-01
851 0 +1.080291110e+01 +4.277291110e+01 +4.277291110e+01 -4.2905e-01 +7.8324e-02 -1.0154e+00 -3.1305e-01 -1.4838e-01 -7.4153e-01 -2.7863e-01 -1.2334e-01 +5.9311e-01 -3.6449e-01
901 0 +1.072736649e+01 +4.269736649e+01 +4.269736649e+01 -4.2174e-01 -2.7874e-02 -1.0387e+00 -3.3978e-01 -1.4817e-01 -6.4326e-01 -1.3329e-01 -7.3402e-02 +5.4242e-01 -3.4038e-01
1001 0 +9.236247952e+00 +4.120624795e+01 +4.120624795e+01 -3.7842e-01 -1.2620e-01 -1.0057e+00 -2.9329e-01 -1.5775e-01 -6.6645e-01 +9.3976e-02 -2.0511e-01 +4.5255e-01 -3.1621e-01
1101 0 +8.958457779e+00 +4.092845778e+01 +4.092845778e+01 -4.0055e-01 -7.6852e-02 -9.6524e-01 -2.8140e-01 -2.2978e-01 -6.8545e-01 +1.6188e-02 -2.4965e-01 +4.7827e-01 -4.1275e-01
1151 0 +8.347501997e+00 +4.031750200e+01 +4.031750200e+01 -3.2633e-01 -1.2979e-01 -9.5195e-01 -2.5418e-01 -2.1992e-01 -5.8469e-01 +9.9730e-02 -2.5398e-01 +4.5446e-01 -3.4571e-01
1201 0 +8.257512570e+00 +4.022751257e+01 +4.022751257e+01 -3.6980e-01 -1.2674e-01 -9.4933e-01 -2.4614e-01 -2.0940e-01 -6.0530e-01 +6.2603e-02 -2.4844e-01 +4.3666e-01 -3.5578e-01
1251 0 +7.942620339e+00 +3.991262034e+01 +3.991262034e+01 -3.6325e-01 -1.5724e-01 -9.5439e-01 -2.2632e-01 -1.8243e-01 -6.1224e-01 +9.2772e-02 -2.4446e-01 +4.7040e-01 -3.2790e-01
1351 0 +7.871076697e+00 +3.984107670e+01 +3.984107670e+01 -3.2115e-01 -2.5640e-01 -9.6224e-01 -2.2565e-01 -2.2194e-01 -5.7674e-01 +1.5921e-01 -2.7054e-01 +4.7994e-01 -3.0438e-01
1401 0 +7.678411062e+00 +3.964841106e+01 +3.964841106e+01 -3.7077e-01 -3.1412e-01 -9.2154e-01 -2.3779e-01 -1.8661e-01 -5.2181e-01 +2.0975e-01 -3.2125e-01 +5.1067e-01 -2.9468e-01
1451 0 +7.583452047e+00 +3.955345205e+01 +3.955345205e+01 -3.5516e-01 -3.4689e-01 -9.0385e-01 -2.1713e-01 -1.7244e-01 -4.7215e-01 +2.4837e-01 -3.2617e-01 +5.1210e-01 -2.5177e-01
1501 0 +7.384433398e+00 +3.935443340e+01 +3.935443340e+01 -3.0784e-01 -3.7062e-01 -8.4205e-01 -2.2784e-01 -2.2814e-01 -3.8603e-01 +3.1707e-01 -3.6746e-01 +5.0563e-01 -1.7755e-01
1701 0 +7.076426847e+00 +3.904642685e+01 +3.904642685e+01 -3.0996e-01 -4.8738e-01 -7.8847e-01 -2.3355e-01 -2.2117e-01 -3.2073e-01 +3.4954e-01 -3.7799e-01 +5.1976e-01 -1.7420e-01
1751 0 +7.016977865e+00 +3.898697786e+01 +3.898697786e+01 -3.1986e-01 -4.5138e-01 -8.1062e-01 -2.3267e-01 -1.9488e-01 -3.8835e-01 +3.0414e-01 -3.8778e-01 +4.9823e-01 -1.5585e-01
1801 0 +6.832010309e+00 +3.880201031e+01 +3.880201031e+01 -2.8775e-01 -4.6709e-01 -7.2876e-01 -2.7071e-01 -2.4168e-01 -3.1439e-01 +3.6412e-01 -4.1049e-01 +5.3436e-01 -1.2642e-01
2001 0 +6.729545241e+00 +3.869954524e+01 +3.869954524e+01 -2.9887e-01 -4.3037e-01 -7.5758e-01 -2.6265e-01 -2.0626e-01 -2.6967e-01 +3.0151e-01 -4.0824e-01 +5.2227e-01 -1.4563e-01
2101 0 +6.680164892e+00 +3.865016489e+01 +3.865016489e+01 -3.0825e-01 -4.2995e-01 -7.6270e-01 -2.7862e-01 -1.8840e-01 -2.8166e-01 +3.5649e-01 -3.9761e-01 +5.3146e-01 -1.1518e-01
2151 0 +6.437751600e+00 +3.840775160e+01 +3.840775160e+01 -2.8873e-01 -5.6187e-01 -6.6904e-01 -3.0763e-01 -2.1544e-01 -1.6334e-01 +3.9099e-01 -4.8755e-01 +5.8080e-01 -2.7672e-02
2201 0 +6.095424603e+00 +3.806542460e+01 +3.806542460e+01 -2.5586e-01 -5.4495e-01 -6.4556e-01 -3.2633e-01 -1.8182e-01 -1.3400e-01 +3.7306e-01 -4.8222e-01 +5.5756e-01 -5.7890e-02
2301 0 +5.981598453e+00 +3.795159845e+01 +3.795159845e+01 -2.3869e-01 -4.9236e-01 -6.4784e-01 -3.3861e-01 -1.6658e-01 -1.7138e-01 +3.7416e-01 -5.1442e-01 +5.6674e-01 -5.5454e-02
2351 0 +5.847329413e+00 +3.781732941e+01 +3.781732941e+01 -2.5877e-01 -5.3983e-01 -5.6551e-01 -3.5616e-01 -1.4979e-01 -7.6409e-02 +4.1470e-01 -5.3942e-01 +5.5542e-01 +4.5573e-02
2451 0 +5.516099046e+00 +3.748609905e+01 +3.748609905e+01 -2.6962e-01 -5.2155e-01 -5.0748e-01 -4.0434e-01 -1.4350e-01 -5.6760e-02 +3.9958e-01 -5.7221e-01 +5.6011e-01 +3.3210e-02
% f evaluations | g evaluations | best noise-free fitness - Fopt (5.819000000000e+01) + sum g_i+ | measured fitness | best measured fitness or single-digit g-values | x1 | x2...
1 0 +2.639490045e+03 +2.697680045e+03 +2.697680045e+03 +5.9671e-01 -3.8264e-02 +7.4769e-01 +1.6230e+00 -1.3415e-01 -1.3414e-01 +1.6792e+00 +8.6743e-01 -3.6947e-01 +6.4256e-01
2 0 +1.642335504e+03 +1.700525504e+03 +1.700525504e+03 -3.6342e-01 -3.6573e-01 +3.4196e-01 -1.8133e+00 -1.6249e+00 -4.6229e-01 -9.1283e-01 +4.1425e-01 -8.0802e-01 -1.3123e+00
5 0 +6.991738804e+02 +7.573638804e+02 +7.573638804e+02 +8.3847e-01 +2.7137e-01 -1.5648e-02 -2.0110e-01 -1.3785e+00 -6.1984e-01 -3.6064e-01 +1.1571e+00 +4.4362e-01 -1.6630e+00
31 0 +2.560415548e+02 +3.142315548e+02 +3.142315548e+02 -7.2900e-01 -4.6018e-01 +8.4729e-01 +7.1037e-01 +7.9098e-02 +2.1733e-01 +1.3777e+00 -4.9157e-01 +6.4710e-01 -1.0219e-01
51 0 +2.285498500e+02 +2.867398500e+02 +2.867398500e+02 -5.2869e-01 -6.8382e-01 -1.9999e-02 +3.8799e-01 -1.8627e-01 -3.1937e-01 +7.2418e-02 +3.1506e-01 -4.2967e-01 -3.2776e-02
101 0 +1.336282830e+02 +1.918182830e+02 +1.918182830e+02 +1.0141e+00 -7.5409e-02 +1.0781e+00 +3.3724e-01 -3.4592e-01 +8.2927e-01 +3.9835e-01 +2.0874e-01 +5.4130e-02 -7.8309e-01
151 0 +9.365153165e+01 +1.518415316e+02 +1.518415316e+02 +3.3445e-01 +4.1265e-01 -1.6356e-01 -3.3760e-01 -4.0070e-01 +5.8214e-01 +2.2168e-01 -4.1660e-01 +2.7474e-01 -8.1109e-01
201 0 +9.174813973e+01 +1.499381397e+02 +1.499381397e+02 +1.6838e-01 +1.8818e-01 -2.5764e-01 +2.4339e-01 -3.1213e-01 +2.0421e-01 +1.0734e-01 -6.1060e-01 +2.8540e-01 -1.9017e-01
251 0 +5.373763027e+01 +1.119276303e+02 +1.119276303e+02 +2.8042e-01 -5.3857e-02 +6.2180e-01 +2.6307e-01 -4.6154e-01 +3.5572e-02 +2.7646e-01 -2.0890e-01 +4.2142e-01 -1.1914e-01
301 0 +3.171436873e+01 +8.990436873e+01 +8.990436873e+01 +1.8859e-02 -2.3144e-02 +9.2224e-01 +4.3368e-01 -5.2482e-01 +4.2785e-01 +8.5891e-01 -3.5451e-01 +3.2351e-01 -4.7542e-01
401 0 +2.757445273e+01 +8.576445273e+01 +8.576445273e+01 +6.7140e-01 -4.1579e-01 +6.3621e-01 +1.7328e-01 -9.3029e-01 -1.7145e-01 +2.0570e-01 -2.4950e-01 +5.6295e-01 -9.8128e-03
451 0 +2.709497416e+01 +8.528497416e+01 +8.528497416e+01 +7.7667e-01 -4.0747e-02 +4.1666e-01 +1.4727e-01 -3.4637e-01 +1.1800e-01 +2.4057e-01 -8.4666e-02 +4.2126e-01 -5.6984e-01
501 0 +2.315473353e+01 +8.134473353e+01 +8.134473353e+01 +6.4399e-01 -1.2407e-01 +8.6258e-01 +1.6010e-01 -4.7603e-01 +4.1575e-01 +6.4518e-01 -3.7525e-01 +6.3343e-01 -4.6395e-01
551 0 +1.675005530e+01 +7.494005530e+01 +7.494005530e+01 +7.7299e-01 -2.2782e-01 +6.7753e-01 +3.3213e-01 -8.4493e-01 +3.4958e-01 +2.7801e-01 -3.0832e-01 +5.0316e-01 -6.1117e-01
601 0 +1.594467784e+01 +7.413467784e+01 +7.413467784e+01 +5.6603e-01 +1.8488e-01 +6.8813e-01 +4.9836e-01 -7.0246e-01 +4.0628e-01 +5.4132e-01 -4.0533e-01 +6.1072e-01 -5.8199e-01
701 0 +1.342748838e+01 +7.161748838e+01 +7.161748838e+01 +8.1699e-01 -1.5047e-01 +5.2589e-01 +1.2770e-01 -5.7053e-01 +1.9476e-01 +2.9598e-01 -4.2962e-01 +4.6513e-01 -5.6078e-01
751 0 +1.178832604e+01 +6.997832604e+01 +6.997832604e+01 +4.4779e-01 +1.0424e-01 +7.3102e-01 +4.3736e-01 -5.6557e-01 +5.0655e-01 +6.5023e-01 -3.6057e-01 +6.5355e-01 -5.2217e-01
901 0 +1.072726301e+01 +6.891726301e+01 +6.891726301e+01 +7.3969e-01 -6.7355e-02 +6.5187e-01 +1.9162e-01 -6.4743e-01 +3.8279e-01 +3.5532e-01 -3.2226e-01 +5.8369e-01 -5.6914e-01
951 0 +9.388406724e+00 +6.757840672e+01 +6.757840672e+01 +7.7082e-01 -1.3316e-01 +5.5849e-01 +2.4230e-01 -6.9306e-01 +2.6051e-01 +3.1899e-01 -3.0707e-01 +6.1749e-01 -5.3113e-01
1151 0 +9.024844074e+00 +6.721484407e+01 +6.721484407e+01 +7.8698e-01 -1.5501e-01 +5.7273e-01 +2.1209e-01 -7.0344e-01 +2.6216e-01 +2.6576e-01 -3.7124e-01 +5.9135e-01 -5.4162e-01
1201 0 +8.865187382e+00 +6.705518738e+01 +6.705518738e+01 +7.9521e-01 -1.5930e-01 +5.2791e-01 +2.0568e-01 -6.9247e-01 +2.2985e-01 +2.1412e-01 -3.2797e-01 +6.0352e-01 -5.2642e-01
1251 0 +8.814361074e+00 +6.700436107e+01 +6.700436107e+01 +8.0670e-01 -1.7791e-01 +4.9868e-01 +2.4548e-01 -6.8704e-01 +2.0041e-01 +1.9899e-01 -3.1924e-01 +5.8693e-01 -4.9885e-01
1351 0 +8.638829646e+00 +6.682882965e+01 +6.682882965e+01 +8.0525e-01 -2.0704e-01 +4.9957e-01 +1.9794e-01 -7.6965e-01 +1.4310e-01 +1.5632e-01 -2.8696e-01 +6.1525e-01 -4.2903e-01
1551 0 +8.498356304e+00 +6.668835630e+01 +6.668835630e+01 +7.9035e-01 -2.2560e-01 +4.9209e-01 +2.0049e-01 -7.0509e-01 +1.7631e-01 +1.7714e-01 -3.2641e-01 +5.7626e-01 -4.3695e-01
1651 0 +8.375559518e+00 +6.656555952e+01 +6.656555952e+01 +7.6403e-01 -1.9700e-01 +4.7010e-01 +1.9449e-01 -7.4132e-01 +1.3549e-01 +1.3315e-01 -2.9093e-01 +5.7431e-01 -3.3665e-01
1701 0 +8.120813361e+00 +6.631081336e+01 +6.631081336e+01 +7.9770e-01 -2.6961e-01 +4.5411e-01 +1.9876e-01 -7.6958e-01 +4.5233e-02 +1.0045e-01 -2.4956e-01 +6.2239e-01 -2.7432e-01
1801 0 +7.923150463e+00 +6.611315046e+01 +6.611315046e+01 +7.0488e-01 -3.0539e-01 +4.1627e-01 +2.0591e-01 -8.3054e-01 +2.9984e-02 +5.6265e-03 -2.2913e-01 +6.5935e-01 -1.2461e-01
1951 0 +7.586915140e+00 +6.577691514e+01 +6.577691514e+01 +7.1155e-01 -3.0675e-01 +4.4505e-01 +1.8932e-01 -8.1347e-01 +2.9416e-02 +6.3154e-03 -2.3289e-01 +6.1043e-01 -1.5584e-01
2051 0 +7.525047804e+00 +6.571504780e+01 +6.571504780e+01 +5.6571e-01 -3.7526e-01 +3.9288e-01 +1.8880e-01 -8.6254e-01 -7.4266e-02 -3.8777e-02 -1.8764e-01 +6.2012e-01 +1.2606e-03
2201 0 +7.363583178e+00 +6.555358318e+01 +6.555358318e+01 +6.1715e-01 -3.6781e-01 +4.3038e-01 +1.5664e-01 -8.2362e-01 -4.4148e-02 -1.8839e-02 -2.0725e-01 +6.1187e-01 -3.6379e-02
2301 0 +7.130578036e+00 +6.532057804e+01 +6.532057804e+01 +5.3324e-01 -3.9592e-01 +3.9974e-01 +1.7052e-01 -8.0879e-01 -1.7710e-02 -5.9620e-02 -2.0155e-01 +5.9464e-01 -1.7234e-02
2351 0 +6.898361043e+00 +6.508836104e+01 +6.508836104e+01 +5.2319e-01 -4.1673e-01 +3.9481e-01 +2.0894e-01 -8.1068e-01 -1.8759e-02 -1.1163e-01 -1.7552e-01 +5.9681e-01 +5.9327e-02
2451 0 +6.785329077e+00 +6.497532908e+01 +6.497532908e+01 +4.5235e-01 -4.0675e-01 +4.4312e-01 +2.2479e-01 -8.7630e-01 -5.3929e-02 -1.5236e-01 -1.8057e-01 +5.7373e-01 +7.8016e-02
