% f evaluations | g evaluations | best noise-free fitness - Fopt (2.997000000000e+01) + sum g_i+ | measured fitness | best measured fitness or single-digit g-values | x1 | x2...
1 0 +1.462433005e+03 +1.492403005e+03 +1.492403005e+03 +5.9671e-01 -3.8264e-02 +7.4769e-01 +1.6230e+00 -1.3415e-01
2 0 +1.061073956e+03 +1.091043956e+03 +1.091043956e+03 -1.3414e-01 +1.6792e+00 +8.6743e-01 -3.6947e-01 +6.4256e-01
3 0 +9.472936951e+02 +9.772636951e+02 +9.772636951e+02 -3.6342e-01 -3.6573e-01 +3.4196e-01 -1.8133e+00 -1.6249e+00
5 0 +8.776131466e+02 +9.075831466e+02 +9.075831466e+02 +1.5656e+00 -1.2578e-01 +1.6753e-01 -1.3247e+00 -4.4438e-01
7 0 +8.010567977e+02 +8.310267977e+02 +8.310267977e+02 -5.0171e-01 +1.9523e+00 +8.6503e-02 -9.5771e-01 +9.2254e-01
8 0 +5.991701095e+02 +6.291401095e+02 +6.291401095e+02 -1.1208e+00 +3.0886e-01 -1.8597e+00 -1.2282e+00 +2.9686e-01
31 0 +5.314301180e+02 +5.614001180e+02 +5.614001180e+02 +2.9569e-01 +1.6062e+00 -1.3285e+00 -1.5228e+00 +7.3355e-02
39 0 +4.739066630e+02 +5.038766630e+02 +5.038766630e+02 +2.2403e-01 -1.3161e+00 -3.0889e+00 -1.6008e+00 -3.4262e-01
41 0 +4.499429287e+02 +4.799129287e+02 +4.799129287e+02 -6.6188e-02 +2.1108e-01 -1.8127e+00 -1.4994e+00 +7.5342e-01
43 0 +4.489531870e+02 +4.789231870e+02 +4.789231870e+02 -1.2793e+00 +8.9942e-01 -1.4210e+00 -2.2770e+00 +1.6876e+00
44 0 +3.347461501e+02 +3.647161501e+02 +3.647161501e+02 +3.4457e-02 -3.4902e-01 -2.0428e+00 -1.9223e+00 +1.5623e+00
59 0 +3.268990800e+02 +3.568690800e+02 +3.568690800e+02 +8.4388e-01 -8.0643e-02 -2.0342e+00 -1.6269e+00 +1.8092e+00
79 0 +2.266883781e+02 +2.566583781e+02 +2.566583781e+02 +4.7634e-01 -1.9763e+00 -3.5049e+00 -2.1590e+00 +1.1997e+00
147 0 +2.070383171e+02 +2.370083171e+02 +2.370083171e+02 +1.6216e+00 -1.8834e+00 -4.3288e+00 -1.1851e+00 +3.3632e+00
163 0 +1.664587246e+02 +1.964287246e+02 +1.964287246e+02 +1.3606e+00 -7.2142e-01 -2.9590e+00 -1.9972e+00 +2.7939e+00
230 0 +1.415551298e+02 +1.715251298e+02 +1.715251298e+02 +1.0112e-01 +4.0030e-02 -3.7992e+00 -1.5512e+00 +4.2968e+00
237 0 +1.050466978e+02 +1.350166978e+02 +1.350166978e+02 +1.0898e+00 -2.9524e+00 -3.6020e+00 -2.3755e+00 +1.9546e+00
248 0 +9.273673573e+01 +1.227067357e+02 +1.227067357e+02 +8.9743e-01 -7.5759e-01 -3.4834e+00 -2.0528e+00 +3.4239e+00
285 0 +6.045756843e+01 +9.042756843e+01 +9.042756843e+01 +1.2946e+00 -2.4223e+00 -3.8552e+00 -1.9560e+00 +3.2580e+00
288 0 +5.126976123e+01 +8.123976123e+01 +8.123976123e+01 +3.7597e-01 -8.3983e-01 -3.5394e+00 -2.0050e+00 +3.4461e+00
347 0 +4.256917500e+01 +7.253917500e+01 +7.253917500e+01 +7.3122e-01 -1.4706e+00 -3.4332e+00 -1.9790e+00 +2.8923e+00
354 0 +2.909870545e+01 +5.906870545e+01 +5.906870545e+01 +8.6292e-01 -2.0133e+00 -3.7293e+00 -1.9266e+00 +3.1200e+00
439 0 +2.300209514e+01 +5.297209514e+01 +5.297209514e+01 +5.4648e-01 -9.4980e-01 -3.4357e+00 -1.9043e+00 +3.2195e+00
467 0 +1.995360545e+01 +4.992360545e+01 +4.992360545e+01 +7.7052e-01 -1.5573e+00 -3.5621e+00 -1.9764e+00 +3.0038e+00
479 0 +1.747918109e+01 +4.744918109e+01 +4.744918109e+01 +9.8620e-01 -1.9834e+00 -3.6672e+00 -1.9509e+00 +2.9507e+00
509 0 +1.213476054e+01 +4.210476054e+01 +4.210476054e+01 +9.9520e-01 -2.1673e+00 -3.7697e+00 -1.9944e+00 +2.9835e+00
564 0 +1.137123138e+01 +4.134123138e+01 +4.134123138e+01 +8.6389e-01 -1.8310e+00 -3.7020e+00 -1.9707e+00 +3.0292e+00
611 0 +8.569443485e+00 +3.853944348e+01 +3.853944348e+01 +9.6996e-01 -2.0821e+00 -3.7579e+00 -1.9772e+00 +2.9564e+00
620 0 +7.171870553e+00 +3.714187055e+01 +3.714187055e+01 +8.6918e-01 -1.7928e+00 -3.6729e+00 -1.9563e+00 +3.0535e+00
649 0 +5.269679774e+00 +3.523967977e+01 +3.523967977e+01 +8.8656e-01 -1.7627e+00 -3.6678e+00 -1.9462e+00 +3.0482e+00
718 0 +2.525927225e+00 +3.249592722e+01 +3.249592722e+01 +8.8231e-01 -1.7527e+00 -3.6720e+00 -1.9449e+00 +3.1065e+00
817 0 +4.925309793e-01 +3.046253098e+01 +3.046253098e+01 +9.5437e-01 -1.9114e+00 -3.7129e+00 -1.9605e+00 +3.0329e+00
973 0 +3.317265339e-01 +3.030172653e+01 +3.030172653e+01 +9.4104e-01 -1.8806e+00 -3.7043e+00 -1.9584e+00 +3.0415e+00
1012 0 +2.030481099e-01 +3.017304811e+01 +3.017304811e+01 +9.3254e-01 -1.8582e+00 -3.6997e+00 -1.9558e+00 +3.0518e+00
1167 0 +1.825904055e-01 +3.015259041e+01 +3.015259041e+01 +9.2517e-01 -1.8365e+00 -3.6939e+00 -1.9532e+00 +3.0599e+00
1194 0 +1.534105001e-01 +3.012341050e+01 +3.012341050e+01 +9.3409e-01 -1.8597e+00 -3.7000e+00 -1.9555e+00 +3.0505e+00
% f evaluations | g evaluations | best noise-free fitness - Fopt (-5.171000000000e+01) + sum g_i+ | measured fitness | best measured fitness or single-digit g-values | x1 | x2...
1 0 +1.411116050e+03 +1.359406050e+03 +1.359406050e+03 +5.9671e-01 -3.8264e-02 +7.4769e-01 +1.6230e+00 -1.3415e-01
2 0 +1.255469916e+03 +1.203759916e+03 +1.203759916e+03 -1.3414e-01 +1.6792e+00 +8.6743e-01 -3.6947e-01 +6.4256e-01
5 0 +1.027844135e+03 +9.761341354e+02 +9.761341354e+02 +1.5656e+00 -1.2578e-01 +1.6753e-01 -1.3247e+00 -4.4438e-01
27 0 +9.362159121e+02 +8.845059121e+02 +8.845059121e+02 +1.5422e+00 +8.0308e-01 -1.8020e+00 -8.2303e-02 -8.5577e-01
29 0 +7.881169004e+02 +7.364069004e+02 +7.364069004e+02 +1.3696e+00 +1.3403e+00 -1.8073e+00 -9.0328e-01 -4.6785e-01
55 0 +5.956930182e+02 +5.439830182e+02 +5.439830182e+02 +2.2352e+00 -6.1266e-01 -2.3558e+00 -3.1755e+00 +6.0682e-01
67 0 +5.411934396e+02 +4.894834396e+02 +4.894834396e+02 +1.5154e+00 +2.4105e+00 -1.9634e+00 -1.5796e+00 +4.9163e-01
70 0 +4.122347918e+02 +3.605247918e+02 +3.605247918e+02 +3.5054e+00 +3.2952e+00 -2.1338e+00 -9.9281e-01 +1.3103e+00
85 0 +1.730751638e+02 +1.213651638e+02 +1.213651638e+02 +2.6097e+00 +3.4055e+00 -3.3249e+00 -2.8400e+00 +1.8725e+00
132 0 +1.229385723e+02 +7.122857229e+01 +7.122857229e+01 +2.7173e+00 +2.5841e+00 -3.5403e+00 -3.8851e+00 +1.8959e+00
207 0 +1.071642191e+02 +5.545421908e+01 +5.545421908e+01 +2.4360e+00 +2.9265e+00 -3.4056e+00 -4.1464e+00 +6.0749e-01
230 0 +6.144473971e+01 +9.734739708e+00 +9.734739708e+00 +2.5432e+00 +2.9753e+00 -3.2173e+00 -3.5877e+00 +8.1759e-01
257 0 +5.274619902e+01 +1.036199023e+00 +1.036199023e+00 +2.1324e+00 +2.5457e+00 -3.7922e+00 -3.5822e+00 +1.5673e+00
358 0 +4.665081013e+01 -5.059189871e+00 -5.059189871e+00 +3.0237e+00 +3.5830e+00 -2.9245e+00 -3.8450e+00 +3.6433e-01
389 0 +3.645441241e+01 -1.525558759e+01 -1.525558759e+01 +2.4227e+00 +2.5150e+00 -3.5230e+00 -3.5960e+00 +1.5858e+00
405 0 +2.079877925e+01 -3.091122075e+01 -3.091122075e+01 +2.3214e+00 +2.2975e+00 -3.7750e+00 -3.6365e+00 +1.7958e+00
408 0 +1.708334027e+01 -3.462665973e+01 -3.462665973e+01 +2.4330e+00 +2.6878e+00 -3.5985e+00 -3.7672e+00 +1.4031e+00
457 0 +1.501885488e+01 -3.669114512e+01 -3.669114512e+01 +2.5965e+00 +3.2824e+00 -3.3441e+00 -3.6542e+00 +9.2114e-01
540 0 +3.608378299e+00 -4.810162170e+01 -4.810162170e+01 +2.6998e+00 +3.3664e+00 -3.2447e+00 -3.6575e+00 +8.3845e-01
769 0 +3.495612536e+00 -4.821438746e+01 -4.821438746e+01 +2.5271e+00 +2.9732e+00 -3.4493e+00 -3.6763e+00 +1.1854e+00
787 0 +3.221124898e+00 -4.848887510e+01 -4.848887510e+01 +2.5150e+00 +2.9551e+00 -3.4562e+00 -3.6630e+00 +1.2136e+00
818 0 +1.272123514e+00 -5.043787649e+01 -5.043787649e+01 +2.5471e+00 +2.9939e+00 -3.4407e+00 -3.6518e+00 +1.1780e+00
877 0 +1.147501409e+00 -5.056249859e+01 -5.056249859e+01 +2.5338e+00 +2.9763e+00 -3.4514e+00 -3.6605e+00 +1.1938e+00
886 0 +5.603562469e-01 -5.114964375e+01 -5.114964375e+01 +2.5447e+00 +3.0046e+00 -3.4374e+00 -3.6585e+00 +1.1717e+00
919 0 +5.477246901e-01 -5.116227531e+01 -5.116227531e+01 +2.5250e+00 +2.9585e+00 -3.4644e+00 -3.6583e+00 +1.2167e+00
993 0 +4.871981335e-01 -5.122280187e+01 -5.122280187e+01 +2.5506e+00 +3.0154e+00 -3.4295e+00 -3.6567e+00 +1.1609e+00
1017 0 +4.151093161e-01 -5.129489068e+01 -5.129489068e+01 +2.5710e+00 +3.0604e+00 -3.4061e+00 -3.6580e+00 +1.1192e+00
1031 0 +3.399852736e-01 -5.137001473e+01 -5.137001473e+01 +2.5571e+00 +3.0271e+00 -3.4242e+00 -3.6547e+00 +1.1513e+00
1055 0 +2.771124742e-01 -5.143288753e+01 -5.143288753e+01 +2.5510e+00 +3.0159e+00 -3.4313e+00 -3.6563e+00 +1.1629e+00
1056 0 +2.375426953e-01 -5.147245730e+01 -5.147245730e+01 +2.5458e+00 +3.0039e+00 -3.4380e+00 -3.6567e+00 +1.1737e+00
1113 0 +2.033045746e-01 -5.150669543e+01 -5.150669543e+01 +2.5706e+00 +3.0569e+00 -3.4064e+00 -3.6557e+00 +1.1220e+00
1139 0 +2.026145543e-01 -5.150738545e+01 -5.150738545e+01 +2.5850e+00 +3.0900e+00 -3.3874e+00 -3.6548e+00 +1.0909e+00
1163 0 +1.615498325e-01 -5.154845017e+01 -5.154845017e+01 +2.5700e+00 +3.0562e+00 -3.4066e+00 -3.6557e+00 +1.1226e+00
1227 0 +1.377427950e-01 -5.157225720e+01 -5.157225720e+01 +2.5833e+00 +3.0866e+00 -3.3883e+00 -3.6561e+00 +1.0928e+00
1228 0 +1.248087454e-01 -5.158519125e+01 -5.158519125e+01 +2.5766e+00 +3.0725e+00 -3.3973e+00 -3.6565e+00 +1.1075e+00
% f evaluations | g evaluations | best noise-free fitness - Fopt (-2.799500000000e+02) + sum g_i+ | measured fitness | best measured fitness or single-digit g-values | x1 | x2...
1 0 +1.963968683e+03 +1.684018683e+03 +1.684018683e+03 +5.9671e-01 -3.8264e-02 +7.4769e-01 +1.6230e+00 -1.3415e-01
3 0 +1.700153570e+03 +1.420203570e+03 +1.420203570e+03 -3.6342e-01 -3.6573e-01 +3.4196e-01 -1.8133e+00 -1.6249e+00
4 0 +1.537194153e+03 +1.257244153e+03 +1.257244153e+03 -4.6229e-01 -9.1283e-01 +4.1425e-01 -8.0802e-01 -1.3123e+00
30 0 +1.435113470e+03 +1.155163470e+03 +1.155163470e+03 -2.3039e+00 -1.4676e-01 +1.3774e-01 -8.7059e-01 -1.0720e+00
44 0 +1.346178400e+03 +1.066228400e+03 +1.066228400e+03 -1.2756e+00 -6.9690e-01 +1.2119e+00 -3.3687e-02 -2.2443e+00
47 0 +1.196659649e+03 +9.167096494e+02 +9.167096494e+02 -1.3172e+00 -1.5460e+00 -1.5350e-01 +8.1999e-01 -3.7443e+00
58 0 +8.312785677e+02 +5.513285677e+02 +5.513285677e+02 -2.7817e+00 -1.5810e+00 +1.5292e+00 -7.5586e-01 -3.1175e+00
84 0 +6.205196173e+02 +3.405696173e+02 +3.405696173e+02 -4.1640e+00 -3.7406e+00 -1.0727e-01 +5.7175e-01 -4.0142e+00
89 0 +4.263633592e+02 +1.464133592e+02 +1.464133592e+02 -4.6710e+00 -3.5543e+00 +1.3428e+00 -2.9198e+00 -3.3829e+00
109 0 +3.731521967e+02 +9.320219668e+01 +9.320219668e+01 -3.6687e+00 -2.8753e+00 +4.7690e+00 -2.6810e+00 -3.4775e+00
130 0 +3.405751792e+02 +6.062517920e+01 +6.062517920e+01 -4.1054e+00 -4.2407e+00 +2.3640e+00 -1.0551e+00 -9.6060e-01
133 0 +3.102382342e+02 +3.028823422e+01 +3.028823422e+01 -4.2593e+00 -3.6635e+00 +1.3952e+00 -2.0298e+00 -3.4722e+00
171 0 +2.854813565e+02 +5.531356531e+00 +5.531356531e+00 -3.9221e+00 -3.4617e+00 +4.3136e+00 -1.4785e+00 -1.8093e+00
215 0 +1.802298388e+02 -9.972016125e+01 -9.972016125e+01 -4.4453e+00 -2.9991e+00 +4.8950e+00 -1.3723e+00 -4.7054e+00
238 0 +1.585598258e+02 -1.213901742e+02 -1.213901742e+02 -4.0054e+00 -3.9758e+00 +4.3070e+00 -1.3375e+00 -3.8977e+00
256 0 +1.553135457e+02 -1.246364543e+02 -1.246364543e+02 -4.2060e+00 -2.9219e+00 +3.9035e+00 -1.7024e+00 -4.8503e+00
267 0 +1.168321450e+02 -1.631178550e+02 -1.631178550e+02 -3.4792e+00 -3.9711e+00 +2.9206e+00 -1.5933e+00 -4.1483e+00
285 0 +1.154425292e+02 -1.645074708e+02 -1.645074708e+02 -2.7736e+00 -4.7591e+00 +2.2959e+00 -9.8268e-01 -3.5499e+00
289 0 +7.144549458e+01 -2.085045054e+02 -2.085045054e+02 -4.4667e+00 -2.8574e+00 +4.6200e+00 -1.6660e+00 -4.1937e+00
312 0 +6.325215661e+01 -2.166978434e+02 -2.166978434e+02 -4.1167e+00 -3.6838e+00 +3.8000e+00 -1.0692e+00 -3.4455e+00
364 0 +6.148976171e+01 -2.184602383e+02 -2.184602383e+02 -4.7705e+00 -2.9726e+00 +4.4022e+00 -1.8262e+00 -3.6917e+00
374 0 +4.567403460e+01 -2.342759654e+02 -2.342759654e+02 -3.9308e+00 -3.5267e+00 +3.7889e+00 -1.4281e+00 -4.0266e+00
418 0 +3.440886106e+01 -2.455411389e+02 -2.455411389e+02 -4.2638e+00 -3.1741e+00 +4.2483e+00 -1.5242e+00 -3.9331e+00
448 0 +2.580182148e+01 -2.541481785e+02 -2.541481785e+02 -4.2242e+00 -3.3611e+00 +4.0978e+00 -1.5508e+00 -3.7403e+00
456 0 +2.375296313e+01 -2.561970369e+02 -2.561970369e+02 -4.2688e+00 -3.2227e+00 +4.1110e+00 -1.5550e+00 -3.6926e+00
556 0 +1.604284858e+01 -2.639071514e+02 -2.639071514e+02 -3.9757e+00 -3.6310e+00 +3.6931e+00 -1.3012e+00 -3.5678e+00
560 0 +1.346387112e+01 -2.664861289e+02 -2.664861289e+02 -4.0460e+00 -3.4891e+00 +3.9048e+00 -1.3108e+00 -3.6705e+00
632 0 +1.288176472e+01 -2.670682353e+02 -2.670682353e+02 -4.1582e+00 -3.3876e+00 +3.9455e+00 -1.4778e+00 -3.7757e+00
633 0 +1.219831361e+01 -2.677516864e+02 -2.677516864e+02 -4.2053e+00 -3.3342e+00 +4.0017e+00 -1.5145e+00 -3.7781e+00
656 0 +6.018302910e+00 -2.739316971e+02 -2.739316971e+02 -3.9626e+00 -3.6091e+00 +3.7084e+00 -1.2632e+00 -3.6239e+00
721 0 +5.000120226e+00 -2.749498798e+02 -2.749498798e+02 -3.9559e+00 -3.6085e+00 +3.7207e+00 -1.2678e+00 -3.6114e+00
782 0 +4.427535798e+00 -2.755224642e+02 -2.755224642e+02 -3.4988e+00 -4.0969e+00 +3.1006e+00 -8.6270e-01 -3.3916e+00
869 0 +3.674307340e+00 -2.762756927e+02 -2.762756927e+02 -3.3334e+00 -4.2593e+00 +2.9240e+00 -7.2324e-01 -3.2928e+00
905 0 +1.610870580e+00 -2.783391294e+02 -2.783391294e+02 -3.5834e+00 -4.0000e+00 +3.2282e+00 -9.5267e-01 -3.4334e+00
967 0 +1.572223367e+00 -2.783777766e+02 -2.783777766e+02 -3.5125e+00 -4.0719e+00 +3.1371e+00 -8.8794e-01 -3.3800e+00
1008 0 +1.073044505e+00 -2.788769555e+02 -2.788769555e+02 -3.5453e+00 -4.0338e+00 +3.1881e+00 -9.1421e-01 -3.4016e+00
1031 0 +7.649842343e-01 -2.791850158e+02 -2.791850158e+02 -3.4576e+00 -4.1321e+00 +3.0680e+00 -8.4136e-01 -3.3608e+00
1082 0 +7.043375907e-01 -2.792456624e+02 -2.792456624e+02 -3.5358e+00 -4.0482e+00 +3.1716e+00 -9.0382e-01 -3.3948e+00
1083 0 +6.557604539e-01 -2.792942395e+02 -2.792942395e+02 -3.5279e+00 -4.0550e+00 +3.1595e+00 -8.9862e-01 -3.3985e+00
1122 0 +4.362790671e-01 -2.795137209e+02 -2.795137209e+02 -3.5277e+00 -4.0566e+00 +3.1574e+00 -8.9971e-01 -3.3960e+00
1171 0 +2.977214255e-01 -2.796522786e+02 -2.796522786e+02 -3.6545e+00 -3.9216e+00 +3.3218e+00 -1.0073e+00 -3.4585e+00
1218 0 +2.840096819e-01 -2.796659903e+02 -2.796659903e+02 -3.5985e+00 -3.9806e+00 +3.2505e+00 -9.6114e-01 -3.4339e+00
1231 0 +2.396687317e-01 -2.797103313e+02 -2.797103313e+02 -3.5691e+00 -4.0126e+00 +3.2130e+00 -9.3409e-01 -3.4174e+00
1234 0 +2.235103523e-01 -2.797264896e+02 -2.797264896e+02 -3.5894e+00 -3.9906e+00 +3.2406e+00 -9.5114e-01 -3.4263e+00
% f evaluations | g evaluations | best noise-free fitness - Fopt (9.319900000000e+02) + sum g_i+ | measured fitness | best measured fitness or single-digit g-values | x1 | x2...
1 0 +8.100504528e+02 +1.742040453e+03 +1.742040453e+03 +5.9671e-01 -3.8264e-02 +7.4769e-01 +1.6230e+00 -1.3415e-01
2 0 +5.567058285e+02 +1.488695828e+03 +1.488695828e+03 -1.3414e-01 +1.6792e+00 +8.6743e-01 -3.6947e-01 +6.4256e-01
29 0 +4.492644588e+02 +1.381254459e+03 +1.381254459e+03 -2.5598e-01 +2.6459e+00 +2.8619e+00 -2.2520e+00 +9.2914e-01
31 0 +3.578160124e+02 +1.289806012e+03 +1.289806012e+03 -5.8249e-01 +7.1443e-01 +2.6474e+00 -6.7801e-01 +2.5647e+00
61 0 +2.602294972e+02 +1.192219497e+03 +1.192219497e+03 +6.9251e-01 +4.7369e-01 +2.7695e+00 -2.1875e+00 +3.2009e+00
72 0 +1.765126933e+02 +1.108502693e+03 +1.108502693e+03 +4.1382e-01 +1.5370e-02 +2.7038e+00 -1.4962e+00 +2.3129e+00
117 0 +1.192451747e+02 +1.051235175e+03 +1.051235175e+03 +1.2323e+00 +8.2058e-01 +2.1580e+00 -1.8825e+00 +2.4333e+00
166 0 +1.171551282e+02 +1.049145128e+03 +1.049145128e+03 +1.0287e+00 -1.1005e-01 +1.1476e+00 -2.1803e+00 +2.9267e+00
190 0 +1.153886611e+02 +1.047378661e+03 +1.047378661e+03 +2.9205e-01 -2.2540e-01 +1.2925e+00 -2.7433e+00 +2.9565e+00
232 0 +1.108178212e+02 +1.042807821e+03 +1.042807821e+03 +8.0215e-01 +6.0526e-01 +2.9017e+00 -1.1661e+00 +2.1425e+00
262 0 +8.666668908e+01 +1.018656689e+03 +1.018656689e+03 +8.2235e-01 -4.6185e-01 +8.7099e-01 -3.0697e+00 +3.4598e+00
278 0 +8.059945846e+01 +1.012589458e+03 +1.012589458e+03 +9.9331e-01 -2.3695e-01 +1.3794e+00 -2.5546e+00 +3.4049e+00
293 0 +6.106726334e+01 +9.930572633e+02 +9.930572633e+02 +7.3089e-01 +5.5965e-01 +2.4715e+00 -1.1313e+00 +2.3558e+00
334 0 +5.804955251e+01 +9.900395525e+02 +9.900395525e+02 +1.0568e+00 +2.2585e-01 +1.8934e+00 -2.0443e+00 +3.0595e+00
360 0 +4.896427256e+01 +9.809542726e+02 +9.809542726e+02 +7.2766e-01 +3.5801e-01 +2.0003e+00 -1.5805e+00 +2.6219e+00
391 0 +3.138561175e+01 +9.633756117e+02 +9.633756117e+02 +1.1693e+00 +7.5053e-01 +2.9115e+00 -7.3428e-01 +2.3759e+00
484 0 +3.066327720e+01 +9.626532772e+02 +9.626532772e+02 +1.1048e+00 +3.5202e-01 +2.1777e+00 -1.5420e+00 +2.6778e+00
496 0 +2.598199489e+01 +9.579719949e+02 +9.579719949e+02 +9.0903e-01 +2.6016e-01 +2.0003e+00 -1.6457e+00 +2.7940e+00
497 0 +2.101918487e+01 +9.530091849e+02 +9.530091849e+02 +1.2389e+00 +7.4505e-01 +2.5955e+00 -9.7739e-01 +2.4010e+00
533 0 +2.040690037e+01 +9.523969004e+02 +9.523969004e+02 +1.2032e+00 +5.3136e-01 +2.2879e+00 -1.3142e+00 +2.6178e+00
540 0 +1.740786426e+01 +9.493978643e+02 +9.493978643e+02 +1.1943e+00 +6.8332e-01 +2.5595e+00 -1.0315e+00 +2.4242e+00
611 0 +1.556331260e+01 +9.475533126e+02 +9.475533126e+02 +1.0631e+00 +3.9546e-01 +2.1180e+00 -1.5183e+00 +2.7645e+00
633 0 +1.520585742e+01 +9.471958574e+02 +9.471958574e+02 +1.1863e+00 +6.4783e-01 +2.4722e+00 -1.2193e+00 +2.5465e+00
636 0 +1.386409003e+01 +9.458540900e+02 +9.458540900e+02 +1.2072e+00 +5.4056e-01 +2.3469e+00 -1.2299e+00 +2.6260e+00
660 0 +1.195940960e+01 +9.439494096e+02 +9.439494096e+02 +1.1444e+00 +4.2340e-01 +2.2255e+00 -1.3831e+00 +2.6873e+00
679 0 +1.008490867e+01 +9.420749087e+02 +9.420749087e+02 +1.2834e+00 +7.8748e-01 +2.6946e+00 -9.6075e-01 +2.4594e+00
705 0 +7.492378625e+00 +9.394823786e+02 +9.394823786e+02 +1.1167e+00 +4.6210e-01 +2.2571e+00 -1.3400e+00 +2.6649e+00
754 0 +4.637997202e+00 +9.366279972e+02 +9.366279972e+02 +1.2391e+00 +6.5031e-01 +2.5818e+00 -1.0240e+00 +2.5112e+00
769 0 +4.231230417e+00 +9.362212304e+02 +9.362212304e+02 +1.1604e+00 +5.7478e-01 +2.4631e+00 -1.1417e+00 +2.5514e+00
779 0 +4.085325230e+00 +9.360753252e+02 +9.360753252e+02 +1.2244e+00 +6.5354e-01 +2.5537e+00 -1.0450e+00 +2.5115e+00
796 0 +1.850861543e+00 +9.338408615e+02 +9.338408615e+02 +1.2601e+00 +7.2399e-01 +2.6815e+00 -9.2386e-01 +2.4510e+00
939 0 +1.663483896e+00 +9.336534839e+02 +9.336534839e+02 +1.2941e+00 +7.9269e-01 +2.7922e+00 -8.0231e-01 +2.3994e+00
972 0 +1.486671443e+00 +9.334766714e+02 +9.334766714e+02 +1.3382e+00 +8.8464e-01 +2.9254e+00 -6.7857e-01 +2.3264e+00
982 0 +1.310146744e+00 +9.333001467e+02 +9.333001467e+02 +1.3151e+00 +8.4166e-01 +2.8575e+00 -7.5224e-01 +2.3663e+00
1011 0 +1.218420326e+00 +9.332084203e+02 +9.332084203e+02 +1.2934e+00 +8.0362e-01 +2.8096e+00 -7.9212e-01 +2.3827e+00
1038 0 +8.867569114e-01 +9.328767569e+02 +9.328767569e+02 +1.3356e+00 +8.8027e-01 +2.9163e+00 -6.8690e-01 +2.3353e+00
1079 0 +8.342822365e-01 +9.328242822e+02 +9.328242822e+02 +1.3805e+00 +9.5175e-01 +3.0369e+00 -5.5939e-01 +2.2772e+00
1091 0 +6.452218450e-01 +9.326352218e+02 +9.326352218e+02 +1.3258e+00 +8.5740e-01 +2.8943e+00 -7.0259e-01 +2.3467e+00
1108 0 +6.020642122e-01 +9.325920642e+02 +9.325920642e+02 +1.3555e+00 +9.0889e-01 +2.9720e+00 -6.2321e-01 +2.3090e+00
1112 0 +4.684194304e-01 +9.324584194e+02 +9.324584194e+02 +1.3570e+00 +9.1321e-01 +2.9741e+00 -6.2384e-01 +2.3079e+00
1137 0 +4.328515141e-01 +9.324228515e+02 +9.324228515e+02 +1.2939e+00 +8.0396e-01 +2.8049e+00 -7.9844e-01 +2.3887e+00
1162 0 +3.322746574e-01 +9.323222747e+02 +9.323222747e+02 +1.3335e+00 +8.7524e-01 +2.9144e+00 -6.8659e-01 +2.3357e+00
1179 0 +3.189613434e-01 +9.323089613e+02 +9.323089613e+02 +1.3274e+00 +8.6515e-01 +2.8989e+00 -6.9974e-01 +2.3428e+00
% f evaluations | g evaluations | best noise-free fitness - Fopt (1.133100000000e+02) + sum g_i+ | measured fitness | best measured fitness or single-digit g-values | x1 | x2...
1 0 +7.273805430e+02 +8.406905430e+02 +8.406905430e+02 +5.9671e-01 -3.8264e-02 +7.4769e-01 +1.6230e+00 -1.3415e-01
2 0 +4.123497099e+02 +5.256597099e+02 +5.256597099e+02 -1.3414e-01 +1.6792e+00 +8.6743e-01 -3.6947e-01 +6.4256e-01
22 0 +3.401513844e+02 +4.534613844e+02 +4.534613844e+02 +5.0405e-01 +1.9862e+00 +2.7458e-01 +3.5755e-01 +2.5554e-02
33 0 +3.157083332e+02 +4.290183332e+02 +4.290183332e+02 +7.6124e-01 +1.6911e+00 +3.7480e-01 +7.0818e-02 -4.0010e-02
52 0 +2.526939805e+02 +3.660039805e+02 +3.660039805e+02 +1.0300e+00 +3.4229e+00 +1.0253e+00 -1.1218e+00 +1.4915e+00
71 0 +2.214969822e+02 +3.348069822e+02 +3.348069822e+02 +1.2502e+00 +1.5173e+00 -6.4899e-02 -7.7826e-01 +6.8477e-01
78 0 +1.267123617e+02 +2.400223617e+02 +2.400223617e+02 +2.3743e+00 +2.3704e+00 -1.0617e-01 +2.2025e-02 +5.3574e-01
122 0 +1.226306241e+02 +2.359406241e+02 +2.359406241e+02 +2.1754e+00 +1.6300e+00 -4.1080e-01 -5.9559e-02 +1.2704e+00
179 0 +9.867115342e+01 +2.119811534e+02 +2.119811534e+02 +1.9989e+00 +2.5268e+00 -1.3419e-01 +1.2017e-01 +7.1081e-01
181 0 +6.777534416e+01 +1.810853442e+02 +1.810853442e+02 +2.1883e+00 +3.1877e+00 +5.4917e-01 +1.2640e-01 +6.4677e-01
210 0 +5.903144416e+01 +1.723414442e+02 +1.723414442e+02 +2.2771e+00 +2.4791e+00 +4.2945e-02 +2.8851e-01 +1.0621e+00
226 0 +5.706988029e+01 +1.703798803e+02 +1.703798803e+02 +2.1439e+00 +4.0393e+00 +1.4499e+00 +3.6605e-01 +5.5581e-01
233 0 +4.857300799e+01 +1.618830080e+02 +1.618830080e+02 +2.2884e+00 +3.4361e+00 +5.7519e-01 +6.9159e-01 +8.1032e-01
293 0 +4.662877532e+01 +1.599387753e+02 +1.599387753e+02 +2.3781e+00 +3.2780e+00 +5.4501e-01 +8.3726e-01 +7.2045e-01
305 0 +4.143612385e+01 +1.547461239e+02 +1.547461239e+02 +2.1715e+00 +3.5892e+00 +7.7150e-01 +7.4219e-01 +5.3228e-01
312 0 +3.933732212e+01 +1.526473221e+02 +1.526473221e+02 +2.2830e+00 +3.0456e+00 +4.5722e-01 +6.2230e-01 +8.6454e-01
331 0 +3.406508089e+01 +1.473750809e+02 +1.473750809e+02 +2.0744e+00 +2.7884e+00 +2.6964e-01 +3.2283e-01 +8.8449e-01
332 0 +2.895970100e+01 +1.422697010e+02 +1.422697010e+02 +2.1815e+00 +3.5720e+00 +8.5252e-01 +6.7659e-01 +5.8891e-01
362 0 +2.586961169e+01 +1.391796117e+02 +1.391796117e+02 +2.1563e+00 +3.5995e+00 +9.6017e-01 +6.1587e-01 +5.0444e-01
366 0 +5.975620928e+00 +1.192856209e+02 +1.192856209e+02 +2.1853e+00 +2.9783e+00 +3.9251e-01 +5.2845e-01 +7.6085e-01
526 0 +5.926085003e+00 +1.192360850e+02 +1.192360850e+02 +2.0418e+00 +3.3713e+00 +7.9269e-01 +4.3151e-01 +6.2385e-01
554 0 +5.215159474e+00 +1.185251595e+02 +1.185251595e+02 +2.1022e+00 +3.1534e+00 +5.6990e-01 +4.8546e-01 +6.8039e-01
629 0 +5.102538300e+00 +1.184125383e+02 +1.184125383e+02 +2.1153e+00 +3.1995e+00 +5.9011e-01 +5.1767e-01 +6.9112e-01
652 0 +4.851033532e+00 +1.181610335e+02 +1.181610335e+02 +2.1337e+00 +3.0913e+00 +5.1253e-01 +5.2155e-01 +6.9072e-01
653 0 +4.806312619e+00 +1.181163126e+02 +1.181163126e+02 +2.1688e+00 +3.0541e+00 +4.4417e-01 +5.4765e-01 +7.3796e-01
659 0 +4.522615040e+00 +1.178326150e+02 +1.178326150e+02 +2.1516e+00 +3.0738e+00 +4.7265e-01 +5.2138e-01 +6.9090e-01
662 0 +3.727143597e+00 +1.170371436e+02 +1.170371436e+02 +2.1211e+00 +3.1629e+00 +5.8714e-01 +5.0024e-01 +6.6725e-01
668 0 +2.382889812e+00 +1.156928898e+02 +1.156928898e+02 +2.1224e+00 +3.1905e+00 +6.0160e-01 +5.0098e-01 +6.8205e-01
694 0 +2.287782948e+00 +1.155977829e+02 +1.155977829e+02 +2.1045e+00 +3.2910e+00 +7.0154e-01 +4.8336e-01 +6.3424e-01
696 0 +1.689657988e+00 +1.149996580e+02 +1.149996580e+02 +2.1585e+00 +3.0911e+00 +4.9395e-01 +5.1371e-01 +7.1115e-01
760 0 +1.647652434e+00 +1.149576524e+02 +1.149576524e+02 +2.1637e+00 +3.0477e+00 +4.4871e-01 +5.2637e-01 +7.1189e-01
765 0 +1.492189370e+00 +1.148021894e+02 +1.148021894e+02 +2.1001e+00 +3.3028e+00 +7.1157e-01 +4.8817e-01 +6.3318e-01
775 0 +6.135648885e-01 +1.139235649e+02 +1.139235649e+02 +2.1178e+00 +3.2170e+00 +6.2100e-01 +4.9596e-01 +6.6647e-01
856 0 +5.486181900e-01 +1.138586182e+02 +1.138586182e+02 +2.1100e+00 +3.2541e+00 +6.5985e-01 +4.9311e-01 +6.5698e-01
879 0 +4.149625913e-01 +1.137249626e+02 +1.137249626e+02 +2.1387e+00 +3.1495e+00 +5.4996e-01 +5.1109e-01 +6.8861e-01
887 0 +3.561918327e-01 +1.136661918e+02 +1.136661918e+02 +2.1269e+00 +3.1989e+00 +6.0163e-01 +5.0216e-01 +6.7274e-01
914 0 +2.751407232e-01 +1.135851407e+02 +1.135851407e+02 +2.1101e+00 +3.2523e+00 +6.5674e-01 +4.9346e-01 +6.5637e-01
989 0 +1.963681621e-01 +1.135063682e+02 +1.135063682e+02 +2.1120e+00 +3.2453e+00 +6.5035e-01 +4.9390e-01 +6.5788e-01
1016 0 +1.805972248e-01 +1.134905972e+02 +1.134905972e+02 +2.1109e+00 +3.2497e+00 +6.5457e-01 +4.9384e-01 +6.5583e-01
1062 0 +1.748331249e-01 +1.134848331e+02 +1.134848331e+02 +2.1108e+00 +3.2489e+00 +6.5449e-01 +4.9417e-01 +6.5672e-01
1075 0 +1.327277149e-01 +1.134427277e+02 +1.134427277e+02 +2.1249e+00 +3.1990e+00 +6.0309e-01 +5.0259e-01 +6.7212e-01
1083 0 +1.317107726e-01 +1.134417108e+02 +1.134417108e+02 +2.1226e+00 +3.2106e+00 +6.1463e-01 +5.0162e-01 +6.6823e-01
1127 0 +1.220486510e-01 +1.134320487e+02 +1.134320487e+02 +2.1235e+00 +3.2058e+00 +6.0958e-01 +5.0140e-01 +6.6935e-01
1132 0 +9.576874296e-02 +1.134057687e+02 +1.134057687e+02 +2.1274e+00 +3.1927e+00 +5.9588e-01 +5.0471e-01 +6.7362e-01
1135 0 +9.386385062e-02 +1.134038639e+02 +1.134038639e+02 +2.1276e+00 +3.1907e+00 +5.9430e-01 +5.0418e-01 +6.7404e-01
1176 0 +8.267845398e-02 +1.133926785e+02 +1.133926785e+02 +2.1231e+00 +3.2072e+00 +6.1086e-01 +5.0145e-01 +6.6976e-01
1201 0 +6.591666152e-02 +1.133759167e+02 +1.133759167e+02 +2.1323e+00 +3.1763e+00 +5.7872e-01 +5.0689e-01 +6.7911e-01
1203 0 +4.981599991e-02 +1.133598160e+02 +1.133598160e+02 +2.1303e+00 +3.1820e+00 +5.8496e-01 +5.0575e-01 +6.7711e-01
1234 0 +2.712411896e-02 +1.133371241e+02 +1.133371241e+02 +2.1312e+00 +3.1793e+00 +5.8210e-01 +5.0642e-01 +6.7805e-01
% f evaluations | g evaluations | best noise-free fitness - Fopt (2.849000000000e+01) + sum g_i+ | measured fitness | best measured fitness or single-digit g-values | x1 | x2...
1 0 +1.335442911e+03 +1.363932911e+03 +1.363932911e+03 +5.9671e-01 -3.8264e-02 +7.4769e-01 +1.6230e+00 -1.3415e-01
2 0 +9.069835536e+02 +9.354735536e+02 +9.354735536e+02 -1.3414e-01 +1.6792e+00 +8.6743e-01 -3.6947e-01 +6.4256e-01
3 0 +4.708342661e+02 +4.993242661e+02 +4.993242661e+02 -3.6342e-01 -3.6573e-01 +3.4196e-01 -1.8133e+00 -1.6249e+00
26 0 +3.492824879e+02 +3.777724879e+02 +3.777724879e+02 -2.2347e+00 -2.1905e+00 +5.3723e-01 -3.5570e+00 -2.2855e+00
28 0 +3.235119479e+02 +3.520019479e+02 +3.520019479e+02 +9.4153e-03 -3.3979e+00 -3.3300e-01 -3.1002e+00 -1.3339e+00
34 0 +2.761606777e+02 +3.046506777e+02 +3.046506777e+02 -1.3926e+00 +9.3703e-02 +2.6363e-01 -2.5744e+00 -9.2227e-01
55 0 +2.341593244e+02 +2.626493244e+02 +2.626493244e+02 -1.9731e+00 -2.2571e-01 +2.0337e+00 -4.1140e+00 -1.3110e+00
63 0 +2.024969902e+02 +2.309869902e+02 +2.309869902e+02 -1.2333e+00 -1.4925e+00 +3.8203e-02 -3.1909e+00 -3.8012e+00
66 0 +1.466129456e+02 +1.751029456e+02 +1.751029456e+02 -2.5597e+00 +9.2046e-01 +2.1222e+00 -3.1974e+00 -1.4723e+00
154 0 +1.171714012e+02 +1.456614012e+02 +1.456614012e+02 -1.5187e+00 -9.9002e-01 +6.7000e-01 -3.0428e+00 -2.5483e+00
223 0 +1.136408857e+02 +1.421308857e+02 +1.421308857e+02 -1.1556e+00 -1.7691e+00 +3.9506e-01 -3.7130e+00 -1.8220e+00
229 0 +1.031229838e+02 +1.316129838e+02 +1.316129838e+02 -1.8248e-01 -1.7921e+00 +2.4159e-01 -4.1024e+00 -2.2193e+00
271 0 +9.871327965e+01 +1.272032797e+02 +1.272032797e+02 -6.5770e-01 -8.8784e-01 +5.6953e-01 -3.7541e+00 -1.8670e+00
293 0 +6.587103416e+01 +9.436103416e+01 +9.436103416e+01 +2.9490e-01 -3.0847e+00 -6.4628e-01 -4.6016e+00 -2.9952e+00
320 0 +6.416502945e+01 +9.265502945e+01 +9.265502945e+01 -8.7366e-02 -3.3651e+00 -6.9724e-01 -4.3389e+00 -2.9888e+00
377 0 +4.130039115e+01 +6.979039115e+01 +6.979039115e+01 -8.7287e-01 -1.1066e+00 +5.7491e-01 -3.7130e+00 -1.8885e+00
427 0 +3.734070040e+01 +6.583070040e+01 +6.583070040e+01 +8.7262e-03 -2.8150e+00 -4.9867e-01 -4.3925e+00 -2.5580e+00
433 0 +1.369820712e+01 +4.218820712e+01 +4.218820712e+01 -3.2879e-01 -2.4814e+00 -2.3733e-01 -4.0788e+00 -2.5726e+00
585 0 +1.289963886e+01 +4.138963886e+01 +4.138963886e+01 -6.2745e-01 -1.7768e+00 +1.8901e-01 -3.9118e+00 -2.3535e+00
663 0 +1.238931440e+01 +4.087931440e+01 +4.087931440e+01 -5.9339e-01 -1.9064e+00 +8.8499e-02 -3.9427e+00 -2.4761e+00
664 0 +8.435260531e+00 +3.692526053e+01 +3.692526053e+01 -5.0600e-01 -2.1051e+00 -5.0128e-02 -4.0090e+00 -2.4954e+00
678 0 +8.380524065e+00 +3.687052407e+01 +3.687052407e+01 -3.1346e-01 -2.4603e+00 -2.3079e-01 -4.1069e+00 -2.6472e+00
682 0 +6.366932998e+00 +3.485693300e+01 +3.485693300e+01 -4.6207e-01 -2.2068e+00 -7.2484e-02 -4.0471e+00 -2.5232e+00
710 0 +5.596979111e+00 +3.408697911e+01 +3.408697911e+01 -6.7254e-01 -1.7702e+00 +2.1389e-01 -3.9258e+00 -2.3172e+00
720 0 +5.585199072e+00 +3.407519907e+01 +3.407519907e+01 -7.5319e-01 -1.6715e+00 +2.5175e-01 -3.8534e+00 -2.2928e+00
733 0 +3.874172767e+00 +3.236417277e+01 +3.236417277e+01 -7.3044e-01 -1.6733e+00 +2.5324e-01 -3.8706e+00 -2.2938e+00
849 0 +3.336985506e+00 +3.182698551e+01 +3.182698551e+01 -7.4321e-01 -1.6343e+00 +2.5950e-01 -3.8646e+00 -2.2724e+00
853 0 +2.852972292e+00 +3.134297229e+01 +3.134297229e+01 -6.5696e-01 -1.7843e+00 +1.8024e-01 -3.9319e+00 -2.3042e+00
858 0 +2.667709285e+00 +3.115770929e+01 +3.115770929e+01 -7.0796e-01 -1.7013e+00 +2.3436e-01 -3.9095e+00 -2.2989e+00
878 0 +1.572179436e+00 +3.006217944e+01 +3.006217944e+01 -6.5349e-01 -1.8132e+00 +1.6797e-01 -3.9340e+00 -2.3307e+00
894 0 +1.066945257e+00 +2.955694526e+01 +2.955694526e+01 -7.3588e-01 -1.6543e+00 +2.5757e-01 -3.8802e+00 -2.2658e+00
960 0 +9.275719950e-01 +2.941757200e+01 +2.941757200e+01 -7.4449e-01 -1.6368e+00 +2.7029e-01 -3.8780e+00 -2.2604e+00
969 0 +8.329028999e-01 +2.932290290e+01 +2.932290290e+01 -7.1712e-01 -1.6946e+00 +2.3465e-01 -3.8960e+00 -2.2853e+00
978 0 +5.523368995e-01 +2.904233690e+01 +2.904233690e+01 -6.5826e-01 -1.7991e+00 +1.6750e-01 -3.9263e+00 -2.3291e+00
1023 0 +5.378945187e-01 +2.902789452e+01 +2.902789452e+01 -7.0751e-01 -1.7061e+00 +2.2568e-01 -3.8982e+00 -2.2914e+00
1034 0 +4.364816995e-01 +2.892648170e+01 +2.892648170e+01 -7.2240e-01 -1.6845e+00 +2.4196e-01 -3.8901e+00 -2.2839e+00
1120 0 +4.240715842e-01 +2.891407158e+01 +2.891407158e+01 -7.0439e-01 -1.7167e+00 +2.1970e-01 -3.9006e+00 -2.2965e+00
1122 0 +2.977428099e-01 +2.878774281e+01 +2.878774281e+01 -7.1298e-01 -1.6999e+00 +2.3055e-01 -3.8951e+00 -2.2915e+00
1199 0 +2.888608907e-01 +2.877886089e+01 +2.877886089e+01 -7.0217e-01 -1.7193e+00 +2.1866e-01 -3.9005e+00 -2.2979e+00
1219 0 +1.499044196e-01 +2.863990442e+01 +2.863990442e+01 -6.9947e-01 -1.7242e+00 +2.1568e-01 -3.9029e+00 -2.3006e+00
% f evaluations | g evaluations | best noise-free fitness - Fopt (-7.405800000000e+02) + sum g_i+ | measured fitness | best measured fitness or single-digit g-values | x1 | x2...
1 0 +5.005784116e+02 -2.400015884e+02 -2.400015884e+02 +5.9671e-01 -3.8264e-02 +7.4769e-01 +1.6230e+00 -1.3415e-01
2 0 +4.804966425e+02 -2.600833575e+02 -2.600833575e+02 -1.3414e-01 +1.6792e+00 +8.6743e-01 -3.6947e-01 +6.4256e-01
7 0 +4.307350884e+02 -3.098449116e+02 -3.098449116e+02 -5.0171e-01 +1.9523e+00 +8.6503e-02 -9.5771e-01 +9.2254e-01
8 0 +2.665779677e+02 -4.740020323e+02 -4.740020323e+02 -1.1208e+00 +3.0886e-01 -1.8597e+00 -1.2282e+00 +2.9686e-01
31 0 +9.566752815e+01 -6.449124718e+02 -6.449124718e+02 -5.8024e-01 +1.0532e+00 -2.6315e+00 -9.0709e-01 +8.8276e-01
216 0 +8.338843918e+01 -6.571915608e+02 -6.571915608e+02 -1.5748e+00 +7.6833e-01 -2.9296e+00 -5.4806e-01 +3.9898e-01
220 0 +8.057997602e+01 -6.600000240e+02 -6.600000240e+02 -6.3288e-01 +1.1961e+00 -2.4086e+00 -3.4203e-01 +4.6481e-01
252 0 +5.859262350e+01 -6.819873765e+02 -6.819873765e+02 -8.6165e-01 +9.3430e-01 -2.4897e+00 -3.1519e-01 +1.8540e-01
287 0 +4.777369827e+01 -6.928063017e+02 -6.928063017e+02 -1.4202e+00 +6.2908e-01 -2.5873e+00 -5.0112e-02 -1.4342e-01
332 0 +3.971036326e+01 -7.008696367e+02 -7.008696367e+02 -1.1650e+00 +6.7396e-01 -2.8222e+00 -2.3807e-01 -1.1526e-02
334 0 +3.851297776e+01 -7.020670222e+02 -7.020670222e+02 -1.4460e+00 +6.3241e-01 -2.9112e+00 -2.9374e-01 -9.9853e-02
363 0 +3.823932973e+01 -7.023406703e+02 -7.023406703e+02 -1.0151e+00 +1.0155e+00 -2.7103e+00 -6.1028e-01 +4.9687e-01
367 0 +3.627786765e+01 -7.043021324e+02 -7.043021324e+02 -1.0288e+00 +7.9221e-01 -2.7406e+00 -3.3032e-01 +2.3954e-01
391 0 +2.895074530e+01 -7.116292547e+02 -7.116292547e+02 -1.1129e+00 +6.1189e-01 -2.5328e+00 -2.9353e-01 +3.2582e-02
401 0 +2.349753860e+01 -7.170824614e+02 -7.170824614e+02 -1.0787e+00 +9.6198e-01 -2.6008e+00 -4.6115e-01 +4.2204e-01
402 0 +2.041609582e+01 -7.201639042e+02 -7.201639042e+02 -1.2881e+00 +6.8376e-01 -2.7326e+00 -2.9742e-01 +7.1245e-02
453 0 +1.949840543e+01 -7.210815946e+02 -7.210815946e+02 -1.2380e+00 +6.5329e-01 -2.5684e+00 -2.4828e-01 +3.1053e-02
461 0 +1.866349032e+01 -7.219165097e+02 -7.219165097e+02 -1.3419e+00 +4.6958e-01 -2.7475e+00 -1.8574e-01 -2.5799e-01
468 0 +1.741468824e+01 -7.231653118e+02 -7.231653118e+02 -1.2641e+00 +7.1493e-01 -2.6543e+00 -2.8811e-01 +7.4720e-02
476 0 +1.528167415e+01 -7.252983258e+02 -7.252983258e+02 -1.2845e+00 +6.4387e-01 -2.6725e+00 -2.4717e-01 -7.6240e-02
488 0 +1.506070449e+01 -7.255192955e+02 -7.255192955e+02 -1.3166e+00 +4.6156e-01 -2.5898e+00 -1.2274e-01 -2.9385e-01
493 0 +1.265194000e+01 -7.279280600e+02 -7.279280600e+02 -1.3262e+00 +5.1238e-01 -2.6534e+00 -2.2389e-01 -1.7869e-01
535 0 +9.736285137e+00 -7.308437149e+02 -7.308437149e+02 -1.4288e+00 +3.8728e-01 -2.6624e+00 -4.3914e-02 -4.3815e-01
584 0 +9.199538245e+00 -7.313804618e+02 -7.313804618e+02 -1.4742e+00 +3.4017e-01 -2.6484e+00 -8.2481e-02 -4.5528e-01
585 0 +9.155248138e+00 -7.314247519e+02 -7.314247519e+02 -1.4351e+00 +4.0832e-01 -2.7219e+00 -1.3196e-01 -3.3723e-01
625 0 +8.888225159e+00 -7.316917748e+02 -7.316917748e+02 -1.4065e+00 +4.5608e-01 -2.6636e+00 -1.4407e-01 -3.1703e-01
631 0 +7.296761792e+00 -7.332832382e+02 -7.332832382e+02 -1.4131e+00 +4.0899e-01 -2.6983e+00 -1.0335e-01 -3.4768e-01
638 0 +5.519979152e+00 -7.350600208e+02 -7.350600208e+02 -1.3602e+00 +5.1019e-01 -2.6732e+00 -1.8020e-01 -2.1204e-01
648 0 +5.399113820e+00 -7.351808862e+02 -7.351808862e+02 -1.5090e+00 +2.9898e-01 -2.6960e+00 -4.8531e-02 -5.0052e-01
652 0 +4.956641388e+00 -7.356233586e+02 -7.356233586e+02 -1.4437e+00 +3.9710e-01 -2.6677e+00 -8.1659e-02 -3.9011e-01
695 0 +4.651643200e+00 -7.359283568e+02 -7.359283568e+02 -1.4955e+00 +3.4084e-01 -2.6880e+00 -5.0715e-02 -4.6677e-01
717 0 +4.002464547e+00 -7.365775355e+02 -7.365775355e+02 -1.5192e+00 +2.9279e-01 -2.6933e+00 -3.2918e-02 -5.4105e-01
760 0 +3.454353214e+00 -7.371256468e+02 -7.371256468e+02 -1.4814e+00 +3.1303e-01 -2.6749e+00 -3.8729e-02 -4.9969e-01
764 0 +2.429357229e+00 -7.381506428e+02 -7.381506428e+02 -1.4997e+00 +3.0523e-01 -2.6846e+00 -2.9291e-02 -5.2111e-01
802 0 +2.217904426e+00 -7.383620956e+02 -7.383620956e+02 -1.5918e+00 +2.0328e-01 -2.7013e+00 +4.0977e-02 -6.7739e-01
818 0 +1.680228766e+00 -7.388997712e+02 -7.388997712e+02 -1.5440e+00 +2.4921e-01 -2.6885e+00 +5.3308e-03 -5.9953e-01
875 0 +1.445529541e+00 -7.391344705e+02 -7.391344705e+02 -1.6381e+00 +1.2454e-01 -2.7039e+00 +9.5260e-02 -7.9262e-01
877 0 +1.332936206e+00 -7.392470638e+02 -7.392470638e+02 -1.5936e+00 +1.9350e-01 -2.6948e+00 +4.9491e-02 -6.9067e-01
911 0 +9.595679437e-01 -7.396204321e+02 -7.396204321e+02 -1.6389e+00 +1.3078e-01 -2.7012e+00 +9.3603e-02 -7.8595e-01
991 0 +6.684707086e-01 -7.399115293e+02 -7.399115293e+02 -1.8313e+00 -1.2383e-01 -2.7212e+00 +2.7832e-01 -1.1789e+00
1017 0 +4.220123075e-01 -7.401579877e+02 -7.401579877e+02 -1.7363e+00 -3.3373e-03 -2.7087e+00 +1.9196e-01 -9.9531e-01
1149 0 +3.721541574e-01 -7.402078458e+02 -7.402078458e+02 -1.7644e+00 -3.6940e-02 -2.7109e+00 +2.1831e-01 -1.0467e+00
1162 0 +3.292752374e-01 -7.402507248e+02 -7.402507248e+02 -1.7276e+00 +7.4952e-03 -2.7059e+00 +1.8626e-01 -9.7794e-01
1184 0 +3.086408347e-01 -7.402713592e+02 -7.402713592e+02 -1.7806e+00 -6.0349e-02 -2.7124e+00 +2.3281e-01 -1.0809e+00
1210 0 +3.032135583e-01 -7.402767864e+02 -7.402767864e+02 -1.7722e+00 -5.1715e-02 -2.7119e+00 +2.2749e-01 -1.0687e+00
1225 0 +8.069100039e-02 -7.404993090e+02 -7.404993090e+02 -1.7301e+00 +6.9851e-03 -2.7070e+00 +1.8570e-01 -9.7945e-01
% f evaluations | g evaluations | best noise-free fitness - Fopt (-5.177000000000e+01) + sum g_i+ | measured fitness | best measured fitness or single-digit g-values | x1 | x2...
1 0 +1.215753571e+03 +1.163983571e+03 +1.163983571e+03 +5.9671e-01 -3.8264e-02 +7.4769e-01 +1.6230e+00 -1.3415e-01
2 0 +7.485873643e+02 +6.968173643e+02 +6.968173643e+02 -1.3414e-01 +1.6792e+00 +8.6743e-01 -3.6947e-01 +6.4256e-01
7 0 +6.443022971e+02 +5.925322971e+02 +5.925322971e+02 -5.0171e-01 +1.9523e+00 +8.6503e-02 -9.5771e-01 +9.2254e-01
32 0 +3.636369328e+02 +3.118669328e+02 +3.118669328e+02 -1.4962e+00 +1.5547e+00 +1.6681e+00 -2.7566e+00 +1.4426e+00
84 0 +3.101106752e+02 +2.583406752e+02 +2.583406752e+02 -2.4966e-01 +2.8872e+00 +2.4283e+00 -2.7441e+00 +2.8233e+00
139 0 +1.600246645e+02 +1.082546645e+02 +1.082546645e+02 -2.0134e+00 +1.1641e+00 +2.2590e+00 -3.4288e+00 +3.9905e+00
218 0 +1.586927782e+02 +1.069227782e+02 +1.069227782e+02 -4.0812e+00 +8.5982e-01 +2.0282e+00 -4.0836e+00 +3.6596e+00
246 0 +1.504959611e+02 +9.872596108e+01 +9.872596108e+01 -1.8590e+00 +2.0102e+00 +1.8862e+00 -3.0946e+00 +3.0851e+00
254 0 +1.376694097e+02 +8.589940969e+01 +8.589940969e+01 -1.8323e+00 +2.2987e+00 +2.2972e+00 -4.3465e+00 +4.7967e+00
259 0 +1.216924270e+02 +6.992242702e+01 +6.992242702e+01 -1.5226e+00 +2.6252e+00 +1.4284e+00 -3.4229e+00 +3.5931e+00
298 0 +7.848539282e+01 +2.671539282e+01 +2.671539282e+01 -1.5744e+00 +2.1060e+00 +2.7264e+00 -3.8654e+00 +4.1281e+00
304 0 +6.861253728e+01 +1.684253728e+01 +1.684253728e+01 -1.7356e+00 +2.0510e+00 +1.9428e+00 -3.6056e+00 +3.5507e+00
351 0 +5.685820824e+01 +5.088208241e+00 +5.088208241e+00 -2.0510e+00 +2.0147e+00 +2.1332e+00 -3.5726e+00 +3.9862e+00
356 0 +5.535770854e+01 +3.587708536e+00 +3.587708536e+00 -1.4726e+00 +2.2842e+00 +1.9796e+00 -3.9478e+00 +3.8460e+00
361 0 +3.900133191e+01 -1.276866809e+01 -1.276866809e+01 -2.6218e+00 +1.5146e+00 +2.2692e+00 -3.6159e+00 +3.9818e+00
380 0 +3.813170970e+01 -1.363829030e+01 -1.363829030e+01 -2.1101e+00 +1.7073e+00 +2.3674e+00 -3.8854e+00 +3.9566e+00
416 0 +2.507844312e+01 -2.669155688e+01 -2.669155688e+01 -2.3377e+00 +1.6062e+00 +2.2004e+00 -3.6776e+00 +3.8786e+00
440 0 +2.338339623e+01 -2.838660377e+01 -2.838660377e+01 -2.1763e+00 +1.8890e+00 +2.0336e+00 -3.8333e+00 +3.8679e+00
441 0 +1.486791506e+01 -3.690208494e+01 -3.690208494e+01 -2.0072e+00 +2.0280e+00 +2.1662e+00 -3.8086e+00 +3.7937e+00
550 0 +1.314145938e+01 -3.862854062e+01 -3.862854062e+01 -1.8503e+00 +2.1392e+00 +2.1663e+00 -3.8838e+00 +3.8053e+00
602 0 +7.930213018e+00 -4.383978698e+01 -4.383978698e+01 -2.0844e+00 +1.9247e+00 +2.2291e+00 -3.8575e+00 +3.8919e+00
647 0 +7.923937621e+00 -4.384606238e+01 -4.384606238e+01 -2.0078e+00 +1.9583e+00 +2.1673e+00 -3.8184e+00 +3.8542e+00
654 0 +7.523752419e+00 -4.424624758e+01 -4.424624758e+01 -2.3316e+00 +1.7036e+00 +2.1956e+00 -3.7549e+00 +3.8662e+00
659 0 +5.497283129e+00 -4.627271687e+01 -4.627271687e+01 -1.9638e+00 +2.0161e+00 +2.1703e+00 -3.8324e+00 +3.8439e+00
690 0 +4.316802577e+00 -4.745319742e+01 -4.745319742e+01 -2.1214e+00 +1.8678e+00 +2.1957e+00 -3.8022e+00 +3.8397e+00
718 0 +3.038279800e+00 -4.873172020e+01 -4.873172020e+01 -2.1158e+00 +1.8760e+00 +2.2077e+00 -3.8098e+00 +3.8525e+00
729 0 +2.965358602e+00 -4.880464140e+01 -4.880464140e+01 -2.1640e+00 +1.8436e+00 +2.2240e+00 -3.8144e+00 +3.8489e+00
747 0 +2.448902514e+00 -4.932109749e+01 -4.932109749e+01 -2.1281e+00 +1.8789e+00 +2.2080e+00 -3.8304e+00 +3.8531e+00
765 0 +1.691686410e+00 -5.007831359e+01 -5.007831359e+01 -2.2226e+00 +1.8044e+00 +2.2044e+00 -3.8085e+00 +3.8414e+00
779 0 +1.389670718e+00 -5.038032928e+01 -5.038032928e+01 -2.2864e+00 +1.7404e+00 +2.2050e+00 -3.7901e+00 +3.8441e+00
824 0 +1.315710973e+00 -5.045428903e+01 -5.045428903e+01 -2.2355e+00 +1.7879e+00 +2.1967e+00 -3.7995e+00 +3.8427e+00
831 0 +1.243417736e+00 -5.052658226e+01 -5.052658226e+01 -2.2682e+00 +1.7594e+00 +2.1972e+00 -3.7938e+00 +3.8333e+00
853 0 +8.778039546e-01 -5.089219605e+01 -5.089219605e+01 -2.1839e+00 +1.8312e+00 +2.2002e+00 -3.8087e+00 +3.8408e+00
878 0 +4.558362879e-01 -5.131416371e+01 -5.131416371e+01 -2.2057e+00 +1.8116e+00 +2.2061e+00 -3.8060e+00 +3.8441e+00
1034 0 +4.554241430e-01 -5.131457586e+01 -5.131457586e+01 -2.1939e+00 +1.8215e+00 +2.2041e+00 -3.8090e+00 +3.8433e+00
1053 0 +4.263596430e-01 -5.134364036e+01 -5.134364036e+01 -2.2196e+00 +1.7993e+00 +2.2060e+00 -3.8026e+00 +3.8409e+00
1060 0 +3.293218659e-01 -5.144067813e+01 -5.144067813e+01 -2.2110e+00 +1.8063e+00 +2.2041e+00 -3.8048e+00 +3.8422e+00
1081 0 +2.637453364e-01 -5.150625466e+01 -5.150625466e+01 -2.2184e+00 +1.8010e+00 +2.2048e+00 -3.8041e+00 +3.8416e+00
1128 0 +2.408531120e-01 -5.152914689e+01 -5.152914689e+01 -2.2394e+00 +1.7834e+00 +2.2055e+00 -3.8004e+00 +3.8397e+00
1131 0 +2.097557559e-01 -5.156024424e+01 -5.156024424e+01 -2.2310e+00 +1.7903e+00 +2.2050e+00 -3.8017e+00 +3.8405e+00
1134 0 +2.038058101e-01 -5.156619419e+01 -5.156619419e+01 -2.2291e+00 +1.7914e+00 +2.2053e+00 -3.8021e+00 +3.8408e+00
1173 0 +1.799851356e-01 -5.159001486e+01 -5.159001486e+01 -2.2386e+00 +1.7834e+00 +2.2057e+00 -3.8003e+00 +3.8400e+00
% f evaluations | g evaluations | best noise-free fitness - Fopt (-2.229800000000e+02) + sum g_i+ | measured fitness | best measured fitness or single-digit g-values | x1 | x2...
1 0 +1.618134889e+03 +1.395154889e+03 +1.395154889e+03 +5.9671e-01 -3.8264e-02 +7.4769e-01 +1.6230e+00 -1.3415e-01
9 0 +1.500900101e+03 +1.277920101e+03 +1.277920101e+03 +8.3847e-01 +2.7137e-01 -1.5648e-02 -2.0110e-01 -1.3785e+00
15 0 +1.128744425e+03 +9.057644253e+02 +9.057644253e+02 +4.6140e-01 +1.6380e+00 +6.4174e-02 +1.6646e+00 -2.5197e+00
28 0 +3.829230032e+02 +1.599430032e+02 +1.599430032e+02 +3.3434e+00 +5.3050e-02 -2.3070e+00 +4.8567e-01 -3.7147e+00
92 0 +3.394792571e+02 +1.164992571e+02 +1.164992571e+02 +2.8714e+00 +7.5040e-01 -2.3163e+00 +1.9098e+00 -3.1192e+00
99 0 +2.928841774e+02 +6.990417743e+01 +6.990417743e+01 +2.8888e+00 +4.5687e-01 -3.3814e+00 +4.2888e+00 -2.3994e+00
106 0 +2.876347570e+02 +6.465475699e+01 +6.465475699e+01 +3.3674e+00 -1.4639e+00 -3.8833e+00 +2.4177e+00 -2.3135e+00
108 0 +1.603862025e+02 -6.259379753e+01 -6.259379753e+01 +3.2745e+00 -3.6761e-01 -3.8822e+00 +1.4834e+00 -3.5946e+00
217 0 +9.120314917e+01 -1.317768508e+02 -1.317768508e+02 +3.9386e+00 -9.3505e-01 -3.5224e+00 +1.9733e+00 -3.6308e+00
249 0 +8.840232942e+01 -1.345776706e+02 -1.345776706e+02 +3.7684e+00 -6.9758e-01 -3.8573e+00 +1.8140e+00 -3.5496e+00
287 0 +6.968184585e+01 -1.532981541e+02 -1.532981541e+02 +3.6417e+00 +3.0882e-01 -3.1034e+00 +2.0567e+00 -3.4794e+00
325 0 +6.012222802e+01 -1.628577720e+02 -1.628577720e+02 +3.7359e+00 -2.9101e-01 -3.2661e+00 +2.3088e+00 -3.3191e+00
330 0 +5.271538628e+01 -1.702646137e+02 -1.702646137e+02 +2.6912e+00 +1.1537e+00 -2.7814e+00 +2.6544e+00 -4.1892e+00
348 0 +5.210661567e+01 -1.708733843e+02 -1.708733843e+02 +3.7096e+00 -5.3345e-01 -3.3884e+00 +1.6627e+00 -3.5211e+00
355 0 +4.392905412e+01 -1.790509459e+02 -1.790509459e+02 +3.8284e+00 -4.1988e-01 -3.4257e+00 +1.5368e+00 -3.7353e+00
361 0 +2.915985012e+01 -1.938201499e+02 -1.938201499e+02 +4.0274e+00 -8.2838e-01 -3.4864e+00 +1.7751e+00 -3.3435e+00
477 0 +2.797149252e+01 -1.950085075e+02 -1.950085075e+02 +3.4148e+00 +4.4893e-01 -3.2579e+00 +2.2130e+00 -3.7207e+00
484 0 +1.500606031e+01 -2.079739397e+02 -2.079739397e+02 +3.8042e+00 -5.6666e-01 -3.4019e+00 +1.8078e+00 -3.6215e+00
532 0 +8.649255680e+00 -2.143307443e+02 -2.143307443e+02 +3.4350e+00 +2.1367e-01 -3.1856e+00 +2.1017e+00 -3.7568e+00
564 0 +8.573784915e+00 -2.144062151e+02 -2.144062151e+02 +3.3770e+00 +3.4032e-01 -3.1230e+00 +2.1317e+00 -3.8367e+00
620 0 +7.921208698e+00 -2.150587913e+02 -2.150587913e+02 +3.3583e+00 +2.9506e-01 -3.1505e+00 +2.1450e+00 -3.8486e+00
642 0 +6.578972616e+00 -2.164010274e+02 -2.164010274e+02 +3.3013e+00 +4.6064e-01 -3.0925e+00 +2.2535e+00 -3.8677e+00
675 0 +6.087676600e+00 -2.168923234e+02 -2.168923234e+02 +3.3526e+00 +4.1042e-01 -3.1416e+00 +2.2551e+00 -3.7913e+00
684 0 +3.804019133e+00 -2.191759809e+02 -2.191759809e+02 +3.4752e+00 +1.3566e-01 -3.2154e+00 +2.0807e+00 -3.7681e+00
689 0 +2.981186086e+00 -2.199988139e+02 -2.199988139e+02 +3.3455e+00 +4.1732e-01 -3.1345e+00 +2.2243e+00 -3.8213e+00
723 0 +2.472160179e+00 -2.205078398e+02 -2.205078398e+02 +3.4233e+00 +2.7676e-01 -3.1614e+00 +2.1626e+00 -3.7799e+00
737 0 +1.877134034e+00 -2.211028660e+02 -2.211028660e+02 +3.4972e+00 +1.1034e-01 -3.2032e+00 +2.0805e+00 -3.7561e+00
740 0 +1.615804364e+00 -2.213641956e+02 -2.213641956e+02 +3.4050e+00 +2.9624e-01 -3.1575e+00 +2.1760e+00 -3.7868e+00
771 0 +1.443117414e+00 -2.215368826e+02 -2.215368826e+02 +3.4464e+00 +1.9944e-01 -3.1822e+00 +2.1334e+00 -3.7695e+00
814 0 +1.440096083e+00 -2.215399039e+02 -2.215399039e+02 +3.4622e+00 +1.8566e-01 -3.1892e+00 +2.1148e+00 -3.7610e+00
822 0 +1.338195001e+00 -2.216418050e+02 -2.216418050e+02 +3.4856e+00 +1.3142e-01 -3.2024e+00 +2.0869e+00 -3.7507e+00
830 0 +8.635082321e-01 -2.221164918e+02 -2.221164918e+02 +3.4703e+00 +1.6406e-01 -3.1925e+00 +2.1090e+00 -3.7572e+00
858 0 +7.519457921e-01 -2.222280542e+02 -2.222280542e+02 +3.4657e+00 +1.6856e-01 -3.1883e+00 +2.1127e+00 -3.7619e+00
871 0 +7.380384866e-01 -2.222419615e+02 -2.222419615e+02 +3.4436e+00 +2.1068e-01 -3.1820e+00 +2.1315e+00 -3.7714e+00
893 0 +7.065684986e-01 -2.222734315e+02 -2.222734315e+02 +3.4476e+00 +1.9173e-01 -3.1811e+00 +2.1192e+00 -3.7736e+00
902 0 +6.060457740e-01 -2.223739542e+02 -2.223739542e+02 +3.4493e+00 +1.9634e-01 -3.1812e+00 +2.1210e+00 -3.7692e+00
906 0 +2.252947011e-01 -2.227547053e+02 -2.227547053e+02 +3.4653e+00 +1.6213e-01 -3.1909e+00 +2.1070e+00 -3.7626e+00
1010 0 +2.062234903e-01 -2.227737765e+02 -2.227737765e+02 +3.4487e+00 +1.9792e-01 -3.1833e+00 +2.1231e+00 -3.7703e+00
1054 0 +1.938374456e-01 -2.227861626e+02 -2.227861626e+02 +3.4616e+00 +1.7052e-01 -3.1901e+00 +2.1106e+00 -3.7636e+00
1059 0 +1.188640132e-01 -2.228611360e+02 -2.228611360e+02 +3.4635e+00 +1.6794e-01 -3.1908e+00 +2.1094e+00 -3.7637e+00
1201 0 +8.337147875e-02 -2.228966285e+02 -2.228966285e+02 +3.4233e+00 +2.4730e-01 -3.1687e+00 +2.1458e+00 -3.7832e+00
% f evaluations | g evaluations | best noise-free fitness - Fopt (5.860000000000e+00) + sum g_i+ | measured fitness | best measured fitness or single-digit g-values | x1 | x2...
1 0 +1.155300555e+03 +1.161160555e+03 +1.161160555e+03 +5.9671e-01 -3.8264e-02 +7.4769e-01 +1.6230e+00 -1.3415e-01
2 0 +1.017084860e+03 +1.022944860e+03 +1.022944860e+03 -1.3414e-01 +1.6792e+00 +8.6743e-01 -3.6947e-01 +6.4256e-01
7 0 +9.041528243e+02 +9.100128243e+02 +9.100128243e+02 -5.0171e-01 +1.9523e+00 +8.6503e-02 -9.5771e-01 +9.2254e-01
23 0 +7.350601760e+02 +7.409201760e+02 +7.409201760e+02 -1.8188e+00 +7.3486e-02 +1.6023e-01 +2.5632e+00 -9.2361e-02
26 0 +6.014606337e+02 +6.073206337e+02 +6.073206337e+02 -3.1135e+00 +2.3752e-01 -8.4247e-01 +3.2596e+00 -1.6246e+00
34 0 +5.491551147e+02 +5.550151147e+02 +5.550151147e+02 -3.0208e-01 +2.5720e+00 -4.2642e-01 +2.1589e+00 -3.7516e-01
57 0 +4.026373356e+02 +4.084973356e+02 +4.084973356e+02 -2.2088e+00 +2.8869e+00 +4.4847e-01 +3.4732e+00 -1.6601e+00
72 0 +2.942145002e+02 +3.000745002e+02 +3.000745002e+02 -2.7720e+00 +1.9533e+00 -6.7010e-01 +1.3080e+00 +8.6611e-01
74 0 +1.399010860e+02 +1.457610860e+02 +1.457610860e+02 -3.2713e+00 +2.6241e+00 -6.6834e-01 +2.0743e+00 +1.5517e+00
193 0 +1.002265220e+02 +1.060865220e+02 +1.060865220e+02 -3.9973e+00 +2.1885e+00 -6.2277e-01 +2.3769e+00 +1.0945e+00
228 0 +6.541922803e+01 +7.127922803e+01 +7.127922803e+01 -2.2890e+00 +2.2838e+00 +4.6273e-02 +4.1954e+00 +4.0209e-01
341 0 +5.765386207e+01 +6.351386207e+01 +6.351386207e+01 -3.4540e+00 +2.0619e+00 -4.1214e-01 +3.1658e+00 +1.2154e+00
345 0 +4.034370307e+01 +4.620370307e+01 +4.620370307e+01 -3.1526e+00 +2.0376e+00 -4.6397e-01 +2.7919e+00 +1.3122e+00
358 0 +2.971024495e+01 +3.557024495e+01 +3.557024495e+01 -3.2591e+00 +2.1571e+00 -6.9236e-01 +2.5961e+00 +1.5408e+00
392 0 +2.882757423e+01 +3.468757423e+01 +3.468757423e+01 -3.3488e+00 +2.0655e+00 -6.0310e-01 +2.8619e+00 +1.2742e+00
429 0 +2.303679652e+01 +2.889679652e+01 +2.889679652e+01 -3.4421e+00 +2.0202e+00 -5.9198e-01 +2.6827e+00 +1.3293e+00
442 0 +2.090062567e+01 +2.676062567e+01 +2.676062567e+01 -3.3142e+00 +2.0657e+00 -6.2694e-01 +2.7685e+00 +1.3445e+00
461 0 +2.009007334e+01 +2.595007334e+01 +2.595007334e+01 -3.1823e+00 +2.0650e+00 -5.6345e-01 +2.8100e+00 +1.4666e+00
486 0 +1.122626513e+01 +1.708626513e+01 +1.708626513e+01 -3.1348e+00 +2.0841e+00 -4.6503e-01 +3.0565e+00 +1.2140e+00
553 0 +1.001533705e+01 +1.587533705e+01 +1.587533705e+01 -3.1645e+00 +2.0942e+00 -4.9438e-01 +2.9758e+00 +1.2419e+00
586 0 +1.000759846e+01 +1.586759846e+01 +1.586759846e+01 -3.2718e+00 +2.0689e+00 -5.5301e-01 +2.8396e+00 +1.3156e+00
605 0 +8.029765825e+00 +1.388976582e+01 +1.388976582e+01 -3.2912e+00 +2.0825e+00 -5.6865e-01 +2.7430e+00 +1.4171e+00
616 0 +7.554044791e+00 +1.341404479e+01 +1.341404479e+01 -3.2618e+00 +2.0670e+00 -5.7562e-01 +2.7822e+00 +1.3930e+00
629 0 +6.358570924e+00 +1.221857092e+01 +1.221857092e+01 -3.3472e+00 +2.0663e+00 -6.5354e-01 +2.6069e+00 +1.5056e+00
640 0 +5.569707261e+00 +1.142970726e+01 +1.142970726e+01 -3.3300e+00 +2.0638e+00 -6.0714e-01 +2.6871e+00 +1.4383e+00
703 0 +5.073633795e+00 +1.093363380e+01 +1.093363380e+01 -3.5574e+00 +2.0396e+00 -8.0297e-01 +2.2252e+00 +1.7501e+00
764 0 +2.742280686e+00 +8.602280686e+00 +8.602280686e+00 -3.7284e+00 +2.0264e+00 -9.9200e-01 +1.8066e+00 +2.0900e+00
782 0 +2.614301018e+00 +8.474301018e+00 +8.474301018e+00 -3.5956e+00 +2.0414e+00 -8.4188e-01 +2.1303e+00 +1.8372e+00
823 0 +2.250197962e+00 +8.110197962e+00 +8.110197962e+00 -3.7642e+00 +2.0235e+00 -1.0148e+00 +1.7338e+00 +2.1508e+00
829 0 +1.643815170e+00 +7.503815170e+00 +7.503815170e+00 -3.6641e+00 +2.0263e+00 -9.1392e-01 +1.9739e+00 +1.9556e+00
904 0 +1.455332140e+00 +7.315332140e+00 +7.315332140e+00 -3.6699e+00 +2.0269e+00 -9.1076e-01 +1.9681e+00 +1.9633e+00
931 0 +1.050567329e+00 +6.910567329e+00 +6.910567329e+00 -3.7364e+00 +2.0224e+00 -9.7371e-01 +1.8269e+00 +2.0709e+00
943 0 +5.639633292e-01 +6.423963329e+00 +6.423963329e+00 -3.6751e+00 +2.0266e+00 -9.2456e-01 +1.9450e+00 +1.9835e+00
1027 0 +5.182359334e-01 +6.378235933e+00 +6.378235933e+00 -3.8001e+00 +2.0120e+00 -1.0373e+00 +1.6828e+00 +2.1756e+00
1062 0 +4.880728109e-01 +6.348072811e+00 +6.348072811e+00 -3.7740e+00 +2.0148e+00 -1.0150e+00 +1.7357e+00 +2.1350e+00
1067 0 +4.812606071e-01 +6.341260607e+00 +6.341260607e+00 -3.7169e+00 +2.0224e+00 -9.6104e-01 +1.8585e+00 +2.0485e+00
1083 0 +2.332259813e-01 +6.093225981e+00 +6.093225981e+00 -3.7207e+00 +2.0224e+00 -9.6685e-01 +1.8458e+00 +2.0577e+00
1109 0 +7.818562172e-02 +5.938185622e+00 +5.938185622e+00 -3.7437e+00 +2.0200e+00 -9.8800e-01 +1.7963e+00 +2.0918e+00
