% f evaluations | g evaluations | best noise-free fitness - Fopt (-1.694000000000e+01) + sum g_i+ | measured fitness | best measured fitness or single-digit g-values | x1 | x2...
1 0 +4.225253210e+01 +2.531253210e+01 +2.531253210e+01 +5.9671e-01 -3.8264e-02 +7.4769e-01 +1.6230e+00 -1.3415e-01
5 0 +3.530483772e+01 +1.836483772e+01 +1.836483772e+01 +1.5656e+00 -1.2578e-01 +1.6753e-01 -1.3247e+00 -4.4438e-01
26 0 +2.836668003e+01 +1.142668003e+01 +1.142668003e+01 +2.4386e+00 -6.8053e-01 -1.0320e+00 -1.2211e-01 -9.6294e-02
54 0 +2.239627985e+01 +5.456279848e+00 +5.456279848e+00 +2.0419e+00 -1.8044e-01 -1.1957e+00 +1.4557e+00 +5.3879e-01
55 0 +1.667474160e+01 -2.652583984e-01 -2.652583984e-01 +3.6888e+00 +1.4728e+00 -1.2575e+00 +7.3791e-01 +1.4633e+00
83 0 +1.501551664e+01 -1.924483363e+00 -1.924483363e+00 +3.5728e+00 +1.5572e+00 -1.1552e+00 -1.6141e+00 +6.9556e-01
85 0 +1.279003479e+01 -4.149965215e+00 -4.149965215e+00 +2.4940e+00 -4.4266e-01 -1.6992e+00 +3.5059e+00 +6.3871e-01
122 0 +1.093280028e+01 -6.007199724e+00 -6.007199724e+00 +2.8279e+00 +5.0337e-01 -1.9132e+00 +5.9192e-01 +3.7985e-01
138 0 +1.029763916e+01 -6.642360837e+00 -6.642360837e+00 +4.7484e+00 +1.3969e+00 -2.0736e+00 +1.6127e+00 +1.9708e+00
176 0 +4.961791730e+00 -1.197820827e+01 -1.197820827e+01 +3.3568e+00 +2.0392e+00 -1.6702e+00 +1.6315e+00 +1.6896e+00
277 0 +2.918717647e+00 -1.402128235e+01 -1.402128235e+01 +2.4238e+00 +1.6522e+00 -2.1238e+00 +2.0660e+00 +1.2364e+00
301 0 +1.993831295e+00 -1.494616870e+01 -1.494616870e+01 +2.9630e+00 +2.1842e+00 -1.7021e+00 +1.5940e+00 +1.3021e+00
326 0 +1.495239858e+00 -1.544476014e+01 -1.544476014e+01 +3.3652e+00 +2.2724e+00 -1.6845e+00 +1.6823e+00 +1.3823e+00
352 0 +1.494181748e+00 -1.544581825e+01 -1.544581825e+01 +3.4454e+00 +2.4313e+00 -1.5962e+00 +1.5244e+00 +1.6322e+00
353 0 +1.008165253e+00 -1.593183475e+01 -1.593183475e+01 +3.3009e+00 +2.5878e+00 -1.5793e+00 +1.5564e+00 +1.2752e+00
409 0 +6.741157035e-01 -1.626588430e+01 -1.626588430e+01 +3.6687e+00 +2.5781e+00 -1.5900e+00 +1.5086e+00 +1.4555e+00
427 0 +4.597370401e-01 -1.648026296e+01 -1.648026296e+01 +3.4772e+00 +2.5301e+00 -1.6102e+00 +1.5304e+00 +1.3946e+00
487 0 +4.060147396e-01 -1.653398526e+01 -1.653398526e+01 +3.4593e+00 +2.3604e+00 -1.6932e+00 +1.6207e+00 +1.3767e+00
518 0 +3.332686229e-01 -1.660673138e+01 -1.660673138e+01 +3.5798e+00 +2.4771e+00 -1.5691e+00 +1.5641e+00 +1.3444e+00
629 0 +2.560770364e-01 -1.668392296e+01 -1.668392296e+01 +3.4814e+00 +2.4355e+00 -1.6346e+00 +1.5825e+00 +1.3833e+00
651 0 +1.490064934e-01 -1.679099351e+01 -1.679099351e+01 +3.4501e+00 +2.4423e+00 -1.6357e+00 +1.5790e+00 +1.3581e+00
660 0 +1.129369813e-01 -1.682706302e+01 -1.682706302e+01 +3.5435e+00 +2.4536e+00 -1.6051e+00 +1.5557e+00 +1.3696e+00
777 0 +6.194448869e-02 -1.687805551e+01 -1.687805551e+01 +3.5967e+00 +2.4930e+00 -1.5684e+00 +1.5176e+00 +1.3869e+00
855 0 +6.037053539e-02 -1.687962946e+01 -1.687962946e+01 +3.5964e+00 +2.4999e+00 -1.5664e+00 +1.5150e+00 +1.3814e+00
925 0 +5.153528607e-02 -1.688846471e+01 -1.688846471e+01 +3.6333e+00 +2.5305e+00 -1.5419e+00 +1.4892e+00 +1.3851e+00
957 0 +4.573320147e-02 -1.689426680e+01 -1.689426680e+01 +3.6401e+00 +2.5375e+00 -1.5377e+00 +1.4844e+00 +1.3881e+00
989 0 +2.914304353e-02 -1.691085696e+01 -1.691085696e+01 +3.6565e+00 +2.5523e+00 -1.5273e+00 +1.4726e+00 +1.3955e+00
1032 0 +2.643179390e-02 -1.691356821e+01 -1.691356821e+01 +3.6383e+00 +2.5307e+00 -1.5426e+00 +1.4847e+00 +1.3929e+00
1054 0 +9.692557611e-03 -1.693030744e+01 -1.693030744e+01 +3.6570e+00 +2.5513e+00 -1.5288e+00 +1.4690e+00 +1.3960e+00
1132 0 +9.392232633e-03 -1.693060777e+01 -1.693060777e+01 +3.6595e+00 +2.5520e+00 -1.5279e+00 +1.4677e+00 +1.3964e+00
1140 0 +8.142677964e-03 -1.693185732e+01 -1.693185732e+01 +3.6520e+00 +2.5453e+00 -1.5328e+00 +1.4739e+00 +1.3947e+00
1143 0 +6.853802982e-03 -1.693314620e+01 -1.693314620e+01 +3.6512e+00 +2.5463e+00 -1.5325e+00 +1.4731e+00 +1.3949e+00
1178 0 +5.996448847e-03 -1.693400355e+01 -1.693400355e+01 +3.6508e+00 +2.5461e+00 -1.5327e+00 +1.4727e+00 +1.3947e+00
1234 0 +4.952488667e-03 -1.693504751e+01 -1.693504751e+01 +3.6609e+00 +2.5541e+00 -1.5265e+00 +1.4663e+00 +1.3973e+00
1248 0 +4.013349968e-03 -1.693598665e+01 -1.693598665e+01 +3.6556e+00 +2.5454e+00 -1.5310e+00 +1.4724e+00 +1.3955e+00
% f evaluations | g evaluations | best noise-free fitness - Fopt (1.881000000000e+01) + sum g_i+ | measured fitness | best measured fitness or single-digit g-values | x1 | x2...
1 0 +6.065066736e+01 +7.946066736e+01 +7.946066736e+01 +5.9671e-01 -3.8264e-02 +7.4769e-01 +1.6230e+00 -1.3415e-01
2 0 +2.078231662e+01 +3.959231662e+01 +3.959231662e+01 -1.3414e-01 +1.6792e+00 +8.6743e-01 -3.6947e-01 +6.4256e-01
5 0 +1.786164433e+01 +3.667164433e+01 +3.667164433e+01 +1.5656e+00 -1.2578e-01 +1.6753e-01 -1.3247e+00 -4.4438e-01
7 0 +8.274520573e+00 +2.708452057e+01 +2.708452057e+01 -5.0171e-01 +1.9523e+00 +8.6503e-02 -9.5771e-01 +9.2254e-01
44 0 +6.576314429e+00 +2.538631443e+01 +2.538631443e+01 +4.5485e-01 +8.7479e-01 -3.4527e-01 -1.2165e+00 +1.4302e+00
94 0 +5.473289076e+00 +2.428328908e+01 +2.428328908e+01 -4.9462e-01 +2.5406e+00 -1.1854e+00 +2.1392e-03 +1.5776e+00
129 0 +4.104455410e+00 +2.291445541e+01 +2.291445541e+01 -3.5703e-01 +2.1865e+00 -1.2905e+00 +1.2232e+00 +1.1096e+00
135 0 +3.675371202e+00 +2.248537120e+01 +2.248537120e+01 -2.0903e-03 +1.9226e+00 -5.2403e-01 -1.0209e+00 +2.0540e+00
151 0 +3.622221117e+00 +2.243222112e+01 +2.243222112e+01 -7.3746e-01 +2.6601e+00 -9.4787e-01 +8.7799e-01 +1.1709e+00
153 0 +1.993702977e+00 +2.080370298e+01 +2.080370298e+01 -1.4787e-01 +1.8317e+00 -9.2789e-01 -5.9806e-02 +2.0957e+00
201 0 +1.358928428e+00 +2.016892843e+01 +2.016892843e+01 -2.7502e-01 +2.2195e+00 -9.1525e-01 +2.7034e-01 +1.2409e+00
252 0 +1.055192399e+00 +1.986519240e+01 +1.986519240e+01 -3.5969e-01 +1.9227e+00 -8.3174e-01 -4.3880e-02 +1.5887e+00
256 0 +9.898969387e-01 +1.979989694e+01 +1.979989694e+01 -2.9418e-01 +1.7863e+00 -9.2523e-01 +1.5169e-01 +1.7079e+00
327 0 +6.291422230e-01 +1.943914222e+01 +1.943914222e+01 -2.2352e-01 +2.0441e+00 -8.6601e-01 +7.5792e-02 +1.5519e+00
340 0 +5.443207455e-01 +1.935432075e+01 +1.935432075e+01 -1.7722e-01 +1.8331e+00 -8.1983e-01 -8.4676e-02 +1.8152e+00
351 0 +4.713177502e-01 +1.928131775e+01 +1.928131775e+01 -1.3035e-01 +1.6605e+00 -7.9956e-01 -1.6647e-01 +1.7371e+00
437 0 +3.764165974e-01 +1.918641660e+01 +1.918641660e+01 -2.1050e-01 +1.7350e+00 -8.2891e-01 -7.1165e-02 +1.7861e+00
492 0 +3.265512417e-01 +1.913655124e+01 +1.913655124e+01 -2.0469e-01 +1.6411e+00 -8.4529e-01 -1.0199e-01 +1.6943e+00
501 0 +1.901972054e-01 +1.900019721e+01 +1.900019721e+01 -1.8940e-01 +1.7364e+00 -8.2435e-01 -8.0296e-02 +1.6992e+00
521 0 +1.711979720e-01 +1.898119797e+01 +1.898119797e+01 -1.9018e-01 +1.8476e+00 -8.3178e-01 +1.2026e-02 +1.6123e+00
645 0 +1.499968536e-01 +1.895999685e+01 +1.895999685e+01 -1.5518e-01 +1.7691e+00 -8.0641e-01 -8.4770e-02 +1.7142e+00
658 0 +9.990465962e-02 +1.890990466e+01 +1.890990466e+01 -1.8141e-01 +1.8016e+00 -8.2772e-01 -2.3155e-02 +1.6626e+00
682 0 +9.177502570e-02 +1.890177503e+01 +1.890177503e+01 -2.0104e-01 +1.8025e+00 -8.2609e-01 -8.4328e-03 +1.6542e+00
735 0 +7.162137444e-02 +1.888162137e+01 +1.888162137e+01 -1.8939e-01 +1.7510e+00 -8.1647e-01 -7.1168e-02 +1.7052e+00
830 0 +5.516488271e-02 +1.886516488e+01 +1.886516488e+01 -1.9586e-01 +1.7883e+00 -8.2472e-01 -1.6157e-02 +1.6565e+00
853 0 +4.655478570e-02 +1.885655479e+01 +1.885655479e+01 -1.9569e-01 +1.7909e+00 -8.2899e-01 -1.3668e-02 +1.6510e+00
857 0 +3.954753497e-02 +1.884954753e+01 +1.884954753e+01 -1.8862e-01 +1.7731e+00 -8.2058e-01 -4.8063e-02 +1.6880e+00
862 0 +1.828568867e-02 +1.882828569e+01 +1.882828569e+01 -1.9390e-01 +1.7901e+00 -8.2339e-01 -2.5681e-02 +1.6645e+00
951 0 +1.502129714e-02 +1.882502130e+01 +1.882502130e+01 -1.9321e-01 +1.7903e+00 -8.2334e-01 -2.7310e-02 +1.6658e+00
1003 0 +1.303933772e-02 +1.882303934e+01 +1.882303934e+01 -1.8780e-01 +1.7759e+00 -8.1969e-01 -4.4489e-02 +1.6809e+00
1023 0 +5.970200831e-03 +1.881597020e+01 +1.881597020e+01 -1.9229e-01 +1.7843e+00 -8.2308e-01 -2.9866e-02 +1.6678e+00
1178 0 +5.264586633e-03 +1.881526459e+01 +1.881526459e+01 -1.9306e-01 +1.7851e+00 -8.2361e-01 -2.8879e-02 +1.6670e+00
1203 0 +4.309014929e-03 +1.881430901e+01 +1.881430901e+01 -1.9037e-01 +1.7804e+00 -8.2164e-01 -3.5886e-02 +1.6741e+00
% f evaluations | g evaluations | best noise-free fitness - Fopt (2.731500000000e+02) + sum g_i+ | measured fitness | best measured fitness or single-digit g-values | x1 | x2...
1 0 +6.736220724e+01 +3.405122072e+02 +3.405122072e+02 +5.9671e-01 -3.8264e-02 +7.4769e-01 +1.6230e+00 -1.3415e-01
2 0 +2.670514994e+01 +2.998551499e+02 +2.998551499e+02 -1.3414e-01 +1.6792e+00 +8.6743e-01 -3.6947e-01 +6.4256e-01
63 0 +2.029212145e+01 +2.934421214e+02 +2.934421214e+02 -8.0206e-01 +4.1092e+00 +4.8788e-01 +9.5817e-01 +1.4412e+00
91 0 +1.394326571e+01 +2.870932657e+02 +2.870932657e+02 -1.4239e-01 +3.2320e+00 +2.5389e+00 +3.0523e+00 +1.9179e+00
139 0 +1.230589223e+01 +2.854558922e+02 +2.854558922e+02 -4.7394e+00 +2.7164e+00 +1.2981e+00 +3.1182e+00 +2.5578e+00
150 0 +1.121484274e+01 +2.843648427e+02 +2.843648427e+02 -3.2513e+00 +4.5762e+00 +9.1242e-02 +2.6637e+00 +1.9502e+00
182 0 +9.868321720e+00 +2.830183217e+02 +2.830183217e+02 -3.1362e+00 +2.4217e+00 +1.9088e-03 +2.2712e+00 +1.8682e+00
226 0 +6.690660703e+00 +2.798406607e+02 +2.798406607e+02 -2.6598e+00 +3.6263e+00 +7.5411e-02 +2.8672e+00 +2.2637e+00
320 0 +4.184346963e+00 +2.773343470e+02 +2.773343470e+02 -7.1943e-01 +3.9121e+00 +2.0090e-01 +2.1347e+00 +1.3978e+00
339 0 +3.048844328e+00 +2.761988443e+02 +2.761988443e+02 -3.3800e+00 +3.6909e+00 -5.6232e-01 +2.1533e+00 +2.1066e+00
378 0 +2.296165294e+00 +2.754461653e+02 +2.754461653e+02 -2.3873e+00 +3.6559e+00 -5.2055e-01 +2.0789e+00 +1.7953e+00
449 0 +1.821136293e+00 +2.749711363e+02 +2.749711363e+02 -2.5524e+00 +3.8652e+00 -3.2924e-01 +2.3295e+00 +1.9651e+00
464 0 +1.792152414e+00 +2.749421524e+02 +2.749421524e+02 -3.2520e+00 +3.7590e+00 -2.0039e-01 +2.5884e+00 +2.0307e+00
499 0 +1.781364077e+00 +2.749313641e+02 +2.749313641e+02 -3.1280e+00 +3.6414e+00 -2.6888e-01 +2.5720e+00 +1.8315e+00
501 0 +9.802054057e-01 +2.741302054e+02 +2.741302054e+02 -3.5474e+00 +3.7434e+00 -6.0679e-01 +2.5051e+00 +1.9578e+00
580 0 +4.968925490e-01 +2.736468925e+02 +2.736468925e+02 -3.6002e+00 +3.7867e+00 -5.7950e-01 +2.5031e+00 +1.9931e+00
678 0 +3.847672417e-01 +2.735347672e+02 +2.735347672e+02 -3.4525e+00 +3.7691e+00 -4.8459e-01 +2.5689e+00 +1.9627e+00
726 0 +3.083358955e-01 +2.734583359e+02 +2.734583359e+02 -3.2769e+00 +3.7744e+00 -4.6211e-01 +2.4987e+00 +1.9435e+00
741 0 +1.929294759e-01 +2.733429295e+02 +2.733429295e+02 -3.3666e+00 +3.7632e+00 -4.2557e-01 +2.5458e+00 +1.9595e+00
764 0 +1.290656393e-01 +2.732790656e+02 +2.732790656e+02 -3.5265e+00 +3.7724e+00 -5.3568e-01 +2.5281e+00 +1.9943e+00
855 0 +8.622545655e-02 +2.732362255e+02 +2.732362255e+02 -3.5199e+00 +3.7638e+00 -4.6992e-01 +2.5649e+00 +1.9900e+00
930 0 +8.480122943e-02 +2.732348012e+02 +2.732348012e+02 -3.6634e+00 +3.7574e+00 -4.9225e-01 +2.5770e+00 +2.0196e+00
951 0 +7.627764725e-02 +2.732262776e+02 +2.732262776e+02 -3.5850e+00 +3.7443e+00 -4.7520e-01 +2.5725e+00 +2.0164e+00
957 0 +3.930535290e-02 +2.731893054e+02 +2.731893054e+02 -3.5272e+00 +3.7575e+00 -4.7284e-01 +2.5570e+00 +1.9973e+00
996 0 +3.819825986e-02 +2.731881983e+02 +2.731881983e+02 -3.5729e+00 +3.7557e+00 -4.7982e-01 +2.5689e+00 +2.0071e+00
1004 0 +2.942972889e-02 +2.731794297e+02 +2.731794297e+02 -3.5788e+00 +3.7557e+00 -4.7577e-01 +2.5685e+00 +2.0075e+00
1096 0 +2.870496692e-02 +2.731787050e+02 +2.731787050e+02 -3.5939e+00 +3.7549e+00 -4.8169e-01 +2.5696e+00 +2.0115e+00
1104 0 +2.525013017e-02 +2.731752501e+02 +2.731752501e+02 -3.5799e+00 +3.7548e+00 -4.7673e-01 +2.5684e+00 +2.0086e+00
1107 0 +2.498443119e-02 +2.731749844e+02 +2.731749844e+02 -3.5811e+00 +3.7552e+00 -4.7583e-01 +2.5689e+00 +2.0074e+00
1120 0 +2.404032898e-02 +2.731740403e+02 +2.731740403e+02 -3.5937e+00 +3.7542e+00 -4.8430e-01 +2.5684e+00 +2.0090e+00
1126 0 +2.072191993e-02 +2.731707219e+02 +2.731707219e+02 -3.5827e+00 +3.7543e+00 -4.8130e-01 +2.5710e+00 +2.0086e+00
1129 0 +1.377767340e-02 +2.731637777e+02 +2.731637777e+02 -3.5766e+00 +3.7540e+00 -4.7814e-01 +2.5683e+00 +2.0087e+00
1163 0 +1.280456483e-02 +2.731628046e+02 +2.731628046e+02 -3.5765e+00 +3.7524e+00 -4.7821e-01 +2.5671e+00 +2.0082e+00
1187 0 +1.082539350e-02 +2.731608254e+02 +2.731608254e+02 -3.5777e+00 +3.7544e+00 -4.8166e-01 +2.5675e+00 +2.0075e+00
1197 0 +5.393622809e-03 +2.731553936e+02 +2.731553936e+02 -3.5783e+00 +3.7541e+00 -4.7971e-01 +2.5682e+00 +2.0076e+00
% f evaluations | g evaluations | best noise-free fitness - Fopt (3.718000000000e+01) + sum g_i+ | measured fitness | best measured fitness or single-digit g-values | x1 | x2...
1 0 +1.005315345e+02 +1.377115345e+02 +1.377115345e+02 +5.9671e-01 -3.8264e-02 +7.4769e-01 +1.6230e+00 -1.3415e-01
6 0 +8.840997479e+01 +1.255899748e+02 +1.255899748e+02 +2.1092e-01 -1.0510e+00 +4.7570e-01 -5.0064e-01 -1.9169e-01
10 0 +6.656628982e+01 +1.037462898e+02 +1.037462898e+02 -6.1984e-01 -3.6064e-01 +1.1571e+00 +4.4362e-01 -1.6630e+00
17 0 +6.426908274e+01 +1.014490827e+02 +1.014490827e+02 -1.1967e-01 +4.5711e-01 +1.5779e+00 -4.1827e-01 -7.0849e-01
26 0 +2.614071575e+01 +6.332071575e+01 +6.332071575e+01 -1.2286e+00 -1.4068e+00 +3.2253e+00 +9.9299e-01 -7.7843e-01
27 0 +1.787196050e+01 +5.505196050e+01 +5.505196050e+01 -6.1296e-01 +9.5270e-01 +2.6346e+00 +3.3124e-01 -3.3429e+00
68 0 +1.030845979e+01 +4.748845979e+01 +4.748845979e+01 -2.8822e+00 +1.7055e+00 +2.3827e+00 +1.4502e+00 -2.6992e+00
131 0 +6.117952489e+00 +4.329795249e+01 +4.329795249e+01 -3.7030e+00 +2.2786e+00 +3.0746e+00 +9.0116e-01 -2.7521e+00
191 0 +5.939500624e+00 +4.311950062e+01 +4.311950062e+01 -2.9422e+00 +1.1499e+00 +1.6483e+00 +2.1556e+00 -3.3603e+00
201 0 +4.009735169e+00 +4.118973517e+01 +4.118973517e+01 -3.2249e+00 +1.5901e+00 +2.8522e+00 +1.6826e+00 -3.2276e+00
206 0 +3.898058722e+00 +4.107805872e+01 +4.107805872e+01 -4.3507e+00 +2.3629e+00 +1.5704e+00 +1.5855e+00 -3.7266e+00
258 0 +3.116672707e+00 +4.029667271e+01 +4.029667271e+01 -3.2894e+00 +2.0292e+00 +2.6892e+00 +1.6454e+00 -3.0324e+00
272 0 +2.574107052e+00 +3.975410705e+01 +3.975410705e+01 -3.7959e+00 +2.3970e+00 +2.6772e+00 +1.6267e+00 -4.3453e+00
338 0 +2.245908415e+00 +3.942590842e+01 +3.942590842e+01 -3.7268e+00 +1.8184e+00 +2.3057e+00 +1.7569e+00 -3.4216e+00
339 0 +1.929756654e+00 +3.910975665e+01 +3.910975665e+01 -3.3057e+00 +2.1046e+00 +3.0399e+00 +1.3696e+00 -3.4727e+00
401 0 +1.030765194e+00 +3.821076519e+01 +3.821076519e+01 -3.6489e+00 +2.0451e+00 +2.4463e+00 +1.4882e+00 -3.3232e+00
414 0 +6.577176736e-01 +3.783771767e+01 +3.783771767e+01 -3.3477e+00 +1.9525e+00 +2.8249e+00 +1.3540e+00 -3.1756e+00
452 0 +5.937365465e-01 +3.777373655e+01 +3.777373655e+01 -3.3887e+00 +1.9884e+00 +2.8020e+00 +1.3196e+00 -3.2180e+00
453 0 +5.769993726e-01 +3.775699937e+01 +3.775699937e+01 -3.5359e+00 +2.0390e+00 +2.5707e+00 +1.4577e+00 -3.4185e+00
535 0 +4.298757844e-01 +3.760987578e+01 +3.760987578e+01 -3.6907e+00 +1.9409e+00 +2.2351e+00 +1.5287e+00 -3.4333e+00
622 0 +4.122160008e-01 +3.759221600e+01 +3.759221600e+01 -3.7843e+00 +2.0608e+00 +2.2479e+00 +1.5713e+00 -3.4531e+00
670 0 +4.049686841e-01 +3.758496868e+01 +3.758496868e+01 -3.8368e+00 +2.0385e+00 +2.0943e+00 +1.5850e+00 -3.4602e+00
672 0 +4.000869804e-01 +3.758008698e+01 +3.758008698e+01 -4.0063e+00 +2.1552e+00 +1.9425e+00 +1.6320e+00 -3.5718e+00
719 0 +2.467986432e-01 +3.742679864e+01 +3.742679864e+01 -3.8830e+00 +2.0528e+00 +2.0905e+00 +1.5771e+00 -3.5175e+00
729 0 +1.719026791e-01 +3.735190268e+01 +3.735190268e+01 -3.8579e+00 +2.0933e+00 +2.1374e+00 +1.5641e+00 -3.4801e+00
756 0 +1.395357763e-01 +3.731953578e+01 +3.731953578e+01 -3.9145e+00 +2.0659e+00 +2.0142e+00 +1.6054e+00 -3.5071e+00
818 0 +1.126200958e-01 +3.729262010e+01 +3.729262010e+01 -3.8842e+00 +2.0550e+00 +2.0623e+00 +1.5949e+00 -3.5063e+00
829 0 +5.308563480e-02 +3.723308563e+01 +3.723308563e+01 -3.9363e+00 +2.0763e+00 +2.0047e+00 +1.6178e+00 -3.5359e+00
896 0 +5.027880472e-02 +3.723027880e+01 +3.723027880e+01 -3.8824e+00 +2.0594e+00 +2.0688e+00 +1.5976e+00 -3.5251e+00
907 0 +1.028837714e-02 +3.719028838e+01 +3.719028838e+01 -3.9068e+00 +2.0612e+00 +2.0290e+00 +1.6123e+00 -3.5370e+00
1080 0 +9.387775183e-03 +3.718938778e+01 +3.718938778e+01 -3.9017e+00 +2.0626e+00 +2.0385e+00 +1.6095e+00 -3.5347e+00
1103 0 +6.176319328e-03 +3.718617632e+01 +3.718617632e+01 -3.8988e+00 +2.0599e+00 +2.0407e+00 +1.6095e+00 -3.5349e+00
% f evaluations | g evaluations | best noise-free fitness - Fopt (-1.479000000000e+02) + sum g_i+ | measured fitness | best measured fitness or single-digit g-values | x1 | x2...
1 0 +5.695600115e+01 -9.094399885e+01 -9.094399885e+01 +5.9671e-01 -3.8264e-02 +7.4769e-01 +1.6230e+00 -1.3415e-01
2 0 +4.792501611e+01 -9.997498389e+01 -9.997498389e+01 -1.3414e-01 +1.6792e+00 +8.6743e-01 -3.6947e-01 +6.4256e-01
3 0 +3.363324061e+01 -1.142667594e+02 -1.142667594e+02 -3.6342e-01 -3.6573e-01 +3.4196e-01 -1.8133e+00 -1.6249e+00
4 0 +1.865371827e+01 -1.292462817e+02 -1.292462817e+02 -4.6229e-01 -9.1283e-01 +4.1425e-01 -8.0802e-01 -1.3123e+00
34 0 +1.142285815e+01 -1.364771418e+02 -1.364771418e+02 -1.3086e+00 +4.3400e-01 +1.5624e+00 -9.0619e-01 -2.0115e+00
60 0 +6.553730508e+00 -1.413462695e+02 -1.413462695e+02 -7.0623e-01 -2.1085e-03 +6.4750e-01 -1.6445e+00 -2.5699e+00
84 0 +6.177368704e+00 -1.417226313e+02 -1.417226313e+02 -2.0074e+00 +5.5307e-01 +5.0653e-01 -1.4712e+00 -2.9886e+00
102 0 +5.916095482e+00 -1.419839045e+02 -1.419839045e+02 -1.6543e+00 +6.0988e-02 +9.3109e-01 -1.9717e+00 -2.4689e+00
103 0 +5.911663812e+00 -1.419883362e+02 -1.419883362e+02 -1.5151e+00 -7.8426e-01 +2.0682e+00 -1.3650e+00 -2.6926e+00
117 0 +4.965383236e+00 -1.429346168e+02 -1.429346168e+02 -1.2316e+00 +1.7261e-01 +1.1676e+00 -2.2115e+00 -3.8041e+00
126 0 +3.794074323e+00 -1.441059257e+02 -1.441059257e+02 -1.6000e+00 +5.8199e-01 +7.8697e-01 -2.1468e+00 -3.0854e+00
181 0 +3.372773664e+00 -1.445272263e+02 -1.445272263e+02 -1.8186e+00 -1.4575e-01 +1.2184e+00 -1.6974e+00 -2.5043e+00
198 0 +2.283670775e+00 -1.456163292e+02 -1.456163292e+02 -1.3038e+00 +1.0693e-01 +8.5504e-01 -2.7018e+00 -3.8781e+00
230 0 +1.210458932e+00 -1.466895411e+02 -1.466895411e+02 -1.8965e+00 +2.7756e-01 +9.9829e-01 -1.8934e+00 -3.0470e+00
237 0 +1.042341186e+00 -1.468576588e+02 -1.468576588e+02 -2.0913e+00 -2.1189e-01 +1.8464e+00 -1.3107e+00 -2.3009e+00
326 0 +8.966746950e-01 -1.470033253e+02 -1.470033253e+02 -1.7406e+00 +7.8323e-02 +1.1299e+00 -1.9904e+00 -3.0474e+00
352 0 +8.084397212e-01 -1.470915603e+02 -1.470915603e+02 -1.5939e+00 +1.3735e-01 +1.0934e+00 -1.9508e+00 -3.1048e+00
356 0 +5.687168819e-01 -1.473312831e+02 -1.473312831e+02 -1.7725e+00 -2.3771e-02 +1.3019e+00 -1.8976e+00 -2.9088e+00
380 0 +4.870777964e-01 -1.474129222e+02 -1.474129222e+02 -1.6733e+00 +1.6843e-01 +1.0791e+00 -1.9883e+00 -3.0690e+00
405 0 +4.647750320e-01 -1.474352250e+02 -1.474352250e+02 -1.6463e+00 +1.4983e-01 +1.2114e+00 -1.9583e+00 -3.0985e+00
427 0 +4.588978658e-01 -1.474411021e+02 -1.474411021e+02 -1.7180e+00 +1.6731e-02 +1.3148e+00 -1.9322e+00 -2.9876e+00
452 0 +1.771096369e-01 -1.477228904e+02 -1.477228904e+02 -1.6433e+00 +5.4944e-02 +1.2648e+00 -1.9932e+00 -3.0724e+00
512 0 +1.424535204e-01 -1.477575465e+02 -1.477575465e+02 -1.6903e+00 +2.3853e-02 +1.3225e+00 -1.9366e+00 -3.0087e+00
610 0 +1.358483298e-01 -1.477641517e+02 -1.477641517e+02 -1.6636e+00 +7.8751e-02 +1.2419e+00 -1.9937e+00 -3.0801e+00
627 0 +1.158417944e-01 -1.477841582e+02 -1.477841582e+02 -1.6567e+00 +8.7576e-02 +1.2139e+00 -2.0097e+00 -3.0973e+00
653 0 +8.322733706e-02 -1.478167727e+02 -1.478167727e+02 -1.6481e+00 +1.0136e-01 +1.2088e+00 -2.0114e+00 -3.1110e+00
702 0 +6.705410043e-02 -1.478329459e+02 -1.478329459e+02 -1.6702e+00 +8.1722e-02 +1.2227e+00 -1.9802e+00 -3.0675e+00
729 0 +6.143797546e-02 -1.478385620e+02 -1.478385620e+02 -1.6726e+00 +7.7930e-02 +1.2242e+00 -1.9872e+00 -3.0641e+00
752 0 +4.270073408e-02 -1.478572993e+02 -1.478572993e+02 -1.6762e+00 +8.2558e-02 +1.2191e+00 -1.9848e+00 -3.0670e+00
756 0 +3.611708212e-02 -1.478638829e+02 -1.478638829e+02 -1.6759e+00 +7.8580e-02 +1.2268e+00 -1.9801e+00 -3.0619e+00
881 0 +3.541129425e-02 -1.478645887e+02 -1.478645887e+02 -1.6717e+00 +8.5793e-02 +1.2183e+00 -1.9860e+00 -3.0723e+00
909 0 +2.687747028e-02 -1.478731225e+02 -1.478731225e+02 -1.6701e+00 +9.9930e-02 +1.1932e+00 -1.9983e+00 -3.0850e+00
964 0 +2.659484359e-02 -1.478734052e+02 -1.478734052e+02 -1.6756e+00 +8.6081e-02 +1.2153e+00 -1.9838e+00 -3.0690e+00
976 0 +2.420318921e-02 -1.478757968e+02 -1.478757968e+02 -1.6744e+00 +8.6221e-02 +1.2162e+00 -1.9848e+00 -3.0699e+00
1013 0 +1.951420964e-02 -1.478804858e+02 -1.478804858e+02 -1.6737e+00 +8.3709e-02 +1.2202e+00 -1.9839e+00 -3.0684e+00
1036 0 +1.651387987e-02 -1.478834861e+02 -1.478834861e+02 -1.6744e+00 +8.3531e-02 +1.2215e+00 -1.9828e+00 -3.0677e+00
1057 0 +1.267801595e-02 -1.478873220e+02 -1.478873220e+02 -1.6748e+00 +8.4440e-02 +1.2188e+00 -1.9837e+00 -3.0680e+00
1130 0 +1.095489222e-02 -1.478890451e+02 -1.478890451e+02 -1.6747e+00 +8.2578e-02 +1.2219e+00 -1.9825e+00 -3.0666e+00
1156 0 +9.739027853e-03 -1.478902610e+02 -1.478902610e+02 -1.6749e+00 +8.2486e-02 +1.2220e+00 -1.9823e+00 -3.0663e+00
1231 0 +9.535310767e-03 -1.478904647e+02 -1.478904647e+02 -1.6747e+00 +8.2632e-02 +1.2218e+00 -1.9826e+00 -3.0666e+00
1249 0 +9.495849586e-03 -1.478905042e+02 -1.478905042e+02 -1.6748e+00 +8.2962e-02 +1.2214e+00 -1.9826e+00 -3.0668e+00
% f evaluations | g evaluations | best noise-free fitness - Fopt (4.817100000000e+02) + sum g_i+ | measured fitness | best measured fitness or single-digit g-values | x1 | x2...
1 0 +4.052916068e+01 +5.222391607e+02 +5.222391607e+02 +5.9671e-01 -3.8264e-02 +7.4769e-01 +1.6230e+00 -1.3415e-01
51 0 +3.528907454e+01 +5.169990745e+02 +5.169990745e+02 -3.1497e-01 -3.9740e+00 -6.4999e-01 +1.9794e+00 -6.9028e-01
54 0 +3.040370490e+01 +5.121137049e+02 +5.121137049e+02 +1.3369e+00 -2.0903e+00 -1.3787e+00 +2.2362e+00 +7.2443e-01
56 0 +2.812612735e+01 +5.098361274e+02 +5.098361274e+02 -1.0960e+00 -1.7801e+00 -2.3249e+00 +9.1109e-01 -1.0515e+00
69 0 +2.758376753e+01 +5.092937675e+02 +5.092937675e+02 +1.5233e+00 -1.2917e+00 -1.7858e+00 +1.1194e+00 +8.3382e-01
77 0 +1.247210980e+01 +4.941821098e+02 +4.941821098e+02 -3.2269e-02 -4.2938e+00 -3.2679e+00 +3.3095e+00 -7.1019e-01
95 0 +1.180632683e+01 +4.935163268e+02 +4.935163268e+02 -6.2376e-01 -4.2497e+00 -1.8356e+00 +1.9438e+00 -1.2878e+00
144 0 +8.812210196e+00 +4.905222102e+02 +4.905222102e+02 +5.6635e-01 -2.4809e+00 -3.0549e+00 +1.9450e+00 -9.5238e-01
215 0 +4.082974512e+00 +4.857929745e+02 +4.857929745e+02 +1.9430e+00 -2.8766e+00 -3.4274e+00 +2.9382e+00 +4.0248e-01
302 0 +3.444160728e+00 +4.851541607e+02 +4.851541607e+02 +4.7765e-01 -2.8709e+00 -2.8695e+00 +2.9621e+00 -3.8045e-01
330 0 +1.715790101e+00 +4.834257901e+02 +4.834257901e+02 +9.7678e-01 -2.9068e+00 -2.7542e+00 +3.3044e+00 -1.4710e-01
427 0 +1.240666089e+00 +4.829506661e+02 +4.829506661e+02 +5.7157e-01 -3.2461e+00 -2.7325e+00 +2.8891e+00 -7.3860e-01
512 0 +7.626296399e-01 +4.824726296e+02 +4.824726296e+02 +1.2142e+00 -2.9848e+00 -2.9199e+00 +3.1092e+00 -3.4004e-01
580 0 +4.774421409e-01 +4.821874421e+02 +4.821874421e+02 +9.0115e-01 -2.9534e+00 -2.8617e+00 +2.9734e+00 -3.5951e-01
622 0 +3.335048139e-01 +4.820435048e+02 +4.820435048e+02 +6.6589e-01 -2.9449e+00 -2.9297e+00 +2.9733e+00 -5.8508e-01
627 0 +2.740516363e-01 +4.819840516e+02 +4.819840516e+02 +6.6478e-01 -2.9311e+00 -2.9183e+00 +2.9982e+00 -5.7353e-01
676 0 +1.569178429e-01 +4.818669178e+02 +4.818669178e+02 +9.9506e-01 -3.0363e+00 -2.8513e+00 +3.0329e+00 -3.9737e-01
735 0 +1.447461326e-01 +4.818547461e+02 +4.818547461e+02 +9.1863e-01 -2.9758e+00 -2.8934e+00 +3.0235e+00 -4.2022e-01
740 0 +8.857963978e-02 +4.817985796e+02 +4.817985796e+02 +1.0356e+00 -2.9897e+00 -2.9071e+00 +3.0449e+00 -3.7189e-01
826 0 +7.970680279e-02 +4.817897068e+02 +4.817897068e+02 +1.0101e+00 -2.9957e+00 -2.8902e+00 +3.0354e+00 -3.7649e-01
852 0 +5.621818319e-02 +4.817662182e+02 +4.817662182e+02 +9.9389e-01 -3.0026e+00 -2.8897e+00 +3.0355e+00 -3.9557e-01
885 0 +4.325162825e-02 +4.817532516e+02 +4.817532516e+02 +9.6622e-01 -2.9785e+00 -2.8938e+00 +3.0427e+00 -4.0289e-01
970 0 +3.898956078e-02 +4.817489896e+02 +4.817489896e+02 +9.8005e-01 -2.9952e+00 -2.8924e+00 +3.0380e+00 -3.9915e-01
991 0 +3.081058586e-02 +4.817408106e+02 +4.817408106e+02 +1.0196e+00 -2.9959e+00 -2.8920e+00 +3.0447e+00 -3.7786e-01
1007 0 +2.997851195e-02 +4.817399785e+02 +4.817399785e+02 +1.0070e+00 -2.9930e+00 -2.8932e+00 +3.0444e+00 -3.8201e-01
1036 0 +2.129250621e-02 +4.817312925e+02 +4.817312925e+02 +9.9844e-01 -2.9915e+00 -2.8919e+00 +3.0429e+00 -3.8703e-01
1067 0 +2.008476647e-02 +4.817300848e+02 +4.817300848e+02 +1.0265e+00 -2.9957e+00 -2.8976e+00 +3.0440e+00 -3.7309e-01
1092 0 +1.715449641e-02 +4.817271545e+02 +4.817271545e+02 +1.0209e+00 -2.9947e+00 -2.8967e+00 +3.0425e+00 -3.7526e-01
1102 0 +1.361016209e-02 +4.817236102e+02 +4.817236102e+02 +1.0486e+00 -2.9970e+00 -2.8990e+00 +3.0469e+00 -3.6016e-01
1207 0 +1.022898683e-02 +4.817202290e+02 +4.817202290e+02 +1.0390e+00 -3.0001e+00 -2.8965e+00 +3.0442e+00 -3.6674e-01
1231 0 +6.042467238e-03 +4.817160425e+02 +4.817160425e+02 +1.0341e+00 -3.0006e+00 -2.8960e+00 +3.0425e+00 -3.7056e-01
% f evaluations | g evaluations | best noise-free fitness - Fopt (-3.646000000000e+01) + sum g_i+ | measured fitness | best measured fitness or single-digit g-values | x1 | x2...
1 0 +5.617965096e+01 +1.971965096e+01 +1.971965096e+01 +5.9671e-01 -3.8264e-02 +7.4769e-01 +1.6230e+00 -1.3415e-01
2 0 +5.067692359e+01 +1.421692359e+01 +1.421692359e+01 -1.3414e-01 +1.6792e+00 +8.6743e-01 -3.6947e-01 +6.4256e-01
4 0 +3.755170536e+01 +1.091705356e+00 +1.091705356e+00 -4.6229e-01 -9.1283e-01 +4.1425e-01 -8.0802e-01 -1.3123e+00
5 0 +3.550609141e+01 -9.539085865e-01 -9.539085865e-01 +1.5656e+00 -1.2578e-01 +1.6753e-01 -1.3247e+00 -4.4438e-01
6 0 +1.201117799e+01 -2.444882201e+01 -2.444882201e+01 +2.1092e-01 -1.0510e+00 +4.7570e-01 -5.0064e-01 -1.9169e-01
66 0 +7.196318743e+00 -2.926368126e+01 -2.926368126e+01 +1.1585e+00 -1.6969e+00 +2.2739e-01 -7.5979e-01 +1.0755e+00
353 0 +5.157432842e+00 -3.130256716e+01 -3.130256716e+01 +4.0499e-01 -1.6579e+00 +1.2831e-01 -4.1652e-01 +9.1211e-01
513 0 +4.995648869e+00 -3.146435113e+01 -3.146435113e+01 -5.4267e-02 -1.7809e+00 +1.2991e-01 -2.3994e-01 +7.1905e-01
657 0 +4.907868639e+00 -3.155213136e+01 -3.155213136e+01 +1.9680e-01 -1.8004e+00 +3.2972e-01 -9.0671e-02 +4.3709e-01
670 0 +4.484830438e+00 -3.197516956e+01 -3.197516956e+01 +4.8723e-01 -1.6942e+00 +1.6667e-01 -3.8344e-01 +8.8772e-01
678 0 +4.356179182e+00 -3.210382082e+01 -3.210382082e+01 +2.6511e-01 -1.7667e+00 +2.6842e-01 -1.6040e-01 +4.9959e-01
685 0 +4.149050723e+00 -3.231094928e+01 -3.231094928e+01 +4.1162e-01 -1.7354e+00 +2.5502e-01 -3.2324e-01 +6.8616e-01
701 0 +4.000427547e+00 -3.245957245e+01 -3.245957245e+01 +3.6232e-01 -1.7497e+00 +2.1237e-01 -2.4903e-01 +6.6510e-01
702 0 +3.864450947e+00 -3.259554905e+01 -3.259554905e+01 +4.0622e-01 -1.6928e+00 +2.0587e-01 -3.2086e-01 +7.2616e-01
785 0 +3.394921043e+00 -3.306507896e+01 -3.306507896e+01 +4.1159e-01 -1.7100e+00 +2.1115e-01 -3.2855e-01 +7.3422e-01
830 0 +3.331882909e+00 -3.312811709e+01 -3.312811709e+01 +4.2743e-01 -1.7101e+00 +2.0651e-01 -3.2147e-01 +7.2903e-01
884 0 +3.257177979e+00 -3.320282202e+01 -3.320282202e+01 +5.0933e-01 -1.6616e+00 +1.8369e-01 -4.5827e-01 +8.5998e-01
932 0 +3.157474202e+00 -3.330252580e+01 -3.330252580e+01 +4.3154e-01 -1.7154e+00 +2.0208e-01 -3.2086e-01 +7.3507e-01
959 0 +3.066617978e+00 -3.339338202e+01 -3.339338202e+01 +5.5196e-01 -1.6584e+00 +1.5691e-01 -4.9092e-01 +9.1827e-01
962 0 +2.990298365e+00 -3.346970164e+01 -3.346970164e+01 +5.6667e-01 -1.6513e+00 +1.5757e-01 -5.0688e-01 +9.2595e-01
980 0 +2.982172693e+00 -3.347782731e+01 -3.347782731e+01 +5.6002e-01 -1.6512e+00 +1.6102e-01 -5.0178e-01 +9.1978e-01
1002 0 +2.980731072e+00 -3.347926893e+01 -3.347926893e+01 +5.6304e-01 -1.6480e+00 +1.6284e-01 -5.1163e-01 +9.2311e-01
1067 0 +2.946888637e+00 -3.351311136e+01 -3.351311136e+01 +6.1958e-01 -1.6298e+00 +1.3989e-01 -5.6684e-01 +9.9224e-01
1069 0 +2.809019481e+00 -3.365098052e+01 -3.365098052e+01 +6.4213e-01 -1.6231e+00 +1.3078e-01 -5.9461e-01 +1.0248e+00
1182 0 +2.795692693e+00 -3.366430731e+01 -3.366430731e+01 +6.4272e-01 -1.6205e+00 +1.3199e-01 -5.9821e-01 +1.0276e+00
1230 0 +2.789973991e+00 -3.367002601e+01 -3.367002601e+01 +6.6138e-01 -1.6173e+00 +1.2273e-01 -6.1111e-01 +1.0506e+00
1236 0 +2.731947699e+00 -3.372805230e+01 -3.372805230e+01 +6.6943e-01 -1.6147e+00 +1.1985e-01 -6.2202e-01 +1.0603e+00
% f evaluations | g evaluations | best noise-free fitness - Fopt (3.920000000000e+01) + sum g_i+ | measured fitness | best measured fitness or single-digit g-values | x1 | x2...
1 0 +5.417497626e+01 +9.337497626e+01 +9.337497626e+01 +5.9671e-01 -3.8264e-02 +7.4769e-01 +1.6230e+00 -1.3415e-01
2 0 +3.642160105e+01 +7.562160105e+01 +7.562160105e+01 -1.3414e-01 +1.6792e+00 +8.6743e-01 -3.6947e-01 +6.4256e-01
29 0 +3.350925064e+01 +7.270925064e+01 +7.270925064e+01 +6.6906e-01 +2.7130e+00 +1.2589e+00 +6.1616e-02 -1.7526e+00
60 0 +2.752865867e+01 +6.672865867e+01 +6.672865867e+01 +2.2519e+00 +6.3905e-01 +2.4977e+00 +7.8524e-01 +6.0619e-01
101 0 +2.302497095e+01 +6.222497095e+01 +6.222497095e+01 +3.8012e+00 +7.3735e-01 +1.1567e+00 +2.5417e+00 +2.1496e+00
110 0 +1.860485478e+01 +5.780485478e+01 +5.780485478e+01 +1.1124e+00 +2.0299e+00 +1.6426e+00 +3.0577e+00 +6.8945e-01
135 0 +1.107523519e+01 +5.027523519e+01 +5.027523519e+01 +3.0742e+00 +1.9402e+00 +2.7633e+00 +2.8121e+00 +3.3048e+00
203 0 +7.226633943e+00 +4.642663394e+01 +4.642663394e+01 +1.6888e+00 +2.2777e+00 +3.0767e+00 +1.8989e+00 +3.3544e+00
283 0 +6.463960508e+00 +4.566396051e+01 +4.566396051e+01 +2.0360e+00 +2.4747e+00 +2.6510e+00 +2.7263e+00 +3.2223e+00
301 0 +5.634744325e+00 +4.483474432e+01 +4.483474432e+01 +1.2672e+00 +2.6733e+00 +1.8328e+00 +3.0167e+00 +3.0749e+00
332 0 +5.259683888e+00 +4.445968389e+01 +4.445968389e+01 +9.9345e-01 +2.3540e+00 +1.3264e+00 +3.3010e+00 +3.1272e+00
351 0 +4.258887583e+00 +4.345888758e+01 +4.345888758e+01 +1.5928e+00 +2.3221e+00 +1.6710e+00 +3.1864e+00 +3.1663e+00
408 0 +3.889778661e+00 +4.308977866e+01 +4.308977866e+01 +2.8926e+00 +1.9192e+00 +2.6130e+00 +2.4253e+00 +2.6921e+00
426 0 +3.749595926e+00 +4.294959593e+01 +4.294959593e+01 +2.6711e+00 +1.9806e+00 +2.2943e+00 +3.0889e+00 +2.9142e+00
428 0 +1.108546292e+00 +4.030854629e+01 +4.030854629e+01 +2.9883e+00 +1.9283e+00 +2.3270e+00 +2.9028e+00 +2.6662e+00
552 0 +1.038287223e+00 +4.023828722e+01 +4.023828722e+01 +3.0846e+00 +1.8145e+00 +2.2159e+00 +3.0816e+00 +2.6892e+00
578 0 +8.330912587e-01 +4.003309126e+01 +4.003309126e+01 +3.0766e+00 +1.8072e+00 +2.1693e+00 +3.1972e+00 +2.5966e+00
579 0 +7.781097303e-01 +3.997810973e+01 +3.997810973e+01 +3.4456e+00 +1.6308e+00 +2.3522e+00 +3.1054e+00 +2.5143e+00
651 0 +5.757140126e-01 +3.977571401e+01 +3.977571401e+01 +3.4240e+00 +1.6842e+00 +2.3473e+00 +3.1440e+00 +2.4884e+00
655 0 +4.747599602e-01 +3.967475996e+01 +3.967475996e+01 +3.5097e+00 +1.7145e+00 +2.4821e+00 +3.0200e+00 +2.3910e+00
704 0 +4.083773723e-01 +3.960837737e+01 +3.960837737e+01 +3.7331e+00 +1.6620e+00 +2.4724e+00 +3.2974e+00 +2.2173e+00
712 0 +3.111716280e-01 +3.951117163e+01 +3.951117163e+01 +3.4951e+00 +1.7154e+00 +2.4145e+00 +3.1675e+00 +2.3495e+00
755 0 +2.051180424e-01 +3.940511804e+01 +3.940511804e+01 +3.6637e+00 +1.6275e+00 +2.4134e+00 +3.2456e+00 +2.3025e+00
785 0 +1.587878638e-01 +3.935878786e+01 +3.935878786e+01 +3.6926e+00 +1.6345e+00 +2.4307e+00 +3.2553e+00 +2.2619e+00
807 0 +5.852232441e-02 +3.925852232e+01 +3.925852232e+01 +3.5800e+00 +1.6691e+00 +2.4044e+00 +3.2010e+00 +2.3324e+00
932 0 +4.656697940e-02 +3.924656698e+01 +3.924656698e+01 +3.6981e+00 +1.6407e+00 +2.4454e+00 +3.2211e+00 +2.2666e+00
981 0 +4.142411206e-02 +3.924142411e+01 +3.924142411e+01 +3.6659e+00 +1.6407e+00 +2.4306e+00 +3.2127e+00 +2.2872e+00
999 0 +2.331972713e-02 +3.922331973e+01 +3.922331973e+01 +3.7101e+00 +1.6345e+00 +2.4473e+00 +3.2227e+00 +2.2569e+00
1053 0 +1.770520630e-02 +3.921770521e+01 +3.921770521e+01 +3.6765e+00 +1.6428e+00 +2.4359e+00 +3.2184e+00 +2.2761e+00
1102 0 +1.723542665e-02 +3.921723543e+01 +3.921723543e+01 +3.7174e+00 +1.6322e+00 +2.4526e+00 +3.2191e+00 +2.2563e+00
1112 0 +7.742073458e-03 +3.920774207e+01 +3.920774207e+01 +3.6953e+00 +1.6377e+00 +2.4454e+00 +3.2147e+00 +2.2676e+00
1130 0 +6.957372573e-03 +3.920695737e+01 +3.920695737e+01 +3.7237e+00 +1.6302e+00 +2.4540e+00 +3.2202e+00 +2.2525e+00
% f evaluations | g evaluations | best noise-free fitness - Fopt (-3.225000000000e+01) + sum g_i+ | measured fitness | best measured fitness or single-digit g-values | x1 | x2...
1 0 +9.780706849e+01 +6.555706849e+01 +6.555706849e+01 +5.9671e-01 -3.8264e-02 +7.4769e-01 +1.6230e+00 -1.3415e-01
2 0 +7.425199768e+01 +4.200199768e+01 +4.200199768e+01 -1.3414e-01 +1.6792e+00 +8.6743e-01 -3.6947e-01 +6.4256e-01
5 0 +6.099372054e+01 +2.874372054e+01 +2.874372054e+01 +1.5656e+00 -1.2578e-01 +1.6753e-01 -1.3247e+00 -4.4438e-01
6 0 +4.902934053e+01 +1.677934053e+01 +1.677934053e+01 +2.1092e-01 -1.0510e+00 +4.7570e-01 -5.0064e-01 -1.9169e-01
18 0 +4.517975929e+01 +1.292975929e+01 +1.292975929e+01 -4.0176e-01 +1.0154e+00 +4.2875e-01 -4.2976e-01 +6.1327e-01
30 0 +3.662615416e+01 +4.376154159e+00 +4.376154159e+00 +1.6602e+00 +8.7565e-01 +1.4696e+00 -1.3101e+00 +1.3499e+00
51 0 +1.954068560e+01 -1.270931440e+01 -1.270931440e+01 +3.1711e+00 -3.2082e-02 +2.3140e-01 -1.8824e+00 +1.4039e+00
101 0 +7.912494274e+00 -2.433750573e+01 -2.433750573e+01 +3.8502e+00 -7.8243e-01 +1.3986e-01 -3.0691e+00 +1.3858e+00
156 0 +3.278846732e+00 -2.897115327e+01 -2.897115327e+01 +3.5426e+00 +6.2117e-01 -1.2882e+00 -3.8471e+00 +2.8552e+00
379 0 +2.745293614e+00 -2.950470639e+01 -2.950470639e+01 +3.6344e+00 +1.1960e+00 -1.0071e+00 -2.7794e+00 +3.6846e+00
408 0 +2.344849666e+00 -2.990515033e+01 -2.990515033e+01 +3.5788e+00 +1.5374e+00 -1.2109e+00 -2.8394e+00 +3.8899e+00
426 0 +9.419237074e-01 -3.130807629e+01 -3.130807629e+01 +3.6566e+00 +1.1675e+00 -1.1133e+00 -2.7094e+00 +3.2488e+00
532 0 +6.617535060e-01 -3.158824649e+01 -3.158824649e+01 +3.5526e+00 +9.6674e-01 -7.2460e-01 -2.8300e+00 +3.2087e+00
626 0 +6.217273141e-01 -3.162827269e+01 -3.162827269e+01 +3.5744e+00 +1.0536e+00 -9.4274e-01 -2.7962e+00 +3.3317e+00
628 0 +3.895930968e-01 -3.186040690e+01 -3.186040690e+01 +3.5560e+00 +1.0846e+00 -8.9174e-01 -2.8012e+00 +3.3006e+00
663 0 +3.577859651e-01 -3.189221403e+01 -3.189221403e+01 +3.5987e+00 +1.1648e+00 -9.1365e-01 -2.7494e+00 +3.3884e+00
675 0 +2.658299789e-01 -3.198417002e+01 -3.198417002e+01 +3.5968e+00 +1.0346e+00 -8.2718e-01 -2.8289e+00 +3.2500e+00
687 0 +1.499903449e-01 -3.210000966e+01 -3.210000966e+01 +3.5865e+00 +1.1472e+00 -8.4405e-01 -2.7405e+00 +3.3735e+00
832 0 +1.455227023e-01 -3.210447730e+01 -3.210447730e+01 +3.5866e+00 +1.0567e+00 -8.5698e-01 -2.8011e+00 +3.2709e+00
853 0 +1.154378972e-01 -3.213456210e+01 -3.213456210e+01 +3.6067e+00 +1.0895e+00 -8.6628e-01 -2.7897e+00 +3.3131e+00
862 0 +3.511002579e-02 -3.221488997e+01 -3.221488997e+01 +3.5968e+00 +1.0720e+00 -8.6142e-01 -2.7979e+00 +3.2690e+00
1005 0 +3.208563151e-02 -3.221791437e+01 -3.221791437e+01 +3.6080e+00 +1.0810e+00 -8.8543e-01 -2.7943e+00 +3.2723e+00
1095 0 +2.745650254e-02 -3.222254350e+01 -3.222254350e+01 +3.5954e+00 +1.0672e+00 -8.6665e-01 -2.8074e+00 +3.2656e+00
1119 0 +2.152605448e-02 -3.222847395e+01 -3.222847395e+01 +3.5981e+00 +1.0817e+00 -8.6775e-01 -2.7945e+00 +3.2817e+00
1156 0 +1.188046459e-02 -3.223811954e+01 -3.223811954e+01 +3.5947e+00 +1.0655e+00 -8.6259e-01 -2.8067e+00 +3.2631e+00
% f evaluations | g evaluations | best noise-free fitness - Fopt (3.681200000000e+02) + sum g_i+ | measured fitness | best measured fitness or single-digit g-values | x1 | x2...
1 0 +7.708373339e+01 +4.452037334e+02 +4.452037334e+02 +5.9671e-01 -3.8264e-02 +7.4769e-01 +1.6230e+00 -1.3415e-01
2 0 +3.437446502e+01 +4.024944650e+02 +4.024944650e+02 -1.3414e-01 +1.6792e+00 +8.6743e-01 -3.6947e-01 +6.4256e-01
3 0 +1.533378808e+01 +3.834537881e+02 +3.834537881e+02 -3.6342e-01 -3.6573e-01 +3.4196e-01 -1.8133e+00 -1.6249e+00
32 0 +9.249684331e+00 +3.773696843e+02 +3.773696843e+02 -2.0147e+00 -1.5174e+00 +2.1581e+00 -1.2788e+00 -1.7061e+00
157 0 +8.336232610e+00 +3.764562326e+02 +3.764562326e+02 -2.2577e+00 -1.4192e+00 +6.8856e-01 -1.8304e+00 -1.7785e+00
166 0 +7.662795860e+00 +3.757827959e+02 +3.757827959e+02 -1.9154e+00 -1.2660e+00 +2.4090e-01 -1.9457e+00 -1.3029e-01
180 0 +5.749396014e+00 +3.738693960e+02 +3.738693960e+02 -2.6701e+00 -2.5198e+00 -2.0836e-01 -3.4951e+00 -2.1623e+00
226 0 +2.992836705e+00 +3.711128367e+02 +3.711128367e+02 -2.6157e+00 -1.5287e+00 +5.9703e-01 -2.2431e+00 -1.0389e+00
326 0 +2.955213005e+00 +3.710752130e+02 +3.710752130e+02 -2.4967e+00 -1.3475e+00 +3.2980e-01 -2.8219e+00 -8.7721e-01
329 0 +2.851922624e+00 +3.709719226e+02 +3.709719226e+02 -2.9447e+00 -1.3052e+00 +2.1157e-01 -2.7422e+00 -1.1788e+00
406 0 +2.088701101e+00 +3.702087011e+02 +3.702087011e+02 -2.3575e+00 -2.0417e+00 +3.8283e-01 -2.7825e+00 -1.3462e+00
429 0 +1.951429893e+00 +3.700714299e+02 +3.700714299e+02 -2.2698e+00 -1.7947e+00 +5.2219e-01 -2.5081e+00 -9.7961e-01
452 0 +5.034847895e-01 +3.686234848e+02 +3.686234848e+02 -2.4398e+00 -1.2043e+00 +6.6134e-01 -2.3753e+00 -7.2774e-01
501 0 +4.830356543e-01 +3.686030357e+02 +3.686030357e+02 -2.4584e+00 -1.3647e+00 +5.8523e-01 -2.4257e+00 -7.4838e-01
629 0 +3.542384149e-01 +3.684742384e+02 +3.684742384e+02 -2.4428e+00 -1.3007e+00 +6.3947e-01 -2.4143e+00 -7.6172e-01
667 0 +3.234703096e-01 +3.684434703e+02 +3.684434703e+02 -2.4339e+00 -1.3997e+00 +6.1816e-01 -2.4335e+00 -7.3370e-01
681 0 +2.534277270e-01 +3.683734277e+02 +3.683734277e+02 -2.4664e+00 -1.2243e+00 +6.1367e-01 -2.4083e+00 -6.9213e-01
692 0 +1.894714339e-01 +3.683094714e+02 +3.683094714e+02 -2.4518e+00 -1.2268e+00 +6.6107e-01 -2.3662e+00 -7.0102e-01
731 0 +1.284159436e-01 +3.682484159e+02 +3.682484159e+02 -2.4368e+00 -1.3179e+00 +6.2824e-01 -2.4086e+00 -7.3613e-01
751 0 +1.095939607e-01 +3.682295940e+02 +3.682295940e+02 -2.4449e+00 -1.2372e+00 +6.4911e-01 -2.3825e+00 -6.8778e-01
834 0 +1.018538394e-01 +3.682218538e+02 +3.682218538e+02 -2.4621e+00 -1.1796e+00 +6.6586e-01 -2.3750e+00 -7.0342e-01
848 0 +8.624567576e-02 +3.682062457e+02 +3.682062457e+02 -2.4476e+00 -1.2566e+00 +6.4645e-01 -2.3917e+00 -7.1807e-01
873 0 +5.956955870e-02 +3.681795696e+02 +3.681795696e+02 -2.4469e+00 -1.2310e+00 +6.5272e-01 -2.3874e+00 -7.0923e-01
977 0 +4.344381201e-02 +3.681634438e+02 +3.681634438e+02 -2.4488e+00 -1.2315e+00 +6.5616e-01 -2.3810e+00 -7.0717e-01
987 0 +3.878965545e-02 +3.681587897e+02 +3.681587897e+02 -2.4509e+00 -1.2255e+00 +6.5622e-01 -2.3818e+00 -7.0262e-01
1008 0 +3.669351837e-02 +3.681566935e+02 +3.681566935e+02 -2.4488e+00 -1.2352e+00 +6.5424e-01 -2.3833e+00 -7.0883e-01
1016 0 +3.633531424e-02 +3.681563353e+02 +3.681563353e+02 -2.4526e+00 -1.2299e+00 +6.5010e-01 -2.3871e+00 -7.0867e-01
1057 0 +2.641027324e-02 +3.681464103e+02 +3.681464103e+02 -2.4507e+00 -1.2353e+00 +6.5153e-01 -2.3866e+00 -7.1063e-01
1103 0 +2.508575427e-02 +3.681450858e+02 +3.681450858e+02 -2.4502e+00 -1.2322e+00 +6.5455e-01 -2.3837e+00 -7.0872e-01
1140 0 +2.454217541e-02 +3.681445422e+02 +3.681445422e+02 -2.4517e+00 -1.2278e+00 +6.5531e-01 -2.3824e+00 -7.0733e-01
1234 0 +2.353056052e-02 +3.681435306e+02 +3.681435306e+02 -2.4500e+00 -1.2378e+00 +6.5174e-01 -2.3864e+00 -7.1031e-01
