% f evaluations | g evaluations | best noise-free fitness - Fopt (-5.235000000000e+01) + sum g_i+ | measured fitness | best measured fitness or single-digit g-values | x1 | x2...
1 0 +8.573881695e+01 +3.338881695e+01 +3.338881695e+01 +5.9671e-01 -3.8264e-02 +7.4769e-01 +1.6230e+00 -1.3415e-01
2 0 +7.039536500e+01 +1.804536500e+01 +1.804536500e+01 -1.3414e-01 +1.6792e+00 +8.6743e-01 -3.6947e-01 +6.4256e-01
3 0 +9.862298760e+00 -4.248770124e+01 -4.248770124e+01 -3.6342e-01 -3.6573e-01 +3.4196e-01 -1.8133e+00 -1.6249e+00
37 0 +6.567061181e+00 -4.578293882e+01 -4.578293882e+01 -3.3483e+00 -3.1845e+00 +8.8404e-01 -1.3028e+00 -1.4217e+00
42 0 +5.427906108e+00 -4.692209389e+01 -4.692209389e+01 +6.5947e-03 -1.0668e+00 +3.5113e-01 -2.2240e+00 -1.7886e+00
46 0 +5.263645904e+00 -4.708635410e+01 -4.708635410e+01 -7.7288e-01 -1.4110e+00 +1.3156e+00 -3.4268e-01 -3.7252e+00
55 0 +4.853673891e+00 -4.749632611e+01 -4.749632611e+01 -2.1742e+00 -6.4845e-01 +1.1411e-01 -1.4641e+00 -2.3412e+00
61 0 +1.355542260e+00 -5.099445774e+01 -5.099445774e+01 -4.4816e-01 -1.7884e+00 +2.7533e+00 -3.7065e+00 -1.9641e+00
131 0 +1.097875264e+00 -5.125212474e+01 -5.125212474e+01 -1.3800e+00 -2.1020e+00 +2.6752e+00 -2.9237e+00 -1.9097e+00
224 0 +9.198491155e-01 -5.143015088e+01 -5.143015088e+01 -9.9016e-01 -1.9669e+00 +1.6879e+00 -2.2714e+00 -8.9796e-01
239 0 +8.593861282e-01 -5.149061387e+01 -5.149061387e+01 -6.5524e-01 -1.9038e+00 +1.8968e+00 -2.2173e+00 -1.7364e+00
256 0 +7.597718051e-01 -5.159022819e+01 -5.159022819e+01 -7.9921e-01 -1.7638e+00 +2.0643e+00 -1.5881e+00 -1.3751e+00
278 0 +3.822664079e-01 -5.196773359e+01 -5.196773359e+01 -1.0392e+00 -1.4362e+00 +2.4804e+00 -1.9619e+00 -1.9973e+00
318 0 +2.677324543e-01 -5.208226755e+01 -5.208226755e+01 -7.2001e-01 -1.2550e+00 +2.9157e+00 -2.2337e+00 -1.1264e+00
334 0 +2.193186741e-01 -5.213068133e+01 -5.213068133e+01 -1.1541e+00 -1.1347e+00 +2.2872e+00 -2.3482e+00 -1.5083e+00
341 0 +1.957737499e-01 -5.215422625e+01 -5.215422625e+01 -5.6813e-01 -1.2282e+00 +2.8685e+00 -2.3219e+00 -1.5163e+00
360 0 +1.046128222e-01 -5.224538718e+01 -5.224538718e+01 -5.9265e-01 -1.0975e+00 +2.6827e+00 -2.0530e+00 -1.4573e+00
406 0 +8.094803736e-02 -5.226905196e+01 -5.226905196e+01 -6.5289e-01 -1.1803e+00 +2.4717e+00 -2.1429e+00 -1.4291e+00
436 0 +7.043045918e-02 -5.227956954e+01 -5.227956954e+01 -8.9485e-01 -1.1458e+00 +2.1629e+00 -2.3075e+00 -1.5530e+00
463 0 +3.142259528e-02 -5.231857740e+01 -5.231857740e+01 -1.0169e+00 -1.2995e+00 +2.5100e+00 -2.4769e+00 -1.4095e+00
492 0 +3.136635183e-02 -5.231863365e+01 -5.231863365e+01 -8.8697e-01 -1.3492e+00 +2.8507e+00 -2.3017e+00 -1.5485e+00
494 0 +2.991852227e-02 -5.232008148e+01 -5.232008148e+01 -7.7905e-01 -1.1598e+00 +2.5642e+00 -2.3310e+00 -1.5579e+00
507 0 +1.966580938e-02 -5.233033419e+01 -5.233033419e+01 -9.2583e-01 -1.3225e+00 +2.6782e+00 -2.2864e+00 -1.5216e+00
582 0 +1.176295905e-02 -5.233823704e+01 -5.233823704e+01 -8.8671e-01 -1.2046e+00 +2.4493e+00 -2.4189e+00 -1.5143e+00
586 0 +1.008227517e-02 -5.233991772e+01 -5.233991772e+01 -8.3173e-01 -1.2392e+00 +2.5506e+00 -2.2290e+00 -1.4474e+00
617 0 +7.930049192e-03 -5.234206995e+01 -5.234206995e+01 -8.6400e-01 -1.2368e+00 +2.5200e+00 -2.2823e+00 -1.5272e+00
670 0 +5.648421269e-03 -5.234435158e+01 -5.234435158e+01 -8.0551e-01 -1.2205e+00 +2.5836e+00 -2.2712e+00 -1.5410e+00
698 0 +5.186976599e-03 -5.234481302e+01 -5.234481302e+01 -8.4772e-01 -1.2362e+00 +2.5494e+00 -2.2713e+00 -1.4683e+00
724 0 +3.769281540e-03 -5.234623072e+01 -5.234623072e+01 -8.1879e-01 -1.1966e+00 +2.4810e+00 -2.2964e+00 -1.4867e+00
736 0 +1.623418579e-03 -5.234837658e+01 -5.234837658e+01 -8.4022e-01 -1.2347e+00 +2.5524e+00 -2.2866e+00 -1.5109e+00
803 0 +1.294961046e-03 -5.234870504e+01 -5.234870504e+01 -8.7274e-01 -1.2417e+00 +2.5195e+00 -2.3390e+00 -1.5010e+00
810 0 +8.863751031e-04 -5.234911362e+01 -5.234911362e+01 -8.4538e-01 -1.2132e+00 +2.4879e+00 -2.3155e+00 -1.4793e+00
883 0 +6.895277563e-04 -5.234931047e+01 -5.234931047e+01 -8.6187e-01 -1.2399e+00 +2.5402e+00 -2.3426e+00 -1.5129e+00
936 0 +3.875714022e-04 -5.234961243e+01 -5.234961243e+01 -8.6617e-01 -1.2302e+00 +2.5123e+00 -2.3685e+00 -1.5161e+00
963 0 +1.240179745e-04 -5.234987598e+01 -5.234987598e+01 -8.7211e-01 -1.2409e+00 +2.5281e+00 -2.3582e+00 -1.5137e+00
990 0 +7.829824685e-05 -5.234992170e+01 -5.234992170e+01 -8.5869e-01 -1.2354e+00 +2.5356e+00 -2.3414e+00 -1.5270e+00
1027 0 +5.581169312e-05 -5.234994419e+01 -5.234994419e+01 -8.5940e-01 -1.2335e+00 +2.5273e+00 -2.3390e+00 -1.5209e+00
1066 0 +4.353540410e-05 -5.234995646e+01 -5.234995646e+01 -8.6626e-01 -1.2333e+00 +2.5175e+00 -2.3569e+00 -1.5156e+00
1117 0 +3.837724923e-05 -5.234996162e+01 -5.234996162e+01 -8.7239e-01 -1.2456e+00 +2.5407e+00 -2.3569e+00 -1.5183e+00
1124 0 +2.269234452e-05 -5.234997731e+01 -5.234997731e+01 -8.6921e-01 -1.2434e+00 +2.5406e+00 -2.3541e+00 -1.5242e+00
1247 0 +1.428046927e-05 -5.234998572e+01 -5.234998572e+01 -8.6841e-01 -1.2380e+00 +2.5266e+00 -2.3570e+00 -1.5167e+00
% f evaluations | g evaluations | best noise-free fitness - Fopt (-1.795400000000e+02) + sum g_i+ | measured fitness | best measured fitness or single-digit g-values | x1 | x2...
1 0 +1.728725235e+01 -1.622527477e+02 -1.622527477e+02 +5.9671e-01 -3.8264e-02 +7.4769e-01 +1.6230e+00 -1.3415e-01
22 0 +1.702440765e+01 -1.625155923e+02 -1.625155923e+02 +5.0405e-01 +1.9862e+00 +2.7458e-01 +3.5755e-01 +2.5554e-02
23 0 +1.510000685e+01 -1.644399931e+02 -1.644399931e+02 -1.8188e+00 +7.3486e-02 +1.6023e-01 +2.5632e+00 -9.2361e-02
24 0 +1.287642982e+01 -1.666635702e+02 -1.666635702e+02 +4.0155e-01 +6.5288e-02 -1.0687e+00 +1.2428e+00 +8.5193e-01
35 0 +1.055760037e+01 -1.689823996e+02 -1.689823996e+02 -1.1642e+00 +2.5136e+00 -8.2301e-01 +1.4194e+00 +5.2282e-01
37 0 +9.898187807e+00 -1.696418122e+02 -1.696418122e+02 -3.5357e-01 +3.7191e-01 -3.6084e-02 +1.7462e+00 +9.3310e-01
40 0 +7.055679117e+00 -1.724843209e+02 -1.724843209e+02 +3.0309e-01 +1.2732e+00 -1.5210e-01 +2.7617e+00 +2.1785e+00
57 0 +3.682314481e+00 -1.758576855e+02 -1.758576855e+02 +1.8666e+00 +5.9577e-01 -2.1538e+00 +2.3319e+00 +2.1096e+00
78 0 +2.575399433e+00 -1.769646006e+02 -1.769646006e+02 +5.9420e-01 +2.5465e-01 -1.6195e+00 +2.8443e+00 +2.8789e+00
80 0 +6.990608078e-01 -1.788409392e+02 -1.788409392e+02 +5.9260e-01 +5.5280e-01 -3.5585e+00 +3.3690e+00 +3.5371e+00
161 0 +5.509916437e-01 -1.789890084e+02 -1.789890084e+02 +5.9462e-01 +3.2419e-01 -2.8654e+00 +2.9867e+00 +3.7614e+00
238 0 +4.257992335e-01 -1.791142008e+02 -1.791142008e+02 +1.1761e+00 +1.2261e-01 -3.6211e+00 +2.7641e+00 +4.1616e+00
298 0 +1.003383259e-01 -1.794396617e+02 -1.794396617e+02 +8.9940e-01 +4.9374e-01 -3.4070e+00 +2.0684e+00 +3.8183e+00
381 0 +5.909032849e-02 -1.794809097e+02 -1.794809097e+02 +1.0094e+00 +4.2038e-01 -3.3632e+00 +2.2756e+00 +3.6208e+00
477 0 +2.252197593e-02 -1.795174780e+02 -1.795174780e+02 +8.5699e-01 +5.8398e-01 -3.4891e+00 +2.4772e+00 +3.9005e+00
522 0 +1.714651888e-02 -1.795228535e+02 -1.795228535e+02 +7.0565e-01 +6.6908e-01 -3.4714e+00 +2.5490e+00 +3.9955e+00
542 0 +1.659422934e-02 -1.795234058e+02 -1.795234058e+02 +6.9597e-01 +6.0735e-01 -3.3992e+00 +2.4993e+00 +3.8868e+00
568 0 +1.018999632e-02 -1.795298100e+02 -1.795298100e+02 +9.0887e-01 +5.8607e-01 -3.4767e+00 +2.4453e+00 +3.9031e+00
598 0 +7.934350286e-03 -1.795320656e+02 -1.795320656e+02 +7.7043e-01 +6.4165e-01 -3.4820e+00 +2.4750e+00 +3.9658e+00
616 0 +3.343508824e-03 -1.795366565e+02 -1.795366565e+02 +8.2705e-01 +4.9517e-01 -3.4419e+00 +2.3171e+00 +3.8040e+00
691 0 +2.863122302e-03 -1.795371369e+02 -1.795371369e+02 +8.4258e-01 +5.2071e-01 -3.4621e+00 +2.3944e+00 +3.8534e+00
730 0 +2.090342840e-03 -1.795379097e+02 -1.795379097e+02 +8.1586e-01 +5.2794e-01 -3.4396e+00 +2.4645e+00 +3.8606e+00
784 0 +1.483985694e-03 -1.795385160e+02 -1.795385160e+02 +7.9857e-01 +5.3149e-01 -3.4486e+00 +2.4649e+00 +3.8782e+00
810 0 +8.780675604e-04 -1.795391219e+02 -1.795391219e+02 +7.8186e-01 +5.3033e-01 -3.4451e+00 +2.4444e+00 +3.8713e+00
833 0 +7.280870262e-04 -1.795392719e+02 -1.795392719e+02 +8.2222e-01 +5.4498e-01 -3.4478e+00 +2.4611e+00 +3.8765e+00
856 0 +4.635972770e-04 -1.795395364e+02 -1.795395364e+02 +7.9888e-01 +5.1195e-01 -3.4508e+00 +2.3956e+00 +3.8504e+00
897 0 +4.200592909e-04 -1.795395799e+02 -1.795395799e+02 +8.2365e-01 +5.1156e-01 -3.4418e+00 +2.4386e+00 +3.8497e+00
903 0 +4.158136927e-04 -1.795395842e+02 -1.795395842e+02 +8.1331e-01 +5.0442e-01 -3.4393e+00 +2.4157e+00 +3.8388e+00
904 0 +2.283803611e-04 -1.795397716e+02 -1.795397716e+02 +7.9563e-01 +5.0462e-01 -3.4454e+00 +2.4115e+00 +3.8466e+00
946 0 +1.019949751e-04 -1.795398980e+02 -1.795398980e+02 +8.0271e-01 +5.2003e-01 -3.4469e+00 +2.4137e+00 +3.8543e+00
1065 0 +7.731584171e-05 -1.795399227e+02 -1.795399227e+02 +7.9622e-01 +5.0887e-01 -3.4493e+00 +2.3755e+00 +3.8416e+00
1100 0 +5.458579503e-05 -1.795399454e+02 -1.795399454e+02 +8.0163e-01 +5.1139e-01 -3.4475e+00 +2.3893e+00 +3.8441e+00
1131 0 +3.436724472e-05 -1.795399656e+02 -1.795399656e+02 +8.0889e-01 +5.1149e-01 -3.4471e+00 +2.4002e+00 +3.8457e+00
1134 0 +2.769484061e-05 -1.795399723e+02 -1.795399723e+02 +8.0557e-01 +5.1209e-01 -3.4473e+00 +2.3978e+00 +3.8460e+00
1182 0 +2.177048347e-05 -1.795399782e+02 -1.795399782e+02 +7.8773e-01 +5.0623e-01 -3.4501e+00 +2.3737e+00 +3.8421e+00
1198 0 +1.462405191e-05 -1.795399854e+02 -1.795399854e+02 +8.0055e-01 +5.1422e-01 -3.4475e+00 +2.3993e+00 +3.8486e+00
1244 0 +8.144773801e-06 -1.795399919e+02 -1.795399919e+02 +7.9696e-01 +5.1022e-01 -3.4478e+00 +2.3933e+00 +3.8458e+00
% f evaluations | g evaluations | best noise-free fitness - Fopt (7.731000000000e+01) + sum g_i+ | measured fitness | best measured fitness or single-digit g-values | x1 | x2...
1 0 +1.401331818e+01 +9.132331818e+01 +9.132331818e+01 +5.9671e-01 -3.8264e-02 +7.4769e-01 +1.6230e+00 -1.3415e-01
2 0 +8.914043025e+00 +8.622404302e+01 +8.622404302e+01 -1.3414e-01 +1.6792e+00 +8.6743e-01 -3.6947e-01 +6.4256e-01
5 0 +8.304442480e+00 +8.561444248e+01 +8.561444248e+01 +1.5656e+00 -1.2578e-01 +1.6753e-01 -1.3247e+00 -4.4438e-01
7 0 +6.427803988e+00 +8.373780399e+01 +8.373780399e+01 -5.0171e-01 +1.9523e+00 +8.6503e-02 -9.5771e-01 +9.2254e-01
8 0 +2.591273114e+00 +7.990127311e+01 +7.990127311e+01 -1.1208e+00 +3.0886e-01 -1.8597e+00 -1.2282e+00 +2.9686e-01
13 0 +2.105129821e+00 +7.941512982e+01 +7.941512982e+01 -3.7917e-01 -8.5659e-02 -1.0063e+00 -1.0962e+00 +9.1253e-01
36 0 +1.746184644e+00 +7.905618464e+01 +7.905618464e+01 -2.2394e-01 -1.0320e-01 -9.4029e-01 -1.4670e+00 +9.9895e-01
80 0 +1.519240112e+00 +7.882924011e+01 +7.882924011e+01 +9.9427e-01 -1.1125e+00 -2.9297e+00 -1.6535e+00 -3.5593e-01
86 0 +1.316486076e+00 +7.862648608e+01 +7.862648608e+01 +8.8838e-01 -4.8038e-01 -2.2792e+00 -1.6336e+00 +2.4156e+00
106 0 +8.269188354e-01 +7.813691884e+01 +7.813691884e+01 +9.3360e-01 -5.6897e-02 -2.6918e+00 -1.0652e+00 +6.8412e-01
120 0 +7.200306689e-01 +7.803003067e+01 +7.803003067e+01 +7.5444e-01 -9.3725e-01 -1.3026e+00 -1.2401e+00 +1.2042e+00
153 0 +6.874863848e-01 +7.799748638e+01 +7.799748638e+01 +1.5411e+00 +1.1494e-01 -2.3799e+00 -2.1498e+00 +1.0232e+00
171 0 +6.363777114e-01 +7.794637771e+01 +7.794637771e+01 +6.1109e-01 -2.1225e-01 -1.9557e+00 -1.6177e+00 +1.4764e+00
207 0 +2.267290681e-01 +7.753672907e+01 +7.753672907e+01 +1.1418e+00 -3.2937e-01 -2.6208e+00 -1.6363e+00 +1.0517e+00
212 0 +2.213862916e-01 +7.753138629e+01 +7.753138629e+01 +5.8216e-01 -5.2522e-01 -2.0509e+00 -2.1374e+00 +8.8851e-01
239 0 +1.433541222e-01 +7.745335412e+01 +7.745335412e+01 +5.3422e-01 -7.5464e-01 -2.3046e+00 -2.0278e+00 +1.1270e+00
308 0 +1.288603088e-01 +7.743886031e+01 +7.743886031e+01 +9.4739e-01 -7.1741e-01 -1.7305e+00 -2.2252e+00 +8.9355e-01
326 0 +8.804341615e-02 +7.739804342e+01 +7.739804342e+01 +1.1797e+00 -2.5368e-01 -2.3491e+00 -1.8333e+00 +9.0823e-01
364 0 +7.532341669e-02 +7.738532342e+01 +7.738532342e+01 +9.9862e-01 -7.0131e-01 -2.3152e+00 -1.7735e+00 +1.0608e+00
370 0 +6.135944016e-02 +7.737135944e+01 +7.737135944e+01 +8.4342e-01 -4.9908e-01 -2.2235e+00 -1.9730e+00 +9.4424e-01
373 0 +5.707114041e-02 +7.736707114e+01 +7.736707114e+01 +9.7023e-01 -5.1829e-01 -2.3196e+00 -1.8993e+00 +9.1631e-01
403 0 +5.414297744e-02 +7.736414298e+01 +7.736414298e+01 +8.7974e-01 -3.9124e-01 -2.0566e+00 -1.9073e+00 +9.9768e-01
407 0 +5.026760870e-02 +7.736026761e+01 +7.736026761e+01 +9.7755e-01 -6.5053e-01 -2.1774e+00 -1.8997e+00 +1.0068e+00
408 0 +1.386654528e-02 +7.732386655e+01 +7.732386655e+01 +9.5211e-01 -6.3010e-01 -1.9976e+00 -1.9541e+00 +9.4657e-01
503 0 +1.255502408e-02 +7.732255502e+01 +7.732255502e+01 +9.1599e-01 -5.0237e-01 -2.1943e+00 -1.9253e+00 +1.0073e+00
505 0 +1.025827110e-02 +7.732025827e+01 +7.732025827e+01 +9.0887e-01 -5.6689e-01 -2.0488e+00 -1.8729e+00 +1.0021e+00
526 0 +4.454196934e-03 +7.731445420e+01 +7.731445420e+01 +8.9764e-01 -5.1916e-01 -2.1382e+00 -1.9396e+00 +9.9037e-01
537 0 +3.139154845e-03 +7.731313915e+01 +7.731313915e+01 +8.8610e-01 -6.2953e-01 -2.1069e+00 -1.8535e+00 +1.0122e+00
558 0 +2.401469070e-03 +7.731240147e+01 +7.731240147e+01 +9.2215e-01 -5.1811e-01 -2.1646e+00 -1.9124e+00 +9.8998e-01
640 0 +2.277107884e-03 +7.731227711e+01 +7.731227711e+01 +8.9103e-01 -6.0325e-01 -2.1649e+00 -1.8560e+00 +1.0121e+00
655 0 +1.182048478e-03 +7.731118205e+01 +7.731118205e+01 +8.8860e-01 -6.1227e-01 -2.2117e+00 -1.8435e+00 +1.0191e+00
669 0 +7.402218613e-04 +7.731074022e+01 +7.731074022e+01 +8.8034e-01 -5.8819e-01 -2.1546e+00 -1.8984e+00 +1.0079e+00
768 0 +7.047098356e-04 +7.731070471e+01 +7.731070471e+01 +9.0034e-01 -5.9843e-01 -2.1968e+00 -1.8691e+00 +1.0070e+00
776 0 +1.134615495e-04 +7.731011346e+01 +7.731011346e+01 +8.8805e-01 -6.1428e-01 -2.1284e+00 -1.8840e+00 +1.0045e+00
1001 0 +1.064047427e-04 +7.731010640e+01 +7.731010640e+01 +8.8793e-01 -6.0886e-01 -2.1710e+00 -1.8753e+00 +1.0087e+00
1004 0 +9.502079409e-05 +7.731009502e+01 +7.731009502e+01 +8.8928e-01 -6.1006e-01 -2.1654e+00 -1.8729e+00 +1.0086e+00
1034 0 +8.529673985e-05 +7.731008530e+01 +7.731008530e+01 +8.8754e-01 -6.0326e-01 -2.1682e+00 -1.8791e+00 +1.0083e+00
1055 0 +8.391156619e-05 +7.731008391e+01 +7.731008391e+01 +8.9148e-01 -5.9647e-01 -2.1615e+00 -1.8845e+00 +1.0054e+00
1089 0 +8.282630091e-05 +7.731008283e+01 +7.731008283e+01 +8.9070e-01 -6.0315e-01 -2.1681e+00 -1.8767e+00 +1.0076e+00
1116 0 +7.004582329e-05 +7.731007005e+01 +7.731007005e+01 +8.8639e-01 -6.0609e-01 -2.1650e+00 -1.8815e+00 +1.0077e+00
1149 0 +5.690507966e-05 +7.731005691e+01 +7.731005691e+01 +8.8649e-01 -6.0759e-01 -2.1616e+00 -1.8816e+00 +1.0075e+00
1184 0 +5.543392547e-05 +7.731005543e+01 +7.731005543e+01 +8.8801e-01 -6.0438e-01 -2.1634e+00 -1.8822e+00 +1.0070e+00
1187 0 +2.853970454e-05 +7.731002854e+01 +7.731002854e+01 +8.8973e-01 -6.0685e-01 -2.1531e+00 -1.8811e+00 +1.0059e+00
1242 0 +2.087160186e-05 +7.731002087e+01 +7.731002087e+01 +8.9103e-01 -6.0594e-01 -2.1527e+00 -1.8814e+00 +1.0053e+00
% f evaluations | g evaluations | best noise-free fitness - Fopt (3.992000000000e+01) + sum g_i+ | measured fitness | best measured fitness or single-digit g-values | x1 | x2...
1 0 +6.809865145e+00 +4.672986515e+01 +4.672986515e+01 +5.9671e-01 -3.8264e-02 +7.4769e-01 +1.6230e+00 -1.3415e-01
2 0 +6.257295728e+00 +4.617729573e+01 +4.617729573e+01 -1.3414e-01 +1.6792e+00 +8.6743e-01 -3.6947e-01 +6.4256e-01
3 0 +4.819167854e+00 +4.473916785e+01 +4.473916785e+01 -3.6342e-01 -3.6573e-01 +3.4196e-01 -1.8133e+00 -1.6249e+00
5 0 +3.783022034e+00 +4.370302203e+01 +4.370302203e+01 +1.5656e+00 -1.2578e-01 +1.6753e-01 -1.3247e+00 -4.4438e-01
37 0 +3.264971464e+00 +4.318497146e+01 +4.318497146e+01 +1.2552e+00 -8.6683e-01 +9.9649e-01 -8.1871e-01 -1.5779e+00
52 0 +3.161457892e+00 +4.308145789e+01 +4.308145789e+01 +1.6938e+00 -4.3292e-01 +5.2758e-01 -1.4095e+00 -1.2903e+00
57 0 +2.777190466e+00 +4.269719047e+01 +4.269719047e+01 +1.5085e+00 -1.1580e+00 +1.2152e+00 -2.5396e+00 -2.1202e+00
61 0 +4.241258210e-01 +4.034412582e+01 +4.034412582e+01 +3.9751e+00 -9.9568e-01 +1.7477e+00 -2.2945e+00 -1.6100e+00
189 0 +2.803923424e-01 +4.020039234e+01 +4.020039234e+01 +3.8811e+00 -1.4227e+00 +2.2544e+00 -2.1425e+00 -1.6237e+00
254 0 +1.195509108e-01 +4.003955091e+01 +4.003955091e+01 +3.7622e+00 -1.3996e+00 +2.6380e+00 -2.2719e+00 -2.0104e+00
339 0 +8.072101169e-02 +4.000072101e+01 +4.000072101e+01 +3.8565e+00 -1.2573e+00 +2.4779e+00 -2.2347e+00 -2.2466e+00
410 0 +3.665520209e-02 +3.995665520e+01 +3.995665520e+01 +3.8970e+00 -1.0482e+00 +2.4797e+00 -2.2162e+00 -2.2372e+00
449 0 +2.486080541e-02 +3.994486081e+01 +3.994486081e+01 +3.9384e+00 -1.0402e+00 +2.4220e+00 -2.2609e+00 -2.1477e+00
459 0 +2.058148668e-02 +3.994058149e+01 +3.994058149e+01 +3.9051e+00 -1.1210e+00 +2.4835e+00 -2.2382e+00 -2.0489e+00
476 0 +4.376001702e-03 +3.992437600e+01 +3.992437600e+01 +3.9012e+00 -1.0488e+00 +2.4786e+00 -2.2654e+00 -2.0862e+00
526 0 +4.325820188e-03 +3.992432582e+01 +3.992432582e+01 +3.9567e+00 -1.1028e+00 +2.3242e+00 -2.2741e+00 -2.0545e+00
651 0 +2.590993238e-03 +3.992259099e+01 +3.992259099e+01 +3.9480e+00 -1.0346e+00 +2.4413e+00 -2.2953e+00 -2.0242e+00
691 0 +2.013886987e-03 +3.992201389e+01 +3.992201389e+01 +3.9209e+00 -1.0346e+00 +2.4419e+00 -2.2803e+00 -2.0888e+00
696 0 +1.970292034e-03 +3.992197029e+01 +3.992197029e+01 +3.9281e+00 -1.0850e+00 +2.4255e+00 -2.3072e+00 -2.0350e+00
700 0 +1.715068510e-03 +3.992171507e+01 +3.992171507e+01 +3.8999e+00 -1.0866e+00 +2.4220e+00 -2.2708e+00 -2.1224e+00
729 0 +1.103547015e-03 +3.992110355e+01 +3.992110355e+01 +3.9031e+00 -1.0894e+00 +2.4493e+00 -2.2865e+00 -2.0725e+00
742 0 +5.870689442e-04 +3.992058707e+01 +3.992058707e+01 +3.9316e+00 -1.0574e+00 +2.4356e+00 -2.2800e+00 -2.0525e+00
825 0 +3.614753351e-04 +3.992036148e+01 +3.992036148e+01 +3.9396e+00 -1.0611e+00 +2.4137e+00 -2.2817e+00 -2.0512e+00
826 0 +3.500155290e-04 +3.992035002e+01 +3.992035002e+01 +3.9347e+00 -1.0543e+00 +2.4268e+00 -2.2850e+00 -2.0533e+00
842 0 +3.146347279e-04 +3.992031463e+01 +3.992031463e+01 +3.9291e+00 -1.0591e+00 +2.4343e+00 -2.2836e+00 -2.0555e+00
853 0 +2.842920664e-04 +3.992028429e+01 +3.992028429e+01 +3.9260e+00 -1.0685e+00 +2.4319e+00 -2.2880e+00 -2.0540e+00
875 0 +2.593591121e-04 +3.992025936e+01 +3.992025936e+01 +3.9287e+00 -1.0575e+00 +2.4311e+00 -2.2829e+00 -2.0613e+00
970 0 +1.871243308e-04 +3.992018712e+01 +3.992018712e+01 +3.9326e+00 -1.0600e+00 +2.4221e+00 -2.2857e+00 -2.0568e+00
980 0 +1.591208535e-04 +3.992015912e+01 +3.992015912e+01 +3.9321e+00 -1.0627e+00 +2.4244e+00 -2.2873e+00 -2.0528e+00
1022 0 +1.519248379e-04 +3.992015192e+01 +3.992015192e+01 +3.9292e+00 -1.0673e+00 +2.4192e+00 -2.2866e+00 -2.0612e+00
1026 0 +1.360009089e-04 +3.992013600e+01 +3.992013600e+01 +3.9323e+00 -1.0653e+00 +2.4219e+00 -2.2891e+00 -2.0513e+00
1055 0 +1.251456719e-04 +3.992012515e+01 +3.992012515e+01 +3.9329e+00 -1.0678e+00 +2.4161e+00 -2.2881e+00 -2.0541e+00
1086 0 +8.649648846e-05 +3.992008650e+01 +3.992008650e+01 +3.9358e+00 -1.0632e+00 +2.4142e+00 -2.2865e+00 -2.0537e+00
1095 0 +7.986332297e-05 +3.992007986e+01 +3.992007986e+01 +3.9363e+00 -1.0699e+00 +2.4127e+00 -2.2902e+00 -2.0463e+00
1127 0 +3.711560544e-05 +3.992003712e+01 +3.992003712e+01 +3.9458e+00 -1.0725e+00 +2.3966e+00 -2.2953e+00 -2.0340e+00
1154 0 +2.669548501e-05 +3.992002670e+01 +3.992002670e+01 +3.9470e+00 -1.0691e+00 +2.3971e+00 -2.2913e+00 -2.0362e+00
% f evaluations | g evaluations | best noise-free fitness - Fopt (-5.661000000000e+01) + sum g_i+ | measured fitness | best measured fitness or single-digit g-values | x1 | x2...
1 0 +2.419317543e+01 -3.241682457e+01 -3.241682457e+01 +5.9671e-01 -3.8264e-02 +7.4769e-01 +1.6230e+00 -1.3415e-01
3 0 +1.632183632e+01 -4.028816368e+01 -4.028816368e+01 -3.6342e-01 -3.6573e-01 +3.4196e-01 -1.8133e+00 -1.6249e+00
14 0 +1.443108532e+01 -4.217891468e+01 -4.217891468e+01 +1.4562e+00 +2.7990e-02 +1.1035e+00 +4.6164e-01 -5.4512e-01
27 0 +1.374604384e+01 -4.286395616e+01 -4.286395616e+01 +5.8725e-02 -8.6173e-01 +1.0536e+00 -8.3751e-01 -1.8050e+00
31 0 +9.577139299e+00 -4.703286070e+01 -4.703286070e+01 +2.4766e-01 -3.4568e-01 +2.1475e+00 -1.1953e+00 -2.2666e+00
35 0 +8.096310060e+00 -4.851368994e+01 -4.851368994e+01 +8.8643e-01 +8.4648e-01 +1.7996e+00 -1.4677e+00 -1.1951e+00
52 0 +7.935156232e+00 -4.867484377e+01 -4.867484377e+01 +3.9845e+00 +9.0579e-01 +4.2970e+00 -3.3335e+00 -2.4968e+00
57 0 +5.009902102e+00 -5.160009790e+01 -5.160009790e+01 +1.7127e+00 +1.4362e+00 +4.5568e+00 -2.2224e+00 -2.4608e+00
58 0 +3.308844497e+00 -5.330115550e+01 -5.330115550e+01 +2.9290e+00 +6.1637e-01 +2.9163e+00 -3.4818e+00 -3.1942e+00
68 0 +3.041298220e+00 -5.356870178e+01 -5.356870178e+01 +9.9530e-01 +9.2120e-01 +2.5179e+00 -3.0070e+00 -2.3643e+00
84 0 +1.991611743e+00 -5.461838826e+01 -5.461838826e+01 +2.1407e+00 +1.4622e+00 +3.2819e+00 -4.3417e+00 -4.3621e+00
93 0 +1.181986374e+00 -5.542801363e+01 -5.542801363e+01 +2.2387e+00 +2.4558e+00 +3.3373e+00 -2.1535e+00 -3.0347e+00
179 0 +1.071051092e+00 -5.553894891e+01 -5.553894891e+01 +2.1314e+00 +2.8147e+00 +2.2708e+00 -3.0350e+00 -3.9605e+00
246 0 +4.107091115e-01 -5.619929089e+01 -5.619929089e+01 +2.0330e+00 +3.0652e+00 +2.4275e+00 -3.4686e+00 -3.3592e+00
294 0 +2.784143282e-01 -5.633158567e+01 -5.633158567e+01 +2.3371e+00 +2.9605e+00 +2.8449e+00 -3.4642e+00 -2.7727e+00
343 0 +2.333603445e-01 -5.637663966e+01 -5.637663966e+01 +2.0085e+00 +2.6271e+00 +2.9457e+00 -3.0752e+00 -2.9367e+00
388 0 +1.131435632e-01 -5.649685644e+01 -5.649685644e+01 +2.3055e+00 +2.9089e+00 +3.2295e+00 -3.5608e+00 -3.0028e+00
401 0 +1.101271280e-01 -5.649987287e+01 -5.649987287e+01 +2.2224e+00 +2.7895e+00 +3.2193e+00 -3.5832e+00 -3.0243e+00
441 0 +4.374985233e-02 -5.656625015e+01 -5.656625015e+01 +2.1607e+00 +2.8397e+00 +3.1479e+00 -3.4369e+00 -3.1109e+00
502 0 +3.133799487e-02 -5.657866201e+01 -5.657866201e+01 +2.1792e+00 +2.8264e+00 +3.1100e+00 -3.4430e+00 -3.0540e+00
541 0 +2.872522697e-02 -5.658127477e+01 -5.658127477e+01 +2.1770e+00 +2.9889e+00 +3.1495e+00 -3.4226e+00 -3.2236e+00
577 0 +8.647614442e-03 -5.660135239e+01 -5.660135239e+01 +2.0070e+00 +2.9796e+00 +3.1618e+00 -3.2998e+00 -3.1714e+00
628 0 +4.828542881e-03 -5.660517146e+01 -5.660517146e+01 +1.9892e+00 +2.9278e+00 +3.1320e+00 -3.3058e+00 -3.0918e+00
635 0 +3.890146061e-03 -5.660610985e+01 -5.660610985e+01 +1.9831e+00 +2.9240e+00 +3.1210e+00 -3.2846e+00 -3.1002e+00
748 0 +3.538871487e-03 -5.660646113e+01 -5.660646113e+01 +1.9569e+00 +2.9616e+00 +3.1393e+00 -3.2689e+00 -3.1200e+00
764 0 +9.818761636e-04 -5.660901812e+01 -5.660901812e+01 +1.9327e+00 +2.9353e+00 +3.1752e+00 -3.2537e+00 -3.1024e+00
852 0 +8.081497006e-04 -5.660919185e+01 -5.660919185e+01 +1.9722e+00 +2.9447e+00 +3.1310e+00 -3.2630e+00 -3.1277e+00
854 0 +7.522927550e-04 -5.660924771e+01 -5.660924771e+01 +1.9725e+00 +2.9504e+00 +3.1381e+00 -3.2646e+00 -3.1326e+00
970 0 +4.367616085e-04 -5.660956324e+01 -5.660956324e+01 +1.9860e+00 +2.9383e+00 +3.1647e+00 -3.2856e+00 -3.1180e+00
1007 0 +3.782290261e-04 -5.660962177e+01 -5.660962177e+01 +1.9782e+00 +2.9445e+00 +3.1579e+00 -3.2701e+00 -3.1313e+00
1054 0 +3.689566076e-04 -5.660963104e+01 -5.660963104e+01 +1.9768e+00 +2.9400e+00 +3.1580e+00 -3.2675e+00 -3.1291e+00
1071 0 +3.556085870e-04 -5.660964439e+01 -5.660964439e+01 +1.9679e+00 +2.9408e+00 +3.1592e+00 -3.2668e+00 -3.1225e+00
1078 0 +3.105970514e-04 -5.660968940e+01 -5.660968940e+01 +1.9816e+00 +2.9403e+00 +3.1696e+00 -3.2753e+00 -3.1279e+00
1104 0 +2.827510320e-04 -5.660971725e+01 -5.660971725e+01 +1.9791e+00 +2.9300e+00 +3.1695e+00 -3.2823e+00 -3.1085e+00
1106 0 +2.628390480e-04 -5.660973716e+01 -5.660973716e+01 +1.9603e+00 +2.9330e+00 +3.1628e+00 -3.2666e+00 -3.1088e+00
1127 0 +1.446253137e-04 -5.660985537e+01 -5.660985537e+01 +1.9480e+00 +2.9269e+00 +3.2123e+00 -3.2709e+00 -3.0981e+00
1173 0 +1.193714145e-04 -5.660988063e+01 -5.660988063e+01 +1.9711e+00 +2.9262e+00 +3.1895e+00 -3.2808e+00 -3.1042e+00
1184 0 +1.123875851e-04 -5.660988761e+01 -5.660988761e+01 +1.9773e+00 +2.9251e+00 +3.1811e+00 -3.2911e+00 -3.0962e+00
% f evaluations | g evaluations | best noise-free fitness - Fopt (3.270000000000e+01) + sum g_i+ | measured fitness | best measured fitness or single-digit g-values | x1 | x2...
1 0 +4.738185807e+00 +3.743818581e+01 +3.743818581e+01 +5.9671e-01 -3.8264e-02 +7.4769e-01 +1.6230e+00 -1.3415e-01
6 0 +4.184781633e+00 +3.688478163e+01 +3.688478163e+01 +2.1092e-01 -1.0510e+00 +4.7570e-01 -5.0064e-01 -1.9169e-01
10 0 +4.114533253e+00 +3.681453325e+01 +3.681453325e+01 -6.1984e-01 -3.6064e-01 +1.1571e+00 +4.4362e-01 -1.6630e+00
20 0 +3.167832081e+00 +3.586783208e+01 +3.586783208e+01 -1.3635e+00 +3.9612e-01 +3.6106e-01 +1.0511e-01 -1.3459e-01
21 0 +2.979073793e+00 +3.567907379e+01 +3.567907379e+01 -1.3154e+00 -3.2065e-01 -2.4271e-01 -7.0228e-01 -6.1286e-02
36 0 +2.604378942e+00 +3.530437894e+01 +3.530437894e+01 -1.2457e+00 -8.7286e-01 +9.9602e-01 +1.4685e+00 -2.0254e+00
39 0 +2.202431475e+00 +3.490243147e+01 +3.490243147e+01 -2.7899e+00 +2.3722e-02 -2.5200e-01 -4.8115e-02 -3.0067e-01
48 0 +2.089155029e+00 +3.478915503e+01 +3.478915503e+01 -1.9463e+00 -8.9841e-01 +1.2767e+00 +1.3547e+00 +9.0930e-01
49 0 +8.978094158e-01 +3.359780942e+01 +3.359780942e+01 -1.4876e+00 -1.1720e+00 +1.8534e-01 +4.6187e-01 -1.9992e-01
62 0 +7.661333042e-01 +3.346613330e+01 +3.346613330e+01 -1.6484e+00 -1.7767e+00 +2.4046e-01 +1.3885e+00 -1.0540e+00
64 0 +7.539536736e-01 +3.345395367e+01 +3.345395367e+01 -2.0052e+00 -2.3482e+00 -4.3928e-01 +8.9359e-01 +7.8353e-04
168 0 +5.006883533e-01 +3.320068835e+01 +3.320068835e+01 -1.9760e+00 -1.1821e+00 -2.6710e-01 +1.4015e+00 -6.8490e-01
199 0 +3.882331824e-01 +3.308823318e+01 +3.308823318e+01 -2.3087e+00 -1.5025e+00 -3.8737e-01 +1.3828e+00 -3.6091e-01
215 0 +2.785364512e-01 +3.297853645e+01 +3.297853645e+01 -1.9798e+00 -1.4304e+00 -1.6226e-01 +9.9985e-01 -4.6746e-01
255 0 +1.888770990e-01 +3.288887710e+01 +3.288887710e+01 -1.9830e+00 -1.4297e+00 +3.7374e-01 +1.0071e+00 -2.1200e-01
271 0 +1.851362998e-01 +3.288513630e+01 +3.288513630e+01 -2.2169e+00 -1.6548e+00 +5.6142e-01 +1.3359e+00 -4.2594e-01
273 0 +1.395386687e-01 +3.283953867e+01 +3.283953867e+01 -2.2650e+00 -1.7246e+00 +1.2949e-01 +1.2769e+00 -1.0117e-01
274 0 +8.011232203e-02 +3.278011232e+01 +3.278011232e+01 -2.0340e+00 -1.8075e+00 +1.7226e-01 +1.2127e+00 -9.9983e-04
338 0 +4.334598623e-02 +3.274334599e+01 +3.274334599e+01 -1.9916e+00 -1.4626e+00 +1.2251e-01 +1.4140e+00 -2.2676e-01
369 0 +3.918762663e-02 +3.273918763e+01 +3.273918763e+01 -2.1625e+00 -1.7179e+00 +1.8321e-01 +1.0672e+00 -3.4203e-01
383 0 +3.605973581e-02 +3.273605974e+01 +3.273605974e+01 -2.1470e+00 -1.5769e+00 +2.7015e-01 +1.4194e+00 -3.1980e-01
458 0 +3.354424901e-02 +3.273354425e+01 +3.273354425e+01 -2.0624e+00 -1.5397e+00 +2.2762e-01 +1.5111e+00 -1.5483e-01
471 0 +1.547402112e-02 +3.271547402e+01 +3.271547402e+01 -2.0050e+00 -1.5260e+00 +2.1674e-01 +1.4694e+00 -4.6677e-02
556 0 +1.457853012e-02 +3.271457853e+01 +3.271457853e+01 -2.0945e+00 -1.5094e+00 +2.8171e-01 +1.4274e+00 -1.8260e-01
557 0 +1.438359775e-02 +3.271438360e+01 +3.271438360e+01 -2.0936e+00 -1.5562e+00 +1.5909e-01 +1.3776e+00 -2.8836e-01
578 0 +9.061065361e-03 +3.270906107e+01 +3.270906107e+01 -2.1382e+00 -1.5226e+00 +2.8804e-01 +1.4655e+00 -2.4171e-01
581 0 +3.596413829e-03 +3.270359641e+01 +3.270359641e+01 -2.0879e+00 -1.5668e+00 +2.2056e-01 +1.3690e+00 -2.2333e-01
651 0 +3.282880142e-03 +3.270328288e+01 +3.270328288e+01 -2.0509e+00 -1.5556e+00 +2.3305e-01 +1.3641e+00 -1.6340e-01
652 0 +2.891103826e-03 +3.270289110e+01 +3.270289110e+01 -2.0848e+00 -1.5482e+00 +2.6195e-01 +1.4132e+00 -1.5601e-01
659 0 +2.695515648e-03 +3.270269552e+01 +3.270269552e+01 -2.0416e+00 -1.5507e+00 +2.5363e-01 +1.3713e+00 -1.2782e-01
729 0 +2.417145918e-03 +3.270241715e+01 +3.270241715e+01 -2.0836e+00 -1.5525e+00 +2.8599e-01 +1.3835e+00 -1.7328e-01
743 0 +1.879217122e-03 +3.270187922e+01 +3.270187922e+01 -2.0503e+00 -1.5520e+00 +2.8076e-01 +1.3826e+00 -1.1174e-01
794 0 +1.635518217e-03 +3.270163552e+01 +3.270163552e+01 -2.0507e+00 -1.5680e+00 +2.6093e-01 +1.3701e+00 -1.0869e-01
804 0 +1.425453550e-03 +3.270142545e+01 +3.270142545e+01 -2.0719e+00 -1.5551e+00 +2.6332e-01 +1.3743e+00 -1.7064e-01
812 0 +1.052322982e-03 +3.270105232e+01 +3.270105232e+01 -2.0768e+00 -1.5673e+00 +2.7794e-01 +1.3538e+00 -1.6032e-01
858 0 +7.693583277e-04 +3.270076936e+01 +3.270076936e+01 -2.0786e+00 -1.5574e+00 +2.5597e-01 +1.3783e+00 -1.7681e-01
876 0 +7.141954314e-04 +3.270071420e+01 +3.270071420e+01 -2.0874e+00 -1.5681e+00 +2.7706e-01 +1.3579e+00 -1.8019e-01
889 0 +7.003174192e-04 +3.270070032e+01 +3.270070032e+01 -2.0723e+00 -1.5583e+00 +2.6436e-01 +1.3737e+00 -1.6116e-01
890 0 +6.300854711e-04 +3.270063009e+01 +3.270063009e+01 -2.0714e+00 -1.5686e+00 +2.5733e-01 +1.3567e+00 -1.6554e-01
911 0 +6.184453594e-04 +3.270061845e+01 +3.270061845e+01 -2.0754e+00 -1.5704e+00 +2.5324e-01 +1.3511e+00 -1.7779e-01
925 0 +4.860507138e-04 +3.270048605e+01 +3.270048605e+01 -2.0788e+00 -1.5814e+00 +2.6021e-01 +1.3450e+00 -1.6178e-01
952 0 +4.568226961e-04 +3.270045682e+01 +3.270045682e+01 -2.0792e+00 -1.5745e+00 +2.6094e-01 +1.3472e+00 -1.7643e-01
956 0 +4.375136180e-04 +3.270043751e+01 +3.270043751e+01 -2.0730e+00 -1.5683e+00 +2.5338e-01 +1.3606e+00 -1.6687e-01
965 0 +3.902914593e-04 +3.270039029e+01 +3.270039029e+01 -2.0752e+00 -1.5656e+00 +2.7273e-01 +1.3614e+00 -1.5926e-01
972 0 +2.931426068e-04 +3.270029314e+01 +3.270029314e+01 -2.0723e+00 -1.5700e+00 +2.6735e-01 +1.3551e+00 -1.5614e-01
985 0 +2.814298813e-04 +3.270028143e+01 +3.270028143e+01 -2.0787e+00 -1.5809e+00 +2.8899e-01 +1.3314e+00 -1.5603e-01
989 0 +1.340890403e-04 +3.270013409e+01 +3.270013409e+01 -2.0747e+00 -1.5771e+00 +2.7093e-01 +1.3421e+00 -1.5823e-01
1028 0 +1.092761517e-04 +3.270010928e+01 +3.270010928e+01 -2.0701e+00 -1.5886e+00 +2.8775e-01 +1.3185e+00 -1.3944e-01
1112 0 +8.258445661e-05 +3.270008258e+01 +3.270008258e+01 -2.0770e+00 -1.5840e+00 +2.7532e-01 +1.3280e+00 -1.6143e-01
1130 0 +5.347152177e-05 +3.270005347e+01 +3.270005347e+01 -2.0693e+00 -1.5918e+00 +2.8059e-01 +1.3133e+00 -1.4277e-01
1133 0 +4.043033914e-05 +3.270004043e+01 +3.270004043e+01 -2.0685e+00 -1.5907e+00 +2.7564e-01 +1.3171e+00 -1.4340e-01
1162 0 +3.362746580e-05 +3.270003363e+01 +3.270003363e+01 -2.0701e+00 -1.5913e+00 +2.7261e-01 +1.3165e+00 -1.4838e-01
1201 0 +3.246420921e-05 +3.270003246e+01 +3.270003246e+01 -2.0728e+00 -1.5960e+00 +2.7916e-01 +1.3067e+00 -1.5001e-01
1212 0 +1.875433865e-05 +3.270001875e+01 +3.270001875e+01 -2.0724e+00 -1.5963e+00 +2.7896e-01 +1.3057e+00 -1.5006e-01
% f evaluations | g evaluations | best noise-free fitness - Fopt (-3.943000000000e+01) + sum g_i+ | measured fitness | best measured fitness or single-digit g-values | x1 | x2...
1 0 +2.093839249e+01 -1.849160751e+01 -1.849160751e+01 +5.9671e-01 -3.8264e-02 +7.4769e-01 +1.6230e+00 -1.3415e-01
9 0 +1.821593618e+01 -2.121406382e+01 -2.121406382e+01 +8.3847e-01 +2.7137e-01 -1.5648e-02 -2.0110e-01 -1.3785e+00
14 0 +1.049200278e+01 -2.893799722e+01 -2.893799722e+01 +1.4562e+00 +2.7990e-02 +1.1035e+00 +4.6164e-01 -5.4512e-01
42 0 +9.769661786e+00 -2.966033821e+01 -2.966033821e+01 +1.5517e+00 -3.1442e-01 +1.9582e+00 +3.1219e-01 -1.0239e+00
51 0 +7.948033566e+00 -3.148196643e+01 -3.148196643e+01 +1.6068e+00 +9.8676e-02 +3.5064e+00 +2.3154e+00 -3.0008e-01
52 0 +6.501480905e+00 -3.292851909e+01 -3.292851909e+01 +2.6764e+00 +2.2564e+00 +1.5099e+00 -7.8862e-01 -1.0322e+00
54 0 +6.309663119e+00 -3.312033688e+01 -3.312033688e+01 +2.6970e+00 +3.1083e-01 +2.4605e+00 +2.7350e+00 +8.6552e-02
76 0 +5.400052236e+00 -3.402994776e+01 -3.402994776e+01 +2.5735e+00 +5.1622e-01 +2.2209e+00 +2.5255e+00 +9.4299e-01
79 0 +5.376462521e+00 -3.405353748e+01 -3.405353748e+01 +2.5879e+00 +1.5609e+00 +3.1223e+00 -3.8985e-01 +1.2673e-01
95 0 +4.490154517e+00 -3.493984548e+01 -3.493984548e+01 +2.4694e+00 +1.8140e+00 +1.1534e+00 +1.6113e-01 -5.1002e-01
97 0 +2.529124013e+00 -3.690087599e+01 -3.690087599e+01 +1.9326e+00 +2.1462e+00 +4.0262e+00 +2.0780e+00 +1.5723e+00
126 0 +2.225031895e+00 -3.720496810e+01 -3.720496810e+01 +3.8583e+00 +2.5942e+00 +2.9798e+00 +1.4932e-02 -1.2927e-01
132 0 +1.378876679e+00 -3.805112332e+01 -3.805112332e+01 +4.2310e+00 +2.5303e+00 +1.6500e+00 +1.6916e+00 +7.2242e-01
168 0 +2.833293962e-01 -3.914667060e+01 -3.914667060e+01 +3.9717e+00 +3.3172e+00 +3.0519e+00 +9.9123e-01 +9.0571e-01
327 0 +1.776868053e-01 -3.925231319e+01 -3.925231319e+01 +3.5603e+00 +3.0709e+00 +2.9312e+00 +1.4003e+00 +1.0333e+00
336 0 +1.128704001e-01 -3.931712960e+01 -3.931712960e+01 +3.7756e+00 +3.0431e+00 +2.7600e+00 +1.5553e+00 +1.1904e+00
360 0 +9.314646139e-02 -3.933685354e+01 -3.933685354e+01 +3.6605e+00 +3.4839e+00 +2.8883e+00 +1.3988e+00 +9.0514e-01
361 0 +7.504648472e-02 -3.935495352e+01 -3.935495352e+01 +3.5063e+00 +3.3015e+00 +2.7944e+00 +1.5236e+00 +9.5678e-01
396 0 +6.666486414e-02 -3.936333514e+01 -3.936333514e+01 +3.7632e+00 +3.2248e+00 +2.8614e+00 +1.3041e+00 +1.1396e+00
438 0 +4.213406839e-02 -3.938786593e+01 -3.938786593e+01 +3.8232e+00 +3.3760e+00 +2.7801e+00 +1.5721e+00 +1.2075e+00
457 0 +3.757939337e-02 -3.939242061e+01 -3.939242061e+01 +3.5497e+00 +3.3992e+00 +2.8119e+00 +1.4122e+00 +1.1494e+00
471 0 +2.130797610e-02 -3.940869202e+01 -3.940869202e+01 +3.8564e+00 +3.3281e+00 +2.9512e+00 +1.2962e+00 +1.2140e+00
577 0 +2.105801033e-02 -3.940894199e+01 -3.940894199e+01 +3.6015e+00 +3.4126e+00 +2.8367e+00 +1.5275e+00 +1.0412e+00
578 0 +1.814479355e-02 -3.941185521e+01 -3.941185521e+01 +3.8172e+00 +3.3296e+00 +2.9431e+00 +1.5244e+00 +1.0510e+00
633 0 +9.033775744e-03 -3.942096622e+01 -3.942096622e+01 +3.8051e+00 +3.3880e+00 +2.9045e+00 +1.5134e+00 +1.1229e+00
709 0 +6.940114088e-03 -3.942305989e+01 -3.942305989e+01 +3.7391e+00 +3.3408e+00 +2.8129e+00 +1.5215e+00 +1.1650e+00
732 0 +3.720362555e-03 -3.942627964e+01 -3.942627964e+01 +3.7761e+00 +3.3539e+00 +2.8784e+00 +1.5035e+00 +1.1279e+00
772 0 +1.543246233e-03 -3.942845675e+01 -3.942845675e+01 +3.7644e+00 +3.3302e+00 +2.8750e+00 +1.4429e+00 +1.1589e+00
794 0 +1.210165772e-03 -3.942878983e+01 -3.942878983e+01 +3.7927e+00 +3.4097e+00 +2.9510e+00 +1.4877e+00 +1.0536e+00
821 0 +9.691952195e-04 -3.942903080e+01 -3.942903080e+01 +3.7301e+00 +3.3944e+00 +2.8974e+00 +1.4722e+00 +1.0809e+00
834 0 +8.314617986e-04 -3.942916854e+01 -3.942916854e+01 +3.8014e+00 +3.3627e+00 +2.9293e+00 +1.4655e+00 +1.1017e+00
888 0 +7.738053650e-04 -3.942922619e+01 -3.942922619e+01 +3.7816e+00 +3.3688e+00 +2.9171e+00 +1.4611e+00 +1.1046e+00
938 0 +6.665909231e-04 -3.942933341e+01 -3.942933341e+01 +3.8033e+00 +3.3898e+00 +2.9490e+00 +1.4710e+00 +1.0753e+00
964 0 +4.658376206e-04 -3.942953416e+01 -3.942953416e+01 +3.7885e+00 +3.4113e+00 +2.9568e+00 +1.4852e+00 +1.0412e+00
1006 0 +4.159854376e-04 -3.942958401e+01 -3.942958401e+01 +3.7869e+00 +3.4114e+00 +2.9555e+00 +1.4779e+00 +1.0462e+00
1043 0 +3.931383025e-04 -3.942960686e+01 -3.942960686e+01 +3.7971e+00 +3.4014e+00 +2.9497e+00 +1.4838e+00 +1.0591e+00
1053 0 +3.406527148e-04 -3.942965935e+01 -3.942965935e+01 +3.7915e+00 +3.4019e+00 +2.9480e+00 +1.4845e+00 +1.0558e+00
1076 0 +3.281020693e-04 -3.942967190e+01 -3.942967190e+01 +3.7785e+00 +3.3892e+00 +2.9236e+00 +1.4789e+00 +1.0826e+00
1083 0 +2.408578921e-04 -3.942975914e+01 -3.942975914e+01 +3.7903e+00 +3.3865e+00 +2.9353e+00 +1.4708e+00 +1.0823e+00
1091 0 +2.066554980e-04 -3.942979334e+01 -3.942979334e+01 +3.7923e+00 +3.3826e+00 +2.9365e+00 +1.4665e+00 +1.0849e+00
1144 0 +1.492813638e-04 -3.942985072e+01 -3.942985072e+01 +3.7758e+00 +3.3996e+00 +2.9386e+00 +1.4796e+00 +1.0589e+00
1191 0 +9.329563663e-05 -3.942990670e+01 -3.942990670e+01 +3.7704e+00 +3.3910e+00 +2.9244e+00 +1.4749e+00 +1.0775e+00
1194 0 +7.836722074e-05 -3.942992163e+01 -3.942992163e+01 +3.7780e+00 +3.3882e+00 +2.9323e+00 +1.4681e+00 +1.0776e+00
1215 0 +6.688638190e-05 -3.942993311e+01 -3.942993311e+01 +3.7826e+00 +3.3908e+00 +2.9395e+00 +1.4683e+00 +1.0714e+00
% f evaluations | g evaluations | best noise-free fitness - Fopt (4.197200000000e+02) + sum g_i+ | measured fitness | best measured fitness or single-digit g-values | x1 | x2...
1 0 +4.830635205e+01 +4.680263520e+02 +4.680263520e+02 +5.9671e-01 -3.8264e-02 +7.4769e-01 +1.6230e+00 -1.3415e-01
11 0 +3.359690083e+01 +4.533169008e+02 +4.533169008e+02 +4.2408e-01 -2.8508e-01 -5.7692e-01 +7.1168e-01 +1.1310e+00
23 0 +2.445796969e+01 +4.441779697e+02 +4.441779697e+02 -1.8188e+00 +7.3486e-02 +1.6023e-01 +2.5632e+00 -9.2361e-02
28 0 +4.860109543e+00 +4.245801095e+02 +4.245801095e+02 -2.1017e-01 +2.0934e+00 +4.0823e-01 +2.1934e+00 +2.3109e+00
51 0 +4.489843554e+00 +4.242098436e+02 +4.242098436e+02 -4.4586e+00 +1.6330e+00 -3.5363e-01 +2.9426e+00 +1.8462e+00
55 0 +1.977470152e+00 +4.216974702e+02 +4.216974702e+02 +5.1204e-01 +2.9561e+00 -1.5133e+00 +3.5909e+00 +4.4389e+00
58 0 +1.298289074e+00 +4.210182891e+02 +4.210182891e+02 -2.0364e+00 +2.2347e+00 -8.8306e-01 +2.6856e+00 +2.7040e+00
63 0 +5.555169461e-01 +4.202755169e+02 +4.202755169e+02 -7.1447e-01 +2.6071e+00 -1.5695e+00 +2.8668e+00 +3.0171e+00
207 0 +3.210132709e-01 +4.200410133e+02 +4.200410133e+02 -1.1299e+00 +2.6420e+00 -8.8872e-01 +3.8148e+00 +3.5356e+00
262 0 +2.676877984e-01 +4.199876878e+02 +4.199876878e+02 -1.0711e+00 +2.6482e+00 -1.6196e+00 +3.5256e+00 +3.6716e+00
264 0 +1.598848799e-01 +4.198798849e+02 +4.198798849e+02 -1.1374e+00 +2.6327e+00 -1.3062e+00 +3.2590e+00 +3.2964e+00
278 0 +8.226301127e-02 +4.198022630e+02 +4.198022630e+02 -9.7755e-01 +2.4119e+00 -1.3620e+00 +3.7766e+00 +3.2724e+00
340 0 +4.457888766e-02 +4.197645789e+02 +4.197645789e+02 -1.0510e+00 +2.6720e+00 -1.2934e+00 +3.6927e+00 +2.9609e+00
380 0 +4.328406309e-02 +4.197632841e+02 +4.197632841e+02 -1.0495e+00 +2.6047e+00 -1.2504e+00 +3.5383e+00 +3.0475e+00
454 0 +3.742203239e-02 +4.197574220e+02 +4.197574220e+02 -1.1025e+00 +2.8121e+00 -1.3489e+00 +3.6462e+00 +2.9783e+00
491 0 +3.465753606e-02 +4.197546575e+02 +4.197546575e+02 -1.1674e+00 +2.7246e+00 -1.4136e+00 +3.6692e+00 +3.2744e+00
507 0 +2.376908210e-02 +4.197437691e+02 +4.197437691e+02 -1.1435e+00 +2.7347e+00 -1.3130e+00 +3.7483e+00 +3.2189e+00
529 0 +1.180149487e-02 +4.197318015e+02 +4.197318015e+02 -1.1395e+00 +2.7820e+00 -1.3343e+00 +3.7543e+00 +3.2855e+00
560 0 +5.570209966e-03 +4.197255702e+02 +4.197255702e+02 -1.1711e+00 +2.8097e+00 -1.3295e+00 +3.7143e+00 +3.2837e+00
575 0 +3.440159155e-03 +4.197234402e+02 +4.197234402e+02 -1.1275e+00 +2.7372e+00 -1.3234e+00 +3.6611e+00 +3.1864e+00
601 0 +3.338269453e-03 +4.197233383e+02 +4.197233383e+02 -1.1373e+00 +2.6899e+00 -1.3376e+00 +3.6894e+00 +3.2773e+00
634 0 +3.258927059e-03 +4.197232589e+02 +4.197232589e+02 -1.1420e+00 +2.7219e+00 -1.3288e+00 +3.6183e+00 +3.2006e+00
654 0 +2.469228554e-03 +4.197224692e+02 +4.197224692e+02 -1.1281e+00 +2.7509e+00 -1.2950e+00 +3.5980e+00 +3.0963e+00
655 0 +1.867865390e-03 +4.197218679e+02 +4.197218679e+02 -1.1653e+00 +2.7927e+00 -1.3093e+00 +3.6193e+00 +3.1807e+00
661 0 +1.758298738e-03 +4.197217583e+02 +4.197217583e+02 -1.1580e+00 +2.7614e+00 -1.2970e+00 +3.6323e+00 +3.1978e+00
721 0 +9.575779530e-04 +4.197209576e+02 +4.197209576e+02 -1.1487e+00 +2.7203e+00 -1.3101e+00 +3.6227e+00 +3.2024e+00
765 0 +7.966675178e-04 +4.197207967e+02 +4.197207967e+02 -1.1634e+00 +2.7323e+00 -1.3112e+00 +3.6466e+00 +3.2526e+00
770 0 +6.562420799e-04 +4.197206562e+02 +4.197206562e+02 -1.1798e+00 +2.7572e+00 -1.3111e+00 +3.6294e+00 +3.2570e+00
777 0 +8.951817972e-05 +4.197200895e+02 +4.197200895e+02 -1.1715e+00 +2.7600e+00 -1.3111e+00 +3.5984e+00 +3.2089e+00
914 0 +6.285078570e-05 +4.197200629e+02 +4.197200629e+02 -1.1581e+00 +2.7529e+00 -1.3109e+00 +3.5915e+00 +3.1751e+00
944 0 +5.258649918e-05 +4.197200526e+02 +4.197200526e+02 -1.1724e+00 +2.7674e+00 -1.3109e+00 +3.5944e+00 +3.2014e+00
984 0 +3.803807783e-05 +4.197200380e+02 +4.197200380e+02 -1.1648e+00 +2.7629e+00 -1.3092e+00 +3.5893e+00 +3.1808e+00
991 0 +6.789799613e-06 +4.197200068e+02 +4.197200068e+02 -1.1675e+00 +2.7634e+00 -1.3103e+00 +3.5925e+00 +3.1905e+00
1242 0 +6.228631776e-06 +4.197200062e+02 +4.197200062e+02 -1.1627e+00 +2.7582e+00 -1.3119e+00 +3.6106e+00 +3.1992e+00
% f evaluations | g evaluations | best noise-free fitness - Fopt (7.640000000000e+00) + sum g_i+ | measured fitness | best measured fitness or single-digit g-values | x1 | x2...
1 0 +1.810879184e+01 +2.574879184e+01 +2.574879184e+01 +5.9671e-01 -3.8264e-02 +7.4769e-01 +1.6230e+00 -1.3415e-01
2 0 +1.593987314e+01 +2.357987314e+01 +2.357987314e+01 -1.3414e-01 +1.6792e+00 +8.6743e-01 -3.6947e-01 +6.4256e-01
22 0 +1.565379303e+01 +2.329379303e+01 +2.329379303e+01 +5.0405e-01 +1.9862e+00 +2.7458e-01 +3.5755e-01 +2.5554e-02
26 0 +1.228423435e+01 +1.992423435e+01 +1.992423435e+01 +1.1981e+00 +1.8953e+00 +2.9748e+00 -1.1912e-01 +1.0262e-01
27 0 +1.158904110e+01 +1.922904110e+01 +1.922904110e+01 +8.2051e-01 +1.5550e+00 +1.6117e+00 +1.0621e+00 -1.8579e-01
32 0 +1.014987924e+01 +1.778987924e+01 +1.778987924e+01 +1.5853e+00 +1.2484e+00 +2.4778e+00 -2.0221e-01 +1.2774e+00
44 0 +8.772490685e+00 +1.641249069e+01 +1.641249069e+01 +1.4769e+00 +2.0997e+00 +9.1788e-01 +1.1775e+00 +9.1986e-01
52 0 +4.822393251e+00 +1.246239325e+01 +1.246239325e+01 +2.6802e+00 +2.2320e+00 +3.3408e+00 +1.7122e+00 +1.0444e+00
53 0 +3.688411127e+00 +1.132841113e+01 +1.132841113e+01 +2.5841e+00 +1.9863e+00 +1.2189e+00 +2.6061e+00 +1.8333e+00
77 0 +3.048187837e+00 +1.068818784e+01 +1.068818784e+01 +3.3551e+00 +3.7468e+00 +7.2215e-01 +3.3657e+00 +1.6908e+00
101 0 +2.869309915e+00 +1.050930991e+01 +1.050930991e+01 +4.9028e+00 +2.4912e+00 +2.1478e+00 +2.2656e+00 +2.5757e+00
104 0 +2.519775429e+00 +1.015977543e+01 +1.015977543e+01 +4.0566e+00 +2.0914e+00 +8.2199e-01 +4.5195e+00 +2.9954e+00
163 0 +2.083086712e+00 +9.723086712e+00 +9.723086712e+00 +4.5951e+00 +2.8401e+00 +3.8115e+00 +4.4661e+00 +1.6781e+00
169 0 +1.505876652e+00 +9.145876652e+00 +9.145876652e+00 +4.0332e+00 +2.9579e+00 +2.4347e+00 +4.0599e+00 +1.3470e+00
190 0 +1.287061634e+00 +8.927061634e+00 +8.927061634e+00 +3.4220e+00 +1.4827e+00 +2.3189e+00 +4.0889e+00 +3.6898e+00
226 0 +1.266666211e+00 +8.906666211e+00 +8.906666211e+00 +2.4628e+00 +3.0769e+00 +2.3575e+00 +4.3339e+00 +2.1277e+00
233 0 +8.466052634e-01 +8.486605263e+00 +8.486605263e+00 +4.0420e+00 +2.3340e+00 +3.2679e+00 +3.8196e+00 +3.6529e+00
244 0 +4.951625214e-01 +8.135162521e+00 +8.135162521e+00 +2.8389e+00 +2.7835e+00 +2.4431e+00 +3.7567e+00 +2.4794e+00
256 0 +2.544519191e-01 +7.894451919e+00 +7.894451919e+00 +3.1032e+00 +3.0975e+00 +2.6003e+00 +3.7961e+00 +2.8319e+00
330 0 +2.374244148e-01 +7.877424415e+00 +7.877424415e+00 +3.2481e+00 +2.1318e+00 +2.5839e+00 +3.9954e+00 +2.4970e+00
357 0 +1.488199822e-01 +7.788819982e+00 +7.788819982e+00 +3.1955e+00 +2.6732e+00 +2.8242e+00 +4.0314e+00 +2.7635e+00
364 0 +9.977627902e-02 +7.739776279e+00 +7.739776279e+00 +3.4411e+00 +2.5477e+00 +2.8876e+00 +3.8552e+00 +2.7682e+00
392 0 +8.110784277e-02 +7.721107843e+00 +7.721107843e+00 +3.4150e+00 +2.6263e+00 +2.4772e+00 +3.9668e+00 +2.8496e+00
434 0 +7.881664029e-02 +7.718816640e+00 +7.718816640e+00 +3.3685e+00 +2.5724e+00 +2.8454e+00 +3.9365e+00 +2.7247e+00
456 0 +6.307408243e-02 +7.703074082e+00 +7.703074082e+00 +3.3394e+00 +2.8075e+00 +2.8638e+00 +3.9141e+00 +2.6665e+00
481 0 +2.952540156e-02 +7.669525402e+00 +7.669525402e+00 +3.3946e+00 +2.7059e+00 +2.7135e+00 +4.0010e+00 +2.8175e+00
493 0 +2.894800460e-02 +7.668948005e+00 +7.668948005e+00 +3.3949e+00 +2.8057e+00 +2.6056e+00 +3.9794e+00 +2.8900e+00
499 0 +1.629232399e-02 +7.656292324e+00 +7.656292324e+00 +3.4938e+00 +2.6436e+00 +2.8441e+00 +3.9080e+00 +2.7292e+00
543 0 +5.400456866e-03 +7.645400457e+00 +7.645400457e+00 +3.4391e+00 +2.6058e+00 +2.8420e+00 +3.9922e+00 +2.6907e+00
719 0 +2.736066973e-03 +7.642736067e+00 +7.642736067e+00 +3.4641e+00 +2.6160e+00 +2.7994e+00 +3.9456e+00 +2.7384e+00
765 0 +2.646710629e-03 +7.642646711e+00 +7.642646711e+00 +3.4687e+00 +2.5895e+00 +2.8234e+00 +3.9523e+00 +2.7150e+00
788 0 +2.321914075e-03 +7.642321914e+00 +7.642321914e+00 +3.5024e+00 +2.6604e+00 +2.8404e+00 +3.9416e+00 +2.7740e+00
791 0 +5.647836037e-04 +7.640564784e+00 +7.640564784e+00 +3.5224e+00 +2.6043e+00 +2.7588e+00 +3.9153e+00 +2.7928e+00
882 0 +4.464076125e-04 +7.640446408e+00 +7.640446408e+00 +3.5131e+00 +2.5921e+00 +2.7754e+00 +3.9311e+00 +2.7710e+00
886 0 +1.925490381e-04 +7.640192549e+00 +7.640192549e+00 +3.5376e+00 +2.6000e+00 +2.7690e+00 +3.9092e+00 +2.7963e+00
970 0 +7.923401879e-05 +7.640079234e+00 +7.640079234e+00 +3.5167e+00 +2.6158e+00 +2.7684e+00 +3.9201e+00 +2.7899e+00
1067 0 +6.444749397e-05 +7.640064447e+00 +7.640064447e+00 +3.5044e+00 +2.6209e+00 +2.7815e+00 +3.9311e+00 +2.7780e+00
1102 0 +3.722815770e-05 +7.640037228e+00 +7.640037228e+00 +3.5186e+00 +2.6220e+00 +2.7820e+00 +3.9223e+00 +2.7890e+00
1208 0 +2.478382037e-05 +7.640024784e+00 +7.640024784e+00 +3.5123e+00 +2.6343e+00 +2.7704e+00 +3.9231e+00 +2.7966e+00
1217 0 +2.065700514e-05 +7.640020657e+00 +7.640020657e+00 +3.5116e+00 +2.6260e+00 +2.7761e+00 +3.9264e+00 +2.7889e+00
% f evaluations | g evaluations | best noise-free fitness - Fopt (-1.276800000000e+02) + sum g_i+ | measured fitness | best measured fitness or single-digit g-values | x1 | x2...
1 0 +7.496789357e+01 -5.271210643e+01 -5.271210643e+01 +5.9671e-01 -3.8264e-02 +7.4769e-01 +1.6230e+00 -1.3415e-01
2 0 +1.435804214e+01 -1.133219579e+02 -1.133219579e+02 -1.3414e-01 +1.6792e+00 +8.6743e-01 -3.6947e-01 +6.4256e-01
22 0 +1.285868250e+01 -1.148213175e+02 -1.148213175e+02 +5.0405e-01 +1.9862e+00 +2.7458e-01 +3.5755e-01 +2.5554e-02
27 0 +1.143960116e+01 -1.162403988e+02 -1.162403988e+02 +8.6984e-01 +1.9094e+00 +1.0349e-01 -1.3020e+00 +5.4140e-01
35 0 +9.730468563e+00 -1.179495314e+02 -1.179495314e+02 -3.2340e-03 +2.8632e+00 +1.0711e+00 -3.2773e+00 +2.9408e-02
40 0 +6.884083961e+00 -1.207959160e+02 -1.207959160e+02 +2.5168e-01 +2.6552e+00 +6.6242e-01 -1.7428e+00 -1.6959e-01
66 0 +3.208202317e+00 -1.244717977e+02 -1.244717977e+02 -4.5379e-01 +3.5004e+00 +1.5765e+00 +1.3772e-01 -2.1860e+00
102 0 +2.369406357e+00 -1.253105936e+02 -1.253105936e+02 +9.6177e-01 +3.8748e+00 +1.8804e+00 -1.3985e+00 -3.0975e+00
111 0 +1.833266931e+00 -1.258467331e+02 -1.258467331e+02 +1.0075e+00 +2.9645e+00 +1.6558e+00 -4.2346e-01 -2.9802e+00
113 0 +1.453451747e+00 -1.262265483e+02 -1.262265483e+02 +2.5193e+00 +3.0253e+00 +1.0486e+00 +4.1877e-01 -2.7271e+00
114 0 +1.450800580e+00 -1.262291994e+02 -1.262291994e+02 +2.9203e+00 +2.9672e+00 +1.4214e+00 +7.6409e-01 -2.2522e+00
168 0 +8.693984902e-01 -1.268106015e+02 -1.268106015e+02 +3.1601e+00 +4.0081e+00 +2.5134e+00 +8.0249e-01 -3.2165e+00
226 0 +6.996626148e-01 -1.269803374e+02 -1.269803374e+02 +2.4265e+00 +3.9563e+00 +3.2019e+00 +7.3422e-01 -3.2763e+00
270 0 +2.609767916e-01 -1.274190232e+02 -1.274190232e+02 +2.1896e+00 +3.9562e+00 +2.2320e+00 +5.1898e-01 -2.5222e+00
324 0 +1.938457867e-01 -1.274861542e+02 -1.274861542e+02 +2.1538e+00 +3.5538e+00 +2.5199e+00 +3.2587e-01 -3.1614e+00
337 0 +1.890018419e-01 -1.274909982e+02 -1.274909982e+02 +2.2004e+00 +4.1996e+00 +2.6887e+00 +6.3599e-01 -2.9469e+00
366 0 +7.168668362e-02 -1.276083133e+02 -1.276083133e+02 +2.3417e+00 +3.9339e+00 +2.4658e+00 +4.0694e-01 -2.8610e+00
412 0 +6.667551361e-02 -1.276133245e+02 -1.276133245e+02 +2.1152e+00 +3.7761e+00 +2.4794e+00 +7.4320e-01 -2.9779e+00
430 0 +4.428880470e-02 -1.276357112e+02 -1.276357112e+02 +2.4524e+00 +3.7276e+00 +2.4984e+00 +3.5606e-01 -2.9183e+00
454 0 +4.377610788e-02 -1.276362239e+02 -1.276362239e+02 +2.2574e+00 +3.6134e+00 +2.5417e+00 +4.2659e-01 -2.8715e+00
462 0 +2.349556353e-02 -1.276565044e+02 -1.276565044e+02 +2.2642e+00 +3.8217e+00 +2.5043e+00 +5.9993e-01 -2.8386e+00
470 0 +1.542342907e-02 -1.276645766e+02 -1.276645766e+02 +2.1641e+00 +3.6703e+00 +2.4966e+00 +6.7580e-01 -2.8066e+00
557 0 +1.443567490e-02 -1.276655643e+02 -1.276655643e+02 +2.2095e+00 +3.8988e+00 +2.5546e+00 +5.1335e-01 -2.8752e+00
566 0 +7.617824252e-03 -1.276723822e+02 -1.276723822e+02 +2.2073e+00 +3.8024e+00 +2.4715e+00 +6.4682e-01 -2.7802e+00
634 0 +4.692067078e-03 -1.276753079e+02 -1.276753079e+02 +2.2845e+00 +3.8150e+00 +2.5328e+00 +4.9866e-01 -2.9182e+00
650 0 +3.819854647e-03 -1.276761801e+02 -1.276761801e+02 +2.2511e+00 +3.8333e+00 +2.5340e+00 +5.2574e-01 -2.8566e+00
700 0 +2.931627075e-03 -1.276770684e+02 -1.276770684e+02 +2.2573e+00 +3.7899e+00 +2.5187e+00 +5.3681e-01 -2.8895e+00
727 0 +2.844372728e-03 -1.276771556e+02 -1.276771556e+02 +2.2574e+00 +3.7501e+00 +2.5056e+00 +5.5952e-01 -2.7798e+00
728 0 +4.921413762e-04 -1.276795079e+02 -1.276795079e+02 +2.2454e+00 +3.7926e+00 +2.5063e+00 +5.6518e-01 -2.7835e+00
841 0 +2.088565523e-04 -1.276797911e+02 -1.276797911e+02 +2.2547e+00 +3.7530e+00 +2.5061e+00 +5.5717e-01 -2.8181e+00
922 0 +1.209108190e-04 -1.276798791e+02 -1.276798791e+02 +2.2651e+00 +3.7660e+00 +2.5112e+00 +5.4014e-01 -2.8135e+00
997 0 +9.768295725e-05 -1.276799023e+02 -1.276799023e+02 +2.2585e+00 +3.7666e+00 +2.5092e+00 +5.4901e-01 -2.8128e+00
1004 0 +6.751591404e-05 -1.276799325e+02 -1.276799325e+02 +2.2468e+00 +3.7742e+00 +2.5070e+00 +5.6237e-01 -2.7985e+00
1026 0 +5.908531325e-05 -1.276799409e+02 -1.276799409e+02 +2.2542e+00 +3.7695e+00 +2.5086e+00 +5.5383e-01 -2.8086e+00
1029 0 +5.319175132e-05 -1.276799468e+02 -1.276799468e+02 +2.2548e+00 +3.7677e+00 +2.5082e+00 +5.5357e-01 -2.8041e+00
1063 0 +4.282268429e-05 -1.276799572e+02 -1.276799572e+02 +2.2579e+00 +3.7736e+00 +2.5121e+00 +5.4511e-01 -2.8122e+00
1074 0 +2.458168925e-05 -1.276799754e+02 -1.276799754e+02 +2.2561e+00 +3.7740e+00 +2.5107e+00 +5.4877e-01 -2.8084e+00
1169 0 +1.831980882e-05 -1.276799817e+02 -1.276799817e+02 +2.2544e+00 +3.7800e+00 +2.5111e+00 +5.4968e-01 -2.8066e+00
1234 0 +5.798550788e-06 -1.276799942e+02 -1.276799942e+02 +2.2596e+00 +3.7861e+00 +2.5135e+00 +5.4149e-01 -2.8086e+00
