% f evaluations | g evaluations | best noise-free fitness - Fopt (9.294000000000e+01) + sum g_i+ | measured fitness | best measured fitness or single-digit g-values | x1 | x2...
1 0 +1.176336130e+01 +1.047033613e+02 +1.047033613e+02 +5.9671e-01 -3.8264e-02 +7.4769e-01 +1.6230e+00 -1.3415e-01
11 0 +1.170605370e+01 +1.046460537e+02 +1.046460537e+02 +4.2408e-01 -2.8508e-01 -5.7692e-01 +7.1168e-01 +1.1310e+00
33 0 +7.557648509e+00 +1.004976485e+02 +1.004976485e+02 -1.5163e-01 +1.5583e-01 +8.5078e-02 -2.4176e-02 -4.6758e-01
39 0 +4.203570815e+00 +9.714357082e+01 +9.714357082e+01 +3.4797e-01 -3.0994e-01 -7.8395e-02 +9.2876e-01 +5.9125e-01
154 0 +3.759013818e+00 +9.669901382e+01 +9.669901382e+01 +7.5028e-02 +6.2090e-01 -5.6401e-01 +7.9508e-01 +7.5202e-01
162 0 +2.972227065e+00 +9.591222707e+01 +9.591222707e+01 +1.6265e-01 +2.3558e-01 -3.7678e-01 +7.8674e-01 +2.7868e-01
187 0 +2.502280362e+00 +9.544228036e+01 +9.544228036e+01 -4.1144e-01 +9.7749e-01 -8.8480e-01 +5.2858e-01 +8.5397e-01
230 0 +2.299406751e+00 +9.523940675e+01 +9.523940675e+01 -6.8538e-01 +6.3344e-01 -4.6595e-01 +1.0760e+00 +1.5366e+00
231 0 +7.299341378e-01 +9.366993414e+01 +9.366993414e+01 -3.8286e-01 +8.6773e-01 -3.5655e-01 +1.6258e+00 +1.1583e+00
442 0 +6.098298794e-01 +9.354982988e+01 +9.354982988e+01 -5.5754e-01 +4.6889e-01 -1.1266e-01 +2.0839e+00 +2.0561e+00
496 0 +3.082982864e-01 +9.324829829e+01 +9.324829829e+01 -3.1741e-01 +4.5812e-01 +1.7134e-01 +2.8125e+00 +2.4554e+00
705 0 +2.081959969e-01 +9.314819600e+01 +9.314819600e+01 -3.1875e-01 +8.4187e-01 +2.4556e-01 +2.8329e+00 +2.2399e+00
715 0 +7.157820449e-02 +9.301157820e+01 +9.301157820e+01 -3.4637e-01 +8.4787e-01 +1.9137e-01 +2.8759e+00 +2.2257e+00
792 0 +6.874745986e-02 +9.300874746e+01 +9.300874746e+01 -2.5655e-01 +7.0851e-01 +2.6790e-01 +3.1388e+00 +2.5722e+00
824 0 +5.653953860e-02 +9.299653954e+01 +9.299653954e+01 -2.2339e-01 +7.1468e-01 +1.6896e-01 +2.7868e+00 +2.1263e+00
834 0 +4.501166895e-02 +9.298501167e+01 +9.298501167e+01 -3.1827e-01 +7.9663e-01 +2.6976e-01 +3.1369e+00 +2.5112e+00
841 0 +2.140623730e-02 +9.296140624e+01 +9.296140624e+01 -2.1774e-01 +6.5461e-01 +2.8470e-01 +3.0997e+00 +2.4518e+00
860 0 +1.873082561e-02 +9.295873083e+01 +9.295873083e+01 -2.0076e-01 +6.7378e-01 +2.7712e-01 +3.0756e+00 +2.3745e+00
923 0 +9.011210944e-03 +9.294901121e+01 +9.294901121e+01 -1.8967e-01 +6.9300e-01 +2.9732e-01 +3.0709e+00 +2.3418e+00
945 0 +7.299341378e-03 +9.294729934e+01 +9.294729934e+01 -2.5680e-01 +7.5113e-01 +2.3357e-01 +2.9854e+00 +2.3023e+00
1024 0 +3.777462041e-07 +9.294000038e+01 +9.294000038e+01 -2.3033e-01 +7.0968e-01 +2.7795e-01 +3.0858e+00 +2.3823e+00
1047 0 +2.062455877e-07 +9.294000021e+01 +9.294000021e+01 -2.1082e-01 +7.0705e-01 +2.7254e-01 +3.1038e+00 +2.3801e+00
1060 0 +4.563744938e-09 +9.294000000e+01 +9.294000000e+01 -2.5058e-01 +7.5618e-01 +2.7907e-01 +3.1057e+00 +2.4135e+00
% f evaluations | g evaluations | best noise-free fitness - Fopt (3.535000000000e+01) + sum g_i+ | measured fitness | best measured fitness or single-digit g-values | x1 | x2...
1 0 +2.733509126e+02 +3.087009126e+02 +3.087009126e+02 +5.9671e-01 -3.8264e-02 +7.4769e-01 +1.6230e+00 -1.3415e-01
10 0 +2.680953573e+02 +3.034453573e+02 +3.034453573e+02 -6.1984e-01 -3.6064e-01 +1.1571e+00 +4.4362e-01 -1.6630e+00
14 0 +1.821147428e+02 +2.174647428e+02 +2.174647428e+02 +1.4562e+00 +2.7990e-02 +1.1035e+00 +4.6164e-01 -5.4512e-01
26 0 +1.096500571e+02 +1.450000571e+02 +1.450000571e+02 +1.4467e+00 +1.5951e+00 +9.1124e-01 +6.4227e-01 -2.1385e+00
27 0 +6.530429006e+01 +1.006542901e+02 +1.006542901e+02 +1.4362e+00 +1.2311e+00 +1.8393e+00 +1.3419e+00 -2.1173e+00
54 0 +6.349473570e+01 +9.884473570e+01 +9.884473570e+01 +7.4098e-01 +4.1828e-02 +3.5387e+00 +1.6834e+00 -9.1367e-01
71 0 +5.114157184e+01 +8.649157184e+01 +8.649157184e+01 +1.7664e+00 -2.8280e-02 +2.6148e+00 -3.2313e-01 -2.5180e+00
78 0 +3.753007922e+01 +7.288007922e+01 +7.288007922e+01 -7.6196e-02 +6.1686e-01 +3.4043e+00 +7.0625e-01 -2.0457e+00
96 0 +2.057193108e+01 +5.592193108e+01 +5.592193108e+01 +1.5442e+00 +1.5976e+00 +3.6162e+00 +1.2423e+00 -6.7086e-01
120 0 +3.362207816e+00 +3.871220782e+01 +3.871220782e+01 +1.4497e+00 +2.4204e+00 +3.7646e+00 +7.2021e-01 -1.9963e+00
131 0 +2.988990356e+00 +3.833899036e+01 +3.833899036e+01 +1.1212e+00 +3.1005e+00 +3.3606e+00 +1.3809e+00 -2.2401e+00
180 0 +2.768174833e+00 +3.811817483e+01 +3.811817483e+01 +1.1822e+00 +3.1370e+00 +3.5320e+00 +1.6785e+00 -2.2443e+00
184 0 +2.120686394e+00 +3.747068639e+01 +3.747068639e+01 +5.4911e-01 +3.4065e+00 +3.5772e+00 +1.7700e+00 -2.6182e+00
230 0 +2.034519294e+00 +3.738451929e+01 +3.738451929e+01 +1.8053e+00 +1.2087e+00 +3.9376e+00 +1.2673e+00 -1.6158e+00
233 0 +1.754581992e+00 +3.710458199e+01 +3.710458199e+01 +1.4134e+00 +2.2857e+00 +3.8100e+00 +2.3180e+00 -1.5699e+00
288 0 +7.996594024e-01 +3.614965940e+01 +3.614965940e+01 +1.6566e+00 +2.0937e+00 +3.7341e+00 +1.7232e+00 -1.8986e+00
327 0 +4.939824102e-01 +3.584398241e+01 +3.584398241e+01 +1.2555e+00 +2.1412e+00 +3.6550e+00 +1.8232e+00 -1.9237e+00
394 0 +4.805643768e-01 +3.583056438e+01 +3.583056438e+01 +1.3032e+00 +2.4651e+00 +3.6557e+00 +1.6499e+00 -2.1742e+00
428 0 +3.752407360e-01 +3.572524074e+01 +3.572524074e+01 +1.4603e+00 +1.9355e+00 +3.7425e+00 +1.5552e+00 -1.8276e+00
430 0 +2.964274547e-01 +3.564642745e+01 +3.564642745e+01 +1.4894e+00 +1.9222e+00 +3.8918e+00 +1.7974e+00 -1.7880e+00
434 0 +2.317028617e-01 +3.558170286e+01 +3.558170286e+01 +1.6082e+00 +1.8531e+00 +3.8216e+00 +1.4736e+00 -1.8272e+00
482 0 +2.214093859e-01 +3.557140939e+01 +3.557140939e+01 +1.3112e+00 +2.2503e+00 +3.7724e+00 +1.7698e+00 -2.0332e+00
489 0 +1.377200431e-01 +3.548772004e+01 +3.548772004e+01 +1.3132e+00 +2.3097e+00 +3.7170e+00 +1.6396e+00 -1.9881e+00
498 0 +4.415772871e-02 +3.539415773e+01 +3.539415773e+01 +1.6586e+00 +1.5301e+00 +3.9916e+00 +1.5154e+00 -1.8483e+00
575 0 +3.981484290e-02 +3.538981484e+01 +3.538981484e+01 +1.6238e+00 +1.8185e+00 +3.8296e+00 +1.5958e+00 -1.8839e+00
617 0 +3.159129747e-02 +3.538159130e+01 +3.538159130e+01 +1.6935e+00 +1.6253e+00 +3.9088e+00 +1.5797e+00 -1.9185e+00
693 0 +2.178393219e-02 +3.537178393e+01 +3.537178393e+01 +1.6622e+00 +1.7405e+00 +3.9046e+00 +1.5289e+00 -1.9599e+00
768 0 +2.069394196e-02 +3.537069394e+01 +3.537069394e+01 +1.7482e+00 +1.5989e+00 +3.9226e+00 +1.5257e+00 -1.8547e+00
785 0 +1.700013685e-02 +3.536700014e+01 +3.536700014e+01 +1.7073e+00 +1.5937e+00 +3.9593e+00 +1.5536e+00 -1.8603e+00
796 0 +9.953710724e-03 +3.535995371e+01 +3.535995371e+01 +1.6836e+00 +1.6910e+00 +3.8925e+00 +1.5159e+00 -1.8842e+00
806 0 +4.946781230e-03 +3.535494678e+01 +3.535494678e+01 +1.7551e+00 +1.5248e+00 +3.9527e+00 +1.4923e+00 -1.8779e+00
885 0 +2.986567011e-07 +3.535000030e+01 +3.535000030e+01 +1.7573e+00 +1.5027e+00 +3.9574e+00 +1.4804e+00 -1.8853e+00
924 0 +4.625473338e-08 +3.535000005e+01 +3.535000005e+01 +1.7649e+00 +1.4778e+00 +3.9783e+00 +1.4803e+00 -1.8705e+00
1015 0 +1.272707095e-08 +3.535000001e+01 +3.535000001e+01 +1.7748e+00 +1.4861e+00 +3.9624e+00 +1.4568e+00 -1.8752e+00
1048 0 +1.074345590e-08 +3.535000001e+01 +3.535000001e+01 +1.7762e+00 +1.4830e+00 +3.9706e+00 +1.4660e+00 -1.8868e+00
1097 0 +3.266038107e-09 +3.535000000e+01 +3.535000000e+01 +1.7657e+00 +1.4785e+00 +3.9724e+00 +1.4772e+00 -1.8783e+00
% f evaluations | g evaluations | best noise-free fitness - Fopt (3.820000000000e+00) + sum g_i+ | measured fitness | best measured fitness or single-digit g-values | x1 | x2...
1 0 +4.440779237e+02 +4.478979237e+02 +4.478979237e+02 +5.9671e-01 -3.8264e-02 +7.4769e-01 +1.6230e+00 -1.3415e-01
2 0 +3.705057195e+02 +3.743257195e+02 +3.743257195e+02 -1.3414e-01 +1.6792e+00 +8.6743e-01 -3.6947e-01 +6.4256e-01
5 0 +3.596517696e+02 +3.634717696e+02 +3.634717696e+02 +1.5656e+00 -1.2578e-01 +1.6753e-01 -1.3247e+00 -4.4438e-01
14 0 +2.554863599e+02 +2.593063599e+02 +2.593063599e+02 +1.4562e+00 +2.7990e-02 +1.1035e+00 +4.6164e-01 -5.4512e-01
15 0 +2.159532016e+02 +2.197732016e+02 +2.197732016e+02 +4.6140e-01 +1.6380e+00 +6.4174e-02 +1.6646e+00 -2.5197e+00
32 0 +1.887036567e+02 +1.925236567e+02 +1.925236567e+02 +1.6553e+00 +3.1410e+00 -9.5728e-01 +6.9766e-01 -5.1320e-01
35 0 +5.818981128e+01 +6.200981128e+01 +6.200981128e+01 +1.0122e+00 +8.8240e-01 +3.1863e+00 +1.0809e+00 -1.3358e+00
48 0 +3.778572085e+01 +4.160572085e+01 +4.160572085e+01 +1.8638e+00 +2.8853e+00 +1.1804e+00 -1.4789e+00 +1.9346e-01
69 0 +1.954314601e+01 +2.336314601e+01 +2.336314601e+01 +2.1762e+00 +1.4733e+00 +2.5685e+00 +9.0015e-01 -5.2713e-01
87 0 +6.340641142e+00 +1.016064114e+01 +1.016064114e+01 +3.8969e+00 +1.0513e+00 +2.1740e+00 +9.1547e-01 +5.8789e-01
181 0 +3.498167013e+00 +7.318167013e+00 +7.318167013e+00 +3.9203e+00 +3.4803e-01 +2.8907e+00 -9.2619e-01 +9.3061e-01
249 0 +2.050849149e+00 +5.870849149e+00 +5.870849149e+00 +3.6739e+00 +5.2773e-01 +2.8543e+00 -7.2570e-01 +1.0167e+00
337 0 +2.015986886e+00 +5.835986886e+00 +5.835986886e+00 +4.0606e+00 +1.5548e+00 +1.8253e+00 -3.4119e+00 +1.2405e+00
368 0 +1.624240770e+00 +5.444240770e+00 +5.444240770e+00 +4.0853e+00 +1.6642e+00 +1.3230e+00 -1.7499e+00 +6.5094e-01
406 0 +1.564240003e+00 +5.384240003e+00 +5.384240003e+00 +3.9290e+00 +5.2531e-01 +2.8568e+00 -9.7344e-01 +1.3521e+00
411 0 +1.503869801e+00 +5.323869801e+00 +5.323869801e+00 +4.0573e+00 +1.3621e+00 +1.5720e+00 -2.3141e+00 +7.6610e-01
414 0 +1.153966930e+00 +4.973966930e+00 +4.973966930e+00 +4.0867e+00 +1.2837e+00 +1.8513e+00 -3.5409e+00 +1.2265e+00
417 0 +1.007506352e+00 +4.827506352e+00 +4.827506352e+00 +4.0994e+00 +4.8570e-01 +2.3735e+00 -1.5502e+00 +7.0736e-01
454 0 +9.808479781e-01 +4.800847978e+00 +4.800847978e+00 +4.1029e+00 +1.9407e+00 +9.0606e-01 -2.6554e+00 +5.3593e-01
456 0 +5.319660110e-01 +4.351966011e+00 +4.351966011e+00 +4.1985e+00 +2.0211e+00 +1.1790e+00 -3.4460e+00 +1.0231e+00
462 0 +4.015821928e-01 +4.221582193e+00 +4.221582193e+00 +3.9290e+00 +1.1776e+00 +1.7314e+00 -2.5272e+00 +6.2013e-01
467 0 +2.506151148e-01 +4.070615115e+00 +4.070615115e+00 +3.9644e+00 +9.9691e-01 +1.9936e+00 -2.6414e+00 +9.6746e-01
487 0 +1.671721626e-01 +3.987172163e+00 +3.987172163e+00 +3.9690e+00 +1.4543e+00 +1.6087e+00 -2.5240e+00 +7.9189e-01
521 0 +1.012658484e-01 +3.921265848e+00 +3.921265848e+00 +3.9921e+00 +1.5532e+00 +1.4909e+00 -2.8149e+00 +7.3138e-01
537 0 +6.046546738e-02 +3.880465467e+00 +3.880465467e+00 +3.9805e+00 +1.0449e+00 +1.9930e+00 -2.4248e+00 +9.3798e-01
564 0 +5.186222269e-02 +3.871862223e+00 +3.871862223e+00 +3.9735e+00 +9.6914e-01 +2.0550e+00 -2.5254e+00 +9.6160e-01
577 0 +3.012679038e-02 +3.850126790e+00 +3.850126790e+00 +4.0509e+00 +1.2148e+00 +1.8065e+00 -2.8020e+00 +8.9825e-01
582 0 +2.843764888e-02 +3.848437649e+00 +3.848437649e+00 +4.0471e+00 +1.3103e+00 +1.7523e+00 -2.6180e+00 +8.6565e-01
606 0 +5.898380549e-03 +3.825898381e+00 +3.825898381e+00 +3.9812e+00 +1.1408e+00 +1.9287e+00 -2.4682e+00 +8.5987e-01
805 0 +2.726762274e-07 +3.820000273e+00 +3.820000273e+00 +4.0005e+00 +1.2022e+00 +1.8489e+00 -2.5698e+00 +8.7179e-01
821 0 +2.527338347e-07 +3.820000253e+00 +3.820000253e+00 +4.0175e+00 +1.1793e+00 +1.8831e+00 -2.5867e+00 +9.0110e-01
877 0 +1.432596206e-07 +3.820000143e+00 +3.820000143e+00 +3.9882e+00 +1.1933e+00 +1.8652e+00 -2.5761e+00 +8.5377e-01
919 0 +9.926734812e-08 +3.820000099e+00 +3.820000099e+00 +3.9820e+00 +1.1764e+00 +1.8860e+00 -2.5630e+00 +8.5487e-01
923 0 +2.121153386e-08 +3.820000021e+00 +3.820000021e+00 +3.9811e+00 +1.1870e+00 +1.8718e+00 -2.5625e+00 +8.4836e-01
974 0 +1.188672005e-08 +3.820000012e+00 +3.820000012e+00 +4.0019e+00 +1.1793e+00 +1.8781e+00 -2.5641e+00 +8.6509e-01
1069 0 +8.176599842e-09 +3.820000008e+00 +3.820000008e+00 +3.9841e+00 +1.1894e+00 +1.8689e+00 -2.5634e+00 +8.4854e-01
% f evaluations | g evaluations | best noise-free fitness - Fopt (2.175000000000e+01) + sum g_i+ | measured fitness | best measured fitness or single-digit g-values | x1 | x2...
1 0 +9.464582276e+01 +1.163958228e+02 +1.163958228e+02 +5.9671e-01 -3.8264e-02 +7.4769e-01 +1.6230e+00 -1.3415e-01
15 0 +6.885123408e+01 +9.060123408e+01 +9.060123408e+01 +4.6140e-01 +1.6380e+00 +6.4174e-02 +1.6646e+00 -2.5197e+00
29 0 +5.552300539e+01 +7.727300539e+01 +7.727300539e+01 +1.3010e+00 +1.1408e+00 +1.1186e+00 +8.4127e-01 -2.7692e+00
34 0 +2.431741200e+01 +4.606741200e+01 +4.606741200e+01 +6.4254e-01 +1.6420e+00 +8.3987e-01 +3.3409e+00 -4.4925e+00
55 0 +1.804611709e+01 +3.979611709e+01 +3.979611709e+01 +1.2007e+00 +2.0553e+00 +2.4848e-01 +3.3702e+00 -4.2414e+00
86 0 +8.284146211e+00 +3.003414621e+01 +3.003414621e+01 +1.8340e+00 +2.3638e+00 +9.3154e-01 +3.6419e+00 -3.0765e+00
131 0 +1.574255082e+00 +2.332425508e+01 +2.332425508e+01 +2.4230e+00 +1.1708e+00 -2.7179e-01 +3.2405e+00 -2.5783e+00
313 0 +1.542489124e+00 +2.329248912e+01 +2.329248912e+01 +2.8819e+00 +6.1196e-01 -8.3854e-01 +4.4601e+00 -1.7900e+00
363 0 +1.074443642e+00 +2.282444364e+01 +2.282444364e+01 +3.5665e+00 +7.6925e-01 -1.0999e+00 +3.8979e+00 -1.8473e+00
374 0 +1.039259644e+00 +2.278925964e+01 +2.278925964e+01 +4.6994e+00 +6.6371e-01 -1.6287e+00 +2.3073e+00 -1.3659e+00
387 0 +3.005669516e-01 +2.205056695e+01 +2.205056695e+01 +3.2470e+00 +1.0312e+00 -9.4988e-01 +3.6397e+00 -1.8877e+00
523 0 +2.400921871e-01 +2.199009219e+01 +2.199009219e+01 +3.7466e+00 +8.9893e-01 -9.7500e-01 +2.9928e+00 -1.6072e+00
556 0 +2.209906734e-01 +2.197099067e+01 +2.197099067e+01 +3.7851e+00 +7.7997e-01 -1.1079e+00 +3.2286e+00 -1.5647e+00
598 0 +1.040573860e-01 +2.185405739e+01 +2.185405739e+01 +3.5997e+00 +1.0731e+00 -9.8362e-01 +3.0967e+00 -1.9252e+00
616 0 +7.146642094e-02 +2.182146642e+01 +2.182146642e+01 +3.8350e+00 +9.1914e-01 -1.1641e+00 +2.8934e+00 -1.6669e+00
623 0 +5.823572056e-02 +2.180823572e+01 +2.180823572e+01 +3.9037e+00 +7.8440e-01 -1.1764e+00 +3.0308e+00 -1.5732e+00
677 0 +4.860212902e-02 +2.179860213e+01 +2.179860213e+01 +3.8266e+00 +7.6596e-01 -1.1356e+00 +3.0766e+00 -1.6010e+00
700 0 +1.614764265e-02 +2.176614764e+01 +2.176614764e+01 +3.7598e+00 +7.7287e-01 -1.1069e+00 +3.1894e+00 -1.6127e+00
716 0 +1.207404017e-02 +2.176207404e+01 +2.176207404e+01 +3.8132e+00 +8.1189e-01 -1.1333e+00 +3.1278e+00 -1.5787e+00
843 0 +1.042998790e-07 +2.175000010e+01 +2.175000010e+01 +3.7874e+00 +8.8360e-01 -1.0818e+00 +3.0797e+00 -1.6636e+00
1080 0 +3.546232108e-08 +2.175000004e+01 +2.175000004e+01 +3.7415e+00 +8.8502e-01 -1.1118e+00 +3.1025e+00 -1.6922e+00
1232 0 +1.693388896e-08 +2.175000002e+01 +2.175000002e+01 +3.7641e+00 +8.9777e-01 -1.0936e+00 +3.0900e+00 -1.6527e+00
% f evaluations | g evaluations | best noise-free fitness - Fopt (6.479000000000e+01) + sum g_i+ | measured fitness | best measured fitness or single-digit g-values | x1 | x2...
1 0 +8.278378505e+00 +7.306837850e+01 +7.306837850e+01 +5.9671e-01 -3.8264e-02 +7.4769e-01 +1.6230e+00 -1.3415e-01
45 0 +6.013695789e+00 +7.080369579e+01 +7.080369579e+01 +7.5103e-01 +1.1742e-01 +1.0025e-01 +2.0408e+00 +3.4746e-02
69 0 +5.617387223e+00 +7.040738722e+01 +7.040738722e+01 +1.0208e+00 -4.5737e-02 -2.0671e-01 +1.1130e+00 +5.4543e-01
74 0 +5.368126730e+00 +7.015812673e+01 +7.015812673e+01 -4.0171e-02 -5.7177e-01 +1.5202e-01 +1.0662e+00 -1.8022e-01
89 0 +5.150140266e+00 +6.994014027e+01 +6.994014027e+01 +1.8361e+00 -3.5862e-01 -5.0119e-01 +1.6678e+00 +1.0028e-01
97 0 +3.252884946e+00 +6.804288495e+01 +6.804288495e+01 +3.0293e-01 -1.2047e-01 +1.4963e-01 +1.8240e+00 -1.9778e-01
128 0 +2.267698306e+00 +6.705769831e+01 +6.705769831e+01 +7.7563e-02 -9.4613e-01 -5.8703e-01 +1.5454e+00 -1.8752e-01
140 0 +2.069627640e+00 +6.685962764e+01 +6.685962764e+01 -2.6549e-01 -6.4385e-01 +9.4781e-02 +1.5602e+00 -2.3662e-01
185 0 +1.674535425e+00 +6.646453542e+01 +6.646453542e+01 -2.0829e-01 -1.4935e+00 -6.0609e-01 +1.1096e+00 +8.0969e-01
266 0 +1.655162738e+00 +6.644516274e+01 +6.644516274e+01 -2.7898e+00 -2.5214e+00 +4.8410e-01 +1.3512e+00 -9.9029e-01
270 0 +4.711621505e-01 +6.526116215e+01 +6.526116215e+01 -3.1576e+00 -2.5789e+00 +3.1214e-01 +1.4108e+00 -9.4326e-01
406 0 +3.634686924e-01 +6.515346869e+01 +6.515346869e+01 -2.2757e+00 -2.3799e+00 -2.1662e-01 +1.2701e+00 -1.9559e-01
427 0 +3.617056063e-01 +6.515170561e+01 +6.515170561e+01 -1.7344e+00 -1.8857e+00 -2.1435e-01 +1.5158e+00 -4.2644e-01
430 0 +2.872775490e-01 +6.507727755e+01 +6.507727755e+01 -2.2394e+00 -2.3751e+00 -1.9174e-01 +1.3150e+00 -2.7660e-01
436 0 +2.787572268e-01 +6.506875723e+01 +6.506875723e+01 -1.6513e+00 -1.7650e+00 +5.0531e-02 +1.4237e+00 -2.3153e-01
466 0 +1.460944646e-01 +6.493609446e+01 +6.493609446e+01 -1.8352e+00 -2.3008e+00 -2.7323e-01 +1.2411e+00 -5.7964e-02
468 0 +9.602554863e-02 +6.488602555e+01 +6.488602555e+01 -1.9747e+00 -2.0668e+00 +2.1329e-02 +1.3406e+00 -2.5685e-01
505 0 +3.719642448e-02 +6.482719642e+01 +6.482719642e+01 -1.9743e+00 -2.1559e+00 -8.5928e-02 +1.4509e+00 -3.8668e-01
535 0 +3.418986476e-02 +6.482418986e+01 +6.482418986e+01 -1.6631e+00 -1.9374e+00 -8.4314e-02 +1.4555e+00 -2.6054e-01
539 0 +3.039309311e-02 +6.482039309e+01 +6.482039309e+01 -1.5772e+00 -1.9418e+00 -1.5694e-01 +1.3384e+00 -1.6095e-01
611 0 +2.236530133e-02 +6.481236530e+01 +6.481236530e+01 -1.9424e+00 -2.2572e+00 -1.7703e-01 +1.3612e+00 -1.9203e-01
630 0 +1.762800699e-02 +6.480762801e+01 +6.480762801e+01 -1.8607e+00 -2.1359e+00 -1.0340e-01 +1.3438e+00 -1.9035e-01
693 0 +1.553874459e-02 +6.480553874e+01 +6.480553874e+01 -1.9607e+00 -2.1634e+00 -1.0882e-01 +1.3624e+00 -2.8021e-01
702 0 +8.150472819e-03 +6.479815047e+01 +6.479815047e+01 -1.7494e+00 -1.9847e+00 -1.1385e-01 +1.4020e+00 -2.6226e-01
765 0 +8.552542852e-08 +6.479000009e+01 +6.479000009e+01 -1.8562e+00 -2.1108e+00 -1.3108e-01 +1.3838e+00 -2.5545e-01
794 0 +2.236743057e-08 +6.479000002e+01 +6.479000002e+01 -1.8623e+00 -2.1227e+00 -1.1602e-01 +1.3905e+00 -2.5815e-01
1056 0 +7.874191965e-09 +6.479000001e+01 +6.479000001e+01 -1.8635e+00 -2.1173e+00 -1.1867e-01 +1.3951e+00 -2.7060e-01
% f evaluations | g evaluations | best noise-free fitness - Fopt (-1.000000000000e+03) + sum g_i+ | measured fitness | best measured fitness or single-digit g-values | x1 | x2...
1 0 +1.938431766e+02 -8.061568234e+02 -8.061568234e+02 +5.9671e-01 -3.8264e-02 +7.4769e-01 +1.6230e+00 -1.3415e-01
2 0 +1.065045193e+02 -8.934954807e+02 -8.934954807e+02 -1.3414e-01 +1.6792e+00 +8.6743e-01 -3.6947e-01 +6.4256e-01
3 0 +1.029681601e+02 -8.970318399e+02 -8.970318399e+02 -3.6342e-01 -3.6573e-01 +3.4196e-01 -1.8133e+00 -1.6249e+00
4 0 +6.433665091e+01 -9.356633491e+02 -9.356633491e+02 -4.6229e-01 -9.1283e-01 +4.1425e-01 -8.0802e-01 -1.3123e+00
27 0 +5.578168300e+01 -9.442183170e+02 -9.442183170e+02 -1.1731e+00 +8.9296e-01 +4.4605e-01 -7.5474e-01 -1.3469e+00
36 0 +4.077851053e+01 -9.592214895e+02 -9.592214895e+02 -9.9229e-01 -1.3527e+00 -2.1978e-01 +1.1344e-01 -1.4609e+00
48 0 +9.869816181e+00 -9.901301838e+02 -9.901301838e+02 -1.0426e+00 -7.8237e-01 -1.2020e-01 -8.7509e-01 -4.2803e+00
110 0 +3.070928858e+00 -9.969290711e+02 -9.969290711e+02 -2.1036e+00 +8.1761e-02 -1.0597e+00 -9.6787e-01 -4.4908e+00
281 0 +1.030729004e+00 -9.989692710e+02 -9.989692710e+02 -2.6051e+00 -3.7389e-01 -1.5634e+00 -6.4258e-01 -3.5550e+00
305 0 +9.353817555e-01 -9.990646182e+02 -9.990646182e+02 -3.4975e+00 -1.3759e+00 -2.0725e+00 -4.1357e-01 -3.2457e+00
314 0 +7.506480405e-01 -9.992493520e+02 -9.992493520e+02 -3.1701e+00 -1.0221e+00 -1.8300e+00 -3.9819e-01 -3.2841e+00
384 0 +7.439021071e-01 -9.992560979e+02 -9.992560979e+02 -2.9945e+00 -1.1592e+00 -1.6140e+00 -3.4945e-01 -3.2924e+00
466 0 +3.704940601e-01 -9.996295059e+02 -9.996295059e+02 -3.9558e+00 -6.4945e-01 -2.2266e+00 -4.2619e-01 -2.8330e+00
491 0 +3.470476718e-01 -9.996529523e+02 -9.996529523e+02 -2.9830e+00 -1.7715e-01 -1.6171e+00 -4.5366e-01 -3.2234e+00
511 0 +2.475640072e-01 -9.997524360e+02 -9.997524360e+02 -3.1280e+00 -5.4962e-01 -1.6590e+00 -4.2223e-01 -3.2167e+00
529 0 +1.887133722e-01 -9.998112866e+02 -9.998112866e+02 -3.8170e+00 -1.3308e+00 -2.0683e+00 -3.2418e-01 -2.9670e+00
562 0 +7.211377461e-02 -9.999278862e+02 -9.999278862e+02 -3.8311e+00 -1.0112e+00 -2.1547e+00 -3.2632e-01 -2.9444e+00
583 0 +4.324406859e-02 -9.999567559e+02 -9.999567559e+02 -3.7590e+00 -1.0944e+00 -2.0772e+00 -3.1119e-01 -3.0794e+00
678 0 +3.046572042e-02 -9.999695343e+02 -9.999695343e+02 -3.9731e+00 -1.5093e+00 -2.2140e+00 -2.6724e-01 -3.1084e+00
682 0 +1.754835215e-02 -9.999824516e+02 -9.999824516e+02 -3.7809e+00 -1.2436e+00 -2.0977e+00 -3.3299e-01 -3.1171e+00
733 0 +1.283198514e-02 -9.999871680e+02 -9.999871680e+02 -3.8837e+00 -1.4129e+00 -2.1506e+00 -2.9215e-01 -3.0544e+00
737 0 +1.189449653e-02 -9.999881055e+02 -9.999881055e+02 -3.7981e+00 -1.2867e+00 -2.1064e+00 -3.0529e-01 -3.1044e+00
762 0 +1.187202830e-02 -9.999881280e+02 -9.999881280e+02 -3.7668e+00 -1.1950e+00 -2.0781e+00 -3.3850e-01 -3.1061e+00
845 0 +9.340047461e-03 -9.999906600e+02 -9.999906600e+02 -4.0048e+00 -1.3480e+00 -2.2173e+00 -3.0035e-01 -2.9998e+00
912 0 +7.616430105e-03 -9.999923836e+02 -9.999923836e+02 -3.9225e+00 -1.3583e+00 -2.1828e+00 -3.0813e-01 -3.0684e+00
917 0 +2.181923264e-07 -9.999999998e+02 -9.999999998e+02 -3.8733e+00 -1.2880e+00 -2.1475e+00 -3.0075e-01 -3.0261e+00
935 0 +1.787169595e-07 -9.999999998e+02 -9.999999998e+02 -3.8794e+00 -1.2790e+00 -2.1544e+00 -3.1370e-01 -3.0318e+00
981 0 +1.356788744e-07 -9.999999999e+02 -9.999999999e+02 -3.8841e+00 -1.2794e+00 -2.1566e+00 -3.1462e-01 -3.0399e+00
991 0 +1.166383754e-07 -9.999999999e+02 -9.999999999e+02 -3.8913e+00 -1.3154e+00 -2.1636e+00 -2.9920e-01 -3.0145e+00
1006 0 +1.004179921e-07 -9.999999999e+02 -9.999999999e+02 -3.8981e+00 -1.2964e+00 -2.1673e+00 -3.0978e-01 -3.0281e+00
1030 0 +7.835797078e-08 -9.999999999e+02 -9.999999999e+02 -3.8943e+00 -1.2621e+00 -2.1670e+00 -3.1324e-01 -3.0390e+00
1036 0 +2.066838078e-08 -1.000000000e+03 -1.000000000e+03 -3.8946e+00 -1.2885e+00 -2.1638e+00 -3.0531e-01 -3.0331e+00
1075 0 +2.689034773e-09 -1.000000000e+03 -1.000000000e+03 -3.8873e+00 -1.2999e+00 -2.1605e+00 -3.0623e-01 -3.0294e+00
% f evaluations | g evaluations | best noise-free fitness - Fopt (1.640700000000e+02) + sum g_i+ | measured fitness | best measured fitness or single-digit g-values | x1 | x2...
1 0 +1.762019856e+02 +3.402719856e+02 +3.402719856e+02 +5.9671e-01 -3.8264e-02 +7.4769e-01 +1.6230e+00 -1.3415e-01
2 0 +6.813853124e+01 +2.322085312e+02 +2.322085312e+02 -1.3414e-01 +1.6792e+00 +8.6743e-01 -3.6947e-01 +6.4256e-01
3 0 +2.222886365e+01 +1.862988636e+02 +1.862988636e+02 -3.6342e-01 -3.6573e-01 +3.4196e-01 -1.8133e+00 -1.6249e+00
40 0 +1.788962834e+01 +1.819596283e+02 +1.819596283e+02 -2.1694e+00 -1.1399e+00 +1.1143e+00 -3.1560e+00 -1.1242e-01
78 0 +1.262679570e+01 +1.766967957e+02 +1.766967957e+02 -1.7506e+00 -2.8289e-01 +4.8191e-01 -3.5365e+00 -8.1661e-01
89 0 +1.207179015e+01 +1.761417901e+02 +1.761417901e+02 -2.3481e+00 +1.4091e+00 -6.5591e-01 -3.5161e+00 -5.1167e-01
110 0 +8.723072658e+00 +1.727930727e+02 +1.727930727e+02 -2.8129e+00 +1.0163e+00 -1.6253e+00 -3.4179e+00 -1.4787e+00
112 0 +8.638480895e+00 +1.727084809e+02 +1.727084809e+02 -2.2172e+00 +1.4017e+00 -4.5548e-01 -3.1451e+00 -1.0399e+00
160 0 +7.824013305e+00 +1.718940133e+02 +1.718940133e+02 -6.8326e-01 +2.9250e+00 -2.1605e+00 -2.3256e+00 -2.1531e+00
172 0 +5.410997308e+00 +1.694809973e+02 +1.694809973e+02 -2.6903e+00 +1.9301e+00 -6.9446e-01 -3.7650e+00 -1.5253e+00
242 0 +5.357629257e+00 +1.694276293e+02 +1.694276293e+02 -2.8588e+00 +6.5745e-01 -5.9479e-01 -4.3752e+00 -1.6342e+00
279 0 +4.681652677e+00 +1.687516527e+02 +1.687516527e+02 -1.5501e+00 +1.7149e+00 -1.2108e+00 -3.0444e+00 -1.4380e+00
280 0 +1.114310785e+00 +1.651843108e+02 +1.651843108e+02 -1.9820e+00 +3.3764e+00 -2.3015e+00 -3.3894e+00 -2.6979e+00
408 0 +8.814995393e-01 +1.649514995e+02 +1.649514995e+02 -2.1096e+00 +4.1108e+00 -2.9631e+00 -3.0407e+00 -2.7472e+00
437 0 +8.279262888e-01 +1.648979263e+02 +1.648979263e+02 -2.2022e+00 +3.7251e+00 -2.3776e+00 -3.3014e+00 -2.5857e+00
443 0 +3.736785347e-01 +1.644436785e+02 +1.644436785e+02 -1.9676e+00 +3.3843e+00 -2.2961e+00 -3.0182e+00 -2.1976e+00
521 0 +2.281080901e-01 +1.642981081e+02 +1.642981081e+02 -2.4604e+00 +4.0308e+00 -2.7003e+00 -3.4098e+00 -2.4219e+00
541 0 +2.216693470e-01 +1.642916693e+02 +1.642916693e+02 -2.3654e+00 +4.0700e+00 -2.6638e+00 -3.2967e+00 -2.4014e+00
553 0 +1.234607190e-01 +1.641934607e+02 +1.641934607e+02 -1.9390e+00 +3.9705e+00 -2.6046e+00 -2.9409e+00 -2.3769e+00
615 0 +5.076076614e-02 +1.641207608e+02 +1.641207608e+02 -2.1518e+00 +3.7657e+00 -2.5652e+00 -3.0977e+00 -2.2897e+00
716 0 +4.427745385e-02 +1.641142775e+02 +1.641142775e+02 -2.2394e+00 +3.7411e+00 -2.5522e+00 -3.2058e+00 -2.4070e+00
752 0 +2.806502963e-02 +1.640980650e+02 +1.640980650e+02 -2.1695e+00 +4.1078e+00 -2.7910e+00 -3.0967e+00 -2.4640e+00
755 0 +1.380970443e-02 +1.640838097e+02 +1.640838097e+02 -2.0333e+00 +3.9545e+00 -2.6909e+00 -3.0068e+00 -2.4388e+00
828 0 +1.347419492e-02 +1.640834742e+02 +1.640834742e+02 -2.0733e+00 +4.0505e+00 -2.7374e+00 -3.0300e+00 -2.4320e+00
871 0 +4.575883565e-07 +1.640700005e+02 +1.640700005e+02 -2.1834e+00 +3.9524e+00 -2.6436e+00 -3.1654e+00 -2.4144e+00
889 0 +4.298944418e-07 +1.640700004e+02 +1.640700004e+02 -2.1841e+00 +3.9620e+00 -2.6746e+00 -3.1360e+00 -2.3845e+00
898 0 +7.918458778e-09 +1.640700000e+02 +1.640700000e+02 -2.1506e+00 +3.9549e+00 -2.6541e+00 -3.1369e+00 -2.4330e+00
% f evaluations | g evaluations | best noise-free fitness - Fopt (-1.656800000000e+02) + sum g_i+ | measured fitness | best measured fitness or single-digit g-values | x1 | x2...
1 0 +3.522223822e+02 +1.865423822e+02 +1.865423822e+02 +5.9671e-01 -3.8264e-02 +7.4769e-01 +1.6230e+00 -1.3415e-01
2 0 +7.304032680e+01 -9.263967320e+01 -9.263967320e+01 -1.3414e-01 +1.6792e+00 +8.6743e-01 -3.6947e-01 +6.4256e-01
27 0 +3.291921224e+01 -1.327607878e+02 -1.327607878e+02 +1.4534e+00 +1.8600e+00 +1.1048e+00 -9.7694e-02 +1.2159e+00
28 0 +2.266120184e+01 -1.430187982e+02 -1.430187982e+02 +1.4055e+00 +7.6689e-02 +2.6674e+00 +6.3499e-01 +6.0779e-01
30 0 +1.696932204e+01 -1.487106780e+02 -1.487106780e+02 +1.8216e-01 +2.1339e+00 +6.3324e-01 +1.2909e+00 +2.3062e+00
44 0 +1.567966150e+01 -1.500003385e+02 -1.500003385e+02 -7.0449e-01 +4.2742e-01 +7.9617e-01 +6.4585e-01 +1.8143e+00
68 0 +1.170748502e+01 -1.539725150e+02 -1.539725150e+02 +1.2176e-01 +6.1598e-01 +3.4541e+00 +2.1059e+00 +1.0113e+00
113 0 +1.125430429e+01 -1.544256957e+02 -1.544256957e+02 -5.4812e-01 -3.1321e-01 +3.4839e+00 +8.6025e-01 +1.1615e+00
129 0 +6.025922076e+00 -1.596540779e+02 -1.596540779e+02 -7.2173e-02 +1.5139e+00 +8.9772e-01 +3.0693e+00 +2.1664e+00
135 0 +4.138378523e+00 -1.615416215e+02 -1.615416215e+02 -7.8428e-01 -6.2847e-02 +2.8150e+00 +1.4507e+00 +1.0313e+00
172 0 +3.335362556e+00 -1.623446374e+02 -1.623446374e+02 -3.0491e-01 +1.9275e+00 +1.7579e+00 +2.4108e+00 +1.6075e+00
178 0 +3.301396713e+00 -1.623786033e+02 -1.623786033e+02 -6.3647e-01 +6.2586e-01 +2.3785e+00 +2.4526e+00 +1.6269e+00
188 0 +2.753683478e+00 -1.629263165e+02 -1.629263165e+02 -1.4331e-01 +1.7020e+00 +1.6501e+00 +1.5241e+00 +1.5264e+00
273 0 +2.006964787e+00 -1.636730352e+02 -1.636730352e+02 -6.9648e-01 +4.2571e-01 +2.1567e+00 +2.2464e+00 +1.6149e+00
280 0 +1.524237216e+00 -1.641557628e+02 -1.641557628e+02 -1.0277e-01 +1.1897e+00 +1.8250e+00 +1.8026e+00 +1.4169e+00
286 0 +1.481298052e+00 -1.641987019e+02 -1.641987019e+02 -5.1540e-01 +1.1085e+00 +1.6472e+00 +1.9601e+00 +1.6384e+00
303 0 +4.290382788e-01 -1.652509617e+02 -1.652509617e+02 -5.8556e-01 +3.9375e-01 +1.7151e+00 +2.1240e+00 +1.7291e+00
409 0 +3.483397781e-01 -1.653316602e+02 -1.653316602e+02 -6.6462e-01 +3.1744e-01 +1.8708e+00 +1.5009e+00 +1.6190e+00
439 0 +3.426917733e-01 -1.653373082e+02 -1.653373082e+02 -8.1617e-01 +2.6645e-01 +1.8390e+00 +2.3374e+00 +1.8538e+00
516 0 +2.882597855e-01 -1.653917402e+02 -1.653917402e+02 -1.2092e+00 -6.2821e-01 +1.4034e+00 +2.0410e+00 +2.1484e+00
552 0 +8.651619148e-02 -1.655934838e+02 -1.655934838e+02 -1.2223e+00 -6.8031e-01 +1.4294e+00 +1.8532e+00 +2.0844e+00
644 0 +6.952544245e-02 -1.656104746e+02 -1.656104746e+02 -9.5005e-01 -7.1886e-02 +1.6182e+00 +1.8032e+00 +1.8772e+00
665 0 +6.786818541e-02 -1.656121318e+02 -1.656121318e+02 -1.1889e+00 -5.8674e-01 +1.5702e+00 +1.9263e+00 +2.0341e+00
680 0 +5.234104026e-02 -1.656276590e+02 -1.656276590e+02 -1.1866e+00 -4.4179e-01 +1.4694e+00 +1.7933e+00 +2.0151e+00
686 0 +4.646142157e-02 -1.656335386e+02 -1.656335386e+02 -1.0504e+00 -2.8910e-01 +1.5177e+00 +1.8259e+00 +1.9903e+00
746 0 +3.024889177e-02 -1.656497511e+02 -1.656497511e+02 -9.5374e-01 -2.5517e-01 +1.6590e+00 +1.8130e+00 +1.9189e+00
784 0 +5.054401325e-03 -1.656749456e+02 -1.656749456e+02 -1.0278e+00 -3.9338e-01 +1.5812e+00 +1.8659e+00 +1.9709e+00
964 0 +4.377689573e-03 -1.656756223e+02 -1.656756223e+02 -1.0662e+00 -5.2965e-01 +1.5760e+00 +1.8712e+00 +2.0046e+00
1077 0 +2.235211412e-07 -1.656799998e+02 -1.656799998e+02 -1.0493e+00 -4.6440e-01 +1.5930e+00 +1.8350e+00 +1.9687e+00
1082 0 +9.975067883e-08 -1.656799999e+02 -1.656799999e+02 -1.0601e+00 -4.4205e-01 +1.5727e+00 +1.8415e+00 +1.9857e+00
1106 0 +4.293653433e-08 -1.656800000e+02 -1.656800000e+02 -1.0759e+00 -4.8892e-01 +1.5701e+00 +1.8380e+00 +1.9826e+00
1107 0 +4.191412017e-08 -1.656800000e+02 -1.656800000e+02 -1.0768e+00 -4.7369e-01 +1.5705e+00 +1.8176e+00 +1.9890e+00
1237 0 +1.150684170e-08 -1.656800000e+02 -1.656800000e+02 -1.0310e+00 -4.3592e-01 +1.5616e+00 +1.8563e+00 +1.9935e+00
% f evaluations | g evaluations | best noise-free fitness - Fopt (9.284000000000e+01) + sum g_i+ | measured fitness | best measured fitness or single-digit g-values | x1 | x2...
1 0 +3.024484104e+02 +3.952884104e+02 +3.952884104e+02 +5.9671e-01 -3.8264e-02 +7.4769e-01 +1.6230e+00 -1.3415e-01
2 0 +2.765581249e+02 +3.693981249e+02 +3.693981249e+02 -1.3414e-01 +1.6792e+00 +8.6743e-01 -3.6947e-01 +6.4256e-01
5 0 +9.361562880e+01 +1.864556288e+02 +1.864556288e+02 +1.5656e+00 -1.2578e-01 +1.6753e-01 -1.3247e+00 -4.4438e-01
12 0 +5.632739001e+01 +1.491673900e+02 +1.491673900e+02 +1.0313e+00 -7.3922e-01 -2.0921e-01 +4.3126e-01 +1.0755e+00
28 0 +1.566984430e+01 +1.085098443e+02 +1.085098443e+02 +1.8082e+00 -2.5435e+00 -1.0394e+00 +4.4369e-01 +5.0818e-01
53 0 +5.690385955e+00 +9.853038595e+01 +9.853038595e+01 +1.8683e+00 -3.1354e+00 -2.7721e+00 +7.8386e-01 +8.1330e-02
81 0 +3.750405989e+00 +9.659040599e+01 +9.659040599e+01 +1.6566e+00 -1.6560e+00 -3.6333e+00 +1.3535e+00 +1.5914e+00
158 0 +3.377642317e+00 +9.621764232e+01 +9.621764232e+01 +2.3060e+00 -1.5924e+00 -3.4970e+00 -2.6353e-01 -7.7404e-01
230 0 +2.185947621e+00 +9.502594762e+01 +9.502594762e+01 +2.0501e+00 -2.2521e+00 -3.6882e+00 +4.6929e-01 -3.6253e-01
286 0 +2.038031044e+00 +9.487803104e+01 +9.487803104e+01 +2.1620e+00 -1.8197e+00 -3.7296e+00 +5.1395e-01 +1.2000e-01
307 0 +1.379161282e+00 +9.421916128e+01 +9.421916128e+01 +2.5239e+00 -2.2331e+00 -3.6089e+00 -2.6122e-02 -1.1077e+00
311 0 +1.176823403e+00 +9.401682340e+01 +9.401682340e+01 +2.2131e+00 -2.1155e+00 -3.2129e+00 +3.4785e-01 -3.8635e-01
312 0 +2.971103949e-01 +9.313711039e+01 +9.313711039e+01 +1.8843e+00 -2.2945e+00 -3.2543e+00 +1.0469e+00 +6.4754e-01
343 0 +1.288096788e-01 +9.296880968e+01 +9.296880968e+01 +1.8947e+00 -2.0701e+00 -3.5856e+00 +9.6677e-01 +5.2667e-01
438 0 +8.086741431e-02 +9.292086741e+01 +9.292086741e+01 +1.9004e+00 -1.9791e+00 -3.5369e+00 +8.6310e-01 +5.4263e-01
454 0 +6.056002618e-02 +9.290056003e+01 +9.290056003e+01 +1.9191e+00 -2.0460e+00 -3.5386e+00 +9.0963e-01 +5.3622e-01
510 0 +5.136980428e-02 +9.289136980e+01 +9.289136980e+01 +2.0096e+00 -2.1523e+00 -3.3523e+00 +9.0753e-01 +3.5600e-01
516 0 +4.527778700e-02 +9.288527779e+01 +9.288527779e+01 +1.9817e+00 -2.1391e+00 -3.5393e+00 +8.9983e-01 +3.7074e-01
545 0 +3.464027841e-02 +9.287464028e+01 +9.287464028e+01 +2.0326e+00 -2.1187e+00 -3.4343e+00 +8.7498e-01 +2.9038e-01
547 0 +2.106001494e-02 +9.286106001e+01 +9.286106001e+01 +1.9593e+00 -2.0203e+00 -3.5776e+00 +7.6442e-01 +3.5023e-01
564 0 +1.494712458e-02 +9.285494712e+01 +9.285494712e+01 +1.9280e+00 -2.1031e+00 -3.5898e+00 +8.4351e-01 +3.9616e-01
590 0 +7.959411135e-03 +9.284795941e+01 +9.284795941e+01 +1.9561e+00 -2.0648e+00 -3.5530e+00 +8.1836e-01 +4.0807e-01
653 0 +3.965810151e-07 +9.284000040e+01 +9.284000040e+01 +1.9667e+00 -2.0920e+00 -3.5546e+00 +7.9720e-01 +3.3372e-01
682 0 +3.675449136e-07 +9.284000037e+01 +9.284000037e+01 +1.9871e+00 -2.0780e+00 -3.5553e+00 +8.2257e-01 +3.1394e-01
685 0 +1.479986196e-07 +9.284000015e+01 +9.284000015e+01 +1.9539e+00 -2.0809e+00 -3.5705e+00 +8.2510e-01 +3.6756e-01
748 0 +5.121952995e-08 +9.284000005e+01 +9.284000005e+01 +1.9779e+00 -2.0586e+00 -3.5772e+00 +8.0565e-01 +3.2310e-01
757 0 +3.564792905e-08 +9.284000004e+01 +9.284000004e+01 +1.9802e+00 -2.0764e+00 -3.5957e+00 +8.5509e-01 +3.6175e-01
763 0 +1.599931920e-08 +9.284000002e+01 +9.284000002e+01 +1.9843e+00 -2.0823e+00 -3.5942e+00 +8.4001e-01 +3.5621e-01
899 0 +5.430493388e-09 +9.284000001e+01 +9.284000001e+01 +1.9710e+00 -2.0568e+00 -3.5831e+00 +7.9668e-01 +3.2105e-01
% f evaluations | g evaluations | best noise-free fitness - Fopt (-3.679200000000e+02) + sum g_i+ | measured fitness | best measured fitness or single-digit g-values | x1 | x2...
1 0 +8.852944940e+01 -2.793905506e+02 -2.793905506e+02 +5.9671e-01 -3.8264e-02 +7.4769e-01 +1.6230e+00 -1.3415e-01
5 0 +5.643502326e+01 -3.114849767e+02 -3.114849767e+02 +1.5656e+00 -1.2578e-01 +1.6753e-01 -1.3247e+00 -4.4438e-01
6 0 +5.012919890e+01 -3.177908011e+02 -3.177908011e+02 +2.1092e-01 -1.0510e+00 +4.7570e-01 -5.0064e-01 -1.9169e-01
10 0 +3.137606133e+01 -3.365439387e+02 -3.365439387e+02 -6.1984e-01 -3.6064e-01 +1.1571e+00 +4.4362e-01 -1.6630e+00
11 0 +2.150800948e+01 -3.464119905e+02 -3.464119905e+02 +4.2408e-01 -2.8508e-01 -5.7692e-01 +7.1168e-01 +1.1310e+00
12 0 +7.583650133e+00 -3.603363499e+02 -3.603363499e+02 +1.0313e+00 -7.3922e-01 -2.0921e-01 +4.3126e-01 +1.0755e+00
79 0 +5.249001313e+00 -3.626709987e+02 -3.626709987e+02 -1.5673e-01 -9.1087e-01 +5.7471e-01 +1.1482e+00 +2.2974e+00
113 0 +4.825484210e+00 -3.630945158e+02 -3.630945158e+02 -2.1311e-01 -7.6960e-01 +2.0377e+00 +1.0664e+00 +7.2487e-01
152 0 +2.852263238e+00 -3.650677368e+02 -3.650677368e+02 +1.4358e+00 -3.0332e-01 +7.8487e-01 +4.0013e-01 +2.1023e+00
158 0 +2.585731044e+00 -3.653342690e+02 -3.653342690e+02 +8.4685e-02 -8.3053e-01 +2.4455e+00 +1.3074e+00 +1.0993e+00
187 0 +2.201540801e+00 -3.657184592e+02 -3.657184592e+02 +1.3896e+00 -4.5466e-01 +2.2184e+00 +5.2021e-01 +8.7820e-01
267 0 +1.372984845e+00 -3.665470152e+02 -3.665470152e+02 +9.0650e-01 -8.0754e-01 +1.8825e+00 +8.6588e-01 +1.5499e+00
282 0 +1.046485982e+00 -3.668735140e+02 -3.668735140e+02 +1.3683e+00 -5.7062e-01 +1.6877e+00 +4.2818e-01 +1.1154e+00
287 0 +6.980835018e-01 -3.672219165e+02 -3.672219165e+02 +8.2584e-01 -7.9626e-01 +2.9337e+00 +8.2445e-01 +2.9770e-01
305 0 +6.845248149e-01 -3.672354752e+02 -3.672354752e+02 +1.6873e+00 -5.4043e-01 +1.5871e+00 +4.5347e-01 +1.6503e+00
362 0 +5.699828314e-01 -3.673500172e+02 -3.673500172e+02 +1.1436e+00 -7.3606e-01 +2.5348e+00 +7.8358e-01 +9.6470e-01
395 0 +2.973693994e-01 -3.676226306e+02 -3.676226306e+02 +6.2539e-01 -8.5292e-01 +2.3459e+00 +9.9707e-01 +9.5543e-01
439 0 +2.231971482e-01 -3.676968029e+02 -3.676968029e+02 +4.7429e-01 -7.9276e-01 +2.2914e+00 +9.1572e-01 +7.9587e-01
465 0 +5.581977355e-02 -3.678641802e+02 -3.678641802e+02 +7.4096e-01 -7.7344e-01 +2.2096e+00 +8.3139e-01 +8.2233e-01
553 0 +4.789270871e-02 -3.678721073e+02 -3.678721073e+02 +9.9253e-01 -7.3056e-01 +2.4079e+00 +7.1825e-01 +6.3445e-01
562 0 +3.783449204e-02 -3.678821655e+02 -3.678821655e+02 +7.4385e-01 -8.3306e-01 +2.6298e+00 +8.4793e-01 +4.8165e-01
661 0 +2.661305715e-02 -3.678933869e+02 -3.678933869e+02 +8.9571e-01 -7.3894e-01 +2.2357e+00 +7.4926e-01 +8.7373e-01
676 0 +2.194508912e-02 -3.678980549e+02 -3.678980549e+02 +8.5425e-01 -7.6036e-01 +2.4315e+00 +7.5453e-01 +6.7375e-01
694 0 +1.541680517e-02 -3.679045832e+02 -3.679045832e+02 +8.7403e-01 -7.7831e-01 +2.4523e+00 +8.1951e-01 +6.7941e-01
842 0 +1.464018891e-02 -3.679053598e+02 -3.679053598e+02 +8.0364e-01 -7.6710e-01 +2.3995e+00 +7.9404e-01 +7.3124e-01
860 0 +1.046485982e-02 -3.679095351e+02 -3.679095351e+02 +8.4313e-01 -7.5490e-01 +2.2924e+00 +7.6271e-01 +8.4169e-01
868 0 +9.192882909e-03 -3.679108071e+02 -3.679108071e+02 +8.7015e-01 -7.5373e-01 +2.3462e+00 +7.4818e-01 +7.3299e-01
935 0 +7.012091562e-03 -3.679129879e+02 -3.679129879e+02 +8.4405e-01 -7.7971e-01 +2.4651e+00 +8.1310e-01 +6.5753e-01
971 0 +3.738630880e-07 -3.679199996e+02 -3.679199996e+02 +8.3745e-01 -7.6546e-01 +2.4188e+00 +8.0127e-01 +7.1007e-01
973 0 +9.331745332e-08 -3.679199999e+02 -3.679199999e+02 +8.5584e-01 -7.6732e-01 +2.3886e+00 +7.7992e-01 +7.4966e-01
1086 0 +2.934996246e-09 -3.679200000e+02 -3.679200000e+02 +8.4252e-01 -7.7377e-01 +2.3801e+00 +7.9912e-01 +7.2578e-01
