% f evaluations | g evaluations | best noise-free fitness - Fopt (-4.620900000000e+02) + sum g_i+ | measured fitness | best measured fitness or single-digit g-values | x1 | x2...
1 0 +1.099430392e+02 -3.521469608e+02 -3.521469608e+02 +5.9671e-01 -3.8264e-02 +7.4769e-01 +1.6230e+00 -1.3415e-01
11 0 +7.667186676e+01 -3.854181332e+02 -3.854181332e+02 +4.2408e-01 -2.8508e-01 -5.7692e-01 +7.1168e-01 +1.1310e+00
28 0 +7.474950439e+01 -3.873404956e+02 -3.873404956e+02 +3.8374e-01 -1.1253e-02 +7.2556e-01 -1.5931e-01 +7.2139e-01
29 0 +6.620225616e+01 -3.958877438e+02 -3.958877438e+02 +7.5981e-01 +1.4543e+00 -2.0268e-01 -1.8439e-01 +1.1540e+00
37 0 +6.212816232e+01 -3.999618377e+02 -3.999618377e+02 +5.7196e-01 +7.5882e-01 +1.1675e+00 -1.3895e-01 +1.2033e+00
62 0 +3.741728363e+01 -4.246727164e+02 -4.246727164e+02 +1.3610e+00 -5.9056e-01 +1.6717e+00 +3.1595e-01 +1.6820e+00
211 0 +1.863333173e+01 -4.434566683e+02 -4.434566683e+02 +1.3390e+00 +9.1968e-01 +2.1600e+00 +2.7611e-01 +1.6809e+00
426 0 +1.758216996e+01 -4.445078300e+02 -4.445078300e+02 +2.6219e-01 +1.4935e+00 +1.7229e+00 +3.6408e-01 +1.6189e+00
527 0 +1.640912467e+01 -4.456808753e+02 -4.456808753e+02 +3.8453e-01 +1.4835e+00 +1.6398e+00 +2.6278e-01 +1.6584e+00
551 0 +1.487999922e+01 -4.472100008e+02 -4.472100008e+02 +2.1676e-01 +1.5169e+00 +1.6123e+00 +3.3823e-01 +1.5925e+00
651 0 +1.453173481e+01 -4.475582652e+02 -4.475582652e+02 +4.2996e-01 +1.5008e+00 +1.7068e+00 +7.3552e-01 +1.6536e+00
701 0 +1.425927047e+01 -4.478307295e+02 -4.478307295e+02 +3.9087e-01 +1.4982e+00 +1.6314e+00 +7.7831e-01 +1.5864e+00
751 0 +1.125067175e+01 -4.508393283e+02 -4.508393283e+02 +3.5987e-01 +1.5133e+00 +1.6687e+00 +7.4642e-01 +1.6155e+00
776 0 +1.063233931e+01 -4.514576607e+02 -4.514576607e+02 +3.1735e-01 +1.5079e+00 +1.6068e+00 +7.2038e-01 +1.6184e+00
826 0 +1.028680079e+01 -4.518031992e+02 -4.518031992e+02 +3.8768e-01 +1.5069e+00 +1.6318e+00 +7.3678e-01 +1.6213e+00
876 0 +1.010767774e+01 -4.519823223e+02 -4.519823223e+02 +4.0892e-01 +1.4880e+00 +1.6195e+00 +7.3614e-01 +1.6113e+00
901 0 +1.007612367e+01 -4.520138763e+02 -4.520138763e+02 +3.7718e-01 +1.4837e+00 +1.6256e+00 +7.2674e-01 +1.6174e+00
902 0 +1.002736490e+01 -4.520626351e+02 -4.520626351e+02 +4.0826e-01 +1.4965e+00 +1.6108e+00 +7.3052e-01 +1.6107e+00
951 0 +1.002520113e+01 -4.520647989e+02 -4.520647989e+02 +3.8982e-01 +1.4994e+00 +1.6226e+00 +7.3220e-01 +1.6071e+00
952 0 +1.002306758e+01 -4.520669324e+02 -4.520669324e+02 +3.6877e-01 +1.4952e+00 +1.6189e+00 +7.2123e-01 +1.6123e+00
976 0 +9.991040262e+00 -4.520989597e+02 -4.520989597e+02 +3.9479e-01 +1.4984e+00 +1.6156e+00 +7.3187e-01 +1.6097e+00
1001 0 +9.960807738e+00 -4.521291923e+02 -4.521291923e+02 +3.8414e-01 +1.4984e+00 +1.6195e+00 +7.2858e-01 +1.6136e+00
1027 0 +9.958683515e+00 -4.521313165e+02 -4.521313165e+02 +3.8324e-01 +1.4956e+00 +1.6168e+00 +7.3093e-01 +1.6125e+00
1076 0 +9.956333124e+00 -4.521336669e+02 -4.521336669e+02 +3.8957e-01 +1.4930e+00 +1.6159e+00 +7.2946e-01 +1.6123e+00
1102 0 +9.955014253e+00 -4.521349857e+02 -4.521349857e+02 +3.8858e-01 +1.4978e+00 +1.6165e+00 +7.2771e-01 +1.6118e+00
1103 0 +9.954416344e+00 -4.521355837e+02 -4.521355837e+02 +3.8729e-01 +1.4943e+00 +1.6154e+00 +7.2722e-01 +1.6107e+00
1126 0 +9.952537482e+00 -4.521374625e+02 -4.521374625e+02 +3.8607e-01 +1.4935e+00 +1.6156e+00 +7.2814e-01 +1.6112e+00
1128 0 +9.952480129e+00 -4.521375199e+02 -4.521375199e+02 +3.8216e-01 +1.4951e+00 +1.6188e+00 +7.2902e-01 +1.6114e+00
1151 0 +9.951488462e+00 -4.521385115e+02 -4.521385115e+02 +3.8546e-01 +1.4965e+00 +1.6179e+00 +7.2767e-01 +1.6126e+00
1152 0 +9.951311483e+00 -4.521386885e+02 -4.521386885e+02 +3.8545e-01 +1.4941e+00 +1.6158e+00 +7.2735e-01 +1.6120e+00
1176 0 +9.950721981e+00 -4.521392780e+02 -4.521392780e+02 +3.8416e-01 +1.4951e+00 +1.6169e+00 +7.2776e-01 +1.6127e+00
1201 0 +9.949891192e+00 -4.521401088e+02 -4.521401088e+02 +3.8404e-01 +1.4947e+00 +1.6169e+00 +7.2783e-01 +1.6121e+00
1226 0 +9.949708575e+00 -4.521402914e+02 -4.521402914e+02 +3.8487e-01 +1.4948e+00 +1.6174e+00 +7.2797e-01 +1.6122e+00
% f evaluations | g evaluations | best noise-free fitness - Fopt (7.766000000000e+01) + sum g_i+ | measured fitness | best measured fitness or single-digit g-values | x1 | x2...
1 0 +1.035046639e+02 +1.811646639e+02 +1.811646639e+02 +5.9671e-01 -3.8264e-02 +7.4769e-01 +1.6230e+00 -1.3415e-01
24 0 +1.020368531e+02 +1.796968531e+02 +1.796968531e+02 +4.0155e-01 +6.5288e-02 -1.0687e+00 +1.2428e+00 +8.5193e-01
28 0 +8.743999009e+01 +1.650999901e+02 +1.650999901e+02 -1.2602e-01 +1.8489e+00 +4.5700e-01 +3.2994e+00 +1.2658e+00
57 0 +7.825797927e+01 +1.559179793e+02 +1.559179793e+02 +4.8590e-01 -2.0222e+00 -7.2899e-01 +4.5230e+00 +2.2303e+00
62 0 +7.699656732e+01 +1.546565673e+02 +1.546565673e+02 +2.2976e+00 +2.9432e-01 +1.0386e+00 +3.7215e+00 +9.4025e-01
64 0 +5.904680080e+01 +1.367068008e+02 +1.367068008e+02 +1.8138e+00 +7.7794e-01 +6.9014e-01 +2.7976e+00 +1.0256e+00
106 0 +4.683718475e+01 +1.244971847e+02 +1.244971847e+02 +6.5779e-01 -1.8140e+00 +2.0088e-01 +2.8429e+00 +1.6792e+00
178 0 +3.936280429e+01 +1.170228043e+02 +1.170228043e+02 -8.7246e-01 -1.6516e+00 +6.5436e-01 +2.9533e+00 +1.8980e+00
228 0 +3.622791034e+01 +1.138879103e+02 +1.138879103e+02 +7.0436e-01 -8.8285e-01 +5.0880e-01 +2.9851e+00 +1.7246e+00
229 0 +2.894008943e+01 +1.066000894e+02 +1.066000894e+02 -7.1372e-01 -1.6569e+00 +1.1096e+00 +3.3291e+00 +2.1936e+00
230 0 +2.673974346e+01 +1.043997435e+02 +1.043997435e+02 -7.1600e-01 -9.3200e-01 +7.6917e-01 +3.6936e+00 +2.1014e+00
277 0 +2.528916771e+01 +1.029491677e+02 +1.029491677e+02 -5.5316e-01 -1.4757e+00 +1.2696e+00 +3.3193e+00 +1.7560e+00
432 0 +2.433776915e+01 +1.019977691e+02 +1.019977691e+02 -6.1179e-01 -1.6684e+00 +7.7277e-01 +3.3004e+00 +2.0896e+00
478 0 +2.327414734e+01 +1.009341473e+02 +1.009341473e+02 -8.2588e-01 -1.7548e+00 +6.8493e-01 +3.3609e+00 +2.4596e+00
479 0 +1.964833763e+01 +9.730833763e+01 +9.730833763e+01 -7.1034e-01 -2.2091e+00 +6.1513e-01 +3.7929e+00 +2.1646e+00
601 0 +1.625057509e+01 +9.391057509e+01 +9.391057509e+01 -7.0995e-01 -1.6221e+00 +6.4833e-01 +3.3238e+00 +2.4224e+00
752 0 +1.376346401e+01 +9.142346401e+01 +9.142346401e+01 -6.5658e-01 -1.6547e+00 +6.1957e-01 +3.2975e+00 +2.1569e+00
826 0 +1.325054363e+01 +9.091054363e+01 +9.091054363e+01 -6.4522e-01 -1.6391e+00 +6.5789e-01 +3.3373e+00 +2.1714e+00
876 0 +1.279899718e+01 +9.045899718e+01 +9.045899718e+01 -6.5143e-01 -1.6926e+00 +6.7374e-01 +3.3331e+00 +2.1644e+00
901 0 +1.274491029e+01 +9.040491029e+01 +9.040491029e+01 -6.2348e-01 -1.6484e+00 +6.8670e-01 +3.3122e+00 +2.1425e+00
926 0 +1.236868687e+01 +9.002868687e+01 +9.002868687e+01 -6.5773e-01 -1.6406e+00 +6.5454e-01 +3.3300e+00 +2.1587e+00
951 0 +1.233013181e+01 +8.999013181e+01 +8.999013181e+01 -6.4328e-01 -1.6449e+00 +6.8616e-01 +3.3370e+00 +2.1536e+00
952 0 +1.227709575e+01 +8.993709575e+01 +8.993709575e+01 -6.3991e-01 -1.6839e+00 +6.6946e-01 +3.3287e+00 +2.1537e+00
976 0 +1.207724082e+01 +8.973724082e+01 +8.973724082e+01 -6.4007e-01 -1.6626e+00 +6.6062e-01 +3.3228e+00 +2.1567e+00
1001 0 +1.205852785e+01 +8.971852785e+01 +8.971852785e+01 -6.5708e-01 -1.6541e+00 +6.8297e-01 +3.3310e+00 +2.1522e+00
1026 0 +1.199508763e+01 +8.965508763e+01 +8.965508763e+01 -6.6683e-01 -1.6571e+00 +6.7446e-01 +3.3256e+00 +2.1550e+00
1076 0 +1.196596741e+01 +8.962596741e+01 +8.962596741e+01 -6.5651e-01 -1.6642e+00 +6.7637e-01 +3.3210e+00 +2.1517e+00
1101 0 +1.194472248e+01 +8.960472248e+01 +8.960472248e+01 -6.5420e-01 -1.6613e+00 +6.7400e-01 +3.3218e+00 +2.1550e+00
1201 0 +1.194144056e+01 +8.960144056e+01 +8.960144056e+01 -6.5417e-01 -1.6622e+00 +6.7482e-01 +3.3231e+00 +2.1535e+00
1226 0 +1.193965692e+01 +8.959965692e+01 +8.959965692e+01 -6.5398e-01 -1.6614e+00 +6.7535e-01 +3.3233e+00 +2.1541e+00
% f evaluations | g evaluations | best noise-free fitness - Fopt (1.156800000000e+02) + sum g_i+ | measured fitness | best measured fitness or single-digit g-values | x1 | x2...
1 0 +2.724022690e+02 +3.880822690e+02 +3.880822690e+02 +5.9671e-01 -3.8264e-02 +7.4769e-01 +1.6230e+00 -1.3415e-01
6 0 +2.607768742e+02 +3.764568742e+02 +3.764568742e+02 +2.1092e-01 -1.0510e+00 +4.7570e-01 -5.0064e-01 -1.9169e-01
7 0 +2.403601456e+02 +3.560401456e+02 +3.560401456e+02 -5.0171e-01 +1.9523e+00 +8.6503e-02 -9.5771e-01 +9.2254e-01
11 0 +1.538838982e+02 +2.695638982e+02 +2.695638982e+02 +4.2408e-01 -2.8508e-01 -5.7692e-01 +7.1168e-01 +1.1310e+00
12 0 +1.394919805e+02 +2.551719805e+02 +2.551719805e+02 +1.0313e+00 -7.3922e-01 -2.0921e-01 +4.3126e-01 +1.0755e+00
29 0 +1.348310430e+02 +2.505110430e+02 +2.505110430e+02 +1.2824e+00 -1.0051e+00 -1.5320e+00 -1.4526e-01 +2.1197e+00
30 0 +9.842967468e+01 +2.141096747e+02 +2.141096747e+02 +5.2248e-01 +1.1691e+00 +3.2532e-01 +2.0934e+00 +1.8312e+00
37 0 +9.357934954e+01 +2.092593495e+02 +2.092593495e+02 -3.2173e-02 +2.2069e-01 -1.2341e-01 +1.9801e+00 +1.7442e+00
53 0 +5.517151073e+01 +1.708515107e+02 +1.708515107e+02 +4.1365e-01 -1.5547e+00 +1.1280e-01 +4.8639e+00 +2.6439e+00
57 0 +5.120117410e+01 +1.668811741e+02 +1.668811741e+02 +8.2401e-01 +1.9794e+00 +2.9285e-01 +3.1812e+00 +3.6344e+00
139 0 +3.619851916e+01 +1.518785192e+02 +1.518785192e+02 -1.1106e+00 -8.7211e-01 -3.7316e-01 +2.6760e+00 +2.6531e+00
231 0 +3.489908101e+01 +1.505790810e+02 +1.505790810e+02 +9.6560e-01 +7.3561e-01 -8.9267e-01 +2.6588e+00 +2.9081e+00
302 0 +3.470262437e+01 +1.503826244e+02 +1.503826244e+02 +3.1097e-01 +5.5098e-01 +5.9390e-03 +3.5129e+00 +3.3361e+00
303 0 +3.263073602e+01 +1.483107360e+02 +1.483107360e+02 -9.0845e-01 +4.1869e-01 -8.5504e-01 +2.5644e+00 +2.9121e+00
330 0 +2.236497599e+01 +1.380449760e+02 +1.380449760e+02 +3.4954e-01 -2.0857e-01 -5.3805e-01 +3.0983e+00 +3.3129e+00
352 0 +1.902557953e+01 +1.347055795e+02 +1.347055795e+02 +9.3456e-02 -1.3217e-01 -3.9125e-01 +2.7656e+00 +3.5735e+00
426 0 +1.686606010e+01 +1.325460601e+02 +1.325460601e+02 +1.2120e+00 -1.0101e+00 -3.8234e-01 +3.9025e+00 +3.2814e+00
1026 0 +9.796451116e+00 +1.254764511e+02 +1.254764511e+02 +1.0975e+00 -2.4284e-01 -3.8003e-01 +3.5058e+00 +3.3096e+00
1101 0 +6.197339770e+00 +1.218773398e+02 +1.218773398e+02 +1.1653e+00 -2.6065e-01 -3.3875e-01 +3.5267e+00 +3.3089e+00
1126 0 +5.099498844e+00 +1.207794988e+02 +1.207794988e+02 +1.1706e+00 -1.6412e-01 -3.3913e-01 +3.5314e+00 +3.2916e+00
% f evaluations | g evaluations | best noise-free fitness - Fopt (-3.710000000000e+00) + sum g_i+ | measured fitness | best measured fitness or single-digit g-values | x1 | x2...
1 0 +2.055183218e+02 +2.018083218e+02 +2.018083218e+02 +5.9671e-01 -3.8264e-02 +7.4769e-01 +1.6230e+00 -1.3415e-01
11 0 +2.007071284e+02 +1.969971284e+02 +1.969971284e+02 +4.2408e-01 -2.8508e-01 -5.7692e-01 +7.1168e-01 +1.1310e+00
12 0 +1.781374431e+02 +1.744274431e+02 +1.744274431e+02 +1.0313e+00 -7.3922e-01 -2.0921e-01 +4.3126e-01 +1.0755e+00
24 0 +1.689000610e+02 +1.651900610e+02 +1.651900610e+02 +4.0155e-01 +6.5288e-02 -1.0687e+00 +1.2428e+00 +8.5193e-01
26 0 +1.078291558e+02 +1.041191558e+02 +1.041191558e+02 +2.5478e+00 +7.4707e-02 +5.5891e-01 +3.1158e+00 +1.7367e+00
28 0 +9.481275761e+01 +9.110275761e+01 +9.110275761e+01 +1.5125e+00 +5.9376e-01 -3.0824e-01 +2.6392e+00 +2.2289e+00
55 0 +6.227453862e+01 +5.856453862e+01 +5.856453862e+01 +3.5575e+00 -1.4147e+00 +1.1271e+00 +4.7968e+00 +1.6473e+00
57 0 +5.616201572e+01 +5.245201572e+01 +5.245201572e+01 +1.1165e+00 -2.9869e-01 +5.7356e-01 +3.9497e+00 +3.0743e+00
221 0 +4.636701414e+01 +4.265701414e+01 +4.265701414e+01 +2.6889e+00 -3.2234e+00 +1.2526e+00 +3.4972e+00 +2.1510e+00
268 0 +3.414463530e+01 +3.043463530e+01 +3.043463530e+01 +2.0775e+00 -1.6326e+00 +1.0886e+00 +4.0975e+00 +2.4276e+00
371 0 +3.194711511e+01 +2.823711511e+01 +2.823711511e+01 +1.1791e+00 -3.2054e+00 +1.3151e+00 +3.8462e+00 +3.0571e+00
378 0 +1.855458033e+01 +1.484458033e+01 +1.484458033e+01 +1.1350e+00 -3.6906e+00 +1.7131e+00 +4.2535e+00 +3.1852e+00
570 0 +1.421595284e+01 +1.050595284e+01 +1.050595284e+01 +2.1589e+00 -1.6803e+00 +1.2278e+00 +3.0353e+00 +2.4584e+00
859 0 +1.335153864e+01 +9.641538638e+00 +9.641538638e+00 +2.1514e+00 -2.1499e+00 +1.1795e+00 +3.5384e+00 +2.8178e+00
882 0 +1.148850303e+01 +7.778503030e+00 +7.778503030e+00 +2.1392e+00 -2.3970e+00 +1.0937e+00 +3.8754e+00 +2.8583e+00
902 0 +1.051344126e+01 +6.803441263e+00 +6.803441263e+00 +2.1012e+00 -2.2063e+00 +1.1187e+00 +3.4555e+00 +2.8473e+00
935 0 +7.981090569e+00 +4.271090569e+00 +4.271090569e+00 +2.1532e+00 -2.3358e+00 +1.1949e+00 +3.8454e+00 +2.8354e+00
951 0 +4.083548961e+00 +3.735489607e-01 +3.735489607e-01 +2.1664e+00 -2.3135e+00 +1.1860e+00 +3.8955e+00 +2.8451e+00
1051 0 +3.333716841e+00 -3.762831593e-01 -3.762831593e-01 +2.1374e+00 -2.2875e+00 +1.2090e+00 +3.9173e+00 +2.8380e+00
1101 0 +3.035532775e+00 -6.744672250e-01 -6.744672250e-01 +2.1189e+00 -2.2978e+00 +1.1794e+00 +3.9066e+00 +2.8420e+00
% f evaluations | g evaluations | best noise-free fitness - Fopt (1.321800000000e+02) + sum g_i+ | measured fitness | best measured fitness or single-digit g-values | x1 | x2...
1 0 +2.103402819e+02 +3.425202819e+02 +3.425202819e+02 +5.9671e-01 -3.8264e-02 +7.4769e-01 +1.6230e+00 -1.3415e-01
2 0 +1.371309707e+02 +2.693109707e+02 +2.693109707e+02 -1.3414e-01 +1.6792e+00 +8.6743e-01 -3.6947e-01 +6.4256e-01
25 0 +1.110458423e+02 +2.432258423e+02 +2.432258423e+02 +8.9103e-01 -8.0939e-01 +1.5028e+00 -1.3019e+00 +6.8686e-01
26 0 +7.692778302e+01 +2.091077830e+02 +2.091077830e+02 +2.1384e+00 +8.0362e-01 +1.8174e+00 -2.9894e+00 +2.3628e+00
27 0 +3.248626577e+01 +1.646662658e+02 +1.646662658e+02 +1.6301e+00 +5.7689e-01 +1.1367e+00 -2.3319e+00 +2.4896e+00
377 0 +2.980343652e+01 +1.619834365e+02 +1.619834365e+02 +6.6980e-01 +2.7200e+00 +3.5118e+00 -1.4944e+00 +2.4223e+00
427 0 +2.313021340e+01 +1.553102134e+02 +1.553102134e+02 +1.7660e+00 +2.0995e+00 +3.0307e+00 -1.9310e+00 +2.1343e+00
461 0 +2.202424026e+01 +1.542042403e+02 +1.542042403e+02 +1.6154e+00 +8.0733e-01 +2.7957e+00 -2.3790e+00 +1.7857e+00
578 0 +2.200586493e+01 +1.541858649e+02 +1.541858649e+02 +1.8235e+00 +1.5936e+00 +2.9452e+00 -2.4574e+00 +1.8311e+00
610 0 +1.815745550e+01 +1.503374555e+02 +1.503374555e+02 +1.6552e+00 +1.6317e+00 +2.9038e+00 -2.3349e+00 +2.1951e+00
676 0 +1.147779318e+01 +1.436577932e+02 +1.436577932e+02 +2.0238e+00 +1.4434e+00 +2.8836e+00 -1.9492e+00 +2.5238e+00
% f evaluations | g evaluations | best noise-free fitness - Fopt (-3.930000000000e+01) + sum g_i+ | measured fitness | best measured fitness or single-digit g-values | x1 | x2...
1 0 +8.419191211e+01 +4.489191211e+01 +4.489191211e+01 +5.9671e-01 -3.8264e-02 +7.4769e-01 +1.6230e+00 -1.3415e-01
27 0 +7.102277040e+01 +3.172277040e+01 +3.172277040e+01 -3.2802e-01 +1.9851e+00 +6.3715e-01 +3.2578e+00 +1.0686e+00
28 0 +4.417709335e+01 +4.877093354e+00 +4.877093354e+00 +1.6068e+00 +2.5372e-01 +1.0485e+00 +2.9766e+00 +3.8532e-01
146 0 +4.038822329e+01 +1.088223287e+00 +1.088223287e+00 +1.5017e+00 -1.2824e+00 +1.1828e+00 +1.9476e+00 +6.8037e-01
226 0 +2.484030450e+01 -1.445969550e+01 -1.445969550e+01 +7.5002e-01 -1.3454e+00 +1.7272e+00 +3.4468e+00 +6.4149e-01
407 0 +1.629295978e+01 -2.300704022e+01 -2.300704022e+01 +2.4797e+00 -3.2409e-01 +1.8620e+00 +3.8231e+00 +9.5045e-01
653 0 +9.090370268e+00 -3.020962973e+01 -3.020962973e+01 +1.5403e+00 -1.2640e+00 +1.7354e+00 +3.3092e+00 +7.2388e-01
754 0 +6.631976982e+00 -3.266802302e+01 -3.266802302e+01 +1.5459e+00 -1.1586e+00 +1.7752e+00 +3.3364e+00 +6.8227e-01
826 0 +3.728622999e+00 -3.557137700e+01 -3.557137700e+01 +1.5610e+00 -1.2183e+00 +1.7126e+00 +3.3835e+00 +6.8772e-01
927 0 +3.481366678e+00 -3.581863332e+01 -3.581863332e+01 +1.5361e+00 -1.2328e+00 +1.7095e+00 +3.3536e+00 +6.9330e-01
1001 0 +3.107342434e+00 -3.619265757e+01 -3.619265757e+01 +1.5299e+00 -1.2125e+00 +1.7352e+00 +3.3696e+00 +6.9254e-01
1083 0 +3.066050506e+00 -3.623394949e+01 -3.623394949e+01 +1.5359e+00 -1.2289e+00 +1.7339e+00 +3.3715e+00 +6.8874e-01
1126 0 +3.017395089e+00 -3.628260491e+01 -3.628260491e+01 +1.5390e+00 -1.2298e+00 +1.7293e+00 +3.3697e+00 +6.9115e-01
1151 0 +2.991186366e+00 -3.630881363e+01 -3.630881363e+01 +1.5376e+00 -1.2274e+00 +1.7324e+00 +3.3700e+00 +6.9309e-01
% f evaluations | g evaluations | best noise-free fitness - Fopt (4.296000000000e+01) + sum g_i+ | measured fitness | best measured fitness or single-digit g-values | x1 | x2...
1 0 +1.042016280e+02 +1.471616280e+02 +1.471616280e+02 +5.9671e-01 -3.8264e-02 +7.4769e-01 +1.6230e+00 -1.3415e-01
2 0 +8.460215293e+01 +1.275621529e+02 +1.275621529e+02 -1.3414e-01 +1.6792e+00 +8.6743e-01 -3.6947e-01 +6.4256e-01
14 0 +7.738850574e+01 +1.203485057e+02 +1.203485057e+02 +1.4562e+00 +2.7990e-02 +1.1035e+00 +4.6164e-01 -5.4512e-01
18 0 +5.190830352e+01 +9.486830352e+01 +9.486830352e+01 -4.0176e-01 +1.0154e+00 +4.2875e-01 -4.2976e-01 +6.1327e-01
36 0 +4.634965261e+01 +8.930965261e+01 +8.930965261e+01 +1.8155e+00 +1.7261e+00 +1.1231e+00 +6.0002e-01 +3.6333e-01
158 0 +2.062259042e+01 +6.358259042e+01 +6.358259042e+01 +1.7094e+00 +8.5206e-01 +2.0607e+00 +1.4884e+00 +2.2656e-01
247 0 +1.959287351e+01 +6.255287351e+01 +6.255287351e+01 +5.8888e-01 +7.8514e-01 +2.1190e+00 +9.8732e-01 +6.0468e-01
480 0 +1.511754026e+01 +5.807754026e+01 +5.807754026e+01 +4.1769e-01 +2.5892e+00 +2.2207e+00 +1.1038e+00 +8.7156e-01
703 0 +1.430823883e+01 +5.726823883e+01 +5.726823883e+01 -5.0785e-01 +2.4017e+00 +2.1651e+00 +1.4261e+00 +6.2166e-01
719 0 +1.261191972e+01 +5.557191972e+01 +5.557191972e+01 +4.4924e-01 +3.4104e+00 +2.1146e+00 +6.3839e-01 +5.7344e-01
783 0 +9.088907907e+00 +5.204890791e+01 +5.204890791e+01 +4.8552e-01 +3.3436e+00 +2.1102e+00 +1.0362e+00 +5.8731e-01
985 0 +8.975758338e+00 +5.193575834e+01 +5.193575834e+01 +4.8776e-01 +2.4494e+00 +2.1694e+00 +1.0070e+00 +8.4123e-01
991 0 +7.746101397e+00 +5.070610140e+01 +5.070610140e+01 +5.7747e-01 +2.5350e+00 +2.0996e+00 +1.0096e+00 +8.6636e-01
1002 0 +5.532553917e+00 +4.849255392e+01 +4.849255392e+01 +5.4056e-01 +2.4497e+00 +2.1323e+00 +1.0163e+00 +8.6747e-01
1026 0 +4.907197550e+00 +4.786719755e+01 +4.786719755e+01 +4.9423e-01 +2.5183e+00 +2.1619e+00 +9.9305e-01 +8.7322e-01
1094 0 +3.728408086e+00 +4.668840809e+01 +4.668840809e+01 +5.5348e-01 +2.5604e+00 +2.1497e+00 +1.0218e+00 +8.8946e-01
1102 0 +3.626034636e+00 +4.658603464e+01 +4.658603464e+01 +5.1710e-01 +2.5140e+00 +2.1422e+00 +1.0230e+00 +8.8411e-01
1121 0 +3.612060511e+00 +4.657206051e+01 +4.657206051e+01 +5.2899e-01 +2.5705e+00 +2.1851e+00 +1.0051e+00 +8.9302e-01
1126 0 +3.487025632e+00 +4.644702563e+01 +4.644702563e+01 +5.3356e-01 +2.4982e+00 +2.1591e+00 +1.0182e+00 +8.9067e-01
1154 0 +3.465274208e+00 +4.642527421e+01 +4.642527421e+01 +5.3428e-01 +2.5155e+00 +2.1563e+00 +1.0173e+00 +8.8701e-01
1209 0 +3.369062146e+00 +4.632906215e+01 +4.632906215e+01 +4.9847e-01 +2.5352e+00 +2.1670e+00 +1.0101e+00 +8.8553e-01
1229 0 +3.294988028e+00 +4.625498803e+01 +4.625498803e+01 +5.3245e-01 +2.5674e+00 +2.1726e+00 +1.0107e+00 +8.8451e-01
% f evaluations | g evaluations | best noise-free fitness - Fopt (2.842200000000e+02) + sum g_i+ | measured fitness | best measured fitness or single-digit g-values | x1 | x2...
1 0 +1.211616727e+02 +4.053816727e+02 +4.053816727e+02 +5.9671e-01 -3.8264e-02 +7.4769e-01 +1.6230e+00 -1.3415e-01
2 0 +1.048661309e+02 +3.890861309e+02 +3.890861309e+02 -1.3414e-01 +1.6792e+00 +8.6743e-01 -3.6947e-01 +6.4256e-01
11 0 +4.585278983e+01 +3.300727898e+02 +3.300727898e+02 +4.2408e-01 -2.8508e-01 -5.7692e-01 +7.1168e-01 +1.1310e+00
75 0 +3.165234899e+01 +3.158723490e+02 +3.158723490e+02 +2.5610e-01 +3.2493e-01 +9.6236e-01 +2.3398e+00 +1.5383e+00
105 0 +2.086754340e+01 +3.050875434e+02 +3.050875434e+02 +9.6523e-01 +4.8009e-01 +2.5960e-02 +2.2043e+00 +1.5598e+00
218 0 +1.747168842e+01 +3.016916884e+02 +3.016916884e+02 +1.1213e+00 +5.2701e-01 -1.0309e-02 +1.3528e+00 +1.1984e+00
276 0 +1.339401058e+01 +2.976140106e+02 +2.976140106e+02 +1.0474e+00 +5.5349e-01 +3.6500e-01 +2.1521e+00 +1.5418e+00
438 0 +1.204880583e+01 +2.962688058e+02 +2.962688058e+02 +1.1385e+00 +6.9908e-01 +3.8100e-01 +2.2076e+00 +1.5532e+00
452 0 +1.131394446e+01 +2.955339445e+02 +2.955339445e+02 +1.0695e+00 +6.0362e-01 +3.9527e-01 +2.2417e+00 +1.5816e+00
476 0 +7.002617925e+00 +2.912226179e+02 +2.912226179e+02 +1.1810e+00 +5.1183e-01 +4.4921e-01 +2.2338e+00 +1.5210e+00
502 0 +6.148838268e+00 +2.903688383e+02 +2.903688383e+02 +1.0549e+00 +4.4350e-01 +4.8250e-01 +2.2197e+00 +1.5305e+00
527 0 +5.293097357e+00 +2.895130974e+02 +2.895130974e+02 +1.0827e+00 +5.1856e-01 +4.4369e-01 +2.2365e+00 +1.5463e+00
576 0 +4.916816463e+00 +2.891368165e+02 +2.891368165e+02 +1.0848e+00 +5.0106e-01 +4.5290e-01 +2.2348e+00 +1.5402e+00
651 0 +4.307717263e+00 +2.885277173e+02 +2.885277173e+02 +1.0900e+00 +5.6814e-01 +4.5977e-01 +2.2367e+00 +1.5297e+00
701 0 +4.142079638e+00 +2.883620796e+02 +2.883620796e+02 +1.1031e+00 +5.7780e-01 +4.5572e-01 +2.2340e+00 +1.5355e+00
726 0 +4.088219630e+00 +2.883082196e+02 +2.883082196e+02 +1.0949e+00 +5.8729e-01 +4.6201e-01 +2.2236e+00 +1.5345e+00
751 0 +4.071583845e+00 +2.882915838e+02 +2.882915838e+02 +1.0960e+00 +5.8972e-01 +4.5982e-01 +2.2210e+00 +1.5326e+00
776 0 +4.027137900e+00 +2.882471379e+02 +2.882471379e+02 +1.0975e+00 +5.9643e-01 +4.4638e-01 +2.2279e+00 +1.5316e+00
801 0 +3.998171014e+00 +2.882181710e+02 +2.882181710e+02 +1.1010e+00 +5.9596e-01 +4.5779e-01 +2.2244e+00 +1.5324e+00
851 0 +3.986571517e+00 +2.882065715e+02 +2.882065715e+02 +1.1050e+00 +6.0217e-01 +4.5214e-01 +2.2266e+00 +1.5323e+00
876 0 +3.986298479e+00 +2.882062985e+02 +2.882062985e+02 +1.1059e+00 +6.0404e-01 +4.5639e-01 +2.2267e+00 +1.5308e+00
901 0 +3.982426290e+00 +2.882024263e+02 +2.882024263e+02 +1.1039e+00 +5.9962e-01 +4.5692e-01 +2.2271e+00 +1.5309e+00
926 0 +3.981294043e+00 +2.882012940e+02 +2.882012940e+02 +1.1040e+00 +6.0339e-01 +4.5543e-01 +2.2274e+00 +1.5315e+00
951 0 +3.980161118e+00 +2.882001611e+02 +2.882001611e+02 +1.1040e+00 +6.0026e-01 +4.5652e-01 +2.2273e+00 +1.5316e+00
1001 0 +3.980036792e+00 +2.882000368e+02 +2.882000368e+02 +1.1034e+00 +6.0062e-01 +4.5632e-01 +2.2275e+00 +1.5318e+00
1076 0 +3.979970907e+00 +2.881999709e+02 +2.881999709e+02 +1.1032e+00 +6.0149e-01 +4.5575e-01 +2.2273e+00 +1.5316e+00
1101 0 +3.979913316e+00 +2.881999133e+02 +2.881999133e+02 +1.1036e+00 +6.0163e-01 +4.5612e-01 +2.2272e+00 +1.5317e+00
1126 0 +3.979861524e+00 +2.881998615e+02 +2.881998615e+02 +1.1034e+00 +6.0115e-01 +4.5591e-01 +2.2272e+00 +1.5317e+00
1176 0 +3.979842528e+00 +2.881998425e+02 +2.881998425e+02 +1.1036e+00 +6.0114e-01 +4.5603e-01 +2.2272e+00 +1.5317e+00
% f evaluations | g evaluations | best noise-free fitness - Fopt (-3.217000000000e+01) + sum g_i+ | measured fitness | best measured fitness or single-digit g-values | x1 | x2...
1 0 +2.385971495e+02 +2.064271495e+02 +2.064271495e+02 +5.9671e-01 -3.8264e-02 +7.4769e-01 +1.6230e+00 -1.3415e-01
2 0 +2.059111824e+02 +1.737411824e+02 +1.737411824e+02 -1.3414e-01 +1.6792e+00 +8.6743e-01 -3.6947e-01 +6.4256e-01
7 0 +1.241728470e+02 +9.200284698e+01 +9.200284698e+01 -5.0171e-01 +1.9523e+00 +8.6503e-02 -9.5771e-01 +9.2254e-01
11 0 +9.455618066e+01 +6.238618066e+01 +6.238618066e+01 +4.2408e-01 -2.8508e-01 -5.7692e-01 +7.1168e-01 +1.1310e+00
27 0 +7.692781150e+01 +4.475781150e+01 +4.475781150e+01 -3.8242e-01 -5.1536e-02 -1.8992e+00 -7.4200e-02 +2.5736e+00
57 0 +3.505228786e+01 +2.882287856e+00 +2.882287856e+00 -1.7658e+00 +1.9707e+00 -1.7324e-01 -1.3356e+00 +3.0392e+00
171 0 +3.202148208e+01 -1.485179245e-01 -1.485179245e-01 +4.1843e-01 +1.9425e+00 -5.5270e-01 -1.0470e+00 +3.1149e+00
259 0 +2.661277557e+01 -5.557224427e+00 -5.557224427e+00 +3.9070e-01 +1.3177e+00 +3.7244e-01 -1.7385e-01 +3.3511e+00
372 0 +2.399510300e+01 -8.174897001e+00 -8.174897001e+00 +4.1463e-01 +4.2254e-01 -1.1444e-01 +2.3104e-01 +3.3210e+00
378 0 +2.371448004e+01 -8.455519961e+00 -8.455519961e+00 -3.4246e-01 +1.2076e+00 -6.5909e-02 -5.8945e-01 +2.9969e+00
418 0 +2.204463278e+01 -1.012536722e+01 -1.012536722e+01 -5.0407e-01 +1.1915e+00 -4.4989e-02 -1.2652e-01 +3.0716e+00
509 0 +1.827180457e+01 -1.389819543e+01 -1.389819543e+01 -6.4872e-01 +9.9519e-01 -1.9438e-01 -1.0155e-01 +3.0586e+00
626 0 +1.630340299e+01 -1.586659701e+01 -1.586659701e+01 -5.2836e-01 +1.1275e+00 -1.6515e-01 +2.8850e-01 +3.0591e+00
683 0 +1.608624099e+01 -1.608375901e+01 -1.608375901e+01 -5.4607e-01 +1.0993e+00 -1.3710e-01 -1.7655e-01 +3.0665e+00
731 0 +1.441383582e+01 -1.775616418e+01 -1.775616418e+01 -4.7790e-01 +1.1600e+00 -1.2754e-01 -1.5059e-01 +3.0012e+00
776 0 +1.163241416e+01 -2.053758584e+01 -2.053758584e+01 -5.5406e-01 +1.1109e+00 -1.4216e-01 -1.3937e-01 +3.0103e+00
864 0 +1.135804699e+01 -2.081195301e+01 -2.081195301e+01 -6.0533e-01 +1.0463e+00 -1.3412e-01 -1.6006e-01 +3.0151e+00
871 0 +1.131958813e+01 -2.085041187e+01 -2.085041187e+01 -5.5687e-01 +1.0495e+00 -9.2299e-02 -1.2441e-01 +3.0303e+00
893 0 +1.071940795e+01 -2.145059205e+01 -2.145059205e+01 -5.0914e-01 +1.0646e+00 -1.5830e-01 -1.3813e-01 +2.9953e+00
926 0 +1.018185314e+01 -2.198814686e+01 -2.198814686e+01 -5.2185e-01 +1.0418e+00 -1.2025e-01 -1.4380e-01 +3.0218e+00
976 0 +1.010323547e+01 -2.206676453e+01 -2.206676453e+01 -5.2427e-01 +1.0340e+00 -1.2866e-01 -1.4196e-01 +3.0146e+00
1001 0 +1.002312000e+01 -2.214688000e+01 -2.214688000e+01 -4.9056e-01 +1.0537e+00 -1.3669e-01 -1.4009e-01 +3.0091e+00
1026 0 +9.987129071e+00 -2.218287093e+01 -2.218287093e+01 -4.9862e-01 +1.0550e+00 -1.3106e-01 -1.3942e-01 +3.0157e+00
1101 0 +9.969138683e+00 -2.220086132e+01 -2.220086132e+01 -5.1628e-01 +1.0507e+00 -1.2879e-01 -1.3816e-01 +3.0130e+00
1151 0 +9.963970413e+00 -2.220602959e+01 -2.220602959e+01 -5.1615e-01 +1.0524e+00 -1.3112e-01 -1.3999e-01 +3.0137e+00
1153 0 +9.963743550e+00 -2.220625645e+01 -2.220625645e+01 -5.0698e-01 +1.0518e+00 -1.3509e-01 -1.4012e-01 +3.0162e+00
1189 0 +9.955447724e+00 -2.221455228e+01 -2.221455228e+01 -5.1279e-01 +1.0521e+00 -1.3433e-01 -1.3888e-01 +3.0127e+00
1226 0 +9.951177162e+00 -2.221882284e+01 -2.221882284e+01 -5.1226e-01 +1.0501e+00 -1.3515e-01 -1.3921e-01 +3.0129e+00
% f evaluations | g evaluations | best noise-free fitness - Fopt (-5.858000000000e+01) + sum g_i+ | measured fitness | best measured fitness or single-digit g-values | x1 | x2...
1 0 +2.207776380e+02 +1.621976380e+02 +1.621976380e+02 +5.9671e-01 -3.8264e-02 +7.4769e-01 +1.6230e+00 -1.3415e-01
2 0 +1.969939115e+02 +1.384139115e+02 +1.384139115e+02 -1.3414e-01 +1.6792e+00 +8.6743e-01 -3.6947e-01 +6.4256e-01
11 0 +1.165014686e+02 +5.792146859e+01 +5.792146859e+01 +4.2408e-01 -2.8508e-01 -5.7692e-01 +7.1168e-01 +1.1310e+00
30 0 +1.134391490e+02 +5.485914896e+01 +5.485914896e+01 -2.4758e-01 -1.5505e+00 +1.8720e-01 +1.9382e+00 +1.2108e+00
51 0 +4.427773660e+01 -1.430226340e+01 -1.430226340e+01 +8.2752e-02 -2.3533e+00 +2.9307e-01 +2.3527e+00 +2.8891e+00
145 0 +4.259389186e+01 -1.598610814e+01 -1.598610814e+01 +2.7330e+00 -2.3713e+00 -1.3616e-01 +9.7508e-01 +2.6423e+00
209 0 +3.682077352e+01 -2.175922648e+01 -2.175922648e+01 -3.9859e-01 -1.6085e+00 +3.5219e-01 +2.3469e+00 +3.4638e+00
268 0 +3.673385011e+01 -2.184614989e+01 -2.184614989e+01 -5.1002e-01 -2.3879e+00 -4.7978e-01 +1.8610e+00 +3.5076e+00
347 0 +3.177017596e+01 -2.680982404e+01 -2.680982404e+01 +1.3973e+00 -3.7290e+00 +4.7520e-01 +2.3103e+00 +3.2757e+00
430 0 +2.837558140e+01 -3.020441860e+01 -3.020441860e+01 +6.9985e-01 -1.1915e+00 -6.2204e-01 +1.4802e+00 +2.8690e+00
487 0 +2.026616882e+01 -3.831383118e+01 -3.831383118e+01 +5.2600e-01 -1.9291e+00 +4.4191e-01 +2.2290e+00 +3.5548e+00
668 0 +1.555617790e+01 -4.302382210e+01 -4.302382210e+01 +8.5910e-01 -1.7403e+00 +3.7854e-01 +1.8804e+00 +3.3168e+00
706 0 +9.795354958e+00 -4.878464504e+01 -4.878464504e+01 +6.3436e-01 -1.6634e+00 +4.3623e-01 +1.9036e+00 +3.2912e+00
851 0 +8.394585718e+00 -5.018541428e+01 -5.018541428e+01 +6.6274e-01 -1.8302e+00 +3.8154e-01 +1.8784e+00 +3.2660e+00
951 0 +7.782090971e+00 -5.079790903e+01 -5.079790903e+01 +7.0378e-01 -1.7153e+00 +3.5956e-01 +1.8712e+00 +3.2711e+00
979 0 +7.745373672e+00 -5.083462633e+01 -5.083462633e+01 +6.0567e-01 -1.7393e+00 +3.5982e-01 +1.8779e+00 +3.2869e+00
1026 0 +7.487082524e+00 -5.109291748e+01 -5.109291748e+01 +6.8481e-01 -1.6839e+00 +3.6956e-01 +1.8816e+00 +3.2793e+00
1028 0 +7.248677031e+00 -5.133132297e+01 -5.133132297e+01 +6.2769e-01 -1.6820e+00 +3.6088e-01 +1.8794e+00 +3.2787e+00
1076 0 +7.231021037e+00 -5.134897896e+01 -5.134897896e+01 +6.6046e-01 -1.7124e+00 +3.9314e-01 +1.8702e+00 +3.2754e+00
1101 0 +7.167444625e+00 -5.141255537e+01 -5.141255537e+01 +6.3811e-01 -1.6687e+00 +3.9032e-01 +1.8685e+00 +3.2734e+00
1127 0 +7.126956085e+00 -5.145304392e+01 -5.145304392e+01 +6.6149e-01 -1.6744e+00 +3.7830e-01 +1.8622e+00 +3.2814e+00
1144 0 +7.045936983e+00 -5.153406302e+01 -5.153406302e+01 +6.5523e-01 -1.6752e+00 +3.7621e-01 +1.8682e+00 +3.2789e+00
1151 0 +6.993459613e+00 -5.158654039e+01 -5.158654039e+01 +6.3794e-01 -1.6959e+00 +3.7168e-01 +1.8689e+00 +3.2788e+00
1201 0 +6.980161127e+00 -5.159983887e+01 -5.159983887e+01 +6.3199e-01 -1.6916e+00 +3.7919e-01 +1.8639e+00 +3.2769e+00
