% f evaluations | g evaluations | best noise-free fitness - Fopt (-6.211100000000e+02) + sum g_i+ | measured fitness | best measured fitness or single-digit g-values | x1 | x2...
1 0 +2.677807685e+08 +2.677801474e+08 +2.677801474e+08 +5.9671e-01 -3.8264e-02
2 0 +2.132546751e+07 +2.132484640e+07 +2.132484640e+07 +7.4769e-01 +1.6230e+00
16 0 +7.369962373e+06 +7.369341263e+06 +7.369341263e+06 +1.4988e+00 +2.1832e+00
18 0 +6.390276790e+06 +6.389655680e+06 +6.389655680e+06 +1.3159e+00 +2.2510e+00
20 0 +1.635119774e+06 +1.634498664e+06 +1.634498664e+06 +1.8896e+00 +2.8292e+00
21 0 +2.787744760e+05 +2.781533660e+05 +2.781533660e+05 +4.2942e+00 +4.5449e+00
31 0 +6.969047058e+04 +6.906936058e+04 +6.906936058e+04 +4.3972e+00 +3.6613e+00
41 0 +4.183952791e+04 +4.121841791e+04 +4.121841791e+04 +2.8801e+00 +3.7267e+00
44 0 +3.350882931e+02 -2.860217069e+02 -2.860217069e+02 +1.5776e+00 +3.9818e+00
106 0 +3.096083253e+01 -5.901491675e+02 -5.901491675e+02 +4.5063e+00 +4.0167e+00
141 0 +7.360865507e+00 -6.137491345e+02 -6.137491345e+02 +1.8008e+00 +4.0043e+00
204 0 +5.840325282e+00 -6.152696747e+02 -6.152696747e+02 +1.3248e+00 +4.0032e+00
225 0 +5.590626662e+00 -6.155193733e+02 -6.155193733e+02 +1.4721e+00 +4.0029e+00
239 0 +4.701581529e+00 -6.164084185e+02 -6.164084185e+02 +1.2499e+00 +4.0022e+00
245 0 +4.437936743e+00 -6.166720633e+02 -6.166720633e+02 +1.2016e+00 +4.0014e+00
248 0 +4.165440963e+00 -6.169445590e+02 -6.169445590e+02 +1.0703e+00 +4.0004e+00
265 0 +4.069533254e+00 -6.170404667e+02 -6.170404667e+02 +1.1146e+00 +4.0010e+00
281 0 +2.351708558e+00 -6.187582914e+02 -6.187582914e+02 +6.4147e-01 +3.9988e+00
306 0 +2.222532798e+00 -6.188874672e+02 -6.188874672e+02 +5.9838e-01 +3.9986e+00
311 0 +4.283162829e-01 -6.206816837e+02 -6.206816837e+02 -2.7979e-01 +3.9945e+00
328 0 +3.296489369e-01 -6.207803511e+02 -6.207803511e+02 -4.2519e-01 +3.9932e+00
347 0 +1.744272834e-01 -6.209355727e+02 -6.209355727e+02 -1.1536e+00 +3.9895e+00
368 0 +7.691682522e-02 -6.210330832e+02 -6.210330832e+02 -6.6612e-01 +3.9922e+00
413 0 +7.453115367e-02 -6.210354688e+02 -6.210354688e+02 -6.4863e-01 +3.9925e+00
416 0 +5.652286653e-02 -6.210534771e+02 -6.210534771e+02 -6.9332e-01 +3.9923e+00
417 0 +5.338860540e-02 -6.210566114e+02 -6.210566114e+02 -7.0474e-01 +3.9923e+00
420 0 +2.526330152e-02 -6.210847367e+02 -6.210847367e+02 -7.3553e-01 +3.9919e+00
% f evaluations | g evaluations | best noise-free fitness - Fopt (-2.548200000000e+02) + sum g_i+ | measured fitness | best measured fitness or single-digit g-values | x1 | x2...
1 0 +1.716443422e+08 +1.716440874e+08 +1.716440874e+08 +5.9671e-01 -3.8264e-02
2 0 +4.254812075e+07 +4.254786593e+07 +4.254786593e+07 +7.4769e-01 +1.6230e+00
4 0 +3.355875288e+07 +3.355849806e+07 +3.355849806e+07 +1.6792e+00 +8.6743e-01
11 0 +2.989465072e+07 +2.989439590e+07 +2.989439590e+07 +2.6293e+00 +8.8905e-02
12 0 +3.419454810e+06 +3.419199990e+06 +3.419199990e+06 +1.5868e+00 +2.9009e+00
13 0 +1.340211738e+06 +1.339956918e+06 +1.339956918e+06 +3.2937e+00 +2.5939e+00
22 0 +1.184895789e+06 +1.184640969e+06 +1.184640969e+06 +2.9888e+00 +4.8292e+00
23 0 +1.520082627e+05 +1.517534427e+05 +1.517534427e+05 +2.6036e+00 +4.1160e+00
29 0 +7.557453390e+03 +7.302633390e+03 +7.302633390e+03 +9.0009e-01 +4.4527e+00
41 0 +1.307980339e+03 +1.053160339e+03 +1.053160339e+03 +1.2855e+00 +4.2461e+00
43 0 +8.654315956e+01 -1.682768404e+02 -1.682768404e+02 +7.9723e-01 +4.5812e+00
110 0 +3.385139343e+01 -2.209686066e+02 -2.209686066e+02 +2.9310e+00 +3.7213e+00
154 0 +3.947842153e-01 -2.544252158e+02 -2.544252158e+02 +4.0308e+00 +3.7614e+00
187 0 +3.615658938e-01 -2.544584341e+02 -2.544584341e+02 +3.3180e+00 +3.7126e+00
248 0 +1.905412442e-01 -2.546294588e+02 -2.546294588e+02 +3.5357e+00 +3.7326e+00
279 0 +3.004631022e-03 -2.548169954e+02 -2.548169954e+02 +3.7253e+00 +3.7592e+00
% f evaluations | g evaluations | best noise-free fitness - Fopt (5.661000000000e+01) + sum g_i+ | measured fitness | best measured fitness or single-digit g-values | x1 | x2...
1 0 +1.480714615e+08 +1.480715181e+08 +1.480715181e+08 +5.9671e-01 -3.8264e-02
3 0 +9.254104492e+07 +9.254110153e+07 +9.254110153e+07 -1.3415e-01 -1.3414e-01
6 0 +6.106136801e+07 +6.106142462e+07 +6.106142462e+07 -3.6342e-01 -3.6573e-01
7 0 +1.368777362e+07 +1.368783023e+07 +1.368783023e+07 +3.4196e-01 -1.8133e+00
10 0 +1.290162217e+07 +1.290167878e+07 +1.290167878e+07 -8.0802e-01 -1.3123e+00
11 0 +3.161320523e+06 +3.161377133e+06 +3.161377133e+06 -2.5564e+00 -1.3137e+00
12 0 +1.101902497e+06 +1.101959107e+06 +1.101959107e+06 -2.6142e-01 -3.6876e+00
19 0 +1.577424161e+05 +1.577990261e+05 +1.577990261e+05 -1.2319e+00 -3.7703e+00
24 0 +4.840106567e+04 +4.845767567e+04 +4.845767567e+04 -4.7031e+00 -1.8660e+00
28 0 +2.477918023e+03 +2.534528023e+03 +2.534528023e+03 -1.9449e+00 -3.7901e+00
66 0 +1.703717657e+01 +7.364717657e+01 +7.364717657e+01 -1.0711e+00 -4.3881e+00
161 0 +9.838459187e+00 +6.644845919e+01 +6.644845919e+01 -1.4555e+00 -4.1002e+00
167 0 +7.758855314e+00 +6.436885531e+01 +6.436885531e+01 -1.6457e+00 -3.9544e+00
192 0 +6.561583086e+00 +6.317158309e+01 +6.317158309e+01 -1.8143e+00 -3.8266e+00
204 0 +6.469537267e+00 +6.307953727e+01 +6.307953727e+01 -1.8372e+00 -3.8091e+00
231 0 +5.591468413e+00 +6.220146841e+01 +6.220146841e+01 -2.0656e+00 -3.6370e+00
244 0 +5.265782395e+00 +6.187578240e+01 +6.187578240e+01 -2.0270e+00 -3.6655e+00
251 0 +4.878015266e+00 +6.148801527e+01 +6.148801527e+01 -2.2652e+00 -3.4858e+00
262 0 +3.975891558e+00 +6.058589156e+01 +6.058589156e+01 -2.2637e+00 -3.4858e+00
271 0 +2.407295746e+00 +5.901729575e+01 +5.901729575e+01 -3.1414e+00 -2.8211e+00
273 0 +1.153293371e+00 +5.776329337e+01 +5.776329337e+01 -2.9969e+00 -2.9293e+00
283 0 +9.064600137e-01 +5.751646001e+01 +5.751646001e+01 -3.6140e+00 -2.4620e+00
302 0 +5.066093066e-02 +5.666066093e+01 +5.666066093e+01 -3.6720e+00 -2.4168e+00
326 0 +2.551683504e-02 +5.663551684e+01 +5.663551684e+01 -3.7281e+00 -2.3742e+00
375 0 +9.974650331e-03 +5.661997465e+01 +5.661997465e+01 -3.8436e+00 -2.2864e+00
377 0 +4.158715063e-04 +5.661041587e+01 +5.661041587e+01 -3.8360e+00 -2.2923e+00
474 0 +2.639158030e-04 +5.661026392e+01 +5.661026392e+01 -3.8453e+00 -2.2853e+00
484 0 +4.462678709e-05 +5.661004463e+01 +5.661004463e+01 -3.8506e+00 -2.2812e+00
% f evaluations | g evaluations | best noise-free fitness - Fopt (-1.810000000000e+01) + sum g_i+ | measured fitness | best measured fitness or single-digit g-values | x1 | x2...
1 0 +2.316864926e+05 +2.316683926e+05 +2.316683926e+05 +5.9671e-01 -3.8264e-02
5 0 +5.092038052e+02 +4.911038052e+02 +4.911038052e+02 -3.6947e-01 +6.4256e-01
35 0 +3.803483748e+02 +3.622483748e+02 +3.622483748e+02 -9.4414e-01 +8.0122e-01
44 0 +1.481510501e+01 -3.284894991e+00 -3.284894991e+00 -1.5613e+00 +9.2812e-01
81 0 +2.351559883e+00 -1.574844012e+01 -1.574844012e+01 -1.2574e+00 +8.4694e-01
105 0 +1.058761523e+00 -1.704123848e+01 -1.704123848e+01 -1.5884e+00 +9.3193e-01
157 0 +8.607760451e-01 -1.723922395e+01 -1.723922395e+01 -1.3757e+00 +8.7593e-01
168 0 +8.314840720e-01 -1.726851593e+01 -1.726851593e+01 -1.2415e+00 +8.4551e-01
175 0 +3.527525027e-01 -1.774724750e+01 -1.774724750e+01 -1.2883e+00 +8.5552e-01
241 0 +3.328683565e-01 -1.776713164e+01 -1.776713164e+01 -1.2741e+00 +8.5220e-01
441 0 +3.172519024e-01 -1.778274810e+01 -1.778274810e+01 -1.2524e+00 +8.4740e-01
442 0 +3.051672162e-01 -1.779483278e+01 -1.779483278e+01 -1.2537e+00 +8.4762e-01
443 0 +3.026842489e-01 -1.779731575e+01 -1.779731575e+01 -1.2547e+00 +8.4781e-01
472 0 +2.984433736e-01 -1.780155663e+01 -1.780155663e+01 -1.2414e+00 +8.4483e-01
% f evaluations | g evaluations | best noise-free fitness - Fopt (3.777000000000e+01) + sum g_i+ | measured fitness | best measured fitness or single-digit g-values | x1 | x2...
1 0 +4.399358978e+06 +4.399396748e+06 +4.399396748e+06 +5.9671e-01 -3.8264e-02
2 0 +2.052199733e+05 +2.052577433e+05 +2.052577433e+05 +7.4769e-01 +1.6230e+00
16 0 +3.903600080e+03 +3.941370080e+03 +3.941370080e+03 +7.4718e-02 +2.0559e+00
55 0 +3.515293512e+03 +3.553063512e+03 +3.553063512e+03 +3.8072e-01 +2.0151e+00
62 0 +3.024285178e+03 +3.062055178e+03 +3.062055178e+03 -5.9928e-01 +2.0586e+00
72 0 +1.096186387e+03 +1.133956387e+03 +1.133956387e+03 -5.6339e-01 +2.1589e+00
105 0 +3.050846787e+01 +6.827846787e+01 +6.827846787e+01 -3.3081e-01 +2.1291e+00
134 0 +4.761114980e+00 +4.253111498e+01 +4.253111498e+01 +4.8699e-01 +2.0428e+00
161 0 +3.138004916e+00 +4.090800492e+01 +4.090800492e+01 +1.1199e-01 +2.1061e+00
171 0 +1.022841119e+00 +3.879284112e+01 +3.879284112e+01 -2.2741e-01 +2.1330e+00
220 0 +9.373349269e-01 +3.870733493e+01 +3.870733493e+01 +2.0127e-02 +2.1181e+00
223 0 +4.591731902e-01 +3.822917319e+01 +3.822917319e+01 -3.6374e-01 +2.1337e+00
265 0 +3.633963612e-01 +3.813339636e+01 +3.813339636e+01 -4.5701e-01 +2.1304e+00
335 0 +2.980514995e-01 +3.806805150e+01 +3.806805150e+01 -4.2384e-01 +2.1321e+00
337 0 +2.552172905e-01 +3.802521729e+01 +3.802521729e+01 -4.1051e-01 +2.1330e+00
345 0 +1.977269799e-01 +3.796772698e+01 +3.796772698e+01 -4.5975e-01 +2.1306e+00
351 0 +1.693345541e-01 +3.793933455e+01 +3.793933455e+01 -5.1942e-01 +2.1269e+00
411 0 +1.601943217e-01 +3.793019432e+01 +3.793019432e+01 -5.6512e-01 +2.1232e+00
428 0 +1.383910637e-01 +3.790839106e+01 +3.790839106e+01 -5.5793e-01 +2.1235e+00
% f evaluations | g evaluations | best noise-free fitness - Fopt (-6.325500000000e+02) + sum g_i+ | measured fitness | best measured fitness or single-digit g-values | x1 | x2...
1 0 +4.535541657e+05 +4.529216157e+05 +4.529216157e+05 +5.9671e-01 -3.8264e-02
4 0 +5.321828676e+04 +5.258573676e+04 +5.258573676e+04 +1.6792e+00 +8.6743e-01
5 0 +5.505210229e+01 -5.774978977e+02 -5.774978977e+02 -3.6947e-01 +6.4256e-01
20 0 +3.807782028e+01 -5.944721797e+02 -5.944721797e+02 -1.4172e+00 +6.4104e-01
85 0 +2.731179338e+00 -6.298188207e+02 -6.298188207e+02 -5.3839e-01 +6.3397e-01
142 0 +5.657059601e-01 -6.319842940e+02 -6.319842940e+02 -1.8134e-01 +6.3524e-01
258 0 +4.183335381e-01 -6.321316665e+02 -6.321316665e+02 -7.6028e-02 +6.3516e-01
268 0 +3.380165037e-01 -6.322119835e+02 -6.322119835e+02 +1.0675e-02 +6.3536e-01
292 0 +1.527639554e-01 -6.323972360e+02 -6.323972360e+02 +2.0624e-01 +6.3534e-01
306 0 +3.710773984e-02 -6.325128923e+02 -6.325128923e+02 +3.8495e-01 +6.3515e-01
318 0 +1.210692793e-02 -6.325378931e+02 -6.325378931e+02 +5.2024e-01 +6.3530e-01
334 0 +4.920768044e-03 -6.325450792e+02 -6.325450792e+02 +5.3745e-01 +6.3514e-01
377 0 +4.332611204e-03 -6.325456674e+02 -6.325456674e+02 +5.1388e-01 +6.3524e-01
378 0 +1.391888208e-03 -6.325486081e+02 -6.325486081e+02 +5.5820e-01 +6.3524e-01
388 0 +8.129105252e-04 -6.325491871e+02 -6.325491871e+02 +5.5063e-01 +6.3522e-01
392 0 +2.189900659e-04 -6.325497810e+02 -6.325497810e+02 +5.5505e-01 +6.3520e-01
442 0 +1.777112587e-04 -6.325498223e+02 -6.325498223e+02 +5.5753e-01 +6.3521e-01
443 0 +1.471154580e-04 -6.325498529e+02 -6.325498529e+02 +5.5753e-01 +6.3520e-01
474 0 +1.427650113e-04 -6.325498572e+02 -6.325498572e+02 +5.5802e-01 +6.3520e-01
491 0 +5.377790080e-05 -6.325499462e+02 -6.325499462e+02 +5.6227e-01 +6.3520e-01
% f evaluations | g evaluations | best noise-free fitness - Fopt (-8.530000000000e+01) + sum g_i+ | measured fitness | best measured fitness or single-digit g-values | x1 | x2...
1 0 +1.580219290e+06 +1.580133990e+06 +1.580133990e+06 +5.9671e-01 -3.8264e-02
2 0 +1.115230264e+06 +1.115144964e+06 +1.115144964e+06 +7.4769e-01 +1.6230e+00
3 0 +3.447712754e+05 +3.446859754e+05 +3.446859754e+05 -1.3415e-01 -1.3414e-01
5 0 +5.203953509e+04 +5.195423509e+04 +5.195423509e+04 -3.6947e-01 +6.4256e-01
11 0 +2.692802247e+04 +2.684272247e+04 +2.684272247e+04 -1.0736e+00 -4.9514e-01
12 0 +9.508743318e+03 +9.423443318e+03 +9.423443318e+03 -8.8145e-01 -1.6234e-02
23 0 +9.179150404e+03 +9.093850404e+03 +9.093850404e+03 -9.2948e-01 -2.0365e-01
31 0 +2.444735986e+03 +2.359435986e+03 +2.359435986e+03 -5.9320e-01 +8.8139e-01
36 0 +2.396194274e+03 +2.310894274e+03 +2.310894274e+03 -5.8268e-01 +5.3788e-01
42 0 +8.364542417e+02 +7.511542417e+02 +7.511542417e+02 -5.3570e-01 +7.9274e-01
61 0 +3.145446299e+02 +2.292446299e+02 +2.292446299e+02 -8.1840e-01 -8.9636e-02
66 0 +5.282417539e+01 -3.247582461e+01 -3.247582461e+01 -7.6683e-01 +7.1196e-03
72 0 +2.785060182e+01 -5.744939818e+01 -5.744939818e+01 -7.4365e-01 +1.4311e-01
87 0 +2.294619130e+01 -6.235380870e+01 -6.235380870e+01 -7.0880e-01 +2.7231e-01
98 0 +1.001723603e+01 -7.528276397e+01 -7.528276397e+01 -7.3684e-01 +1.6045e-01
103 0 +5.373215987e+00 -7.992678401e+01 -7.992678401e+01 -7.8056e-01 -7.3296e-03
114 0 +5.297767426e-01 -8.477022326e+01 -8.477022326e+01 -7.5043e-01 +9.9475e-02
123 0 +1.837904230e-01 -8.511620958e+01 -8.511620958e+01 -7.7162e-01 +1.8431e-02
143 0 +1.277908529e-01 -8.517220915e+01 -8.517220915e+01 -7.7152e-01 +1.8260e-02
194 0 +1.139208829e-01 -8.518607912e+01 -8.518607912e+01 -7.7041e-01 +2.1826e-02
441 0 +1.118437951e-01 -8.518815620e+01 -8.518815620e+01 -7.7109e-01 +1.9446e-02
442 0 +1.112767732e-01 -8.518872323e+01 -8.518872323e+01 -7.7118e-01 +1.9074e-02
443 0 +1.109032952e-01 -8.518909670e+01 -8.518909670e+01 -7.7129e-01 +1.8607e-02
451 0 +9.416394805e-02 -8.520583605e+01 -8.520583605e+01 -7.7867e-01 -9.0054e-03
469 0 +9.352829527e-02 -8.520647170e+01 -8.520647170e+01 -7.7841e-01 -8.0894e-03
473 0 +7.037667817e-02 -8.522962332e+01 -8.522962332e+01 -7.8879e-01 -4.7318e-02
481 0 +3.498161963e-02 -8.526501838e+01 -8.526501838e+01 -8.3811e-01 -2.3220e-01
495 0 +9.749626203e-03 -8.529025037e+01 -8.529025037e+01 -8.4931e-01 -2.7465e-01
498 0 +4.698370946e-03 -8.529530163e+01 -8.529530163e+01 -8.4213e-01 -2.4815e-01
% f evaluations | g evaluations | best noise-free fitness - Fopt (1.719500000000e+02) + sum g_i+ | measured fitness | best measured fitness or single-digit g-values | x1 | x2...
1 0 +1.188777777e+07 +1.188794972e+07 +1.188794972e+07 +5.9671e-01 -3.8264e-02
2 0 +3.191841500e+06 +3.192013450e+06 +3.192013450e+06 +7.4769e-01 +1.6230e+00
11 0 +1.293677457e+05 +1.295396957e+05 +1.295396957e+05 +1.5019e+00 +3.0499e+00
12 0 +7.692085096e+04 +7.709280096e+04 +7.709280096e+04 +9.4690e-01 +3.1323e+00
25 0 +3.921137992e+04 +3.938332992e+04 +3.938332992e+04 +1.8113e+00 +3.6076e+00
35 0 +1.726104782e+04 +1.743299782e+04 +1.743299782e+04 +3.7850e+00 +3.2782e+00
36 0 +7.456419433e+01 +2.465141943e+02 +2.465141943e+02 +3.0230e+00 +3.4182e+00
134 0 +6.924872780e+00 +1.788748728e+02 +1.788748728e+02 +1.9672e+00 +3.4116e+00
167 0 +5.222782051e+00 +1.771727821e+02 +1.771727821e+02 +1.4841e+00 +3.4102e+00
285 0 +5.012777324e+00 +1.769627773e+02 +1.769627773e+02 +2.5959e+00 +3.4076e+00
287 0 +3.515080819e+00 +1.754650808e+02 +1.754650808e+02 +1.8477e+00 +3.4092e+00
296 0 +1.159233043e+00 +1.731092330e+02 +1.731092330e+02 +3.6734e+00 +3.4085e+00
309 0 +7.238711069e-01 +1.726738711e+02 +1.726738711e+02 +3.4933e+00 +3.4088e+00
333 0 +1.844838376e-01 +1.721344838e+02 +1.721344838e+02 +3.4628e+00 +3.4100e+00
344 0 +1.621476993e-01 +1.721121477e+02 +1.721121477e+02 +3.3999e+00 +3.4099e+00
358 0 +5.664004227e-02 +1.720066400e+02 +1.720066400e+02 +3.4545e+00 +3.4097e+00
364 0 +4.571750035e-03 +1.719545718e+02 +1.719545718e+02 +3.6840e+00 +3.4095e+00
379 0 +4.696743484e-04 +1.719504697e+02 +1.719504697e+02 +3.6653e+00 +3.4096e+00
443 0 +3.842203915e-04 +1.719503842e+02 +1.719503842e+02 +3.6734e+00 +3.4096e+00
481 0 +2.311627469e-05 +1.719500231e+02 +1.719500231e+02 +3.6801e+00 +3.4096e+00
% f evaluations | g evaluations | best noise-free fitness - Fopt (6.816000000000e+01) + sum g_i+ | measured fitness | best measured fitness or single-digit g-values | x1 | x2...
1 0 +1.254138304e+07 +1.254145120e+07 +1.254145120e+07 +5.9671e-01 -3.8264e-02
2 0 +3.582142402e+06 +3.582210562e+06 +3.582210562e+06 +7.4769e-01 +1.6230e+00
11 0 +1.063269519e+05 +1.063951119e+05 +1.063951119e+05 +1.5019e+00 +3.0499e+00
23 0 +3.403970354e+04 +3.410786354e+04 +3.410786354e+04 +6.9830e-01 +3.8874e+00
25 0 +2.730978733e+04 +2.737794733e+04 +2.737794733e+04 +1.9277e+00 +3.5472e+00
26 0 +1.207411862e+04 +1.214227862e+04 +1.214227862e+04 +4.2802e+00 +2.5830e+00
29 0 +3.811660560e+02 +4.493260560e+02 +4.493260560e+02 -1.7247e+00 +4.2747e+00
72 0 +6.911249582e+01 +1.372724958e+02 +1.372724958e+02 +2.6419e+00 +3.0943e+00
132 0 +6.521905588e+00 +7.468190559e+01 +7.468190559e+01 +3.3520e+00 +2.9291e+00
152 0 +5.129453592e+00 +7.328945359e+01 +7.328945359e+01 +3.3724e+00 +2.9193e+00
174 0 +4.629561250e+00 +7.278956125e+01 +7.278956125e+01 +4.7143e+00 +2.5880e+00
175 0 +4.344401280e+00 +7.250440128e+01 +7.250440128e+01 +4.6593e+00 +2.6024e+00
197 0 +1.459531112e+00 +6.961953111e+01 +6.961953111e+01 +3.8202e+00 +2.8106e+00
224 0 +2.548526265e-01 +6.841485263e+01 +6.841485263e+01 +2.5669e+00 +3.1261e+00
265 0 +2.063029775e-01 +6.836630298e+01 +6.836630298e+01 +2.2288e+00 +3.2296e+00
277 0 +8.263050256e-02 +6.824263050e+01 +6.824263050e+01 +2.8924e+00 +3.0405e+00
346 0 +7.569602296e-02 +6.823569602e+01 +6.823569602e+01 +2.4052e+00 +3.1749e+00
363 0 +7.551872991e-02 +6.823551873e+01 +6.823551873e+01 +2.4337e+00 +3.1657e+00
366 0 +4.428163642e-02 +6.820428164e+01 +6.820428164e+01 +2.4922e+00 +3.1478e+00
374 0 +2.307261855e-02 +6.818307262e+01 +6.818307262e+01 +2.5207e+00 +3.1393e+00
384 0 +2.261597771e-02 +6.818261598e+01 +6.818261598e+01 +2.5249e+00 +3.1381e+00
401 0 +1.451294574e-02 +6.817451295e+01 +6.817451295e+01 +2.5513e+00 +3.1300e+00
% f evaluations | g evaluations | best noise-free fitness - Fopt (1.000000000000e+03) + sum g_i+ | measured fitness | best measured fitness or single-digit g-values | x1 | x2...
1 0 +7.032900244e+06 +7.033900244e+06 +7.033900244e+06 +5.9671e-01 -3.8264e-02
2 0 +1.108004560e+06 +1.109004560e+06 +1.109004560e+06 +7.4769e-01 +1.6230e+00
11 0 +2.417760911e+05 +2.427760911e+05 +2.427760911e+05 +2.1457e+00 +2.7287e+00
14 0 +6.505569121e+04 +6.605569121e+04 +6.605569121e+04 +1.6928e+00 +2.1053e+00
15 0 +5.965214303e+04 +6.065214303e+04 +6.065214303e+04 +1.5152e+00 +2.1876e+00
21 0 +1.812541647e+04 +1.912541647e+04 +1.912541647e+04 +1.2207e+00 +2.4228e+00
32 0 +3.194061945e+03 +4.194061945e+03 +4.194061945e+03 +3.1741e+00 +1.8508e+00
41 0 +4.848245814e+02 +1.484824581e+03 +1.484824581e+03 +1.0424e+00 +2.6151e+00
61 0 +2.390127403e+02 +1.239012740e+03 +1.239012740e+03 +1.1146e+00 +2.5936e+00
80 0 +1.057750208e+01 +1.010577502e+03 +1.010577502e+03 +1.5446e+00 +2.4384e+00
109 0 +1.049920051e+01 +1.010499201e+03 +1.010499201e+03 +1.5156e+00 +2.4508e+00
124 0 +9.272147962e+00 +1.009272148e+03 +1.009272148e+03 +1.3538e+00 +2.5144e+00
186 0 +8.154227861e+00 +1.008154228e+03 +1.008154228e+03 +1.1494e+00 +2.5955e+00
195 0 +6.802548421e+00 +1.006802548e+03 +1.006802548e+03 +8.6863e-01 +2.7086e+00
196 0 +6.596783061e+00 +1.006596783e+03 +1.006596783e+03 +9.2186e-01 +2.6866e+00
202 0 +6.123495483e+00 +1.006123495e+03 +1.006123495e+03 +7.4201e-01 +2.7575e+00
211 0 +5.642636378e+00 +1.005642636e+03 +1.005642636e+03 -5.4915e-02 +3.0735e+00
214 0 +5.461916004e+00 +1.005461916e+03 +1.005461916e+03 -3.7033e-01 +3.1988e+00
215 0 +4.968410442e+00 +1.004968410e+03 +1.004968410e+03 +2.0526e-04 +3.0518e+00
227 0 +3.776519634e+00 +1.003776520e+03 +1.003776520e+03 -2.8322e-01 +3.1647e+00
237 0 +2.582924802e+00 +1.002582925e+03 +1.002582925e+03 -1.5207e-01 +3.1149e+00
248 0 +7.741259535e-01 +1.000774126e+03 +1.000774126e+03 -1.4624e+00 +3.6347e+00
264 0 +3.070515343e-01 +1.000307052e+03 +1.000307052e+03 -1.1138e+00 +3.4974e+00
265 0 +1.612309058e-01 +1.000161231e+03 +1.000161231e+03 -1.2272e+00 +3.5417e+00
277 0 +6.553964002e-02 +1.000065540e+03 +1.000065540e+03 -1.2375e+00 +3.5461e+00
339 0 +3.588343358e-02 +1.000035883e+03 +1.000035883e+03 -1.3154e+00 +3.5773e+00
344 0 +2.820937578e-02 +1.000028209e+03 +1.000028209e+03 -1.3147e+00 +3.5768e+00
359 0 +2.197492119e-02 +1.000021975e+03 +1.000021975e+03 -1.3887e+00 +3.6062e+00
364 0 +1.234917035e-02 +1.000012349e+03 +1.000012349e+03 -1.3602e+00 +3.5950e+00
381 0 +3.024291415e-03 +1.000003024e+03 +1.000003024e+03 -1.4658e+00 +3.6370e+00
421 0 +2.120814214e-03 +1.000002121e+03 +1.000002121e+03 -1.4303e+00 +3.6229e+00
422 0 +2.014169636e-03 +1.000002014e+03 +1.000002014e+03 -1.4266e+00 +3.6214e+00
442 0 +1.101860129e-03 +1.000001102e+03 +1.000001102e+03 -1.4514e+00 +3.6313e+00
454 0 +1.006220485e-03 +1.000001006e+03 +1.000001006e+03 -1.4582e+00 +3.6340e+00
456 0 +2.400372169e-04 +1.000000240e+03 +1.000000240e+03 -1.4531e+00 +3.6320e+00
489 0 +8.032010840e-05 +1.000000080e+03 +1.000000080e+03 -1.4550e+00 +3.6327e+00
