% f evaluations | g evaluations | best noise-free fitness - Fopt (-4.620900000000e+02) + sum g_i+ | measured fitness | best measured fitness or single-digit g-values | x1 | x2...
1 0 +6.956340652e+01 -3.925265935e+02 -3.925265935e+02 +5.9671e-01 -3.8264e-02
2 0 +1.330790706e+01 -4.487820929e+02 -4.487820929e+02 +7.4769e-01 +1.6230e+00
80 0 +5.018935670e+00 -4.570710643e+02 -4.570710643e+02 -3.4404e-01 +2.6531e+00
% f evaluations | g evaluations | best noise-free fitness - Fopt (7.766000000000e+01) + sum g_i+ | measured fitness | best measured fitness or single-digit g-values | x1 | x2...
1 0 +2.054254434e+01 +9.820254434e+01 +9.820254434e+01 +5.9671e-01 -3.8264e-02
7 0 +1.398215735e+01 +9.164215735e+01 +9.164215735e+01 +3.4196e-01 -1.8133e+00
17 0 +8.024796291e+00 +8.568479629e+01 +8.568479629e+01 +4.6808e-01 -1.5440e+00
44 0 +5.079000343e+00 +8.273900034e+01 +8.273900034e+01 +4.7171e-01 -4.8890e-01
79 0 +5.047234833e+00 +8.270723483e+01 +8.270723483e+01 +4.8479e-01 -8.3309e-01
95 0 +4.536484603e+00 +8.219648460e+01 +8.219648460e+01 +4.0983e-01 -8.3844e-01
104 0 +4.496428604e+00 +8.215642860e+01 +8.215642860e+01 +3.8657e-01 -8.4486e-01
117 0 +4.174994937e+00 +8.183499494e+01 +8.183499494e+01 +4.7394e-01 -8.4842e-01
151 0 +4.157526137e+00 +8.181752614e+01 +8.181752614e+01 +4.7699e-01 -8.6126e-01
152 0 +4.090569076e+00 +8.175056908e+01 +8.175056908e+01 +4.1111e-01 -8.5854e-01
169 0 +4.065329707e+00 +8.172532971e+01 +8.172532971e+01 +4.6271e-01 -8.5086e-01
177 0 +4.009080162e+00 +8.166908016e+01 +8.166908016e+01 +4.2807e-01 -8.5814e-01
180 0 +4.002966719e+00 +8.166296672e+01 +8.166296672e+01 +4.5343e-01 -8.5849e-01
198 0 +3.981757068e+00 +8.164175707e+01 +8.164175707e+01 +4.4696e-01 -8.5596e-01
202 0 +3.980078952e+00 +8.164007895e+01 +8.164007895e+01 +4.4237e-01 -8.5565e-01
256 0 +3.979981213e+00 +8.163998121e+01 +8.163998121e+01 +4.4314e-01 -8.5573e-01
258 0 +3.979869611e+00 +8.163986961e+01 +8.163986961e+01 +4.4238e-01 -8.5613e-01
284 0 +3.979833668e+00 +8.163983367e+01 +8.163983367e+01 +4.4256e-01 -8.5596e-01
% f evaluations | g evaluations | best noise-free fitness - Fopt (1.156800000000e+02) + sum g_i+ | measured fitness | best measured fitness or single-digit g-values | x1 | x2...
1 0 +2.917121803e+01 +1.448512180e+02 +1.448512180e+02 +5.9671e-01 -3.8264e-02
3 0 +2.525439980e+01 +1.409343998e+02 +1.409343998e+02 -1.3415e-01 -1.3414e-01
6 0 +1.989769540e+01 +1.355776954e+02 +1.355776954e+02 -3.6342e-01 -3.6573e-01
14 0 +6.547196203e+00 +1.222271962e+02 +1.222271962e+02 -1.1783e+00 -1.2479e+00
33 0 +4.269659975e+00 +1.199496600e+02 +1.199496600e+02 -1.2243e+00 -1.2722e+00
63 0 +2.224452252e+00 +1.179044523e+02 +1.179044523e+02 -1.1958e+00 -1.2988e+00
200 0 +2.181583734e+00 +1.178615837e+02 +1.178615837e+02 -1.1754e+00 -9.5759e-01
243 0 +2.065253270e+00 +1.177452533e+02 +1.177452533e+02 -1.1911e+00 -6.2556e-01
315 0 +2.064394829e+00 +1.177443948e+02 +1.177443948e+02 -1.1849e+00 -6.3280e-01
317 0 +1.993904544e+00 +1.176739045e+02 +1.176739045e+02 -1.1818e+00 -6.2478e-01
319 0 +1.991104817e+00 +1.176711048e+02 +1.176711048e+02 -1.1798e+00 -6.2218e-01
371 0 +1.990108843e+00 +1.176701088e+02 +1.176701088e+02 -1.1806e+00 -6.2223e-01
388 0 +1.990026713e+00 +1.176700267e+02 +1.176700267e+02 -1.1812e+00 -6.2179e-01
414 0 +1.990013387e+00 +1.176700134e+02 +1.176700134e+02 -1.1814e+00 -6.2199e-01
418 0 +1.989928563e+00 +1.176699286e+02 +1.176699286e+02 -1.1810e+00 -6.2230e-01
474 0 +1.989918517e+00 +1.176699185e+02 +1.176699185e+02 -1.1811e+00 -6.2220e-01
% f evaluations | g evaluations | best noise-free fitness - Fopt (-3.710000000000e+00) + sum g_i+ | measured fitness | best measured fitness or single-digit g-values | x1 | x2...
1 0 +1.264552920e+02 +1.227452920e+02 +1.227452920e+02 +5.9671e-01 -3.8264e-02
3 0 +1.003775750e+02 +9.666757503e+01 +9.666757503e+01 -1.3415e-01 -1.3414e-01
6 0 +8.146890954e+01 +7.775890954e+01 +7.775890954e+01 -3.6342e-01 -3.6573e-01
7 0 +3.857153908e+01 +3.486153908e+01 +3.486153908e+01 +3.4196e-01 -1.8133e+00
10 0 +2.585294489e+01 +2.214294489e+01 +2.214294489e+01 -8.0802e-01 -1.3123e+00
16 0 +1.116906686e+01 +7.459066857e+00 +7.459066857e+00 +8.2465e-02 -2.3274e+00
129 0 +1.049742865e+01 +6.787428648e+00 +6.787428648e+00 +5.8994e-02 -2.5907e+00
155 0 +1.013960368e+01 +6.429603678e+00 +6.429603678e+00 +3.9663e-02 -2.6037e+00
159 0 +9.327193328e+00 +5.617193328e+00 +5.617193328e+00 +6.0811e-02 -2.2801e+00
223 0 +8.956536583e+00 +5.246536583e+00 +5.246536583e+00 +6.5282e-02 -2.2958e+00
365 0 +8.955151035e+00 +5.245151035e+00 +5.245151035e+00 +6.8438e-02 -2.2948e+00
406 0 +8.954689709e+00 +5.244689709e+00 +5.244689709e+00 +6.7519e-02 -2.2950e+00
420 0 +8.954614549e+00 +5.244614549e+00 +5.244614549e+00 +6.7310e-02 -2.2953e+00
465 0 +8.954607351e+00 +5.244607351e+00 +5.244607351e+00 +6.7601e-02 -2.2952e+00
% f evaluations | g evaluations | best noise-free fitness - Fopt (1.321800000000e+02) + sum g_i+ | measured fitness | best measured fitness or single-digit g-values | x1 | x2...
1 0 +7.171143529e+01 +2.038914353e+02 +2.038914353e+02 +5.9671e-01 -3.8264e-02
2 0 +5.716077359e+01 +1.893407736e+02 +1.893407736e+02 +7.4769e-01 +1.6230e+00
4 0 +5.609296118e+01 +1.882729612e+02 +1.882729612e+02 +1.6792e+00 +8.6743e-01
5 0 +5.024779498e+01 +1.824277950e+02 +1.824277950e+02 -3.6947e-01 +6.4256e-01
9 0 +4.381476430e+01 +1.759947643e+02 +1.759947643e+02 -9.1283e-01 +4.1425e-01
11 0 +4.101361599e+01 +1.731936160e+02 +1.731936160e+02 -3.9889e-01 +9.4662e-01
16 0 +2.747284209e+01 +1.596528421e+02 +1.596528421e+02 -1.6124e+00 +7.1561e-01
27 0 +2.176873681e+01 +1.539487368e+02 +1.539487368e+02 +2.7104e-01 +8.2740e-01
33 0 +1.618822277e+01 +1.483682228e+02 +1.483682228e+02 -5.0156e-01 +1.8489e+00
39 0 +1.488254094e+01 +1.470625409e+02 +1.470625409e+02 -7.0421e-01 +1.4222e+00
41 0 +1.271191846e+01 +1.448919185e+02 +1.448919185e+02 -1.7943e+00 +1.9288e+00
95 0 +7.238494442e+00 +1.394184944e+02 +1.394184944e+02 -3.8892e+00 +7.8728e-01
131 0 +4.980532602e+00 +1.371605326e+02 +1.371605326e+02 -2.8381e+00 +1.1780e+00
144 0 +1.986300107e+00 +1.341663001e+02 +1.341663001e+02 -3.8247e+00 +1.4563e+00
165 0 +5.500692311e-01 +1.327300692e+02 +1.327300692e+02 -3.8019e+00 +1.4714e+00
224 0 +5.296851520e-02 +1.322329685e+02 +1.322329685e+02 -3.7479e+00 +1.4840e+00
% f evaluations | g evaluations | best noise-free fitness - Fopt (-3.930000000000e+01) + sum g_i+ | measured fitness | best measured fitness or single-digit g-values | x1 | x2...
1 0 +4.792499137e+01 +8.624991366e+00 +8.624991366e+00 +5.9671e-01 -3.8264e-02
3 0 +4.490055369e+01 +5.600553695e+00 +5.600553695e+00 -1.3415e-01 -1.3414e-01
6 0 +3.892474747e+01 -3.752525275e-01 -3.752525275e-01 -3.6342e-01 -3.6573e-01
7 0 +2.481888271e+01 -1.448111729e+01 -1.448111729e+01 +3.4196e-01 -1.8133e+00
8 0 +1.379422134e+01 -2.550577866e+01 -2.550577866e+01 -1.6249e+00 -4.6229e-01
13 0 +7.992431801e+00 -3.130756820e+01 -3.130756820e+01 -5.2592e-01 -1.9145e+00
16 0 +7.036210458e+00 -3.226378954e+01 -3.226378954e+01 -5.7631e-01 -1.5598e+00
51 0 +5.554285870e+00 -3.374571413e+01 -3.374571413e+01 -5.6108e-01 -8.8463e-01
87 0 +4.592355875e+00 -3.470764412e+01 -3.470764412e+01 -3.4955e+00 -1.5685e+00
128 0 +3.037960113e+00 -3.626203989e+01 -3.626203989e+01 -3.5280e+00 -8.2814e-01
% f evaluations | g evaluations | best noise-free fitness - Fopt (4.296000000000e+01) + sum g_i+ | measured fitness | best measured fitness or single-digit g-values | x1 | x2...
1 0 +4.046972066e+01 +8.342972066e+01 +8.342972066e+01 +5.9671e-01 -3.8264e-02
2 0 +3.002448463e+01 +7.298448463e+01 +7.298448463e+01 +7.4769e-01 +1.6230e+00
4 0 +2.968283688e+01 +7.264283688e+01 +7.264283688e+01 +1.6792e+00 +8.6743e-01
12 0 +1.092872847e+01 +5.388872847e+01 +5.388872847e+01 +1.3613e+00 +1.0922e+00
30 0 +7.824750679e+00 +5.078475068e+01 +5.078475068e+01 +2.5479e+00 +1.0880e+00
61 0 +2.063885539e+00 +4.502388554e+01 +4.502388554e+01 +1.4453e+00 +2.0756e+00
98 0 +1.995619799e-01 +4.315956198e+01 +4.315956198e+01 +1.5207e+00 +1.7475e+00
154 0 +5.354052952e-02 +4.301354053e+01 +4.301354053e+01 +1.5132e+00 +1.7427e+00
227 0 +3.745617939e-02 +4.299745618e+01 +4.299745618e+01 +1.5001e+00 +1.7352e+00
229 0 +1.744790049e-02 +4.297744790e+01 +4.297744790e+01 +1.5092e+00 +1.7399e+00
264 0 +1.901632531e-03 +4.296190163e+01 +4.296190163e+01 +1.5130e+00 +1.7378e+00
274 0 +5.463198639e-04 +4.296054632e+01 +4.296054632e+01 +1.5144e+00 +1.7370e+00
298 0 +4.079078643e-06 +4.296000408e+01 +4.296000408e+01 +1.5127e+00 +1.7368e+00
387 0 +2.390201040e-06 +4.296000239e+01 +4.296000239e+01 +1.5127e+00 +1.7368e+00
417 0 +1.476411349e-06 +4.296000148e+01 +4.296000148e+01 +1.5127e+00 +1.7368e+00
425 0 +4.337660116e-07 +4.296000043e+01 +4.296000043e+01 +1.5128e+00 +1.7368e+00
437 0 +3.009573035e-07 +4.296000030e+01 +4.296000030e+01 +1.5128e+00 +1.7368e+00
438 0 +1.301180035e-07 +4.296000013e+01 +4.296000013e+01 +1.5128e+00 +1.7368e+00
456 0 +8.347043234e-08 +4.296000008e+01 +4.296000008e+01 +1.5128e+00 +1.7368e+00
475 0 +6.597343116e-08 +4.296000007e+01 +4.296000007e+01 +1.5128e+00 +1.7368e+00
489 0 +1.160229601e-08 +4.296000001e+01 +4.296000001e+01 +1.5128e+00 +1.7368e+00
% f evaluations | g evaluations | best noise-free fitness - Fopt (2.842200000000e+02) + sum g_i+ | measured fitness | best measured fitness or single-digit g-values | x1 | x2...
1 0 +3.684018306e+01 +3.210601831e+02 +3.210601831e+02 +5.9671e-01 -3.8264e-02
3 0 +1.329844999e+01 +2.975184500e+02 +2.975184500e+02 -1.3415e-01 -1.3414e-01
14 0 +1.106995921e+00 +2.853269959e+02 +2.853269959e+02 -2.0808e+00 +1.5164e-01
231 0 +1.060451363e+00 +2.852804514e+02 +2.852804514e+02 -2.1296e+00 -1.9561e-01
322 0 +9.958831813e-01 +2.852158832e+02 +2.852158832e+02 -3.0963e+00 -2.1768e-01
381 0 +9.950998766e-01 +2.852150999e+02 +2.852150999e+02 -3.0962e+00 -2.1813e-01
417 0 +9.949978136e-01 +2.852149978e+02 +2.852149978e+02 -3.0967e+00 -2.1846e-01
446 0 +9.949881126e-01 +2.852149881e+02 +2.852149881e+02 -3.0967e+00 -2.1837e-01
447 0 +9.949750236e-01 +2.852149750e+02 +2.852149750e+02 -3.0963e+00 -2.1842e-01
465 0 +9.949668633e-01 +2.852149669e+02 +2.852149669e+02 -3.0966e+00 -2.1839e-01
466 0 +9.949590869e-01 +2.852149591e+02 +2.852149591e+02 -3.0964e+00 -2.1840e-01
% f evaluations | g evaluations | best noise-free fitness - Fopt (-3.217000000000e+01) + sum g_i+ | measured fitness | best measured fitness or single-digit g-values | x1 | x2...
1 0 +4.966235278e+01 +1.749235278e+01 +1.749235278e+01 +5.9671e-01 -3.8264e-02
2 0 +2.849834123e+01 -3.671658768e+00 -3.671658768e+00 +7.4769e-01 +1.6230e+00
4 0 +2.063846495e+01 -1.153153505e+01 -1.153153505e+01 +1.6792e+00 +8.6743e-01
14 0 +6.068585293e+00 -2.610141471e+01 -2.610141471e+01 +1.5422e+00 +2.4851e+00
70 0 +4.758033807e+00 -2.741196619e+01 -2.741196619e+01 +2.3797e+00 +1.8841e+00
84 0 +4.307413751e+00 -2.786258625e+01 -2.786258625e+01 +1.5853e+00 +2.2124e+00
91 0 +1.493374308e+00 -3.067662569e+01 -3.067662569e+01 +1.3980e+00 +2.2163e+00
108 0 +9.493279019e-01 -3.122067210e+01 -3.122067210e+01 +1.3913e+00 +1.8410e+00
% f evaluations | g evaluations | best noise-free fitness - Fopt (-5.858000000000e+01) + sum g_i+ | measured fitness | best measured fitness or single-digit g-values | x1 | x2...
1 0 +1.408625443e+02 +8.228254430e+01 +8.228254430e+01 +5.9671e-01 -3.8264e-02
6 0 +9.250843854e+01 +3.392843854e+01 +3.392843854e+01 -3.6342e-01 -3.6573e-01
7 0 +1.822491719e+01 -4.035508281e+01 -4.035508281e+01 +3.4196e-01 -1.8133e+00
20 0 +1.799876741e+01 -4.058123259e+01 -4.058123259e+01 -5.6147e-01 -1.7862e+00
29 0 +1.147500954e+01 -4.710499046e+01 -4.710499046e+01 +2.3183e+00 -2.5055e+00
36 0 +8.083926015e+00 -5.049607398e+01 -5.049607398e+01 +6.4519e-01 -1.8752e+00
102 0 +5.796687973e+00 -5.278331203e+01 -5.278331203e+01 +1.5098e+00 -2.4679e+00
190 0 +4.581633016e+00 -5.399836698e+01 -5.399836698e+01 +5.9642e-01 -2.5221e+00
209 0 +4.451970502e+00 -5.412802950e+01 -5.412802950e+01 +5.8233e-01 -2.4962e+00
247 0 +4.126909492e+00 -5.445309051e+01 -5.445309051e+01 +6.1393e-01 -2.4994e+00
291 0 +4.085902588e+00 -5.449409741e+01 -5.449409741e+01 +6.1046e-01 -2.5017e+00
302 0 +4.035706029e+00 -5.454429397e+01 -5.454429397e+01 +6.1126e-01 -2.5062e+00
348 0 +3.982842538e+00 -5.459715746e+01 -5.459715746e+01 +6.3055e-01 -2.5063e+00
383 0 +3.980326005e+00 -5.459967400e+01 -5.459967400e+01 +6.3546e-01 -2.5076e+00
403 0 +3.979893360e+00 -5.460010664e+01 -5.460010664e+01 +6.3518e-01 -2.5071e+00
466 0 +3.979849692e+00 -5.460015031e+01 -5.460015031e+01 +6.3480e-01 -2.5073e+00
467 0 +3.979839537e+00 -5.460016046e+01 -5.460016046e+01 +6.3459e-01 -2.5071e+00
