% f evaluations | g evaluations | best noise-free fitness - Fopt (7.135000000000e+01) + sum g_i+ | measured fitness | best measured fitness or single-digit g-values | x1 | x2...
1 0 +7.446886989e+01 +1.458188699e+02 +1.458188699e+02 +5.9671e-01 -3.8264e-02 +7.4769e-01 +1.6230e+00 -1.3415e-01
3 0 +5.113084942e+01 +1.224808494e+02 +1.224808494e+02 -3.6342e-01 -3.6573e-01 +3.4196e-01 -1.8133e+00 -1.6249e+00
18 0 +4.266526997e+01 +1.140152700e+02 +1.140152700e+02 -4.0176e-01 +1.0154e+00 +4.2875e-01 -4.2976e-01 +6.1327e-01
32 0 +3.507195369e+01 +1.064219537e+02 +1.064219537e+02 +6.7999e-01 +1.1921e+00 +5.7077e-02 +1.5652e+00 -4.7133e-01
43 0 +1.195471543e+01 +8.330471543e+01 +8.330471543e+01 -9.2555e-01 +7.9070e-02 -6.4233e-01 +8.6614e-01 -8.8935e-01
132 0 +8.190731421e+00 +7.954073142e+01 +7.954073142e+01 -1.1481e+00 +5.4161e-01 -1.6423e-01 -5.6063e-01 -1.3901e+00
370 0 +5.408887599e+00 +7.675888760e+01 +7.675888760e+01 -3.3252e-03 +1.1648e-01 -9.1134e-01 +7.0107e-01 -1.3984e+00
446 0 +4.304985214e+00 +7.565498521e+01 +7.565498521e+01 -3.3245e-01 +5.8980e-01 -9.4176e-01 -1.3023e-02 -1.7013e+00
464 0 +3.342744264e+00 +7.469274426e+01 +7.469274426e+01 -2.5472e-01 +4.2799e-01 -1.0571e+00 +6.3723e-01 -1.6459e+00
525 0 +3.300611172e+00 +7.465061117e+01 +7.465061117e+01 -1.7859e-01 +3.8336e-01 -7.6485e-01 +6.5050e-01 -1.7342e+00
534 0 +2.103532762e+00 +7.345353276e+01 +7.345353276e+01 -2.8233e-01 +4.0562e-01 -7.8301e-01 +2.6333e-02 -1.6005e+00
552 0 +1.871655135e+00 +7.322165514e+01 +7.322165514e+01 -3.3501e-01 +2.9390e-01 -5.2979e-01 +5.9592e-01 -1.4214e+00
581 0 +1.744371872e+00 +7.309437187e+01 +7.309437187e+01 -2.8960e-01 +2.6383e-01 -5.3401e-01 +5.5766e-01 -1.5983e+00
593 0 +1.208328069e+00 +7.255832807e+01 +7.255832807e+01 -3.1759e-01 +2.8708e-01 -5.4767e-01 +5.0729e-01 -1.4489e+00
607 0 +5.347167009e-01 +7.188471670e+01 +7.188471670e+01 -3.4386e-01 +3.3101e-01 -7.5272e-01 +5.4787e-01 -1.4205e+00
657 0 +3.835963107e-01 +7.173359631e+01 +7.173359631e+01 -4.8674e-01 +3.5586e-01 -7.4124e-01 +4.5855e-01 -1.4642e+00
699 0 +3.672306437e-01 +7.171723064e+01 +7.171723064e+01 -4.2746e-01 +2.9528e-01 -6.9606e-01 +2.8345e-01 -1.5273e+00
720 0 +2.884502068e-01 +7.163845021e+01 +7.163845021e+01 -4.8595e-01 +3.0594e-01 -7.1292e-01 +2.1390e-01 -1.4669e+00
725 0 +2.311158108e-01 +7.158111581e+01 +7.158111581e+01 -4.6413e-01 +3.5206e-01 -7.2412e-01 +2.1545e-01 -1.4432e+00
740 0 +1.886954951e-01 +7.153869550e+01 +7.153869550e+01 -4.4403e-01 +3.2321e-01 -6.5916e-01 +2.9077e-01 -1.4830e+00
791 0 +1.148631692e-01 +7.146486317e+01 +7.146486317e+01 -4.5650e-01 +3.0479e-01 -6.8123e-01 +2.9427e-01 -1.4556e+00
836 0 +7.449512853e-02 +7.142449513e+01 +7.142449513e+01 -5.4858e-01 +2.6815e-01 -6.2795e-01 +3.4441e-01 -1.3986e+00
851 0 +5.920672258e-02 +7.140920672e+01 +7.140920672e+01 -5.0977e-01 +2.8843e-01 -6.6317e-01 +3.6589e-01 -1.4247e+00
871 0 +5.109908111e-02 +7.140109908e+01 +7.140109908e+01 -5.2155e-01 +2.9761e-01 -7.0748e-01 +2.8535e-01 -1.4484e+00
873 0 +2.247959586e-02 +7.137247960e+01 +7.137247960e+01 -5.1983e-01 +2.9541e-01 -6.6096e-01 +3.2733e-01 -1.4085e+00
916 0 +1.188340913e-02 +7.136188341e+01 +7.136188341e+01 -5.1820e-01 +2.8667e-01 -6.5975e-01 +3.2755e-01 -1.4106e+00
1058 0 +8.543945579e-03 +7.135854395e+01 +7.135854395e+01 -5.1509e-01 +2.8601e-01 -6.7360e-01 +3.0756e-01 -1.4302e+00
1087 0 +5.664203078e-03 +7.135566420e+01 +7.135566420e+01 -4.9933e-01 +2.7477e-01 -6.5143e-01 +3.4691e-01 -1.4331e+00
1113 0 +5.068465569e-03 +7.135506847e+01 +7.135506847e+01 -5.0734e-01 +2.6563e-01 -6.5157e-01 +3.2789e-01 -1.4483e+00
1126 0 +2.987703793e-03 +7.135298770e+01 +7.135298770e+01 -5.0910e-01 +2.6864e-01 -6.5451e-01 +3.2072e-01 -1.4376e+00
1155 0 +1.649366451e-03 +7.135164937e+01 +7.135164937e+01 -5.1476e-01 +2.6190e-01 -6.5131e-01 +3.0457e-01 -1.4428e+00
1246 0 +1.117399193e-03 +7.135111740e+01 +7.135111740e+01 -5.2129e-01 +2.5593e-01 -6.4788e-01 +3.0732e-01 -1.4422e+00
% f evaluations | g evaluations | best noise-free fitness - Fopt (-3.552200000000e+02) + sum g_i+ | measured fitness | best measured fitness or single-digit g-values | x1 | x2...
1 0 +9.960213824e+01 -2.556178618e+02 -2.556178618e+02 +5.9671e-01 -3.8264e-02 +7.4769e-01 +1.6230e+00 -1.3415e-01
2 0 +9.589743832e+01 -2.593225617e+02 -2.593225617e+02 -1.3414e-01 +1.6792e+00 +8.6743e-01 -3.6947e-01 +6.4256e-01
3 0 +5.554821623e+01 -2.996717838e+02 -2.996717838e+02 -3.6342e-01 -3.6573e-01 +3.4196e-01 -1.8133e+00 -1.6249e+00
8 0 +3.140876179e+01 -3.238112382e+02 -3.238112382e+02 -1.1208e+00 +3.0886e-01 -1.8597e+00 -1.2282e+00 +2.9686e-01
31 0 +2.946675986e+01 -3.257532401e+02 -3.257532401e+02 -8.1538e-01 +2.9307e-01 +2.0983e-02 -7.1135e-01 -4.7342e-01
78 0 +1.996627092e+01 -3.352537291e+02 -3.352537291e+02 -2.7217e+00 +3.5247e+00 -2.4377e+00 -6.8883e-01 -5.2190e-01
92 0 +1.894534519e+01 -3.362746548e+02 -3.362746548e+02 -2.3371e+00 -1.0538e+00 +6.2950e-01 -2.2870e+00 -1.5964e+00
211 0 +1.842178339e+01 -3.367982166e+02 -3.367982166e+02 -6.9090e-01 +1.0693e-01 -1.2699e+00 -1.8943e+00 -5.4854e-01
231 0 +1.742315937e+01 -3.377968406e+02 -3.377968406e+02 +1.1288e+00 -3.0986e+00 -1.4546e+00 -3.7195e+00 -2.0905e+00
303 0 +5.148678346e+00 -3.500713217e+02 -3.500713217e+02 -1.3730e+00 +1.0022e+00 -5.2422e-01 -1.2684e+00 -6.5720e-01
477 0 +4.007508694e+00 -3.512124913e+02 -3.512124913e+02 -4.2913e-01 -1.3539e+00 -2.8251e+00 +9.5203e-01 -9.2251e-02
667 0 +3.861216906e+00 -3.513587831e+02 -3.513587831e+02 -7.4446e-01 -1.0384e+00 -2.5972e+00 +1.1027e+00 -7.0801e-02
849 0 +3.514784863e+00 -3.517052151e+02 -3.517052151e+02 -8.6191e-01 -6.1025e-01 -2.3525e+00 +6.1865e-01 +3.4993e-01
943 0 +2.096017499e+00 -3.531239825e+02 -3.531239825e+02 -5.2591e-01 -1.1235e+00 -2.5060e+00 +6.4813e-01 +3.8443e-02
1029 0 +2.005181430e+00 -3.532148186e+02 -3.532148186e+02 -4.3083e-01 -1.3303e+00 -2.5409e+00 +5.2983e-01 +3.8870e-01
1035 0 +1.502297013e+00 -3.537177030e+02 -3.537177030e+02 -2.8091e-01 -1.6198e+00 -2.7636e+00 +4.7477e-01 +4.2964e-01
1080 0 +1.132901971e+00 -3.540870980e+02 -3.540870980e+02 -4.4318e-01 -1.2816e+00 -2.7156e+00 +6.2857e-01 +2.3256e-01
1147 0 +8.989005398e-01 -3.543210995e+02 -3.543210995e+02 -4.7956e-01 -1.2716e+00 -2.5675e+00 +4.6018e-01 +2.8345e-01
1173 0 +5.381319097e-01 -3.546818681e+02 -3.546818681e+02 -5.1079e-01 -1.2416e+00 -2.5445e+00 +8.4519e-01 +1.2844e-01
1193 0 +2.099243890e-01 -3.550100756e+02 -3.550100756e+02 -5.0967e-01 -1.1980e+00 -2.5640e+00 +7.3326e-01 +1.5205e-01
% f evaluations | g evaluations | best noise-free fitness - Fopt (9.917000000000e+01) + sum g_i+ | measured fitness | best measured fitness or single-digit g-values | x1 | x2...
1 0 +7.486993682e+01 +1.740399368e+02 +1.740399368e+02 +5.9671e-01 -3.8264e-02 +7.4769e-01 +1.6230e+00 -1.3415e-01
6 0 +2.244151693e+01 +1.216115169e+02 +1.216115169e+02 +2.1092e-01 -1.0510e+00 +4.7570e-01 -5.0064e-01 -1.9169e-01
13 0 +1.944891373e+01 +1.186189137e+02 +1.186189137e+02 -3.7917e-01 -8.5659e-02 -1.0063e+00 -1.0962e+00 +9.1253e-01
98 0 +1.863525990e+01 +1.178052599e+02 +1.178052599e+02 -4.8945e-02 -6.9897e-01 +9.8600e-01 -1.7032e+00 +5.5262e-01
114 0 +9.582066134e+00 +1.087520661e+02 +1.087520661e+02 -1.0983e+00 -1.7143e-01 +5.7543e-01 -1.4309e+00 +9.9209e-01
205 0 +6.757298834e+00 +1.059272988e+02 +1.059272988e+02 -6.2819e-01 -4.2320e-01 +2.1148e-01 -4.7206e-01 +1.3031e+00
875 0 +6.648479426e+00 +1.058184794e+02 +1.058184794e+02 -3.7565e+00 +2.2256e+00 +2.4265e-02 -2.4239e+00 +2.3138e+00
892 0 +5.149630472e+00 +1.043196305e+02 +1.043196305e+02 -3.7556e+00 +2.0709e+00 +8.8024e-04 -2.2853e+00 +2.2856e+00
933 0 +2.943790441e+00 +1.021137904e+02 +1.021137904e+02 -3.4632e+00 +2.0108e+00 +1.1132e-01 -2.4551e+00 +1.9129e+00
938 0 +2.357430384e+00 +1.015274304e+02 +1.015274304e+02 -3.1424e+00 +1.6365e+00 +2.1233e-01 -2.5008e+00 +1.7474e+00
980 0 +2.282775609e+00 +1.014527756e+02 +1.014527756e+02 -3.5156e+00 +1.9583e+00 -2.9140e-01 -2.1668e+00 +2.0590e+00
984 0 +1.903572403e+00 +1.010735724e+02 +1.010735724e+02 -3.6922e+00 +1.8956e+00 +6.3773e-01 -2.7536e+00 +1.9532e+00
1006 0 +1.428965718e+00 +1.005989657e+02 +1.005989657e+02 -3.3306e+00 +1.5124e+00 +2.1745e-01 -2.3185e+00 +1.8913e+00
1082 0 +1.416771007e+00 +1.005867710e+02 +1.005867710e+02 -3.6096e+00 +1.9995e+00 +3.3122e-01 -2.6369e+00 +1.8421e+00
1092 0 +8.547940799e-01 +1.000247941e+02 +1.000247941e+02 -3.5054e+00 +1.8620e+00 -1.0567e-02 -2.4645e+00 +1.9575e+00
1131 0 +5.976512929e-01 +9.976765129e+01 +9.976765129e+01 -3.3260e+00 +1.6587e+00 +3.3836e-01 -2.5325e+00 +1.7680e+00
1132 0 +5.314208624e-01 +9.970142086e+01 +9.970142086e+01 -3.3122e+00 +1.7333e+00 +2.0368e-01 -2.5148e+00 +1.8177e+00
1133 0 +1.618871762e-01 +9.933188718e+01 +9.933188718e+01 -3.3461e+00 +1.7001e+00 +2.4045e-01 -2.5256e+00 +1.7924e+00
% f evaluations | g evaluations | best noise-free fitness - Fopt (-5.179100000000e+02) + sum g_i+ | measured fitness | best measured fitness or single-digit g-values | x1 | x2...
1 0 +1.668669367e+01 -5.012233063e+02 -5.012233063e+02 +5.9671e-01 -3.8264e-02 +7.4769e-01 +1.6230e+00 -1.3415e-01
8 0 +1.394012739e+01 -5.039698726e+02 -5.039698726e+02 -1.1208e+00 +3.0886e-01 -1.8597e+00 -1.2282e+00 +2.9686e-01
40 0 +1.016101287e+01 -5.077489871e+02 -5.077489871e+02 +1.2834e-01 +2.6219e-01 -3.6729e-01 +1.1882e+00 -3.1809e-01
88 0 +9.806652474e+00 -5.081033475e+02 -5.081033475e+02 -8.1450e-02 +7.4778e-01 -9.7553e-01 +1.0949e+00 -4.7451e-01
125 0 +7.264029736e+00 -5.106459703e+02 -5.106459703e+02 -1.2251e-01 +5.3163e-01 -6.2679e-01 +8.3218e-01 -6.5765e-01
189 0 +7.099387651e+00 -5.108106123e+02 -5.108106123e+02 -2.6675e-01 +5.2809e-01 -2.4218e-01 +6.2215e-01 -6.1951e-01
192 0 +6.865269153e+00 -5.110447308e+02 -5.110447308e+02 +2.7455e-01 +3.9745e-01 -3.4959e-01 +1.1787e+00 +1.6363e-01
220 0 +2.177059426e+00 -5.157329406e+02 -5.157329406e+02 +3.4690e-01 +3.4313e-01 -3.3288e-01 +1.5857e+00 -2.9487e-01
280 0 +2.008573795e+00 -5.159014262e+02 -5.159014262e+02 +5.6929e-01 +1.6454e-01 -4.4778e-01 +2.1254e+00 -1.9023e-02
364 0 +1.920723206e+00 -5.159892768e+02 -5.159892768e+02 +3.6610e-01 -3.1595e-02 -2.8205e-01 +1.7933e+00 -1.1712e-02
384 0 +1.777983708e+00 -5.161320163e+02 -5.161320163e+02 +6.0078e-01 +1.4020e-01 -3.0841e-01 +2.1205e+00 -1.5107e-02
405 0 +1.529360532e+00 -5.163806395e+02 -5.163806395e+02 +4.4999e-01 +2.6287e-01 -4.0791e-01 +1.9767e+00 -1.3978e-01
427 0 +1.317802088e+00 -5.165921979e+02 -5.165921979e+02 +4.1348e-01 +2.3592e-01 -3.6332e-01 +1.7451e+00 -2.2190e-01
442 0 +1.214750978e+00 -5.166952490e+02 -5.166952490e+02 +3.2215e-01 +9.8786e-02 -3.1102e-01 +1.7283e+00 -1.9333e-01
444 0 +9.494937908e-01 -5.169605062e+02 -5.169605062e+02 +3.2972e-01 +5.3301e-02 -4.2287e-01 +2.0030e+00 -1.2633e-01
484 0 +4.225175585e-01 -5.174874824e+02 -5.174874824e+02 +4.4523e-01 +5.1963e-03 -4.1263e-01 +2.1209e+00 +1.7998e-03
494 0 +3.997371192e-01 -5.175102629e+02 -5.175102629e+02 +3.6997e-01 +1.9506e-01 -3.7619e-01 +1.8419e+00 -8.6059e-02
525 0 +3.076516586e-01 -5.176023483e+02 -5.176023483e+02 +4.1985e-01 +1.8493e-01 -4.3154e-01 +1.9185e+00 -1.0824e-01
542 0 +2.945176187e-01 -5.176154824e+02 -5.176154824e+02 +4.2507e-01 +1.7639e-01 -4.1833e-01 +1.8891e+00 -1.1840e-01
567 0 +1.884600578e-01 -5.177215399e+02 -5.177215399e+02 +4.5575e-01 +1.7088e-01 -4.5236e-01 +1.9725e+00 -9.4103e-02
647 0 +1.302293599e-01 -5.177797706e+02 -5.177797706e+02 +4.0239e-01 +6.3357e-02 -4.6124e-01 +2.0009e+00 -3.5634e-02
814 0 +3.718325472e-02 -5.178728167e+02 -5.178728167e+02 +4.2379e-01 -3.0535e-03 -4.6053e-01 +2.1114e+00 +3.0260e-02
915 0 +2.026608402e-02 -5.178897339e+02 -5.178897339e+02 +4.1691e-01 -2.1370e-02 -4.7253e-01 +2.1607e+00 +1.9971e-02
1028 0 +1.616414086e-02 -5.178938359e+02 -5.178938359e+02 +4.2009e-01 -1.1929e-02 -4.8890e-01 +2.1568e+00 +3.0193e-02
1029 0 +3.953253845e-03 -5.179060467e+02 -5.179060467e+02 +4.2026e-01 -5.3028e-03 -4.8646e-01 +2.1480e+00 +2.3723e-02
1120 0 +1.638610657e-03 -5.179083614e+02 -5.179083614e+02 +4.1984e-01 -9.1423e-03 -4.7973e-01 +2.1499e+00 +2.2143e-02
1159 0 +1.607981478e-03 -5.179083920e+02 -5.179083920e+02 +4.1823e-01 -1.2432e-02 -4.7488e-01 +2.1499e+00 +2.4393e-02
1189 0 +7.463520062e-04 -5.179092536e+02 -5.179092536e+02 +4.1879e-01 -1.1790e-02 -4.7674e-01 +2.1482e+00 +2.6387e-02
% f evaluations | g evaluations | best noise-free fitness - Fopt (-5.721000000000e+01) + sum g_i+ | measured fitness | best measured fitness or single-digit g-values | x1 | x2...
1 0 +8.736249735e+01 +3.015249735e+01 +3.015249735e+01 +5.9671e-01 -3.8264e-02 +7.4769e-01 +1.6230e+00 -1.3415e-01
3 0 +3.006729433e+01 -2.714270567e+01 -2.714270567e+01 -3.6342e-01 -3.6573e-01 +3.4196e-01 -1.8133e+00 -1.6249e+00
11 0 +1.892218357e+01 -3.828781643e+01 -3.828781643e+01 +4.2408e-01 -2.8508e-01 -5.7692e-01 +7.1168e-01 +1.1310e+00
36 0 +1.108729902e+01 -4.612270098e+01 -4.612270098e+01 -1.2883e-01 -4.4670e-01 +8.8309e-02 -1.2201e+00 -1.1089e+00
106 0 +7.702714239e+00 -4.950728576e+01 -4.950728576e+01 +3.0009e-03 -5.8385e-01 +9.6100e-02 -9.2386e-01 -1.0343e+00
354 0 +7.316416572e+00 -4.989358343e+01 -4.989358343e+01 -1.0601e-01 -2.6041e-01 -9.3946e-02 -7.4912e-01 -1.1204e+00
355 0 +5.658380246e+00 -5.155161975e+01 -5.155161975e+01 -5.6077e-01 -3.5588e-01 +3.7474e-02 -8.8749e-01 -1.2343e+00
359 0 +3.950289345e+00 -5.325971065e+01 -5.325971065e+01 -2.1104e-01 -1.9891e-01 -3.9352e-01 -8.1827e-01 -1.4006e+00
429 0 +1.226966084e+00 -5.598303392e+01 -5.598303392e+01 -7.7055e-04 -7.4857e-01 -2.3906e-01 -1.1341e+00 -1.2081e+00
508 0 +1.030796088e+00 -5.617920391e+01 -5.617920391e+01 -2.8049e-01 -4.6486e-01 -3.4584e-01 -1.0196e+00 -1.4292e+00
514 0 +7.540480215e-01 -5.645595198e+01 -5.645595198e+01 -9.7415e-02 -5.9865e-01 -3.4507e-01 -1.1544e+00 -1.3228e+00
567 0 +7.077674853e-01 -5.650223251e+01 -5.650223251e+01 -2.0497e-01 -5.8877e-01 -5.6760e-01 -1.2499e+00 -1.6253e+00
582 0 +5.645237188e-01 -5.664547628e+01 -5.664547628e+01 +1.0064e-01 -7.5784e-01 -6.1516e-01 -1.2856e+00 -1.5370e+00
597 0 +4.351907839e-01 -5.677480922e+01 -5.677480922e+01 -1.5827e-01 -6.2884e-01 -2.9425e-01 -1.2119e+00 -1.4008e+00
612 0 +2.029157893e-01 -5.700708421e+01 -5.700708421e+01 -1.1613e-01 -5.8549e-01 -5.2247e-01 -1.1117e+00 -1.5158e+00
637 0 +1.952046673e-01 -5.701479533e+01 -5.701479533e+01 -3.2044e-02 -6.6213e-01 -3.7322e-01 -1.1205e+00 -1.3541e+00
683 0 +1.924269633e-01 -5.701757304e+01 -5.701757304e+01 -1.2708e-01 -5.2392e-01 -5.4399e-01 -1.0738e+00 -1.5165e+00
712 0 +8.429926684e-02 -5.712570073e+01 -5.712570073e+01 -9.0416e-02 -5.9652e-01 -4.6096e-01 -1.1819e+00 -1.4648e+00
769 0 +5.567196897e-02 -5.715432803e+01 -5.715432803e+01 -1.4379e-01 -5.6230e-01 -5.0185e-01 -1.1488e+00 -1.5303e+00
785 0 +5.507611781e-02 -5.715492388e+01 -5.715492388e+01 -6.8690e-02 -6.0708e-01 -4.8627e-01 -1.1354e+00 -1.4774e+00
833 0 +3.527624396e-02 -5.717472376e+01 -5.717472376e+01 -1.2080e-01 -5.6796e-01 -5.1864e-01 -1.1497e+00 -1.5235e+00
843 0 +1.635093807e-02 -5.719364906e+01 -5.719364906e+01 -1.1385e-01 -5.6932e-01 -4.8405e-01 -1.1507e+00 -1.5009e+00
910 0 +1.232946373e-02 -5.719767054e+01 -5.719767054e+01 -1.1429e-01 -5.8577e-01 -4.7092e-01 -1.1414e+00 -1.4860e+00
979 0 +5.020539202e-03 -5.720497946e+01 -5.720497946e+01 -1.0287e-01 -5.7178e-01 -5.0143e-01 -1.1363e+00 -1.5003e+00
1041 0 +2.750452267e-03 -5.720724955e+01 -5.720724955e+01 -1.0725e-01 -5.7417e-01 -4.9189e-01 -1.1393e+00 -1.4975e+00
1095 0 +1.022485521e-03 -5.720897751e+01 -5.720897751e+01 -1.0681e-01 -5.6996e-01 -4.9148e-01 -1.1348e+00 -1.4953e+00
1186 0 +6.047194488e-04 -5.720939528e+01 -5.720939528e+01 -1.0573e-01 -5.7232e-01 -4.9487e-01 -1.1342e+00 -1.4974e+00
1204 0 +5.234609727e-04 -5.720947654e+01 -5.720947654e+01 -1.1202e-01 -5.6765e-01 -4.9363e-01 -1.1295e+00 -1.4969e+00
1214 0 +2.887576002e-04 -5.720971124e+01 -5.720971124e+01 -1.1201e-01 -5.6979e-01 -4.9314e-01 -1.1334e+00 -1.4984e+00
% f evaluations | g evaluations | best noise-free fitness - Fopt (6.626000000000e+01) + sum g_i+ | measured fitness | best measured fitness or single-digit g-values | x1 | x2...
1 0 +8.820622849e+01 +1.544662285e+02 +1.544662285e+02 +5.9671e-01 -3.8264e-02 +7.4769e-01 +1.6230e+00 -1.3415e-01
5 0 +4.417165334e+01 +1.104316533e+02 +1.104316533e+02 +1.5656e+00 -1.2578e-01 +1.6753e-01 -1.3247e+00 -4.4438e-01
9 0 +4.399379149e+01 +1.102537915e+02 +1.102537915e+02 +8.3847e-01 +2.7137e-01 -1.5648e-02 -2.0110e-01 -1.3785e+00
16 0 +1.958782640e+01 +8.584782640e+01 +8.584782640e+01 +9.2190e-01 +1.8705e-01 -1.9901e-01 +1.9176e-01 -1.8876e+00
25 0 +9.739598777e+00 +7.599959878e+01 +7.599959878e+01 +8.9103e-01 -8.0939e-01 +1.5028e+00 -1.3019e+00 +6.8686e-01
140 0 +8.234523222e+00 +7.449452322e+01 +7.449452322e+01 +1.2706e+00 -9.5587e-02 +6.7995e-02 +6.1429e-02 -2.4880e-01
248 0 +6.155749312e+00 +7.241574931e+01 +7.241574931e+01 +7.3928e-01 -3.2458e-01 +5.3686e-01 -5.7861e-01 +4.6583e-01
289 0 +6.093416479e+00 +7.235341648e+01 +7.235341648e+01 +5.0361e-01 -6.2094e-01 +1.6764e+00 -1.3570e+00 +7.4333e-01
296 0 +4.052217006e+00 +7.031221701e+01 +7.031221701e+01 +6.2084e-01 -3.7718e-01 +8.0268e-01 -1.4479e+00 +5.7808e-01
381 0 +3.756186667e+00 +7.001618667e+01 +7.001618667e+01 +1.1414e+00 -6.7817e-01 +6.1656e-01 -1.4021e+00 +3.9922e-01
435 0 +2.467351754e+00 +6.872735175e+01 +6.872735175e+01 +1.0171e+00 -7.1171e-01 +5.9024e-01 -1.2322e+00 +4.5102e-01
454 0 +1.171968601e+00 +6.743196860e+01 +6.743196860e+01 +1.1186e+00 -8.9934e-01 +6.7911e-01 -1.2341e+00 +3.4904e-01
566 0 +1.150221047e+00 +6.741022105e+01 +6.741022105e+01 +1.0982e+00 -8.4623e-01 +4.0282e-01 -1.2570e+00 +3.8803e-01
574 0 +9.997075018e-01 +6.725970750e+01 +6.725970750e+01 +9.1397e-01 -7.7434e-01 +8.7995e-01 -1.3747e+00 +5.1509e-01
583 0 +7.512157543e-01 +6.701121575e+01 +6.701121575e+01 +1.1247e+00 -8.8159e-01 +7.3496e-01 -1.3712e+00 +4.0589e-01
586 0 +4.962337058e-01 +6.675623371e+01 +6.675623371e+01 +1.1335e+00 -8.7578e-01 +7.7331e-01 -1.1824e+00 +2.8978e-01
641 0 +3.307597448e-01 +6.659075974e+01 +6.659075974e+01 +1.1532e+00 -7.4470e-01 +5.7399e-01 -1.1251e+00 +1.7682e-01
643 0 +1.599204407e-01 +6.641992044e+01 +6.641992044e+01 +1.1971e+00 -7.4524e-01 +6.7195e-01 -1.1690e+00 +1.7382e-01
679 0 +1.170041676e-01 +6.637700417e+01 +6.637700417e+01 +1.0719e+00 -7.6269e-01 +6.9396e-01 -1.2565e+00 +3.4319e-01
725 0 +8.340353346e-02 +6.634340353e+01 +6.634340353e+01 +1.0096e+00 -8.3804e-01 +7.4074e-01 -1.3440e+00 +4.4649e-01
730 0 +7.041580497e-02 +6.633041580e+01 +6.633041580e+01 +1.0372e+00 -7.6102e-01 +6.4193e-01 -1.2394e+00 +3.5417e-01
771 0 +6.509579048e-02 +6.632509579e+01 +6.632509579e+01 +1.0098e+00 -7.9326e-01 +6.3374e-01 -1.2638e+00 +3.9897e-01
793 0 +4.362273150e-02 +6.630362273e+01 +6.630362273e+01 +9.8640e-01 -7.8357e-01 +6.7335e-01 -1.2485e+00 +3.9449e-01
794 0 +3.145125654e-02 +6.629145126e+01 +6.629145126e+01 +1.0302e+00 -7.8043e-01 +6.6933e-01 -1.2391e+00 +3.6334e-01
847 0 +1.118859492e-02 +6.627118859e+01 +6.627118859e+01 +1.0516e+00 -7.7954e-01 +6.8878e-01 -1.2151e+00 +3.2125e-01
879 0 +8.838936303e-03 +6.626883894e+01 +6.626883894e+01 +9.9565e-01 -7.7164e-01 +6.7306e-01 -1.2440e+00 +3.7794e-01
888 0 +5.251869728e-03 +6.626525187e+01 +6.626525187e+01 +1.0176e+00 -7.6134e-01 +6.5462e-01 -1.2301e+00 +3.5108e-01
908 0 +3.465031361e-03 +6.626346503e+01 +6.626346503e+01 +1.0252e+00 -7.6344e-01 +6.6418e-01 -1.2276e+00 +3.4401e-01
934 0 +1.411582673e-03 +6.626141158e+01 +6.626141158e+01 +1.0387e+00 -7.7005e-01 +6.7010e-01 -1.2360e+00 +3.3694e-01
1056 0 +6.794366359e-04 +6.626067944e+01 +6.626067944e+01 +1.0368e+00 -7.5496e-01 +6.6341e-01 -1.2173e+00 +3.2500e-01
1108 0 +5.911303830e-04 +6.626059113e+01 +6.626059113e+01 +1.0426e+00 -7.5435e-01 +6.6025e-01 -1.2179e+00 +3.2041e-01
1154 0 +2.379917187e-04 +6.626023799e+01 +6.626023799e+01 +1.0423e+00 -7.5439e-01 +6.6341e-01 -1.2163e+00 +3.2102e-01
1206 0 +2.278277229e-04 +6.626022783e+01 +6.626022783e+01 +1.0438e+00 -7.5681e-01 +6.6138e-01 -1.2198e+00 +3.2273e-01
1228 0 +1.828795389e-04 +6.626018288e+01 +6.626018288e+01 +1.0430e+00 -7.5923e-01 +6.6360e-01 -1.2227e+00 +3.2502e-01
1243 0 +1.614497876e-04 +6.626016145e+01 +6.626016145e+01 +1.0481e+00 -7.5598e-01 +6.6182e-01 -1.2177e+00 +3.1800e-01
1248 0 +1.509886757e-04 +6.626015099e+01 +6.626015099e+01 +1.0403e+00 -7.5868e-01 +6.6573e-01 -1.2219e+00 +3.2688e-01
% f evaluations | g evaluations | best noise-free fitness - Fopt (-1.386200000000e+02) + sum g_i+ | measured fitness | best measured fitness or single-digit g-values | x1 | x2...
1 0 +7.089111692e+01 -6.772888308e+01 -6.772888308e+01 +5.9671e-01 -3.8264e-02 +7.4769e-01 +1.6230e+00 -1.3415e-01
3 0 +1.325662276e+01 -1.253633772e+02 -1.253633772e+02 -3.6342e-01 -3.6573e-01 +3.4196e-01 -1.8133e+00 -1.6249e+00
165 0 +4.270646266e+00 -1.343493537e+02 -1.343493537e+02 -6.7358e-02 -4.7512e-01 +6.3005e-01 -4.4812e-01 -2.5148e+00
512 0 +4.200364331e+00 -1.344196357e+02 -1.344196357e+02 -2.3301e-01 -5.8670e-01 +8.8258e-01 -5.1630e-01 -2.3441e+00
519 0 +3.022160991e+00 -1.355978390e+02 -1.355978390e+02 -5.4772e-01 -1.1007e-01 +1.1375e+00 -2.3548e-01 -2.9000e+00
544 0 +2.538284153e+00 -1.360817158e+02 -1.360817158e+02 -1.3813e+00 +6.9650e-01 +1.3216e+00 -3.0860e-01 -3.0021e+00
681 0 +1.325048190e+00 -1.372949518e+02 -1.372949518e+02 -7.6085e-01 +7.2337e-02 +1.1902e+00 -3.1927e-01 -2.8451e+00
709 0 +1.141298498e+00 -1.374787015e+02 -1.374787015e+02 -1.0355e+00 +3.7512e-01 +1.2849e+00 -3.0775e-01 -2.8836e+00
711 0 +5.174966625e-01 -1.381025033e+02 -1.381025033e+02 -9.2985e-01 +4.0837e-01 +1.3879e+00 -2.8818e-01 -3.0364e+00
791 0 +3.446759010e-01 -1.382753241e+02 -1.382753241e+02 -9.2965e-01 +3.7158e-01 +1.2873e+00 -2.3402e-01 -2.9793e+00
832 0 +3.084204008e-01 -1.383115796e+02 -1.383115796e+02 -8.6455e-01 +3.9394e-01 +1.1292e+00 -2.1076e-01 -3.0046e+00
867 0 +7.490387091e-02 -1.385450961e+02 -1.385450961e+02 -9.3910e-01 +4.2085e-01 +1.1741e+00 -2.3340e-01 -2.9906e+00
952 0 +5.275868332e-02 -1.385672413e+02 -1.385672413e+02 -9.5105e-01 +4.1865e-01 +1.1851e+00 -2.3093e-01 -3.0057e+00
954 0 +3.223799772e-02 -1.385877620e+02 -1.385877620e+02 -1.0095e+00 +5.1444e-01 +1.2163e+00 -2.2021e-01 -3.0420e+00
968 0 +2.248847990e-02 -1.385975115e+02 -1.385975115e+02 -9.5149e-01 +4.3763e-01 +1.1950e+00 -2.2496e-01 -3.0162e+00
1019 0 +1.811157093e-02 -1.386018884e+02 -1.386018884e+02 -9.8185e-01 +4.5055e-01 +1.1939e+00 -2.2794e-01 -3.0109e+00
1034 0 +1.692759202e-02 -1.386030724e+02 -1.386030724e+02 -9.6340e-01 +4.6538e-01 +1.1807e+00 -2.1716e-01 -3.0359e+00
1058 0 +9.258489808e-03 -1.386107415e+02 -1.386107415e+02 -9.7351e-01 +4.7641e-01 +1.1819e+00 -2.1929e-01 -3.0365e+00
1060 0 +6.841515242e-03 -1.386131585e+02 -1.386131585e+02 -9.6365e-01 +4.4881e-01 +1.1843e+00 -2.2620e-01 -3.0156e+00
1110 0 +3.449760795e-03 -1.386165502e+02 -1.386165502e+02 -9.6995e-01 +4.4897e-01 +1.1899e+00 -2.2546e-01 -3.0184e+00
1159 0 +2.384616727e-03 -1.386176154e+02 -1.386176154e+02 -9.5300e-01 +4.6844e-01 +1.1728e+00 -2.1781e-01 -3.0314e+00
% f evaluations | g evaluations | best noise-free fitness - Fopt (7.313900000000e+02) + sum g_i+ | measured fitness | best measured fitness or single-digit g-values | x1 | x2...
1 0 +2.046415366e+02 +9.360315366e+02 +9.360315366e+02 +5.9671e-01 -3.8264e-02 +7.4769e-01 +1.6230e+00 -1.3415e-01
2 0 +1.421874192e+02 +8.735774192e+02 +8.735774192e+02 -1.3414e-01 +1.6792e+00 +8.6743e-01 -3.6947e-01 +6.4256e-01
3 0 +1.010786191e+02 +8.324686191e+02 +8.324686191e+02 -3.6342e-01 -3.6573e-01 +3.4196e-01 -1.8133e+00 -1.6249e+00
5 0 +2.831534046e+01 +7.597053405e+02 +7.597053405e+02 +1.5656e+00 -1.2578e-01 +1.6753e-01 -1.3247e+00 -4.4438e-01
87 0 +1.973773290e+01 +7.511277329e+02 +7.511277329e+02 -1.2532e+00 +1.0713e+00 -8.8982e-02 -1.0008e+00 +6.6418e-02
131 0 +1.736541251e+01 +7.487554125e+02 +7.487554125e+02 +2.8546e-01 +3.8274e-01 +2.4720e+00 -4.9697e-01 +7.8849e-01
182 0 +1.163353210e+01 +7.430235321e+02 +7.430235321e+02 -1.2049e+00 -3.9673e-02 +2.0353e+00 +6.7927e-03 +1.3038e+00
217 0 +1.111703383e+01 +7.425070338e+02 +7.425070338e+02 -1.5430e+00 +5.1924e-01 +2.1474e+00 +8.3541e-02 +1.0401e+00
278 0 +7.855235085e+00 +7.392452351e+02 +7.392452351e+02 -1.3959e+00 +5.0939e-01 +1.5634e+00 +1.9314e-03 +1.5309e+00
299 0 +6.690179208e+00 +7.380801792e+02 +7.380801792e+02 -1.2339e+00 +6.7180e-01 +1.7164e+00 -1.4316e-01 +1.8420e+00
351 0 +3.573026075e+00 +7.349630261e+02 +7.349630261e+02 -1.5309e+00 -5.7391e-01 +1.9970e+00 +2.4860e-01 +1.8469e+00
541 0 +2.521407348e+00 +7.339114073e+02 +7.339114073e+02 -1.4855e+00 -3.6477e-01 +2.4864e+00 +3.4568e-01 +1.9668e+00
560 0 +2.510332268e+00 +7.339003323e+02 +7.339003323e+02 -1.4554e+00 -4.0272e-01 +2.2207e+00 +2.5519e-01 +1.9351e+00
586 0 +2.290576910e+00 +7.336805769e+02 +7.336805769e+02 -1.6187e+00 -3.6735e-01 +2.1589e+00 +3.8108e-01 +2.1720e+00
591 0 +9.510078270e-01 +7.323410078e+02 +7.323410078e+02 -1.6480e+00 -2.5200e-01 +2.4037e+00 +2.7899e-01 +1.7716e+00
608 0 +7.140627048e-01 +7.321040627e+02 +7.321040627e+02 -1.6239e+00 -3.9601e-01 +2.3171e+00 +3.1868e-01 +2.1582e+00
655 0 +3.929244456e-02 +7.314292924e+02 +7.314292924e+02 -1.6845e+00 -3.8865e-01 +2.3409e+00 +3.2396e-01 +1.9117e+00
886 0 +3.657464702e-02 +7.314265746e+02 +7.314265746e+02 -1.6502e+00 -3.8023e-01 +2.3842e+00 +3.4311e-01 +1.8820e+00
901 0 +5.749885940e-03 +7.313957499e+02 +7.313957499e+02 -1.6551e+00 -4.1420e-01 +2.3909e+00 +3.6424e-01 +1.9293e+00
965 0 +4.858698686e-03 +7.313948587e+02 +7.313948587e+02 -1.6639e+00 -4.1206e-01 +2.3736e+00 +3.5811e-01 +1.9339e+00
991 0 +3.754604284e-03 +7.313937546e+02 +7.313937546e+02 -1.6692e+00 -4.0260e-01 +2.3487e+00 +3.3627e-01 +1.9213e+00
1029 0 +3.529503221e-03 +7.313935295e+02 +7.313935295e+02 -1.6691e+00 -4.0662e-01 +2.3974e+00 +3.6778e-01 +1.9173e+00
1045 0 +1.803848703e-03 +7.313918038e+02 +7.313918038e+02 -1.6667e+00 -4.0835e-01 +2.3838e+00 +3.5983e-01 +1.9218e+00
1112 0 +9.676359019e-04 +7.313909676e+02 +7.313909676e+02 -1.6670e+00 -4.0777e-01 +2.3909e+00 +3.6472e-01 +1.9196e+00
1151 0 +7.853914160e-04 +7.313907854e+02 +7.313907854e+02 -1.6689e+00 -4.0451e-01 +2.3896e+00 +3.6276e-01 +1.9182e+00
1172 0 +6.936920229e-04 +7.313906937e+02 +7.313906937e+02 -1.6639e+00 -4.0102e-01 +2.3854e+00 +3.5712e-01 +1.9138e+00
1182 0 +5.666798188e-04 +7.313905667e+02 +7.313905667e+02 -1.6693e+00 -4.0185e-01 +2.3924e+00 +3.6056e-01 +1.9171e+00
1209 0 +2.392270221e-04 +7.313902392e+02 +7.313902392e+02 -1.6664e+00 -4.0199e-01 +2.3865e+00 +3.5830e-01 +1.9188e+00
1228 0 +1.456957974e-04 +7.313901457e+02 +7.313901457e+02 -1.6632e+00 -4.0934e-01 +2.3896e+00 +3.6367e-01 +1.9293e+00
% f evaluations | g evaluations | best noise-free fitness - Fopt (7.526000000000e+01) + sum g_i+ | measured fitness | best measured fitness or single-digit g-values | x1 | x2...
1 0 +3.167498302e+01 +1.069349830e+02 +1.069349830e+02 +5.9671e-01 -3.8264e-02 +7.4769e-01 +1.6230e+00 -1.3415e-01
14 0 +1.971392701e+01 +9.497392701e+01 +9.497392701e+01 +1.4562e+00 +2.7990e-02 +1.1035e+00 +4.6164e-01 -5.4512e-01
38 0 +1.204277963e+01 +8.730277963e+01 +8.730277963e+01 -1.0770e+00 +7.5365e-01 +5.4596e-01 -3.4581e-01 -2.1037e+00
196 0 +1.143503230e+01 +8.669503230e+01 +8.669503230e+01 +3.4504e-01 +8.3443e-01 +5.7124e-01 -5.4431e-01 +1.4914e+00
319 0 +1.055965084e+01 +8.581965084e+01 +8.581965084e+01 -2.2652e+00 +3.7573e-02 +2.4602e+00 +2.7958e+00 -1.7758e+00
328 0 +9.557544961e+00 +8.481754496e+01 +8.481754496e+01 -2.5189e+00 +9.5097e-01 +2.3786e+00 +4.7278e+00 -2.6105e+00
421 0 +4.740918968e+00 +8.000091897e+01 +8.000091897e+01 -1.1784e+00 -2.8139e+00 +2.0538e+00 +4.3081e+00 -5.8350e-01
598 0 +4.414998360e+00 +7.967499836e+01 +7.967499836e+01 +3.0675e-01 +2.0933e+00 +1.4582e+00 +4.0404e+00 -4.8373e-01
1244 0 +3.883036848e+00 +7.914303685e+01 +7.914303685e+01 -2.1332e+00 +1.1289e+00 +2.3605e+00 +4.6403e+00 -2.5682e+00
% f evaluations | g evaluations | best noise-free fitness - Fopt (-4.913000000000e+01) + sum g_i+ | measured fitness | best measured fitness or single-digit g-values | x1 | x2...
1 0 +9.278563647e+01 +4.365563647e+01 +4.365563647e+01 +5.9671e-01 -3.8264e-02 +7.4769e-01 +1.6230e+00 -1.3415e-01
8 0 +8.321498474e+01 +3.408498474e+01 +3.408498474e+01 -1.1208e+00 +3.0886e-01 -1.8597e+00 -1.2282e+00 +2.9686e-01
11 0 +3.866106911e+01 -1.046893089e+01 -1.046893089e+01 +4.2408e-01 -2.8508e-01 -5.7692e-01 +7.1168e-01 +1.1310e+00
16 0 +3.589504818e+01 -1.323495182e+01 -1.323495182e+01 +9.2190e-01 +1.8705e-01 -1.9901e-01 +1.9176e-01 -1.8876e+00
35 0 +2.807097514e+01 -2.105902486e+01 -2.105902486e+01 -4.9135e-01 +1.1326e+00 -4.2662e-01 +2.9917e-01 -1.6730e+00
50 0 +2.741228770e+01 -2.171771230e+01 -2.171771230e+01 +7.8853e-01 +5.5337e-03 -4.3342e-01 +7.6554e-01 +2.5540e-01
54 0 +9.443118010e+00 -3.968688199e+01 -3.968688199e+01 +1.1549e+00 +1.2992e+00 -6.9923e-01 +3.7179e-01 -2.2902e+00
158 0 +7.364660965e+00 -4.176533904e+01 -4.176533904e+01 +9.4688e-01 +1.5969e+00 +9.3228e-01 -6.1027e-01 -2.1271e+00
777 0 +7.237645360e+00 -4.189235464e+01 -4.189235464e+01 +1.0396e+00 -1.0340e+00 +1.8644e+00 -1.8370e-01 +1.4315e+00
779 0 +6.958837554e+00 -4.217116245e+01 -4.217116245e+01 +1.6041e+00 -4.8663e-01 +8.2667e-01 +2.2603e-01 +1.3927e+00
863 0 +3.373216971e+00 -4.575678303e+01 -4.575678303e+01 +1.2566e+00 -1.1061e+00 +1.1748e+00 +5.3064e-01 +1.4326e+00
904 0 +3.873005702e-01 -4.874269943e+01 -4.874269943e+01 +9.6029e-01 -1.2422e+00 +1.3188e+00 +4.4162e-01 +1.3949e+00
1079 0 +3.101545193e-01 -4.881984548e+01 -4.881984548e+01 +9.4710e-01 -1.0510e+00 +1.1681e+00 +3.7917e-01 +1.4150e+00
1139 0 +2.482662414e-01 -4.888173376e+01 -4.888173376e+01 +9.7877e-01 -1.1922e+00 +1.2620e+00 +4.4612e-01 +1.3947e+00
1140 0 +1.474802136e-01 -4.898251979e+01 -4.898251979e+01 +9.7773e-01 -1.1066e+00 +1.2103e+00 +3.6657e-01 +1.4339e+00
1225 0 +7.447720066e-02 -4.905552280e+01 -4.905552280e+01 +9.7870e-01 -1.1326e+00 +1.2825e+00 +3.7795e-01 +1.4110e+00
1247 0 +4.262670411e-02 -4.908737330e+01 -4.908737330e+01 +1.0168e+00 -1.1793e+00 +1.3359e+00 +3.9569e-01 +1.3812e+00
